+3.00000000000E+005  -7.42412154360E+001
+7.79850000000E+006  -8.58274157481E+001
+1.52970000000E+007  -8.30296970231E+001
+2.27955000000E+007  -8.12199699155E+001
+3.02940000000E+007  -8.58110075738E+001
+3.77925000000E+007  -7.77033593618E+001
+4.52910000000E+007  -7.75137038980E+001
+5.27895000000E+007  -7.04600751389E+001
+6.02880000000E+007  -7.16683787856E+001
+6.77865000000E+007  -6.72564461359E+001
+7.52850000000E+007  -6.81958043057E+001
+8.27835000000E+007  -6.21430689978E+001
+9.02820000000E+007  -7.60255306765E+001
+9.77805000000E+007  -6.60806554061E+001
+1.05279000000E+008  -7.66721235538E+001
+1.12777500000E+008  -6.16682656231E+001
+1.20276000000E+008  -6.50137250997E+001
+1.27774500000E+008  -6.57793673737E+001
+1.35273000000E+008  -5.87591819548E+001
+1.42771500000E+008  -5.84141993588E+001
+1.50270000000E+008  -6.19263807018E+001
+1.57768500000E+008  -6.48765579324E+001
+1.65267000000E+008  -5.57852299256E+001
+1.72765500000E+008  -7.71555616865E+001
+1.80264000000E+008  -6.74008463141E+001
+1.87762500000E+008  -6.33833356916E+001
+1.95261000000E+008  -6.29081007745E+001
+2.02759500000E+008  -6.72907655307E+001
+2.10258000000E+008  -6.00284126755E+001
+2.17756500000E+008  -5.92637659681E+001
+2.25255000000E+008  -7.15402329819E+001
+2.32753500000E+008  -5.71477144971E+001
+2.40252000000E+008  -5.58349833324E+001
+2.47750500000E+008  -7.08134288956E+001
+2.55249000000E+008  -5.12181531699E+001
+2.62747500000E+008  -5.73128753588E+001
+2.70246000000E+008  -5.83809706472E+001
+2.77744500000E+008  -6.96852093623E+001
+2.85243000000E+008  -6.03173397393E+001
+2.92741500000E+008  -6.71377285107E+001
+3.00240000000E+008  -5.90655488896E+001
+3.07738500000E+008  -5.54292032033E+001
+3.15237000000E+008  -6.22154825114E+001
+3.22735500000E+008  -5.97773200865E+001
+3.30234000000E+008  -5.83418878482E+001
+3.37732500000E+008  -5.84680611821E+001
+3.45231000000E+008  -5.77635911393E+001
+3.52729500000E+008  -6.39525508855E+001
+3.60228000000E+008  -6.38582429704E+001
+3.67726500000E+008  -6.61661070695E+001
+3.75225000000E+008  -5.16911827462E+001
+3.82723500000E+008  -5.59367733833E+001
+3.90222000000E+008  -5.81306552568E+001
+3.97720500000E+008  -6.19661732955E+001
+4.05219000000E+008  -5.89215407977E+001
+4.12717500000E+008  -6.01161076338E+001
+4.20216000000E+008  -5.55079095650E+001
+4.27714500000E+008  -6.09926988590E+001
+4.35213000000E+008  -6.01595357322E+001
+4.42711500000E+008  -4.93234956279E+001
+4.50210000000E+008  -5.54442462654E+001
+4.57708500000E+008  -7.04791539020E+001
+4.65207000000E+008  -5.31730700248E+001
+4.72705500000E+008  -5.29337993036E+001
+4.80204000000E+008  -6.10573118088E+001
+4.87702500000E+008  -5.91002595554E+001
+4.95201000000E+008  -5.22493922560E+001
+5.02699500000E+008  -5.16640067765E+001
+5.10198000000E+008  -5.68902287517E+001
+5.17696500000E+008  -6.61258977697E+001
+5.25195000000E+008  -5.52145054015E+001
+5.32693500000E+008  -5.79333249332E+001
+5.40192000000E+008  -6.18306404247E+001
+5.47690500000E+008  -5.50999649954E+001
+5.55189000000E+008  -6.14002543757E+001
+5.62687500000E+008  -5.59873678685E+001
+5.70186000000E+008  -6.12749449878E+001
+5.77684500000E+008  -5.18228007310E+001
+5.85183000000E+008  -5.37051493746E+001
+5.92681500000E+008  -5.93402547068E+001
+6.00180000000E+008  -6.24961358010E+001
+6.07678500000E+008  -6.36218595675E+001
+6.15177000000E+008  -6.31413368956E+001
+6.22675500000E+008  -6.33551665646E+001
+6.30174000000E+008  -5.84645770497E+001
+6.37672500000E+008  -6.71713594161E+001
+6.45171000000E+008  -5.94269347810E+001
+6.52669500000E+008  -5.91250749097E+001
+6.60168000000E+008  -5.87180392526E+001
+6.67666500000E+008  -6.00563302576E+001
+6.75165000000E+008  -5.14546593567E+001
+6.82663500000E+008  -7.51365863504E+001
+6.90162000000E+008  -6.75138274037E+001
+6.97660500000E+008  -5.97634917050E+001
+7.05159000000E+008  -5.53177786936E+001
+7.12657500000E+008  -7.15164959636E+001
+7.20156000000E+008  -6.07389615490E+001
+7.27654500000E+008  -5.45041649431E+001
+7.35153000000E+008  -6.17728542303E+001
+7.42651500000E+008  -5.62849852781E+001
+7.50150000000E+008  -6.03107204885E+001
+7.57648500000E+008  -6.73454684232E+001
+7.65147000000E+008  -6.56095338980E+001
+7.72645500000E+008  -6.24297070360E+001
+7.80144000000E+008  -5.76700435625E+001
+7.87642500000E+008  -7.07201268079E+001
+7.95141000000E+008  -6.10406747568E+001
+8.02639500000E+008  -5.81768841735E+001
+8.10138000000E+008  -6.77980806921E+001
+8.17636500000E+008  -7.23201030577E+001
+8.25135000000E+008  -5.80674501689E+001
+8.32633500000E+008  -6.90521408012E+001
+8.40132000000E+008  -6.68051107292E+001
+8.47630500000E+008  -6.82974261188E+001
+8.55129000000E+008  -5.61898245055E+001
+8.62627500000E+008  -5.82436888094E+001
+8.70126000000E+008  -7.10564404451E+001
+8.77624500000E+008  -5.96401242806E+001
+8.85123000000E+008  -6.12122665854E+001
+8.92621500000E+008  -6.39680903948E+001
+9.00120000000E+008  -6.85056564827E+001
+9.07618500000E+008  -6.36086023547E+001
+9.15117000000E+008  -6.37007382330E+001
+9.22615500000E+008  -5.87378421579E+001
+9.30114000000E+008  -6.67907799060E+001
+9.37612500000E+008  -6.90199433752E+001
+9.45111000000E+008  -5.89653692832E+001
+9.52609500000E+008  -6.50551317497E+001
+9.60108000000E+008  -7.85259821543E+001
+9.67606500000E+008  -6.35600907312E+001
+9.75105000000E+008  -5.73188353477E+001
+9.82603500000E+008  -5.76298024378E+001
+9.90102000000E+008  -7.66375609262E+001
+9.97600500000E+008  -7.07125668006E+001
+1.00509900000E+009  -6.07055881672E+001
+1.01259750000E+009  -6.15829225081E+001
+1.02009600000E+009  -6.15583811612E+001
+1.02759450000E+009  -6.65867002604E+001
+1.03509300000E+009  -6.90753622676E+001
+1.04259150000E+009  -6.90051308734E+001
+1.05009000000E+009  -7.74023213159E+001
+1.05758850000E+009  -7.06058401840E+001
+1.06508700000E+009  -6.61011197681E+001
+1.07258550000E+009  -8.90336372806E+001
+1.08008400000E+009  -6.61906360941E+001
+1.08758250000E+009  -6.77725549553E+001
+1.09508100000E+009  -6.81718681511E+001
+1.10257950000E+009  -7.07778311149E+001
+1.11007800000E+009  -7.27272258300E+001
+1.11757650000E+009  -7.03701497403E+001
+1.12507500000E+009  -7.49390887649E+001
+1.13257350000E+009  -6.91885291797E+001
+1.14007200000E+009  -7.67517890309E+001
+1.14757050000E+009  -6.94237408407E+001
+1.15506900000E+009  -7.30802482439E+001
+1.16256750000E+009  -6.69185527215E+001
+1.17006600000E+009  -6.83346036134E+001
+1.17756450000E+009  -6.83959389200E+001
+1.18506300000E+009  -6.33269508746E+001
+1.19256150000E+009  -6.84286020267E+001
+1.20006000000E+009  -6.51196165190E+001
+1.20755850000E+009  -7.01099937937E+001
+1.21505700000E+009  -7.56107130568E+001
+1.22255550000E+009  -7.24665201720E+001
+1.23005400000E+009  -6.70178612516E+001
+1.23755250000E+009  -6.68821592476E+001
+1.24505100000E+009  -6.06133764445E+001
+1.25254950000E+009  -6.46260054194E+001
+1.26004800000E+009  -6.92351417186E+001
+1.26754650000E+009  -7.62991936566E+001
+1.27504500000E+009  -7.26927808031E+001
+1.28254350000E+009  -6.74255126727E+001
+1.29004200000E+009  -7.42093406502E+001
+1.29754050000E+009  -7.21414061298E+001
+1.30503900000E+009  -7.27126697449E+001
+1.31253750000E+009  -6.58762106078E+001
+1.32003600000E+009  -6.20622958189E+001
+1.32753450000E+009  -6.31645422405E+001
+1.33503300000E+009  -6.87708283256E+001
+1.34253150000E+009  -7.10116077388E+001
+1.35003000000E+009  -6.81695955403E+001
+1.35752850000E+009  -6.91120015076E+001
+1.36502700000E+009  -6.49284888111E+001
+1.37252550000E+009  -7.06667514068E+001
+1.38002400000E+009  -6.88809575075E+001
+1.38752250000E+009  -7.03719666117E+001
+1.39502100000E+009  -7.46458310659E+001
+1.40251950000E+009  -7.90594081343E+001
+1.41001800000E+009  -6.38629100988E+001
+1.41751650000E+009  -7.32123624114E+001
+1.42501500000E+009  -6.85940315458E+001
+1.43251350000E+009  -8.18968762797E+001
+1.44001200000E+009  -7.81377476193E+001
+1.44751050000E+009  -6.42836109608E+001
+1.45500900000E+009  -7.51782416325E+001
+1.46250750000E+009  -7.23673277335E+001
+1.47000600000E+009  -9.53948815922E+001
+1.47750450000E+009  -7.24547805613E+001
+1.48500300000E+009  -7.51502728645E+001
+1.49250150000E+009  -8.27558845000E+001
+1.50000000000E+009  -6.80778247149E+001
