-1.24500002e-009 -0.008023438
-1.24000002e-009        0.003
-1.23500002e-009 -0.008617188
-1.23000002e-009   0.00215625
-1.22500002e-009  -0.00865625
-1.22000002e-009   0.00215625
-1.21500002e-009  -0.00809375
-1.21000002e-009  0.003117188
-1.20500002e-009 -0.007710938
-1.20000002e-009  0.003421876
-1.19500002e-009   -0.0074375
-1.19000002e-009        0.003
-1.18500002e-009       -0.007
-1.18000002e-009  0.001914063
-1.17500002e-009 -0.006984375
-1.17000002e-009  0.001265625
-1.16500002e-009   -0.0065625
-1.16000002e-009   0.00121875
-1.15500002e-009 -0.006398437
-1.15000002e-009        0.001
-1.14500002e-009  -0.00740625
-1.14000002e-009  0.001039063
-1.13500002e-009 -0.007710938
-1.13000002e-009  0.001164063
-1.12500002e-009 -0.007382813
-1.12000001e-009   0.00153125
-1.11500001e-009 -0.007453125
-1.11000001e-009  0.001335938
-1.10500001e-009       -0.007
-1.10000001e-009  0.001617188
-1.09500001e-009 -0.006351562
-1.09000001e-009  0.001429688
-1.08500001e-009 -0.006507812
-1.08000001e-009  0.001140625
-1.07500001e-009 -0.007289062
-1.07000001e-009  0.001164063
-1.06500001e-009 -0.007796875
-1.06000001e-009        0.001
-1.05500001e-009 -0.008070313
-1.05000001e-009  0.001257813
-1.04500001e-009 -0.007554688
-1.04000001e-009   0.00234375
-1.03500001e-009 -0.007070312
-1.03000001e-009  0.003023438
-1.02500001e-009 -0.007351562
-1.02000001e-009  0.003148438
-1.01500001e-009 -0.007742188
-1.01000001e-009  0.002648438
-1.00500001e-009 -0.007742188
-1.00000001e-009  0.001617188
-9.95000013e-010 -0.007507813
-9.90000013e-010        0.001
-9.85000013e-010 -0.008164063
-9.80000013e-010 0.0009296879
-9.75000013e-010 -0.008929688
-9.70000013e-010 0.0006718754
-9.65000013e-010 -0.009171875
-9.60000013e-010 0.0002500004
-9.55000013e-010 -0.009492188
-9.50000013e-010 0.0005156254
-9.45000013e-010 -0.009351563
-9.40000013e-010 0.0007656254
-9.35000012e-010  -0.00853125
-9.30000012e-010  0.001132813
-9.25000012e-010 -0.008789063
-9.20000012e-010  0.001234375
-9.15000012e-010 -0.008429688
-9.10000012e-010  0.001335938
-9.05000012e-010 -0.009226563
-9.00000012e-010   0.00134375
-8.95000012e-010       -0.009
-8.90000012e-010        0.001
-8.85000012e-010  -0.00890625
-8.80000012e-010 0.0001875004
-8.75000012e-010 -0.009148438
-8.70000012e-010 -0.0007578122
-8.65000012e-010  -0.00890625
-8.60000011e-010 -0.0001249997
-8.55000011e-010 -0.009023438
-8.50000011e-010      0.00225
-8.45000011e-010 -0.008773438
-8.40000011e-010  0.003195313
-8.35000011e-010  -0.00809375
-8.30000011e-010  0.002476563
-8.25000011e-010 -0.009039063
-8.20000011e-010 0.0006093754
-8.15000011e-010  -0.01042969
-8.10000011e-010 -0.0008281247
-8.05000011e-010  -0.01133594
-8.00000011e-010 -0.001078125
-7.95000011e-010    -0.011375
-7.90000011e-010 -0.0009999997
-7.8500001e-010       -0.011
-7.8000001e-010 -0.001335937
-7.7500001e-010  -0.01079688
-7.7000001e-010 -0.001679687
-7.6500001e-010  -0.01079688
-7.6000001e-010 -0.0009999997
-7.5500001e-010   -0.0115625
-7.5000001e-010  -0.00128125
-7.4500001e-010  -0.01219531
-7.4000001e-010 -0.001898437
-7.3500001e-010  -0.01279688
-7.3000001e-010  -0.00278125
-7.2500001e-010  -0.01272656
-7.2000001e-010 -0.003828125
-7.1500001e-010       -0.013
-7.10000009e-010       -0.005
-7.05000009e-010  -0.01428906
-7.00000009e-010   -0.0064375
-6.95000009e-010  -0.01536719
-6.90000009e-010       -0.007
-6.85000009e-010  -0.01615625
-6.80000009e-010 -0.008578125
-6.75000009e-010  -0.01813281
-6.70000009e-010 -0.009367188
-6.65000009e-010  -0.02016406
-6.60000009e-010  -0.01076563
-6.55000009e-010  -0.02223438
-6.50000009e-010       -0.013
-6.45000009e-010  -0.02555469
-6.40000009e-010  -0.01624219
-6.35000008e-010  -0.02860156
-6.30000008e-010  -0.01928125
-6.25000008e-010  -0.03192969
-6.20000008e-010  -0.02192969
-6.15000008e-010  -0.03670313
-6.10000008e-010       -0.025
-6.05000008e-010  -0.04119531
-6.00000008e-010       -0.029
-5.95000008e-010  -0.04535938
-5.90000008e-010   -0.0343125
-5.85000008e-010  -0.05216406
-5.80000008e-010  -0.04098438
-5.75000008e-010  -0.05880469
-5.70000008e-010       -0.047
-5.65000008e-010       -0.065
-5.60000007e-010  -0.05371094
-5.55000007e-010  -0.07139844
-5.50000007e-010  -0.05971875
-5.45000007e-010  -0.07919532
-5.40000007e-010  -0.06651563
-5.35000007e-010  -0.08674219
-5.30000007e-010  -0.07430469
-5.25000007e-010  -0.09439844
-5.20000007e-010       -0.083
-5.15000007e-010   -0.1030313
-5.10000007e-010  -0.09239844
-5.05000007e-010   -0.1104922
-5.00000007e-010   -0.1010156
-4.95000007e-010   -0.1192266
-4.90000007e-010   -0.1091328
-4.85000006e-010   -0.1276094
-4.80000006e-010   -0.1158906
-4.75000006e-010    -0.135125
-4.70000006e-010   -0.1227109
-4.65000006e-010    -0.141875
-4.60000006e-010   -0.1295781
-4.55000006e-010   -0.1464375
-4.50000006e-010   -0.1351328
-4.45000006e-010   -0.1523672
-4.40000006e-010   -0.1403672
-4.35000006e-010       -0.157
-4.30000006e-010   -0.1450781
-4.25000006e-010   -0.1613438
-4.20000006e-010   -0.1492813
-4.15000006e-010       -0.165
-4.10000005e-010   -0.1527656
-4.05000005e-010   -0.1659219
-4.00000005e-010   -0.1531484
-3.95000005e-010   -0.1659688
-3.90000005e-010   -0.1536719
-3.85000005e-010   -0.1670234
-3.80000005e-010   -0.1542891
-3.75000005e-010       -0.167
-3.70000005e-010   -0.1531172
-3.65000005e-010   -0.1650625
-3.60000005e-010       -0.153
-3.55000005e-010       -0.165
-3.50000005e-010   -0.1525625
-3.45000005e-010       -0.165
-3.40000005e-010    -0.151625
-3.35000004e-010   -0.1640469
-3.30000004e-010   -0.1498594
-3.25000004e-010       -0.163
-3.20000004e-010   -0.1484297
-3.15000004e-010   -0.1611484
-3.10000004e-010   -0.1480313
-3.05000004e-010     -0.15975
-3.00000004e-010     -0.14625
-2.95000004e-010   -0.1566563
-2.90000004e-010   -0.1425781
-2.85000004e-010       -0.155
-2.80000004e-010   -0.1400625
-2.75000004e-010   -0.1531641
-2.70000004e-010       -0.139
-2.65000004e-010   -0.1518672
-2.60000003e-010   -0.1374922
-2.55000003e-010   -0.1501484
-2.50000003e-010   -0.1360625
-2.45000003e-010   -0.1468281
-2.40000003e-010   -0.1333125
-2.35000003e-010   -0.1423594
-2.30000003e-010   -0.1299297
-2.25000003e-010   -0.1390625
-2.20000003e-010   -0.1266719
-2.15000003e-010   -0.1361797
-2.10000003e-010   -0.1215234
-2.05000003e-010       -0.133
-2.00000003e-010   -0.1146797
-1.95000003e-010   -0.1280938
-1.90000003e-010   -0.1075781
-1.85000002e-010   -0.1223281
-1.80000002e-010   -0.1006563
-1.75000002e-010   -0.1158047
-1.70000002e-010  -0.09327344
-1.65000002e-010   -0.1089141
-1.60000002e-010  -0.08495313
-1.55000002e-010   -0.1011719
-1.50000002e-010  -0.07678125
-1.45000002e-010  -0.09242188
-1.40000002e-010       -0.069
-1.35000002e-010    -0.083125
-1.30000002e-010  -0.06161719
-1.25000002e-010  -0.07403907
-1.20000002e-010  -0.05439063
-1.15000002e-010  -0.06511719
-1.10000001e-010  -0.04666406
-1.05000001e-010  -0.05654688
-1.00000001e-010  -0.03814844
-9.50000013e-011  -0.04754688
-9.00000012e-011  -0.03000781
-8.50000011e-011  -0.03954688
-8.00000011e-011  -0.02252344
-7.5000001e-011  -0.03217969
-7.00000009e-011  -0.01541406
-6.50000009e-011   -0.0243125
-6.00000008e-011 -0.008914063
-5.50000007e-011       -0.017
-5.00000007e-011 -0.002671875
-4.50000006e-011  -0.01160938
-4.00000005e-011  0.002882813
-3.50000005e-011 -0.006015625
-3.00000004e-011  0.007257813
-2.50000003e-011 -0.0004687497
-2.00000003e-011    0.0115625
-1.50000002e-011  0.003789063
-1.00000001e-011        0.015
-5.00000007e-012  0.005859376
           0   0.01835156
5.00000007e-012  0.007828126
1.00000001e-011   0.02097656
1.50000002e-011   0.01013281
2.00000003e-011   0.02260938
2.50000003e-011   0.01174219
3.00000004e-011   0.02261719
3.50000005e-011   0.01196875
4.00000005e-011   0.02235938
4.50000006e-011   0.01214844
5.00000007e-011    0.0239375
5.50000007e-011   0.01190625
6.00000008e-011   0.02495313
6.50000009e-011        0.011
7.00000009e-011   0.02429688
7.5000001e-011   0.01021875
8.00000011e-011     0.022375
8.50000011e-011   0.01060938
9.00000012e-011   0.02089844
9.50000013e-011  0.009843751
1.00000001e-010   0.02042969
1.05000001e-010  0.009085938
1.10000001e-010        0.019
1.15000002e-010  0.008921876
1.20000002e-010   0.01916406
1.25000002e-010  0.008914063
1.30000002e-010        0.019
1.35000002e-010  0.007609376
1.40000002e-010   0.01871094
1.45000002e-010  0.007000001
1.50000002e-010        0.019
1.55000002e-010  0.007101563
1.60000002e-010   0.01838281
1.65000002e-010  0.007070313
1.70000002e-010   0.01775781
1.75000002e-010  0.007867188
1.80000002e-010   0.01821875
1.85000002e-010  0.008726563
1.90000003e-010        0.019
1.95000003e-010       0.0105
2.00000003e-010   0.02014844
2.05000003e-010   0.01086719
2.10000003e-010   0.02246875
2.15000003e-010   0.01125781
2.20000003e-010   0.02420313
2.25000003e-010        0.013
2.30000003e-010        0.025
2.35000003e-010    0.0141875
2.40000003e-010        0.025
2.45000003e-010   0.01460938
2.50000003e-010   0.02664063
2.55000003e-010   0.01551563
2.60000003e-010   0.02810938
2.65000004e-010    0.0169375
2.70000004e-010        0.029
2.75000004e-010   0.01871875
2.80000004e-010        0.031
2.85000004e-010        0.019
2.90000004e-010   0.03164844
2.95000004e-010     0.019125
3.00000004e-010   0.03107031
3.05000004e-010   0.01991406
3.10000004e-010        0.031
3.15000004e-010   0.02086719
3.20000004e-010   0.03017188
3.25000004e-010        0.021
3.30000004e-010   0.02988281
3.35000004e-010   0.02035156
3.40000005e-010   0.02967969
3.45000005e-010   0.01934375
3.50000005e-010   0.02950781
3.55000005e-010   0.01886719
3.60000005e-010   0.02865625
3.65000005e-010        0.019
3.70000005e-010   0.02713281
3.75000005e-010   0.01903125
3.80000005e-010   0.02705469
3.85000005e-010   0.01900781
3.90000005e-010        0.027
3.95000005e-010   0.01821875
4.00000005e-010   0.02674219
4.05000005e-010   0.01682031
4.10000005e-010   0.02610156
4.15000006e-010      0.01575
4.20000006e-010   0.02516406
4.25000006e-010   0.01510156
4.30000006e-010   0.02410156
4.35000006e-010   0.01445313
4.40000006e-010   0.02316406
4.45000006e-010   0.01299219
4.50000006e-010   0.02319531
4.55000006e-010   0.01246094
4.60000006e-010   0.02315625
4.65000006e-010        0.013
4.70000006e-010   0.02378906
4.75000006e-010   0.01286719
4.80000006e-010        0.025
4.85000006e-010   0.01263281
4.90000007e-010   0.02545313
4.95000007e-010   0.01226563
5.00000007e-010   0.02515625
5.05000007e-010    0.0124375
5.10000007e-010   0.02417188
5.15000007e-010   0.01217969
5.20000007e-010   0.02353906
5.25000007e-010   0.01228906
5.30000007e-010   0.02360156
5.35000007e-010   0.01260156
5.40000007e-010   0.02332031
5.45000007e-010   0.01267969
5.50000007e-010        0.023
5.55000007e-010        0.013
5.60000007e-010   0.02217188
5.65000008e-010   0.01266406
5.70000008e-010   0.02178906
5.75000008e-010   0.01264844
5.80000008e-010    0.0220625
5.85000008e-010   0.01149219
5.90000008e-010        0.023
5.95000008e-010        0.011
6.00000008e-010   0.02339063
6.05000008e-010   0.01140625
6.10000008e-010   0.02316406
6.15000008e-010    0.0119375
6.20000008e-010   0.02338281
6.25000008e-010   0.01096875
6.30000008e-010   0.02325781
6.35000008e-010  0.009343751
6.40000009e-010   0.02324219
6.45000009e-010  0.009000001
6.50000009e-010   0.02339063
6.55000009e-010  0.008734376
6.60000009e-010   0.02310938
6.65000009e-010  0.008984376
6.70000009e-010   0.02246094
6.75000009e-010  0.009429688
6.80000009e-010   0.02153125
6.85000009e-010   0.01014844
6.90000009e-010   0.02041406
6.95000009e-010  0.009687501
7.00000009e-010      0.01975
7.05000009e-010  0.009906251
7.10000009e-010   0.01982813
7.1500001e-010   0.01040625
7.2000001e-010   0.02034375
7.2500001e-010  0.009992188
7.3000001e-010   0.02040625
7.3500001e-010   0.01023438
7.4000001e-010   0.02050781
7.4500001e-010   0.01082813
7.5000001e-010    0.0213125
7.5500001e-010        0.011
7.6000001e-010   0.02167188
7.6500001e-010   0.01061719
7.7000001e-010   0.02139844
7.7500001e-010   0.01030469
7.8000001e-010     0.021125
7.8500001e-010   0.01057031
7.90000011e-010   0.02210156
7.95000011e-010   0.01060156
8.00000011e-010   0.02296094
8.05000011e-010   0.01040625
8.10000011e-010   0.02271875
8.15000011e-010   0.01004688
8.20000011e-010   0.02145313
8.25000011e-010  0.009210938
8.30000011e-010        0.021
8.35000011e-010  0.009007813
8.40000011e-010   0.02153906
8.45000011e-010  0.009500001
8.50000011e-010   0.02157813
8.55000011e-010   0.01046875
8.60000011e-010     0.021125
8.65000012e-010        0.011
8.70000012e-010   0.02117188
8.75000012e-010   0.01184375
8.80000012e-010   0.02098438
8.85000012e-010   0.01194531
8.90000012e-010      0.02125
8.95000012e-010   0.01208594
9.00000012e-010   0.02135156
9.05000012e-010   0.01260156
9.10000012e-010        0.021
9.15000012e-010   0.01194531
9.20000012e-010   0.02132813
9.25000012e-010   0.01148438
9.30000012e-010   0.02166406
9.35000012e-010   0.01160156
9.40000013e-010   0.02186719
9.45000013e-010   0.01215625
9.50000013e-010   0.02216406
9.55000013e-010   0.01202344
9.60000013e-010        0.022
9.65000013e-010   0.01117969
9.70000013e-010   0.02282813
9.75000013e-010   0.01089063
9.80000013e-010   0.02442969
9.85000013e-010   0.01132813
9.90000013e-010        0.025
9.95000013e-010   0.01242188
1.00000001e-009   0.02424219
1.00500001e-009   0.01282813
1.01000001e-009   0.02252344
1.01500001e-009        0.013
1.02000001e-009   0.02214063
1.02500001e-009    0.0121875
1.03000001e-009        0.023
1.03500001e-009      0.01175
1.04000001e-009   0.02265625
1.04500001e-009     0.011125
1.05000001e-009    0.0229375
1.05500001e-009   0.01108594
1.06000001e-009   0.02297656
1.06500001e-009   0.01177344
1.07000001e-009   0.02284375
1.07500001e-009   0.01225781
1.08000001e-009    0.0230625
1.08500001e-009   0.01210938
1.09000001e-009   0.02346875
1.09500001e-009    0.0125625
1.10000001e-009        0.023
1.10500001e-009   0.01242188
1.11000001e-009   0.02311719
1.11500001e-009   0.01279688
1.12000001e-009   0.02338281
1.12500002e-009   0.01357031
1.13000002e-009   0.02439844
1.13500002e-009   0.01451563
1.14000002e-009        0.025
1.14500002e-009        0.015
1.15000002e-009     0.025125
1.15500002e-009   0.01482813
1.16000002e-009        0.025
1.16500002e-009   0.01520313
1.17000002e-009   0.02494531
1.17500002e-009   0.01453906
1.18000002e-009   0.02500781
1.18500002e-009   0.01440625
1.19000002e-009        0.025
1.19500002e-009   0.01519531
1.20000002e-009   0.02523438
1.20500002e-009   0.01607031
1.21000002e-009   0.02553125
1.21500002e-009    0.0160625
1.22000002e-009   0.02530469
1.22500002e-009   0.01596875
1.23000002e-009        0.025
1.23500002e-009   0.01538281
1.24000002e-009   0.02548438
1.24500002e-009        0.015
1.25000002e-009   0.02604688
