-2.49000003e-009       -0.015
-2.48000003e-009 -0.005507812
-2.47000003e-009  -0.01599219
-2.46000003e-009 -0.003054687
-2.45000003e-009       -0.017
-2.44000003e-009 -0.003992187
-2.43000003e-009   -0.0146875
-2.42000003e-009  -0.00378125
-2.41000003e-009  -0.01549219
-2.40000003e-009 -0.003234375
-2.39000003e-009  -0.01446875
-2.38000003e-009 -0.004554687
-2.37000003e-009  -0.01324219
-2.36000003e-009 -0.005007812
-2.35000003e-009  -0.01421875
-2.34000003e-009  -0.00446875
-2.33000003e-009  -0.01557031
-2.32000003e-009       -0.003
-2.31000003e-009       -0.015
-2.30000003e-009 -0.003421875
-2.29000003e-009   -0.0149375
-2.28000003e-009 -0.003414062
-2.27000003e-009  -0.01383594
-2.26000003e-009 -0.003664062
-2.25000003e-009  -0.01432031
-2.24000003e-009    -0.002375
-2.23000003e-009  -0.01398438
-2.22000003e-009   -0.0041875
-2.21000003e-009       -0.013
-2.20000003e-009 -0.003585937
-2.19000003e-009  -0.01388281
-2.18000003e-009       -0.003
-2.17000003e-009  -0.01469531
-2.16000003e-009  -0.00315625
-2.15000003e-009       -0.013
-2.14000003e-009       -0.003
-2.13000003e-009  -0.01451563
-2.12000003e-009       -0.003
-2.11000003e-009       -0.013
-2.10000003e-009  -0.00290625
-2.09000003e-009  -0.01169531
-2.08000003e-009 -0.001445312
-2.07000003e-009   -0.0116875
-2.06000003e-009 -0.0009999997
-2.05000003e-009  -0.01094531
-2.04000003e-009 -0.002460937
-2.03000003e-009    -0.010625
-2.02000003e-009 -0.002539062
-2.01000003e-009  -0.01108594
-2.00000003e-009 -0.0009999997
-1.99000003e-009  -0.01028906
-1.98000003e-009 -0.0007968747
-1.97000003e-009  -0.01036719
-1.96000003e-009 -0.0009999997
-1.95000003e-009  -0.01110938
-1.94000003e-009 -0.0009218747
-1.93000003e-009 -0.009789063
-1.92000003e-009 -0.0009999997
-1.91000003e-009       -0.011
-1.90000003e-009 -0.0002812497
-1.89000003e-009  -0.01074219
-1.88000003e-009 0.0002812504
-1.87000002e-009   -0.0100625
-1.86000002e-009 0.0006171879
-1.85000002e-009 -0.009695313
-1.84000002e-009 0.0002890629
-1.83000002e-009 -0.009109375
-1.82000002e-009 0.0006562504
-1.81000002e-009       -0.009
-1.80000002e-009        0.001
-1.79000002e-009 -0.009664063
-1.78000002e-009 0.0002578129
-1.77000002e-009       -0.009
-1.76000002e-009        0.001
-1.75000002e-009 -0.008523438
-1.74000002e-009        0.001
-1.73000002e-009 -0.007226562
-1.72000002e-009  0.001140625
-1.71000002e-009 -0.007296875
-1.70000002e-009    0.0011875
-1.69000002e-009     -0.00875
-1.68000002e-009  0.001039063
-1.67000002e-009 -0.008304688
-1.66000002e-009        0.001
-1.65000002e-009  -0.00709375
-1.64000002e-009  0.001164063
-1.63000002e-009 -0.008460938
-1.62000002e-009        0.001
-1.61000002e-009  -0.00896875
-1.60000002e-009   0.00140625
-1.59000002e-009       -0.009
-1.58000002e-009        0.003
-1.57000002e-009  -0.00753125
-1.56000002e-009  0.003109375
-1.55000002e-009 -0.007335937
-1.54000002e-009  0.001140625
-1.53000002e-009 -0.007226562
-1.52000002e-009        0.001
-1.51000002e-009 -0.006960937
-1.50000002e-009  0.001976563
-1.49000002e-009 -0.007054687
-1.48000002e-009  0.002835938
-1.47000002e-009 -0.009015625
-1.46000002e-009        0.001
-1.45000002e-009       -0.009
-1.44000002e-009  0.001890625
-1.43000002e-009       -0.007
-1.42000002e-009  0.002640625
-1.41000002e-009 -0.007335937
-1.40000002e-009  0.002664063
-1.39000002e-009       -0.007
-1.38000002e-009 0.0008671879
-1.37000002e-009       -0.009
-1.36000002e-009  0.002148438
-1.35000002e-009 -0.008890625
-1.34000002e-009  0.003187501
-1.33000002e-009       -0.009
-1.32000002e-009    0.0026875
-1.31000002e-009 -0.007773438
-1.30000002e-009        0.003
-1.29000002e-009   -0.0078125
-1.28000002e-009  0.003007813
-1.27000002e-009   -0.0084375
-1.26000002e-009   0.00178125
-1.25000002e-009       -0.007
-1.24000002e-009   0.00115625
-1.23000002e-009 -0.007226562
-1.22000002e-009   0.00159375
-1.21000002e-009 -0.007476563
-1.20000002e-009  0.003203126
-1.19000002e-009 -0.009601563
-1.18000002e-009  0.004539063
-1.17000002e-009       -0.009
-1.16000002e-009  0.004125001
-1.15000002e-009    -0.009375
-1.14000002e-009        0.001
-1.13000002e-009  -0.00728125
-1.12000001e-009  0.001335938
-1.11000001e-009 -0.007859375
-1.10000001e-009  0.001515625
-1.09000001e-009       -0.007
-1.08000001e-009  0.001328125
-1.07000001e-009    -0.007375
-1.06000001e-009  0.002882813
-1.05000001e-009 -0.007445313
-1.04000001e-009        0.003
-1.03000001e-009 -0.007414063
-1.02000001e-009  0.001140625
-1.01000001e-009 -0.007140625
-1.00000001e-009  0.001046875
-9.90000013e-010 -0.006890625
-9.80000013e-010        0.001
-9.70000013e-010  -0.00740625
-9.60000013e-010        0.003
-9.50000013e-010    -0.007125
-9.40000013e-010  0.001039063
-9.30000012e-010 -0.007460938
-9.20000012e-010 0.0004921879
-9.10000012e-010 -0.008164063
-9.00000012e-010 3.125035e-005
-8.90000012e-010 -0.008976563
-8.80000012e-010  0.002390625
-8.70000012e-010 -0.007070312
-8.60000011e-010  0.002210938
-8.50000011e-010 -0.008695313
-8.40000011e-010 -0.0002656247
-8.30000011e-010       -0.009
-8.20000011e-010        0.001
-8.10000011e-010       -0.009
-8.00000011e-010        0.001
-7.90000011e-010  -0.01214844
-7.8000001e-010 -0.0008281247
-7.7000001e-010  -0.01214844
-7.6000001e-010 -0.0009999997
-7.5000001e-010    -0.012625
-7.4000001e-010       -0.003
-7.3000001e-010  -0.01335156
-7.2000001e-010       -0.003
-7.10000009e-010  -0.01352344
-7.00000009e-010       -0.003
-6.90000009e-010  -0.01546094
-6.80000009e-010  -0.00559375
-6.70000009e-010  -0.01857031
-6.60000009e-010 -0.008710938
-6.50000009e-010   -0.0213125
-6.40000009e-010       -0.013
-6.30000008e-010  -0.02647656
-6.20000008e-010  -0.01874219
-6.10000008e-010  -0.03436719
-6.00000008e-010  -0.02485156
-5.90000008e-010  -0.04350781
-5.80000008e-010  -0.03538281
-5.70000008e-010  -0.05489063
-5.60000007e-010  -0.04899219
-5.50000007e-010       -0.069
-5.40000007e-010  -0.06005469
-5.30000007e-010   -0.0836875
-5.20000007e-010       -0.073
-5.10000007e-010   -0.1020859
-5.00000007e-010  -0.09164844
-4.90000007e-010   -0.1190234
-4.80000006e-010   -0.1086797
-4.70000006e-010       -0.135
-4.60000006e-010   -0.1237031
-4.50000006e-010       -0.148
-4.40000006e-010    -0.136125
-4.30000006e-010      -0.1565
-4.20000006e-010       -0.145
-4.10000005e-010   -0.1610078
-4.00000005e-010   -0.1515859
-3.90000005e-010   -0.1657266
-3.80000005e-010   -0.1533047
-3.70000005e-010       -0.167
-3.60000005e-010   -0.1541797
-3.50000005e-010   -0.1650938
-3.40000005e-010   -0.1531484
-3.30000004e-010   -0.1642031
-3.20000004e-010   -0.1506094
-3.10000004e-010   -0.1610547
-3.00000004e-010   -0.1467656
-2.90000004e-010   -0.1582266
-2.80000004e-010   -0.1444219
-2.70000004e-010       -0.155
-2.60000003e-010   -0.1399844
-2.50000003e-010       -0.149
-2.40000003e-010   -0.1363125
-2.30000003e-010   -0.1445938
-2.20000003e-010   -0.1297969
-2.10000003e-010   -0.1376328
-2.00000003e-010   -0.1181875
-1.90000003e-010       -0.129
-1.80000002e-010       -0.105
-1.70000002e-010       -0.117
-1.60000002e-010  -0.09070313
-1.50000002e-010   -0.1028125
-1.40000002e-010  -0.07604688
-1.30000002e-010   -0.0879375
-1.20000002e-010  -0.06007032
-1.10000001e-010       -0.071
-1.00000001e-010  -0.04224219
-9.00000012e-011  -0.05220313
-8.00000011e-011  -0.02571875
-7.00000009e-011       -0.035
-6.00000008e-011  -0.01200781
-5.00000007e-011  -0.02060156
-4.00000005e-011  0.001648438
-3.00000004e-011 -0.007453125
-2.00000003e-011  0.009828126
-1.00000001e-011  0.001203125
           0      0.01625
1.00000001e-011  0.005992188
2.00000003e-011        0.023
3.00000004e-011   0.01098438
4.00000005e-011        0.023
5.00000007e-011        0.013
6.00000008e-011        0.023
7.00000009e-011   0.01295313
8.00000011e-011     0.021875
9.00000012e-011        0.011
1.00000001e-010     0.021875
1.10000001e-010  0.009382813
1.20000002e-010   0.01814063
1.30000002e-010  0.008007813
1.40000002e-010        0.017
1.50000002e-010  0.008125001
1.60000002e-010   0.01691406
1.70000002e-010  0.006867188
1.80000002e-010        0.019
1.90000003e-010  0.008687501
2.00000003e-010     0.020625
2.10000003e-010   0.01014844
2.20000003e-010        0.023
2.30000003e-010        0.013
2.40000003e-010   0.02344531
2.50000003e-010   0.01583594
2.60000003e-010        0.027
2.70000004e-010   0.01592188
2.80000004e-010      0.02925
2.90000004e-010        0.019
3.00000004e-010   0.02947656
3.10000004e-010   0.02075781
3.20000004e-010        0.031
3.30000004e-010   0.02048438
3.40000005e-010        0.031
3.50000005e-010         0.02
3.60000005e-010       0.0295
3.70000005e-010        0.019
3.80000005e-010        0.029
3.90000005e-010   0.01634375
4.00000005e-010   0.02641406
4.10000005e-010   0.01444531
4.20000006e-010   0.02599219
4.30000006e-010   0.01476563
4.40000006e-010        0.025
4.50000006e-010      0.01475
4.60000006e-010        0.025
4.70000006e-010   0.01399219
4.80000006e-010   0.02371875
4.90000007e-010   0.01400781
5.00000007e-010        0.023
5.10000007e-010   0.01263281
5.20000007e-010   0.02326563
5.30000007e-010        0.011
5.40000007e-010        0.023
5.50000007e-010   0.01158594
5.60000007e-010   0.02189844
5.70000008e-010        0.011
5.80000008e-010        0.023
5.90000008e-010   0.01210156
6.00000008e-010   0.02283594
6.10000008e-010   0.01227344
6.20000008e-010   0.02278125
6.30000008e-010        0.011
6.40000009e-010        0.023
6.50000009e-010  0.009109376
6.60000009e-010   0.02207031
6.70000009e-010   0.01089844
6.80000009e-010   0.02265625
6.90000009e-010   0.01053125
7.00000009e-010        0.021
7.10000009e-010   0.01046094
7.2000001e-010   0.02102344
7.3000001e-010   0.01058594
7.4000001e-010   0.02147656
7.5000001e-010        0.011
7.6000001e-010   0.02057031
7.7000001e-010        0.011
7.8000001e-010        0.021
7.90000011e-010  0.009812501
8.00000011e-010        0.021
8.10000011e-010  0.009960938
8.20000011e-010        0.021
8.30000011e-010   0.01042969
8.40000011e-010   0.02000781
8.50000011e-010        0.011
8.60000011e-010   0.01965625
8.70000012e-010   0.01169531
8.80000012e-010        0.021
8.90000012e-010        0.011
9.00000012e-010        0.021
9.10000012e-010   0.01224219
9.20000012e-010   0.02182031
9.30000012e-010        0.011
9.40000013e-010   0.02110156
9.50000013e-010   0.01034375
9.60000013e-010   0.02235938
9.70000013e-010   0.01190625
9.80000013e-010        0.023
9.90000013e-010        0.013
1.00000001e-009    0.0220625
1.01000001e-009   0.01155469
1.02000001e-009   0.02184375
1.03000001e-009   0.01101563
1.04000001e-009   0.02346875
1.05000001e-009   0.01122656
1.06000001e-009        0.023
1.07000001e-009   0.01242188
1.08000001e-009   0.02364844
1.09000001e-009   0.01320313
1.10000001e-009   0.02489844
1.11000001e-009   0.01428906
1.12000001e-009   0.02452344
1.13000002e-009   0.01460938
1.14000002e-009        0.027
1.15000002e-009   0.01482813
1.16000002e-009    0.0273125
1.17000002e-009   0.01465625
1.18000002e-009   0.02599219
1.19000002e-009   0.01591406
1.20000002e-009   0.02620313
1.21000002e-009   0.01645313
1.22000002e-009   0.02772656
1.23000002e-009   0.01621094
1.24000002e-009    0.0293125
1.25000002e-009        0.015
1.26000002e-009   0.02779688
1.27000002e-009   0.01534375
1.28000002e-009        0.027
1.29000002e-009   0.01578125
1.30000002e-009   0.02684375
1.31000002e-009   0.01667188
1.32000002e-009        0.027
1.33000002e-009        0.017
1.34000002e-009   0.02717188
1.35000002e-009        0.017
1.36000002e-009   0.02822656
1.37000002e-009   0.01748438
1.38000002e-009   0.02653125
1.39000002e-009   0.01539063
1.40000002e-009   0.02751563
1.41000002e-009     0.015875
1.42000002e-009        0.027
1.43000002e-009   0.01685938
1.44000002e-009        0.028
1.45000002e-009     0.016625
1.46000002e-009        0.027
1.47000002e-009   0.01582813
1.48000002e-009   0.02576563
1.49000002e-009        0.015
1.50000002e-009        0.025
1.51000002e-009    0.0135625
1.52000002e-009        0.024
1.53000002e-009   0.01320313
1.54000002e-009    0.0250625
1.55000002e-009   0.01332813
1.56000002e-009   0.02407031
1.57000002e-009   0.01461719
1.58000002e-009        0.025
1.59000002e-009   0.01392969
1.60000002e-009   0.02357813
1.61000002e-009        0.013
1.62000002e-009   0.02296875
1.63000002e-009        0.011
1.64000002e-009   0.02269531
1.65000002e-009   0.01171875
1.66000002e-009        0.021
1.67000002e-009   0.01172656
1.68000002e-009   0.02217188
1.69000002e-009        0.011
1.70000002e-009   0.02317188
1.71000002e-009        0.011
1.72000002e-009   0.02175781
1.73000002e-009   0.01060938
1.74000002e-009   0.01921094
1.75000002e-009  0.009000001
1.76000002e-009   0.02088281
1.77000002e-009  0.009703126
1.78000002e-009        0.021
1.79000002e-009   0.01005469
1.80000002e-009   0.01963281
1.81000002e-009  0.009445313
1.82000002e-009   0.01932031
1.83000002e-009  0.009828126
1.84000002e-009   0.01925781
1.85000002e-009  0.009000001
1.86000002e-009   0.02016406
1.87000002e-009   0.01029688
1.88000003e-009   0.02085156
1.89000003e-009  0.008218751
1.90000003e-009   0.01922656
1.91000003e-009  0.008460938
1.92000003e-009        0.021
1.93000003e-009    0.0104375
1.94000003e-009   0.02196875
1.95000003e-009        0.011
1.96000003e-009   0.02069531
1.97000003e-009       0.0105
1.98000003e-009      0.02125
1.99000003e-009  0.007125001
2.00000003e-009   0.01982031
2.01000003e-009  0.008226563
2.02000003e-009   0.01960938
2.03000003e-009   0.01002344
2.04000003e-009   0.01929688
2.05000003e-009  0.008140626
2.06000003e-009   0.01942188
2.07000003e-009  0.008039063
2.08000003e-009   0.02090625
2.09000003e-009   0.01042969
2.10000003e-009   0.02130469
2.11000003e-009     0.010375
2.12000003e-009        0.021
2.13000003e-009   0.01072656
2.14000003e-009   0.02078906
2.15000003e-009   0.01098438
2.16000003e-009    0.0201875
2.17000003e-009   0.01060938
2.18000003e-009        0.021
2.19000003e-009   0.01039844
2.20000003e-009   0.02188281
2.21000003e-009   0.01078906
2.22000003e-009   0.02100781
2.23000003e-009    0.0116875
2.24000003e-009   0.02229688
2.25000003e-009      0.01125
2.26000003e-009    0.0225625
2.27000003e-009   0.01204688
2.28000003e-009   0.02299219
2.29000003e-009        0.013
2.30000003e-009        0.021
2.31000003e-009   0.01246094
2.32000003e-009   0.02161719
2.33000003e-009   0.01115625
2.34000003e-009   0.02111719
2.35000003e-009        0.011
2.36000003e-009   0.02066406
2.37000003e-009   0.01203906
2.38000003e-009   0.01904688
2.39000003e-009        0.011
2.40000003e-009   0.01958594
2.41000003e-009   0.01044531
2.42000003e-009   0.02016406
2.43000003e-009   0.01010156
2.44000003e-009   0.02089063
2.45000003e-009  0.009421876
2.46000003e-009   0.02023438
2.47000003e-009  0.009781251
2.48000003e-009        0.019
2.49000003e-009        0.011
2.50000003e-009   0.02017188
