-2.49000003e-009  -0.01020313
-2.48000003e-009 -0.009992188
-2.47000003e-009   -0.0098125
-2.46000003e-009 -0.009679688
-2.45000003e-009 -0.009601563
-2.44000003e-009 -0.009632813
-2.43000003e-009 -0.009695313
-2.42000003e-009 -0.009773438
-2.41000003e-009  -0.00990625
-2.40000003e-009 -0.009929688
-2.39000003e-009 -0.009890625
-2.38000003e-009 -0.009773438
-2.37000003e-009 -0.009523438
-2.36000003e-009 -0.009273438
-2.35000003e-009 -0.009023438
-2.34000003e-009 -0.008796875
-2.33000003e-009 -0.008664063
-2.32000003e-009 -0.008601563
-2.31000003e-009  -0.00865625
-2.30000003e-009  -0.00878125
-2.29000003e-009 -0.008953125
-2.28000003e-009 -0.009070313
-2.27000003e-009 -0.009171875
-2.26000003e-009 -0.009195313
-2.25000003e-009    -0.009125
-2.24000003e-009 -0.008945313
-2.23000003e-009 -0.008726563
-2.22000003e-009 -0.008492188
-2.21000003e-009 -0.008257813
-2.20000003e-009   -0.0080625
-2.19000003e-009 -0.007929688
-2.18000003e-009 -0.007851563
-2.17000003e-009 -0.007804688
-2.16000003e-009 -0.007773438
-2.15000003e-009 -0.007734375
-2.14000003e-009 -0.007671875
-2.13000003e-009 -0.007609375
-2.12000003e-009   -0.0074375
-2.11000003e-009 -0.007320312
-2.10000003e-009  -0.00715625
-2.09000003e-009 -0.007007812
-2.08000003e-009 -0.006882812
-2.07000003e-009 -0.006804687
-2.06000003e-009 -0.006742187
-2.05000003e-009 -0.006703125
-2.04000003e-009 -0.006679687
-2.03000003e-009 -0.006648437
-2.02000003e-009 -0.006601562
-2.01000003e-009 -0.006546875
-2.00000003e-009 -0.006445312
-1.99000003e-009 -0.006335937
-1.98000003e-009 -0.006179687
-1.97000003e-009  -0.00603125
-1.96000003e-009 -0.005835937
-1.95000003e-009 -0.005695312
-1.94000003e-009 -0.005578125
-1.93000003e-009 -0.005484375
-1.92000003e-009 -0.005445312
-1.91000003e-009 -0.005421875
-1.90000003e-009 -0.005414062
-1.89000003e-009  -0.00540625
-1.88000003e-009 -0.005429687
-1.87000002e-009 -0.005398437
-1.86000002e-009 -0.005382812
-1.85000002e-009 -0.005359375
-1.84000002e-009 -0.005273437
-1.83000002e-009 -0.005210937
-1.82000002e-009 -0.005085937
-1.81000002e-009 -0.004976562
-1.80000002e-009 -0.004820312
-1.79000002e-009  -0.00465625
-1.78000002e-009 -0.004546875
-1.77000002e-009   -0.0044375
-1.76000002e-009 -0.004367187
-1.75000002e-009 -0.004335937
-1.74000002e-009 -0.004351562
-1.73000002e-009    -0.004375
-1.72000002e-009 -0.004398437
-1.71000002e-009 -0.004367187
-1.70000002e-009 -0.004320312
-1.69000002e-009 -0.004171875
-1.68000002e-009 -0.004046875
-1.67000002e-009  -0.00384375
-1.66000002e-009 -0.003640625
-1.65000002e-009 -0.003484375
-1.64000002e-009    -0.003375
-1.63000002e-009    -0.003375
-1.62000002e-009 -0.003382812
-1.61000002e-009  -0.00346875
-1.60000002e-009 -0.003546875
-1.59000002e-009  -0.00359375
-1.58000002e-009 -0.003585937
-1.57000002e-009 -0.003554687
-1.56000002e-009 -0.003453125
-1.55000002e-009 -0.003320312
-1.54000002e-009 -0.003179687
-1.53000002e-009 -0.003101562
-1.52000002e-009 -0.003015625
-1.51000002e-009 -0.003023437
-1.50000002e-009 -0.003078125
-1.49000002e-009 -0.003140625
-1.48000002e-009   -0.0031875
-1.47000002e-009  -0.00321875
-1.46000002e-009 -0.003179687
-1.45000002e-009 -0.003117187
-1.44000002e-009 -0.003054687
-1.43000002e-009 -0.002992187
-1.42000002e-009 -0.002953125
-1.41000002e-009 -0.002898437
-1.40000002e-009 -0.002898437
-1.39000002e-009 -0.002890625
-1.38000002e-009  -0.00290625
-1.37000002e-009 -0.002914062
-1.36000002e-009 -0.002921875
-1.35000002e-009 -0.002953125
-1.34000002e-009 -0.003007812
-1.33000002e-009 -0.003054687
-1.32000002e-009 -0.003195312
-1.31000002e-009     -0.00325
-1.30000002e-009 -0.003273437
-1.29000002e-009 -0.003296875
-1.28000002e-009     -0.00325
-1.27000002e-009    -0.003125
-1.26000002e-009 -0.003039062
-1.25000002e-009  -0.00290625
-1.24000002e-009 -0.002796875
-1.23000002e-009 -0.002828125
-1.22000002e-009 -0.002867187
-1.21000002e-009 -0.002976562
-1.20000002e-009 -0.003054687
-1.19000002e-009 -0.003109375
-1.18000002e-009 -0.003109375
-1.17000002e-009 -0.003054687
-1.16000002e-009  -0.00296875
-1.15000002e-009 -0.002898437
-1.14000002e-009 -0.002859375
-1.13000002e-009 -0.002859375
-1.12000001e-009 -0.002898437
-1.11000001e-009 -0.002992187
-1.10000001e-009 -0.003046875
-1.09000001e-009 -0.003117187
-1.08000001e-009 -0.003171875
-1.07000001e-009     -0.00325
-1.06000001e-009 -0.003234375
-1.05000001e-009 -0.003289062
-1.04000001e-009 -0.003328125
-1.03000001e-009 -0.003367187
-1.02000001e-009 -0.003421875
-1.01000001e-009   -0.0034375
-1.00000001e-009      -0.0035
-9.90000013e-010 -0.003523437
-9.80000013e-010 -0.003515625
-9.70000013e-010 -0.003578125
-9.60000013e-010 -0.003609375
-9.50000013e-010 -0.003632812
-9.40000013e-010 -0.003671875
-9.30000012e-010 -0.003726562
-9.20000012e-010 -0.003765625
-9.10000012e-010 -0.003859375
-9.00000012e-010 -0.003890625
-8.90000012e-010 -0.003992187
-8.80000012e-010   -0.0040625
-8.70000012e-010   -0.0041875
-8.60000011e-010   -0.0043125
-8.50000011e-010 -0.004460937
-8.40000011e-010  -0.00459375
-8.30000011e-010 -0.004765625
-8.20000011e-010 -0.004921875
-8.10000011e-010 -0.005046875
-8.00000011e-010 -0.005164062
-7.90000011e-010  -0.00528125
-7.8000001e-010   -0.0054375
-7.7000001e-010 -0.005578125
-7.6000001e-010 -0.005773437
-7.5000001e-010 -0.005992187
-7.4000001e-010 -0.006242187
-7.3000001e-010 -0.006523437
-7.2000001e-010 -0.006976562
-7.10000009e-010 -0.007492188
-7.00000009e-010  -0.00815625
-6.90000009e-010 -0.008890625
-6.80000009e-010 -0.009796875
-6.70000009e-010  -0.01084375
-6.60000009e-010  -0.01201563
-6.50000009e-010   -0.0133125
-6.40000009e-010  -0.01466406
-6.30000008e-010  -0.01625781
-6.20000008e-010  -0.01814063
-6.10000008e-010  -0.02044531
-6.00000008e-010  -0.02315625
-5.90000008e-010  -0.02642969
-5.80000008e-010  -0.03032031
-5.70000008e-010  -0.03488281
-5.60000007e-010  -0.04009375
-5.50000007e-010  -0.04579688
-5.40000007e-010  -0.05182813
-5.30000007e-010  -0.05825781
-5.20000007e-010  -0.06499219
-5.10000007e-010  -0.07205469
-5.00000007e-010   -0.0794375
-4.90000007e-010  -0.08710938
-4.80000006e-010  -0.09499219
-4.70000006e-010       -0.103
-4.60000006e-010   -0.1110469
-4.50000006e-010   -0.1188828
-4.40000006e-010   -0.1263594
-4.30000006e-010   -0.1331719
-4.20000006e-010   -0.1392031
-4.10000005e-010   -0.1444063
-4.00000005e-010    -0.148875
-3.90000005e-010   -0.1526094
-3.80000005e-010   -0.1555547
-3.70000005e-010   -0.1576953
-3.60000005e-010   -0.1591875
-3.50000005e-010   -0.1601406
-3.40000005e-010   -0.1605938
-3.30000004e-010   -0.1603906
-3.20000004e-010   -0.1596719
-3.10000004e-010   -0.1586406
-3.00000004e-010   -0.1574609
-2.90000004e-010   -0.1561875
-2.80000004e-010   -0.1547813
-2.70000004e-010   -0.1532422
-2.60000003e-010   -0.1516563
-2.50000003e-010   -0.1499453
-2.40000003e-010   -0.1481406
-2.30000003e-010   -0.1459141
-2.20000003e-010   -0.1432422
-2.10000003e-010   -0.1401484
-2.00000003e-010   -0.1366016
-1.90000003e-010   -0.1327109
-1.80000002e-010   -0.1283047
-1.70000002e-010   -0.1234063
-1.60000002e-010   -0.1178984
-1.50000002e-010   -0.1120078
-1.40000002e-010   -0.1056406
-1.30000002e-010  -0.09875782
-1.20000002e-010    -0.091375
-1.10000001e-010  -0.08357813
-1.00000001e-010   -0.0754375
-9.00000012e-011  -0.06711719
-8.00000011e-011  -0.05870313
-7.00000009e-011  -0.05032813
-6.00000008e-011  -0.04203906
-5.00000007e-011  -0.03399219
-4.00000005e-011  -0.02626563
-3.00000004e-011  -0.01902344
-2.00000003e-011  -0.01239844
-1.00000001e-011 -0.006367187
           0 -0.0009843747
1.00000001e-011  0.003726563
2.00000003e-011  0.007632813
3.00000004e-011   0.01082813
4.00000005e-011   0.01334375
5.00000007e-011   0.01533594
6.00000008e-011   0.01675781
7.00000009e-011   0.01760938
8.00000011e-011        0.018
9.00000012e-011   0.01801563
1.00000001e-010   0.01779688
1.10000001e-010   0.01740625
1.20000002e-010   0.01677344
1.30000002e-010   0.01603125
1.40000002e-010   0.01533594
1.50000002e-010   0.01469531
1.60000002e-010   0.01419531
1.70000002e-010   0.01377344
1.80000002e-010   0.01350781
1.90000003e-010   0.01346875
2.00000003e-010   0.01364844
2.10000003e-010   0.01405469
2.20000003e-010     0.014625
2.30000003e-010   0.01533594
2.40000003e-010   0.01624219
2.50000003e-010   0.01726563
2.60000003e-010   0.01835156
2.70000004e-010   0.01946875
2.80000004e-010   0.02057031
2.90000004e-010     0.021625
3.00000004e-010   0.02257813
3.10000004e-010   0.02344531
3.20000004e-010   0.02411719
3.30000004e-010   0.02463281
3.40000005e-010        0.025
3.50000005e-010   0.02517188
3.60000005e-010   0.02516406
3.70000005e-010   0.02498438
3.80000005e-010   0.02467969
3.90000005e-010   0.02424219
4.00000005e-010   0.02371875
4.10000005e-010   0.02316406
4.20000006e-010   0.02253125
4.30000006e-010   0.02189063
4.40000006e-010   0.02126563
4.50000006e-010   0.02070313
4.60000006e-010     0.020125
4.70000006e-010   0.01955469
4.80000006e-010   0.01901563
4.90000007e-010   0.01845313
5.00000007e-010    0.0179375
5.10000007e-010   0.01747656
5.20000007e-010   0.01705469
5.30000007e-010   0.01674219
5.40000007e-010       0.0165
5.50000007e-010   0.01633594
5.60000007e-010   0.01633594
5.70000008e-010   0.01639063
5.80000008e-010   0.01653906
5.90000008e-010   0.01667969
6.00000008e-010   0.01682031
6.10000008e-010     0.016875
6.20000008e-010   0.01691406
6.30000008e-010     0.016875
6.40000009e-010   0.01685156
6.50000009e-010   0.01678125
6.60000009e-010   0.01673438
6.70000009e-010   0.01666406
6.80000009e-010   0.01665625
6.90000009e-010   0.01664063
7.00000009e-010   0.01659375
7.10000009e-010   0.01651563
7.2000001e-010   0.01639063
7.3000001e-010   0.01620313
7.4000001e-010   0.01595313
7.5000001e-010   0.01569531
7.6000001e-010   0.01546875
7.7000001e-010   0.01521875
7.8000001e-010   0.01504688
7.90000011e-010    0.0149375
8.00000011e-010   0.01484375
8.10000011e-010   0.01480469
8.20000011e-010   0.01483594
8.30000011e-010   0.01483594
8.40000011e-010   0.01489063
8.50000011e-010   0.01492969
8.60000011e-010   0.01502344
8.70000012e-010   0.01520313
8.80000012e-010   0.01532813
8.90000012e-010   0.01550781
9.00000012e-010   0.01569531
9.10000012e-010   0.01585156
9.20000012e-010   0.01599219
9.30000012e-010   0.01614844
9.40000013e-010   0.01635156
9.50000013e-010     0.016625
9.60000013e-010   0.01695313
9.70000013e-010    0.0173125
9.80000013e-010   0.01767188
9.90000013e-010   0.01801563
1.00000001e-009   0.01820313
1.01000001e-009   0.01828125
1.02000001e-009   0.01819531
1.03000001e-009   0.01804688
1.04000001e-009   0.01786719
1.05000001e-009   0.01769531
1.06000001e-009   0.01759375
1.07000001e-009   0.01759375
1.08000001e-009   0.01771094
1.09000001e-009    0.0178125
1.10000001e-009   0.01791406
1.11000001e-009   0.01803125
1.12000001e-009   0.01809375
1.13000002e-009   0.01817969
1.14000002e-009   0.01829688
1.15000002e-009       0.0185
1.16000002e-009   0.01871875
1.17000002e-009   0.01907031
1.18000002e-009   0.01941406
1.19000002e-009   0.01983594
1.20000002e-009   0.02014063
1.21000002e-009   0.02039063
1.22000002e-009   0.02059375
1.23000002e-009   0.02073438
1.24000002e-009     0.020875
1.25000002e-009   0.02103125
1.26000002e-009   0.02117188
1.27000002e-009   0.02135156
1.28000002e-009   0.02153125
1.29000002e-009   0.02167969
1.30000002e-009      0.02175
1.31000002e-009   0.02176563
1.32000002e-009   0.02173438
1.33000002e-009   0.02164844
1.34000002e-009   0.02150781
1.35000002e-009     0.021375
1.36000002e-009   0.02127344
1.37000002e-009   0.02122656
1.38000002e-009   0.02121875
1.39000002e-009   0.02128125
1.40000002e-009   0.02135938
1.41000002e-009    0.0214375
1.42000002e-009   0.02142969
1.43000002e-009   0.02139063
1.44000002e-009   0.02127344
1.45000002e-009   0.02104688
1.46000002e-009   0.02080469
1.47000002e-009   0.02058594
1.48000002e-009   0.02036719
1.49000002e-009   0.02021094
1.50000002e-009   0.02007031
1.51000002e-009   0.02007031
1.52000002e-009   0.02001563
1.53000002e-009   0.01997656
1.54000002e-009   0.01979688
1.55000002e-009   0.01959375
1.56000002e-009   0.01929688
1.57000002e-009   0.01896094
1.58000002e-009   0.01860156
1.59000002e-009   0.01825781
1.60000002e-009   0.01801563
1.61000002e-009    0.0178125
1.62000002e-009   0.01771094
1.63000002e-009   0.01767969
1.64000002e-009   0.01761719
1.65000002e-009   0.01752344
1.66000002e-009   0.01740625
1.67000002e-009     0.017125
1.68000002e-009   0.01685156
1.69000002e-009   0.01648438
1.70000002e-009   0.01605469
1.71000002e-009    0.0156875
1.72000002e-009   0.01532031
1.73000002e-009   0.01503125
1.74000002e-009   0.01476563
1.75000002e-009   0.01460156
1.76000002e-009   0.01453906
1.77000002e-009   0.01450781
1.78000002e-009    0.0145625
1.79000002e-009   0.01466406
1.80000002e-009   0.01478125
1.81000002e-009   0.01492188
1.82000002e-009   0.01498438
1.83000002e-009   0.01502344
1.84000002e-009   0.01498438
1.85000002e-009   0.01489063
1.86000002e-009   0.01479688
1.87000002e-009   0.01467969
1.88000003e-009   0.01460938
1.89000003e-009   0.01455469
1.90000003e-009   0.01457813
1.91000003e-009    0.0146875
1.92000003e-009   0.01478906
1.93000003e-009   0.01492188
1.94000003e-009   0.01499219
1.95000003e-009   0.01499219
1.96000003e-009   0.01496875
1.97000003e-009   0.01483594
1.98000003e-009   0.01467969
1.99000003e-009   0.01457031
2.00000003e-009   0.01449219
2.01000003e-009   0.01448438
2.02000003e-009   0.01457813
2.03000003e-009   0.01472656
2.04000003e-009   0.01491406
2.05000003e-009   0.01504688
2.06000003e-009   0.01513281
2.07000003e-009   0.01514063
2.08000003e-009   0.01509375
2.09000003e-009   0.01500781
2.10000003e-009   0.01492188
2.11000003e-009   0.01488281
2.12000003e-009     0.014875
2.13000003e-009   0.01499219
2.14000003e-009   0.01510156
2.15000003e-009   0.01525781
2.16000003e-009   0.01539844
2.17000003e-009   0.01552344
2.18000003e-009     0.015625
2.19000003e-009   0.01571094
2.20000003e-009   0.01577344
2.21000003e-009   0.01588281
2.22000003e-009   0.01596094
2.23000003e-009   0.01604688
2.24000003e-009   0.01613281
2.25000003e-009   0.01622656
2.26000003e-009   0.01627344
2.27000003e-009   0.01630469
2.28000003e-009   0.01633594
2.29000003e-009   0.01634375
2.30000003e-009   0.01639063
2.31000003e-009   0.01644531
2.32000003e-009   0.01646875
2.33000003e-009   0.01647656
2.34000003e-009       0.0165
2.35000003e-009   0.01645313
2.36000003e-009   0.01635156
2.37000003e-009   0.01621875
2.38000003e-009   0.01604688
2.39000003e-009   0.01592188
2.40000003e-009   0.01579688
2.41000003e-009   0.01574219
2.42000003e-009   0.01570313
2.43000003e-009    0.0156875
2.44000003e-009    0.0156875
2.45000003e-009   0.01571094
2.46000003e-009   0.01569531
2.47000003e-009   0.01567969
2.48000003e-009   0.01558594
2.49000003e-009   0.01546094
2.50000003e-009   0.01533594
