-2.49000003e-009 -0.009921875
-2.48000003e-009 -0.009742188
-2.47000003e-009 -0.009539063
-2.46000003e-009  -0.00934375
-2.45000003e-009 -0.009195313
-2.44000003e-009 -0.009132813
-2.43000003e-009    -0.009125
-2.42000003e-009 -0.009148438
-2.41000003e-009 -0.009195313
-2.40000003e-009     -0.00925
-2.39000003e-009  -0.00934375
-2.38000003e-009 -0.009398438
-2.37000003e-009 -0.009445313
-2.36000003e-009 -0.009445313
-2.35000003e-009  -0.00946875
-2.34000003e-009  -0.00940625
-2.33000003e-009 -0.009359375
-2.32000003e-009  -0.00928125
-2.31000003e-009 -0.009179688
-2.30000003e-009 -0.009070313
-2.29000003e-009 -0.008929688
-2.28000003e-009  -0.00884375
-2.27000003e-009 -0.008695313
-2.26000003e-009 -0.008585938
-2.25000003e-009 -0.008453125
-2.24000003e-009  -0.00834375
-2.23000003e-009 -0.008265625
-2.22000003e-009 -0.008179688
-2.21000003e-009 -0.008140625
-2.20000003e-009 -0.008117188
-2.19000003e-009 -0.008117188
-2.18000003e-009 -0.008078125
-2.17000003e-009  -0.00803125
-2.16000003e-009  -0.00796875
-2.15000003e-009   -0.0078125
-2.14000003e-009 -0.007695313
-2.13000003e-009 -0.007570313
-2.12000003e-009 -0.007445313
-2.11000003e-009 -0.007382813
-2.10000003e-009 -0.007328125
-2.09000003e-009 -0.007273437
-2.08000003e-009 -0.007195312
-2.07000003e-009    -0.007125
-2.06000003e-009 -0.007039062
-2.05000003e-009 -0.006898437
-2.04000003e-009     -0.00675
-2.03000003e-009 -0.006601562
-2.02000003e-009 -0.006445312
-2.01000003e-009 -0.006359375
-2.00000003e-009 -0.006257812
-1.99000003e-009     -0.00625
-1.98000003e-009 -0.006203125
-1.97000003e-009 -0.006140625
-1.96000003e-009 -0.006015625
-1.95000003e-009 -0.005890625
-1.94000003e-009 -0.005695312
-1.93000003e-009  -0.00553125
-1.92000003e-009 -0.005351562
-1.91000003e-009 -0.005179687
-1.90000003e-009   -0.0050625
-1.89000003e-009  -0.00503125
-1.88000003e-009 -0.005039062
-1.87000002e-009  -0.00509375
-1.86000002e-009 -0.005132812
-1.85000002e-009 -0.005234375
-1.84000002e-009 -0.005242187
-1.83000002e-009 -0.005195312
-1.82000002e-009 -0.005078125
-1.81000002e-009 -0.004921875
-1.80000002e-009 -0.004726562
-1.79000002e-009 -0.004570312
-1.78000002e-009 -0.004367187
-1.77000002e-009   -0.0041875
-1.76000002e-009 -0.004140625
-1.75000002e-009 -0.004015625
-1.74000002e-009 -0.003976562
-1.73000002e-009 -0.003945312
-1.72000002e-009    -0.003875
-1.71000002e-009  -0.00384375
-1.70000002e-009 -0.003773437
-1.69000002e-009 -0.003695312
-1.68000002e-009  -0.00359375
-1.67000002e-009 -0.003484375
-1.66000002e-009 -0.003382812
-1.65000002e-009 -0.003296875
-1.64000002e-009     -0.00325
-1.63000002e-009 -0.003226562
-1.62000002e-009 -0.003234375
-1.61000002e-009 -0.003265625
-1.60000002e-009  -0.00334375
-1.59000002e-009 -0.003484375
-1.58000002e-009 -0.003578125
-1.57000002e-009 -0.003710937
-1.56000002e-009 -0.003796875
-1.55000002e-009 -0.003796875
-1.54000002e-009     -0.00375
-1.53000002e-009 -0.003640625
-1.52000002e-009 -0.003460937
-1.51000002e-009 -0.003257812
-1.50000002e-009 -0.003085937
-1.49000002e-009       -0.003
-1.48000002e-009 -0.002960937
-1.47000002e-009 -0.003015625
-1.46000002e-009 -0.003078125
-1.45000002e-009 -0.003164062
-1.44000002e-009 -0.003265625
-1.43000002e-009 -0.003328125
-1.42000002e-009 -0.003328125
-1.41000002e-009 -0.003289062
-1.40000002e-009 -0.003179687
-1.39000002e-009 -0.003109375
-1.38000002e-009 -0.003054687
-1.37000002e-009 -0.002953125
-1.36000002e-009 -0.002929687
-1.35000002e-009 -0.002929687
-1.34000002e-009 -0.002929687
-1.33000002e-009  -0.00290625
-1.32000002e-009 -0.002890625
-1.31000002e-009 -0.002867187
-1.30000002e-009 -0.002835937
-1.29000002e-009 -0.002773437
-1.28000002e-009 -0.002710937
-1.27000002e-009 -0.002695312
-1.26000002e-009 -0.002734375
-1.25000002e-009 -0.002757812
-1.24000002e-009   -0.0028125
-1.23000002e-009 -0.002859375
-1.22000002e-009 -0.002953125
-1.21000002e-009 -0.002984375
-1.20000002e-009       -0.003
-1.19000002e-009 -0.002953125
-1.18000002e-009 -0.002945312
-1.17000002e-009  -0.00290625
-1.16000002e-009 -0.002882812
-1.15000002e-009  -0.00284375
-1.14000002e-009 -0.002796875
-1.13000002e-009 -0.002789062
-1.12000001e-009 -0.002757812
-1.11000001e-009 -0.002757812
-1.10000001e-009 -0.002765625
-1.09000001e-009 -0.002789062
-1.08000001e-009  -0.00290625
-1.07000001e-009 -0.003023437
-1.06000001e-009 -0.003148437
-1.05000001e-009 -0.003273437
-1.04000001e-009 -0.003390625
-1.03000001e-009 -0.003445312
-1.02000001e-009 -0.003445312
-1.01000001e-009 -0.003359375
-1.00000001e-009     -0.00325
-9.90000013e-010 -0.003164062
-9.80000013e-010 -0.003085937
-9.70000013e-010 -0.003085937
-9.60000013e-010 -0.003132812
-9.50000013e-010 -0.003257812
-9.40000013e-010 -0.003398437
-9.30000012e-010 -0.003539062
-9.20000012e-010  -0.00371875
-9.10000012e-010 -0.003820312
-9.00000012e-010 -0.003898437
-8.90000012e-010 -0.003914062
-8.80000012e-010 -0.003976562
-8.70000012e-010  -0.00403125
-8.60000011e-010 -0.004132812
-8.50000011e-010   -0.0041875
-8.40000011e-010 -0.004289062
-8.30000011e-010 -0.004382812
-8.20000011e-010      -0.0045
-8.10000011e-010 -0.004609375
-8.00000011e-010 -0.004773437
-7.90000011e-010 -0.004960937
-7.8000001e-010  -0.00521875
-7.7000001e-010 -0.005453125
-7.6000001e-010   -0.0056875
-7.5000001e-010 -0.005921875
-7.4000001e-010   -0.0061875
-7.3000001e-010 -0.006492187
-7.2000001e-010  -0.00678125
-7.10000009e-010 -0.007203125
-7.00000009e-010 -0.007734375
-6.90000009e-010 -0.008453125
-6.80000009e-010 -0.009328125
-6.70000009e-010  -0.01030469
-6.60000009e-010  -0.01140625
-6.50000009e-010    -0.012625
-6.40000009e-010  -0.01400781
-6.30000008e-010  -0.01564063
-6.20000008e-010  -0.01751563
-6.10000008e-010  -0.01978906
-6.00000008e-010   -0.0225625
-5.90000008e-010  -0.02589844
-5.80000008e-010  -0.02983594
-5.70000008e-010  -0.03432031
-5.60000007e-010  -0.03935938
-5.50000007e-010  -0.04485938
-5.40000007e-010  -0.05085156
-5.30000007e-010  -0.05726563
-5.20000007e-010  -0.06413282
-5.10000007e-010  -0.07139063
-5.00000007e-010  -0.07904688
-4.90000007e-010  -0.08703125
-4.80000006e-010  -0.09519532
-4.70000006e-010   -0.1034688
-4.60000006e-010   -0.1116406
-4.50000006e-010   -0.1195078
-4.40000006e-010   -0.1269688
-4.30000006e-010   -0.1337969
-4.20000006e-010   -0.1399766
-4.10000005e-010   -0.1454375
-4.00000005e-010   -0.1500547
-3.90000005e-010   -0.1538516
-3.80000005e-010   -0.1567266
-3.70000005e-010   -0.1589219
-3.60000005e-010   -0.1603203
-3.50000005e-010   -0.1609609
-3.40000005e-010   -0.1610234
-3.30000004e-010   -0.1605625
-3.20000004e-010   -0.1598281
-3.10000004e-010   -0.1588672
-3.00000004e-010   -0.1577266
-2.90000004e-010   -0.1564219
-2.80000004e-010   -0.1549844
-2.70000004e-010   -0.1534922
-2.60000003e-010   -0.1519063
-2.50000003e-010   -0.1501172
-2.40000003e-010   -0.1481172
-2.30000003e-010   -0.1458516
-2.20000003e-010   -0.1433984
-2.10000003e-010   -0.1406953
-2.00000003e-010   -0.1375703
-1.90000003e-010   -0.1339219
-1.80000002e-010   -0.1297109
-1.70000002e-010   -0.1249531
-1.60000002e-010      -0.1195
-1.50000002e-010   -0.1133828
-1.40000002e-010    -0.106625
-1.30000002e-010  -0.09929688
-1.20000002e-010  -0.09150782
-1.10000001e-010  -0.08335938
-1.00000001e-010   -0.0749375
-9.00000012e-011  -0.06627344
-8.00000011e-011  -0.05757031
-7.00000009e-011  -0.04885156
-6.00000008e-011  -0.04025781
-5.00000007e-011  -0.03200781
-4.00000005e-011   -0.0241875
-3.00000004e-011  -0.01690625
-2.00000003e-011  -0.01021094
-1.00000001e-011 -0.004289062
           0 0.0008671879
1.00000001e-011  0.005210938
2.00000003e-011  0.008812501
3.00000004e-011   0.01171875
4.00000005e-011   0.01392969
5.00000007e-011   0.01553906
6.00000008e-011   0.01659375
7.00000009e-011   0.01721875
8.00000011e-011   0.01750781
9.00000012e-011   0.01749219
1.00000001e-010   0.01716406
1.10000001e-010   0.01657031
1.20000002e-010   0.01583594
1.30000002e-010   0.01500781
1.40000002e-010     0.014125
1.50000002e-010   0.01322656
1.60000002e-010   0.01250781
1.70000002e-010        0.012
1.80000002e-010   0.01175781
1.90000003e-010   0.01190625
2.00000003e-010   0.01235156
2.10000003e-010        0.013
2.20000003e-010   0.01388281
2.30000003e-010   0.01492188
2.40000003e-010        0.016
2.50000003e-010   0.01711719
2.60000003e-010      0.01825
2.70000004e-010   0.01936719
2.80000004e-010   0.02048438
2.90000004e-010   0.02160938
3.00000004e-010   0.02267188
3.10000004e-010   0.02366406
3.20000004e-010   0.02451563
3.30000004e-010   0.02515625
3.40000005e-010    0.0255625
3.50000005e-010   0.02571094
3.60000005e-010     0.025625
3.70000005e-010   0.02529688
3.80000005e-010   0.02484375
3.90000005e-010   0.02428125
4.00000005e-010   0.02365625
4.10000005e-010   0.02300781
4.20000006e-010   0.02234375
4.30000006e-010   0.02171875
4.40000006e-010   0.02113281
4.50000006e-010   0.02059375
4.60000006e-010   0.02005469
4.70000006e-010   0.01961719
4.80000006e-010   0.01928125
4.90000007e-010   0.01897656
5.00000007e-010   0.01870313
5.10000007e-010   0.01846094
5.20000007e-010   0.01822656
5.30000007e-010   0.01799219
5.40000007e-010   0.01777344
5.50000007e-010   0.01755469
5.60000007e-010   0.01742969
5.70000008e-010   0.01732031
5.80000008e-010    0.0173125
5.90000008e-010     0.017375
6.00000008e-010   0.01741406
6.10000008e-010   0.01748438
6.20000008e-010   0.01739063
6.30000008e-010   0.01727344
6.40000009e-010   0.01705469
6.50000009e-010   0.01683594
6.60000009e-010   0.01660156
6.70000009e-010   0.01639063
6.80000009e-010   0.01628906
6.90000009e-010   0.01626563
7.00000009e-010   0.01630469
7.10000009e-010   0.01639063
7.2000001e-010   0.01647656
7.3000001e-010   0.01652344
7.4000001e-010    0.0164375
7.5000001e-010   0.01632813
7.6000001e-010   0.01613281
7.7000001e-010   0.01590625
7.8000001e-010   0.01567188
7.90000011e-010   0.01548438
8.00000011e-010   0.01539063
8.10000011e-010   0.01534375
8.20000011e-010   0.01534375
8.30000011e-010    0.0154375
8.40000011e-010   0.01553125
8.50000011e-010   0.01557031
8.60000011e-010   0.01567969
8.70000012e-010   0.01573438
8.80000012e-010   0.01574219
8.90000012e-010   0.01579688
9.00000012e-010   0.01583594
9.10000012e-010     0.015875
9.20000012e-010   0.01589844
9.30000012e-010   0.01602344
9.40000013e-010   0.01613281
9.50000013e-010   0.01628125
9.60000013e-010       0.0165
9.70000013e-010   0.01672656
9.80000013e-010   0.01692969
9.90000013e-010   0.01715625
1.00000001e-009   0.01732031
1.01000001e-009   0.01742188
1.02000001e-009   0.01751563
1.03000001e-009   0.01750781
1.04000001e-009   0.01751563
1.05000001e-009   0.01747656
1.06000001e-009   0.01750781
1.07000001e-009   0.01753125
1.08000001e-009   0.01761719
1.09000001e-009   0.01770313
1.10000001e-009   0.01782031
1.11000001e-009   0.01791406
1.12000001e-009   0.01807031
1.13000002e-009   0.01823438
1.14000002e-009   0.01842969
1.15000002e-009   0.01860938
1.16000002e-009   0.01889063
1.17000002e-009   0.01915625
1.18000002e-009   0.01939844
1.19000002e-009   0.01961719
1.20000002e-009   0.01980469
1.21000002e-009   0.02001563
1.22000002e-009   0.02014844
1.23000002e-009   0.02025781
1.24000002e-009   0.02041406
1.25000002e-009   0.02055469
1.26000002e-009   0.02073438
1.27000002e-009   0.02090625
1.28000002e-009   0.02109375
1.29000002e-009   0.02122656
1.30000002e-009   0.02134375
1.31000002e-009   0.02139844
1.32000002e-009   0.02142188
1.33000002e-009   0.02142969
1.34000002e-009   0.02145313
1.35000002e-009   0.02144531
1.36000002e-009   0.02150781
1.37000002e-009   0.02150781
1.38000002e-009   0.02157031
1.39000002e-009   0.02160938
1.40000002e-009   0.02164844
1.41000002e-009   0.02166406
1.42000002e-009   0.02164844
1.43000002e-009   0.02164844
1.44000002e-009   0.02160156
1.45000002e-009   0.02152344
1.46000002e-009   0.02140625
1.47000002e-009   0.02127344
1.48000002e-009   0.02113281
1.49000002e-009   0.02092188
1.50000002e-009   0.02069531
1.51000002e-009   0.02050781
1.52000002e-009   0.02032031
1.53000002e-009     0.020125
1.54000002e-009   0.01989063
1.55000002e-009   0.01967188
1.56000002e-009   0.01944531
1.57000002e-009   0.01914844
1.58000002e-009   0.01885938
1.59000002e-009   0.01855469
1.60000002e-009      0.01825
1.61000002e-009        0.018
1.62000002e-009   0.01777344
1.63000002e-009   0.01763281
1.64000002e-009   0.01751563
1.65000002e-009   0.01742188
1.66000002e-009   0.01734375
1.67000002e-009      0.01725
1.68000002e-009   0.01713281
1.69000002e-009   0.01696094
1.70000002e-009   0.01675781
1.71000002e-009   0.01653125
1.72000002e-009   0.01629688
1.73000002e-009   0.01607031
1.74000002e-009   0.01584375
1.75000002e-009   0.01567969
1.76000002e-009   0.01553906
1.77000002e-009   0.01547656
1.78000002e-009   0.01539844
1.79000002e-009   0.01532813
1.80000002e-009   0.01523438
1.81000002e-009   0.01516406
1.82000002e-009   0.01500781
1.83000002e-009   0.01485938
1.84000002e-009   0.01469531
1.85000002e-009   0.01459375
1.86000002e-009   0.01446094
1.87000002e-009   0.01439844
1.88000003e-009   0.01435938
1.89000003e-009   0.01436719
1.90000003e-009   0.01440625
1.91000003e-009   0.01446094
1.92000003e-009   0.01453125
1.93000003e-009   0.01460938
1.94000003e-009   0.01466406
1.95000003e-009   0.01471094
1.96000003e-009   0.01476563
1.97000003e-009   0.01482031
1.98000003e-009   0.01486719
1.99000003e-009   0.01485156
2.00000003e-009   0.01484375
2.01000003e-009   0.01483594
2.02000003e-009   0.01490625
2.03000003e-009   0.01504688
2.04000003e-009   0.01517969
2.05000003e-009   0.01535938
2.06000003e-009   0.01560156
2.07000003e-009   0.01578125
2.08000003e-009   0.01592188
2.09000003e-009   0.01596094
2.10000003e-009   0.01589063
2.11000003e-009      0.01575
2.12000003e-009   0.01560156
2.13000003e-009   0.01541406
2.14000003e-009   0.01535938
2.15000003e-009   0.01535938
2.16000003e-009    0.0154375
2.17000003e-009     0.015625
2.18000003e-009   0.01575781
2.19000003e-009   0.01589063
2.20000003e-009   0.01600781
2.21000003e-009   0.01604688
2.22000003e-009   0.01607031
2.23000003e-009   0.01607813
2.24000003e-009   0.01615625
2.25000003e-009   0.01621875
2.26000003e-009   0.01636719
2.27000003e-009   0.01653906
2.28000003e-009   0.01664063
2.29000003e-009   0.01670313
2.30000003e-009   0.01665625
2.31000003e-009   0.01660938
2.32000003e-009   0.01649219
2.33000003e-009   0.01639844
2.34000003e-009   0.01632813
2.35000003e-009   0.01632813
2.36000003e-009   0.01635938
2.37000003e-009   0.01635156
2.38000003e-009   0.01635156
2.39000003e-009   0.01629688
2.40000003e-009    0.0161875
2.41000003e-009   0.01602344
2.42000003e-009   0.01585156
2.43000003e-009   0.01569531
2.44000003e-009   0.01560938
2.45000003e-009   0.01555469
2.46000003e-009    0.0155625
2.47000003e-009   0.01557813
2.48000003e-009    0.0155625
2.49000003e-009   0.01545313
2.50000003e-009   0.01528906
