-1.24500002e-009  -0.00284375
-1.24000002e-009 -0.002859375
-1.23500002e-009    -0.002875
-1.23000002e-009 -0.002859375
-1.22500002e-009 -0.002914062
-1.22000002e-009 -0.002929687
-1.21500002e-009 -0.002929687
-1.21000002e-009 -0.002929687
-1.20500002e-009 -0.002929687
-1.20000002e-009 -0.002898437
-1.19500002e-009 -0.002914062
-1.19000002e-009  -0.00290625
-1.18500002e-009 -0.002890625
-1.18000002e-009 -0.002882812
-1.17500002e-009  -0.00290625
-1.17000002e-009 -0.002898437
-1.16500002e-009 -0.002921875
-1.16000002e-009 -0.002921875
-1.15500002e-009   -0.0029375
-1.15000002e-009  -0.00296875
-1.14500002e-009 -0.002992187
-1.14000002e-009 -0.003007812
-1.13500002e-009 -0.003015625
-1.13000002e-009  -0.00303125
-1.12500002e-009 -0.003007812
-1.12000001e-009 -0.002992187
-1.11500001e-009 -0.002984375
-1.11000001e-009  -0.00290625
-1.10500001e-009 -0.002882812
-1.10000001e-009 -0.002882812
-1.09500001e-009 -0.002835937
-1.09000001e-009  -0.00278125
-1.08500001e-009 -0.002765625
-1.08000001e-009 -0.002765625
-1.07500001e-009 -0.002757812
-1.07000001e-009 -0.002773437
-1.06500001e-009 -0.002796875
-1.06000001e-009 -0.002859375
-1.05500001e-009  -0.00290625
-1.05000001e-009 -0.002960937
-1.04500001e-009 -0.003046875
-1.04000001e-009 -0.003101562
-1.03500001e-009 -0.003210937
-1.03000001e-009 -0.003289062
-1.02500001e-009 -0.003351562
-1.02000001e-009 -0.003414062
-1.01500001e-009 -0.003414062
-1.01000001e-009 -0.003460937
-1.00500001e-009 -0.003515625
-1.00000001e-009 -0.003476562
-9.95000013e-010 -0.003484375
-9.90000013e-010 -0.003476562
-9.85000013e-010 -0.003414062
-9.80000013e-010 -0.003414062
-9.75000013e-010 -0.003367187
-9.70000013e-010    -0.003375
-9.65000013e-010 -0.003367187
-9.60000013e-010  -0.00340625
-9.55000013e-010 -0.003445312
-9.50000013e-010      -0.0035
-9.45000013e-010 -0.003570312
-9.40000013e-010 -0.003671875
-9.35000012e-010 -0.003765625
-9.30000012e-010 -0.003867187
-9.25000012e-010   -0.0039375
-9.20000012e-010 -0.004046875
-9.15000012e-010 -0.004117187
-9.10000012e-010  -0.00421875
-9.05000012e-010 -0.004265625
-9.00000012e-010 -0.004304687
-8.95000012e-010  -0.00434375
-8.90000012e-010 -0.004328125
-8.85000012e-010   -0.0043125
-8.80000012e-010   -0.0043125
-8.75000012e-010 -0.004273437
-8.70000012e-010 -0.004242187
-8.65000012e-010 -0.004234375
-8.60000011e-010 -0.004210937
-8.55000011e-010   -0.0041875
-8.50000011e-010 -0.004140625
-8.45000011e-010  -0.00415625
-8.40000011e-010 -0.004164062
-8.35000011e-010 -0.004203125
-8.30000011e-010     -0.00425
-8.25000011e-010 -0.004320312
-8.20000011e-010  -0.00434375
-8.15000011e-010 -0.004453125
-8.10000011e-010 -0.004554687
-8.05000011e-010 -0.004671875
-8.00000011e-010 -0.004765625
-7.95000011e-010 -0.004890625
-7.90000011e-010 -0.005023437
-7.8500001e-010 -0.005140625
-7.8000001e-010 -0.005296875
-7.7500001e-010 -0.005445312
-7.7000001e-010 -0.005617187
-7.6500001e-010  -0.00578125
-7.6000001e-010 -0.005953125
-7.5500001e-010  -0.00615625
-7.5000001e-010  -0.00634375
-7.4500001e-010      -0.0065
-7.4000001e-010 -0.006695312
-7.3500001e-010 -0.006835937
-7.3000001e-010 -0.006984375
-7.2500001e-010 -0.007203125
-7.2000001e-010 -0.007414063
-7.1500001e-010 -0.007671875
-7.10000009e-010 -0.007921875
-7.05000009e-010 -0.008226563
-7.00000009e-010 -0.008546875
-6.95000009e-010 -0.008859375
-6.90000009e-010 -0.009210938
-6.85000009e-010  -0.00959375
-6.80000009e-010 -0.009992188
-6.75000009e-010  -0.01047656
-6.70000009e-010  -0.01103125
-6.65000009e-010  -0.01161719
-6.60000009e-010  -0.01228906
-6.55000009e-010  -0.01299219
-6.50000009e-010  -0.01371094
-6.45000009e-010  -0.01450781
-6.40000009e-010  -0.01534375
-6.35000008e-010  -0.01622656
-6.30000008e-010  -0.01716406
-6.25000008e-010  -0.01821875
-6.20000008e-010  -0.01936719
-6.15000008e-010  -0.02063281
-6.10000008e-010  -0.02202344
-6.05000008e-010  -0.02350781
-6.00000008e-010  -0.02508594
-5.95000008e-010   -0.0268125
-5.90000008e-010    -0.028625
-5.85000008e-010  -0.03054688
-5.80000008e-010  -0.03259375
-5.75000008e-010  -0.03485156
-5.70000008e-010  -0.03724219
-5.65000008e-010  -0.03978906
-5.60000007e-010  -0.04245313
-5.55000007e-010  -0.04527344
-5.50000007e-010  -0.04821094
-5.45000007e-010  -0.05128125
-5.40000007e-010  -0.05450781
-5.35000007e-010  -0.05785156
-5.30000007e-010  -0.06129688
-5.25000007e-010  -0.06485157
-5.20000007e-010   -0.0685625
-5.15000007e-010  -0.07239063
-5.10000007e-010  -0.07628907
-5.05000007e-010   -0.0803125
-5.00000007e-010    -0.084375
-4.95000007e-010  -0.08852344
-4.90000007e-010  -0.09267188
-4.85000006e-010  -0.09685938
-4.80000006e-010   -0.1010078
-4.75000006e-010    -0.105125
-4.70000006e-010   -0.1092031
-4.65000006e-010   -0.1131875
-4.60000006e-010   -0.1171016
-4.55000006e-010   -0.1208906
-4.50000006e-010   -0.1245859
-4.45000006e-010   -0.1281406
-4.40000006e-010   -0.1315469
-4.35000006e-010   -0.1348047
-4.30000006e-010   -0.1378906
-4.25000006e-010   -0.1407031
-4.20000006e-010   -0.1433672
-4.15000006e-010   -0.1457734
-4.10000005e-010   -0.1480078
-4.05000005e-010   -0.1500859
-4.00000005e-010   -0.1519688
-3.95000005e-010   -0.1536719
-3.90000005e-010   -0.1551641
-3.85000005e-010   -0.1564844
-3.80000005e-010   -0.1576563
-3.75000005e-010   -0.1585313
-3.70000005e-010   -0.1592344
-3.65000005e-010   -0.1597188
-3.60000005e-010   -0.1600469
-3.55000005e-010   -0.1602891
-3.50000005e-010   -0.1604219
-3.45000005e-010   -0.1603906
-3.40000005e-010   -0.1603203
-3.35000004e-010   -0.1601406
-3.30000004e-010   -0.1598906
-3.25000004e-010   -0.1595156
-3.20000004e-010   -0.1590391
-3.15000004e-010   -0.1584922
-3.10000004e-010   -0.1578906
-3.05000004e-010   -0.1572813
-3.00000004e-010   -0.1566797
-2.95000004e-010   -0.1560469
-2.90000004e-010   -0.1554297
-2.85000004e-010   -0.1547656
-2.80000004e-010   -0.1540781
-2.75000004e-010   -0.1533281
-2.70000004e-010   -0.1525078
-2.65000004e-010   -0.1516172
-2.60000003e-010   -0.1506641
-2.55000003e-010   -0.1496875
-2.50000003e-010   -0.1487109
-2.45000003e-010   -0.1476875
-2.40000003e-010    -0.146625
-2.35000003e-010   -0.1455156
-2.30000003e-010   -0.1443359
-2.25000003e-010   -0.1430469
-2.20000003e-010   -0.1416406
-2.15000003e-010   -0.1401094
-2.10000003e-010   -0.1384531
-2.05000003e-010   -0.1367109
-2.00000003e-010   -0.1348828
-1.95000003e-010   -0.1329453
-1.90000003e-010    -0.130875
-1.85000002e-010   -0.1286719
-1.80000002e-010   -0.1263047
-1.75000002e-010   -0.1237969
-1.70000002e-010   -0.1210703
-1.65000002e-010   -0.1182188
-1.60000002e-010   -0.1151484
-1.55000002e-010       -0.112
-1.50000002e-010   -0.1086797
-1.45000002e-010     -0.10525
-1.40000002e-010   -0.1016797
-1.35000002e-010  -0.09801563
-1.30000002e-010     -0.09425
-1.25000002e-010  -0.09034375
-1.20000002e-010  -0.08634375
-1.15000002e-010  -0.08228125
-1.10000001e-010  -0.07811719
-1.05000001e-010    -0.073875
-1.00000001e-010  -0.06960938
-9.50000013e-011  -0.06524219
-9.00000012e-011  -0.06085938
-8.50000011e-011  -0.05651563
-8.00000011e-011  -0.05214063
-7.5000001e-011  -0.04778125
-7.00000009e-011  -0.04351563
-6.50000009e-011     -0.03925
-6.00000008e-011  -0.03505469
-5.50000007e-011  -0.03095313
-5.00000007e-011   -0.0269375
-4.50000006e-011  -0.02303906
-4.00000005e-011   -0.0193125
-3.50000005e-011  -0.01571875
-3.00000004e-011  -0.01228906
-2.50000003e-011 -0.009117188
-2.00000003e-011 -0.006085937
-1.50000002e-011 -0.003304687
-1.00000001e-011 -0.0006874997
-5.00000007e-012  0.001734375
           0  0.003992188
5.00000007e-012  0.006046876
1.00000001e-011  0.007921876
1.50000002e-011  0.009578126
2.00000003e-011   0.01110938
2.50000003e-011     0.012375
3.00000004e-011   0.01349219
3.50000005e-011   0.01442969
4.00000005e-011   0.01522656
4.50000006e-011   0.01585938
5.00000007e-011    0.0164375
5.50000007e-011   0.01689063
6.00000008e-011   0.01720313
6.50000009e-011   0.01747656
7.00000009e-011   0.01757813
7.5000001e-011   0.01759375
8.00000011e-011       0.0175
8.50000011e-011   0.01735938
9.00000012e-011   0.01713281
9.50000013e-011   0.01686719
1.00000001e-010   0.01658594
1.05000001e-010   0.01628906
1.10000001e-010   0.01597656
1.15000002e-010   0.01559375
1.20000002e-010      0.01525
1.25000002e-010    0.0148125
1.30000002e-010    0.0144375
1.35000002e-010        0.014
1.40000002e-010   0.01361719
1.45000002e-010   0.01327344
1.50000002e-010   0.01296875
1.55000002e-010   0.01271094
1.60000002e-010   0.01247656
1.65000002e-010   0.01235938
1.70000002e-010   0.01224219
1.75000002e-010    0.0121875
1.80000002e-010   0.01221094
1.85000002e-010   0.01227344
1.90000003e-010   0.01241406
1.95000003e-010   0.01261719
2.00000003e-010   0.01289844
2.05000003e-010   0.01323438
2.10000003e-010   0.01363281
2.15000003e-010   0.01404688
2.20000003e-010       0.0145
2.25000003e-010   0.01502344
2.30000003e-010   0.01550781
2.35000003e-010   0.01604688
2.40000003e-010   0.01657813
2.45000003e-010   0.01717188
2.50000003e-010   0.01773438
2.55000003e-010   0.01832031
2.60000003e-010    0.0189375
2.65000004e-010   0.01954688
2.70000004e-010   0.02014063
2.75000004e-010   0.02071094
2.80000004e-010   0.02126563
2.85000004e-010   0.02180469
2.90000004e-010   0.02236719
2.95000004e-010   0.02285156
3.00000004e-010   0.02332813
3.05000004e-010   0.02375781
3.10000004e-010   0.02415625
3.15000004e-010   0.02453125
3.20000004e-010   0.02485938
3.25000004e-010   0.02510938
3.30000004e-010   0.02530469
3.35000004e-010   0.02548438
3.40000005e-010   0.02557031
3.45000005e-010   0.02561719
3.50000005e-010   0.02564063
3.55000005e-010   0.02560156
3.60000005e-010   0.02552344
3.65000005e-010   0.02541406
3.70000005e-010   0.02525781
3.75000005e-010    0.0250625
3.80000005e-010   0.02480469
3.85000005e-010    0.0245625
3.90000005e-010   0.02426563
3.95000005e-010   0.02394531
4.00000005e-010   0.02361719
4.05000005e-010   0.02330469
4.10000005e-010   0.02294531
4.15000006e-010   0.02259375
4.20000006e-010      0.02225
4.25000006e-010   0.02191406
4.30000006e-010   0.02160156
4.35000006e-010   0.02127344
4.40000006e-010   0.02097656
4.45000006e-010    0.0206875
4.50000006e-010   0.02044531
4.55000006e-010   0.02021875
4.60000006e-010   0.02003906
4.65000006e-010    0.0198125
4.70000006e-010   0.01961719
4.75000006e-010   0.01942969
4.80000006e-010   0.01928125
4.85000006e-010   0.01911719
4.90000007e-010   0.01895313
4.95000007e-010   0.01882031
5.00000007e-010   0.01864844
5.05000007e-010   0.01852344
5.10000007e-010   0.01835938
5.15000007e-010   0.01823438
5.20000007e-010   0.01811719
5.25000007e-010   0.01795313
5.30000007e-010   0.01785938
5.35000007e-010   0.01775781
5.40000007e-010   0.01767188
5.45000007e-010   0.01760938
5.50000007e-010   0.01757813
5.55000007e-010   0.01755469
5.60000007e-010   0.01754688
5.65000008e-010   0.01754688
5.70000008e-010   0.01755469
5.75000008e-010   0.01759375
5.80000008e-010   0.01761719
5.85000008e-010   0.01760938
5.90000008e-010   0.01764063
5.95000008e-010   0.01765625
6.00000008e-010     0.017625
6.05000008e-010   0.01763281
6.10000008e-010     0.017625
6.15000008e-010   0.01755469
6.20000008e-010   0.01754688
6.25000008e-010   0.01746875
6.30000008e-010   0.01741406
6.35000008e-010   0.01732031
6.40000009e-010      0.01725
6.45000009e-010   0.01720313
6.50000009e-010   0.01711719
6.55000009e-010   0.01703125
6.60000009e-010    0.0169375
6.65000009e-010   0.01686719
6.70000009e-010   0.01676563
6.75000009e-010   0.01671875
6.80000009e-010   0.01664844
6.85000009e-010   0.01657031
6.90000009e-010   0.01647656
6.95000009e-010   0.01639063
7.00000009e-010   0.01629688
7.05000009e-010   0.01622656
7.10000009e-010   0.01610938
7.1500001e-010   0.01600781
7.2000001e-010   0.01592969
7.2500001e-010   0.01583594
7.3000001e-010   0.01574219
7.3500001e-010   0.01566406
7.4000001e-010   0.01560156
7.4500001e-010   0.01554688
7.5000001e-010   0.01550781
7.5500001e-010   0.01548438
7.6000001e-010   0.01547656
7.6500001e-010   0.01551563
7.7000001e-010   0.01553125
7.7500001e-010   0.01560938
7.8000001e-010   0.01565625
7.8500001e-010   0.01569531
7.90000011e-010   0.01578125
7.95000011e-010   0.01584375
8.00000011e-010   0.01590625
8.05000011e-010   0.01596875
8.10000011e-010   0.01600781
8.15000011e-010   0.01604688
8.20000011e-010   0.01603906
8.25000011e-010   0.01602344
8.30000011e-010   0.01599219
8.35000011e-010   0.01595313
8.40000011e-010   0.01592188
8.45000011e-010   0.01585156
8.50000011e-010   0.01580469
8.55000011e-010      0.01575
8.60000011e-010    0.0156875
8.65000012e-010   0.01565625
8.70000012e-010   0.01560938
8.75000012e-010     0.015625
8.80000012e-010   0.01561719
8.85000012e-010   0.01563281
8.90000012e-010   0.01566406
8.95000012e-010   0.01571875
9.00000012e-010   0.01582031
9.05000012e-010   0.01585156
9.10000012e-010   0.01592969
9.15000012e-010   0.01602344
9.20000012e-010    0.0160625
9.25000012e-010   0.01617188
9.30000012e-010   0.01622656
9.35000012e-010   0.01629688
9.40000013e-010   0.01632813
9.45000013e-010   0.01638281
9.50000013e-010   0.01646094
9.55000013e-010   0.01649219
9.60000013e-010   0.01655469
9.65000013e-010     0.016625
9.70000013e-010   0.01664844
9.75000013e-010   0.01672656
9.80000013e-010   0.01682813
9.85000013e-010   0.01690625
9.90000013e-010   0.01698438
9.95000013e-010    0.0170625
1.00000001e-009   0.01716406
1.00500001e-009   0.01723438
1.01000001e-009   0.01728906
1.01500001e-009   0.01738281
1.02000001e-009   0.01739844
1.02500001e-009   0.01745313
1.03000001e-009   0.01747656
1.03500001e-009   0.01751563
1.04000001e-009   0.01752344
1.04500001e-009   0.01751563
1.05000001e-009   0.01752344
1.05500001e-009   0.01751563
1.06000001e-009   0.01754688
1.06500001e-009   0.01754688
1.07000001e-009   0.01757031
1.07500001e-009   0.01757813
1.08000001e-009   0.01761719
1.08500001e-009   0.01769531
1.09000001e-009   0.01773438
1.09500001e-009   0.01782813
1.10000001e-009   0.01790625
1.10500001e-009   0.01801563
1.11000001e-009   0.01811719
1.11500001e-009   0.01820313
1.12000001e-009   0.01830469
1.12500002e-009   0.01842188
1.13000002e-009   0.01851563
1.13500002e-009   0.01861719
1.14000002e-009   0.01872656
1.14500002e-009   0.01880469
1.15000002e-009   0.01891406
1.15500002e-009   0.01901563
1.16000002e-009   0.01909375
1.16500002e-009   0.01921875
1.17000002e-009    0.0193125
1.17500002e-009    0.0194375
1.18000002e-009   0.01953125
1.18500002e-009   0.01966406
1.19000002e-009   0.01978125
1.19500002e-009   0.01991406
1.20000002e-009   0.01998438
1.20500002e-009   0.02011719
1.21000002e-009   0.02021094
1.21500002e-009   0.02032813
1.22000002e-009   0.02040625
1.22500002e-009   0.02049219
1.23000002e-009   0.02055469
1.23500002e-009   0.02067188
1.24000002e-009   0.02070313
1.24500002e-009   0.02078125
1.25000002e-009   0.02085938
