-1.24500002e-009       -0.003
-1.24000002e-009  0.007359376
-1.23500002e-009 -0.002992187
-1.23000002e-009  0.008632813
-1.22500002e-009 -0.002679687
-1.22000002e-009  0.009000001
-1.21500002e-009 -0.002507812
-1.21000002e-009  0.008125001
-1.20500002e-009       -0.003
-1.20000002e-009  0.008984376
-1.19500002e-009 -0.002820312
-1.19000002e-009  0.008765626
-1.18500002e-009 -0.002101562
-1.18000002e-009  0.009000001
-1.17500002e-009 -0.001265625
-1.17000002e-009  0.008312501
-1.16500002e-009 -0.001710937
-1.16000002e-009  0.007015626
-1.15500002e-009 -0.002789062
-1.15000002e-009  0.007000001
-1.14500002e-009  -0.00328125
-1.14000002e-009  0.007101563
-1.13500002e-009       -0.003
-1.13000002e-009  0.008148438
-1.12500002e-009 -0.003507812
-1.12000001e-009  0.008898438
-1.11500001e-009 -0.003390625
-1.11000001e-009  0.008851563
-1.10500001e-009       -0.003
-1.10000001e-009  0.008039063
-1.09500001e-009   -0.0030625
-1.09000001e-009  0.007039063
-1.08500001e-009       -0.003
-1.08000001e-009  0.006851563
-1.07500001e-009  -0.00240625
-1.07000001e-009  0.007000001
-1.06500001e-009 -0.001242187
-1.06000001e-009  0.006835938
-1.05500001e-009  -0.00128125
-1.05000001e-009  0.007328126
-1.04500001e-009 -0.001773437
-1.04000001e-009  0.007390626
-1.03500001e-009 -0.002648437
-1.03000001e-009  0.007085938
-1.02500001e-009 -0.003054687
-1.02000001e-009  0.007437501
-1.01500001e-009 -0.002765625
-1.01000001e-009  0.007390626
-1.00500001e-009 -0.002109375
-1.00000001e-009  0.007265626
-9.95000013e-010 -0.002710937
-9.90000013e-010  0.007375001
-9.85000013e-010 -0.002710937
-9.80000013e-010  0.007000001
-9.75000013e-010 -0.002117187
-9.70000013e-010  0.006312501
-9.65000013e-010 -0.001921875
-9.60000013e-010  0.005796876
-9.55000013e-010 -0.001703125
-9.50000013e-010  0.006445313
-9.45000013e-010     -0.00225
-9.40000013e-010  0.006929688
-9.35000012e-010       -0.003
-9.30000012e-010  0.007015626
-9.25000012e-010 -0.003507812
-9.20000012e-010  0.006273438
-9.15000012e-010 -0.003609375
-9.10000012e-010  0.005468751
-9.05000012e-010 -0.003304687
-9.00000012e-010  0.005687501
-8.95000012e-010       -0.003
-8.90000012e-010  0.005664063
-8.85000012e-010   -0.0033125
-8.80000012e-010  0.005414063
-8.75000012e-010     -0.00375
-8.70000012e-010  0.005382813
-8.65000012e-010     -0.00425
-8.60000011e-010  0.005242188
-8.55000011e-010 -0.004640625
-8.50000011e-010  0.004843751
-8.45000011e-010 -0.004554687
-8.40000011e-010  0.004570313
-8.35000011e-010  -0.00534375
-8.30000011e-010  0.005812501
-8.25000011e-010 -0.005328125
-8.20000011e-010  0.008007813
-8.15000011e-010 -0.005601562
-8.10000011e-010  0.009000001
-8.05000011e-010 -0.007164062
-8.00000011e-010  0.007593751
-7.95000011e-010 -0.007679688
-7.90000011e-010  0.004718751
-7.8500001e-010 -0.008671875
-7.8000001e-010  0.001367188
-7.7500001e-010 -0.009484375
-7.7000001e-010 0.0009687504
-7.6500001e-010  -0.01008594
-7.6000001e-010 0.0005859379
-7.5500001e-010  -0.01017969
-7.5000001e-010 0.0007031254
-7.4500001e-010 -0.009859375
-7.4000001e-010 -0.0008046872
-7.3500001e-010  -0.01036719
-7.3000001e-010 -0.001539062
-7.2500001e-010  -0.01172656
-7.2000001e-010   -0.0035625
-7.1500001e-010       -0.013
-7.10000009e-010 -0.004765625
-7.05000009e-010  -0.01530469
-7.00000009e-010 -0.005835937
-6.95000009e-010  -0.01789844
-6.90000009e-010  -0.00803125
-6.85000009e-010  -0.02052344
-6.80000009e-010  -0.01054688
-6.75000009e-010  -0.02292188
-6.70000009e-010  -0.01375781
-6.65000009e-010  -0.02500781
-6.60000009e-010       -0.017
-6.55000009e-010  -0.02924219
-6.50000009e-010  -0.02089063
-6.45000009e-010  -0.03364063
-6.40000009e-010  -0.02508594
-6.35000008e-010   -0.0390625
-6.30000008e-010  -0.02804688
-6.25000008e-010  -0.04596875
-6.20000008e-010  -0.03221094
-6.15000008e-010  -0.05274219
-6.10000008e-010  -0.03782031
-6.05000008e-010       -0.059
-6.00000008e-010       -0.045
-5.95000008e-010  -0.06501563
-5.90000008e-010  -0.05419531
-5.85000008e-010  -0.07235157
-5.80000008e-010  -0.06401563
-5.75000008e-010  -0.07986719
-5.70000008e-010  -0.07133594
-5.65000008e-010  -0.08828125
-5.60000007e-010  -0.07857032
-5.55000007e-010       -0.097
-5.50000007e-010  -0.08626563
-5.45000007e-010       -0.106
-5.40000007e-010  -0.09457813
-5.35000007e-010   -0.1143906
-5.30000007e-010   -0.1030625
-5.25000007e-010   -0.1214688
-5.20000007e-010   -0.1100391
-5.15000007e-010    -0.127875
-5.10000007e-010   -0.1172109
-5.05000007e-010   -0.1356719
-5.00000007e-010   -0.1245703
-4.95000007e-010   -0.1414297
-4.90000007e-010   -0.1303906
-4.85000006e-010   -0.1464531
-4.80000006e-010   -0.1351406
-4.75000006e-010   -0.1506875
-4.70000006e-010   -0.1393047
-4.65000006e-010   -0.1543203
-4.60000006e-010   -0.1422344
-4.55000006e-010   -0.1559688
-4.50000006e-010   -0.1435781
-4.45000006e-010   -0.1570547
-4.40000006e-010       -0.145
-4.35000006e-010   -0.1576641
-4.30000006e-010   -0.1459766
-4.25000006e-010   -0.1572891
-4.20000006e-010   -0.1477188
-4.15000006e-010   -0.1584844
-4.10000005e-010   -0.1488438
-4.05000005e-010   -0.1586328
-4.00000005e-010   -0.1490781
-3.95000005e-010       -0.159
-3.90000005e-010   -0.1480625
-3.85000005e-010   -0.1576484
-3.80000005e-010   -0.1466016
-3.75000005e-010   -0.1571953
-3.70000005e-010   -0.1455234
-3.65000005e-010       -0.156
-3.60000005e-010       -0.145
-3.55000005e-010       -0.155
-3.50000005e-010   -0.1434922
-3.45000005e-010   -0.1530547
-3.40000005e-010   -0.1428125
-3.35000004e-010       -0.153
-3.30000004e-010       -0.141
-3.25000004e-010   -0.1513906
-3.20000004e-010   -0.1389766
-3.15000004e-010       -0.151
-3.10000004e-010   -0.1378438
-3.05000004e-010   -0.1491094
-3.00000004e-010   -0.1361875
-2.95000004e-010   -0.1469688
-2.90000004e-010   -0.1353438
-2.85000004e-010   -0.1455547
-2.80000004e-010   -0.1340078
-2.75000004e-010   -0.1435156
-2.70000004e-010       -0.133
-2.65000004e-010   -0.1416563
-2.60000003e-010   -0.1298828
-2.55000003e-010   -0.1396641
-2.50000003e-010   -0.1272422
-2.45000003e-010   -0.1366953
-2.40000003e-010   -0.1249766
-2.35000003e-010   -0.1337422
-2.30000003e-010   -0.1211016
-2.25000003e-010   -0.1316563
-2.20000003e-010    -0.117625
-2.15000003e-010       -0.129
-2.10000003e-010   -0.1146406
-2.05000003e-010       -0.125
-2.00000003e-010   -0.1121328
-1.95000003e-010       -0.121
-1.90000003e-010   -0.1090938
-1.85000002e-010       -0.117
-1.80000002e-010   -0.1028594
-1.75000002e-010   -0.1116563
-1.70000002e-010  -0.09614063
-1.65000002e-010   -0.1061641
-1.60000002e-010  -0.08978907
-1.55000002e-010   -0.1003047
-1.50000002e-010  -0.08369532
-1.45000002e-010       -0.095
-1.40000002e-010  -0.07804688
-1.35000002e-010  -0.08907813
-1.30000002e-010  -0.07274219
-1.25000002e-010  -0.08228125
-1.20000002e-010  -0.06439844
-1.15000002e-010  -0.07460157
-1.10000001e-010  -0.05621094
-1.05000001e-010    -0.066125
-1.00000001e-010   -0.0485625
-9.50000013e-011  -0.05809375
-9.00000012e-011  -0.04103906
-8.50000011e-011       -0.051
-8.00000011e-011    -0.032375
-7.5000001e-011  -0.04342188
-7.00000009e-011  -0.02452344
-6.50000009e-011  -0.03553906
-6.00000008e-011  -0.01770313
-5.50000007e-011  -0.02727344
-5.00000007e-011 -0.009414063
-4.50000006e-011       -0.019
-4.00000005e-011       -0.003
-3.50000005e-011  -0.01149219
-3.00000004e-011  0.002070313
-2.50000003e-011     -0.00525
-2.00000003e-011  0.007601563
-1.50000002e-011 0.0003437504
-1.00000001e-011   0.01234375
-5.00000007e-012  0.004781251
           0   0.01634375
5.00000007e-012  0.008820313
1.00000001e-011   0.01961719
1.50000002e-011       0.0125
2.00000003e-011   0.02217969
2.50000003e-011   0.01621094
3.00000004e-011   0.02574219
3.50000005e-011   0.01872656
4.00000005e-011   0.02823438
4.50000006e-011   0.01939844
5.00000007e-011   0.02896094
5.50000007e-011   0.02008594
6.00000008e-011        0.029
6.50000009e-011   0.02039844
7.00000009e-011   0.02976563
7.5000001e-011    0.0195625
8.00000011e-011   0.03015625
8.50000011e-011   0.01932813
9.00000012e-011   0.02988281
9.50000013e-011   0.01879688
1.00000001e-010   0.02984375
1.05000001e-010   0.01720313
1.10000001e-010   0.02920313
1.15000002e-010   0.01696094
1.20000002e-010   0.02886719
1.25000002e-010   0.01714844
1.30000002e-010   0.02789844
1.35000002e-010   0.01684375
1.40000002e-010   0.02699219
1.45000002e-010   0.01649219
1.50000002e-010   0.02660938
1.55000002e-010   0.01639844
1.60000002e-010        0.027
1.65000002e-010   0.01555469
1.70000002e-010   0.02646094
1.75000002e-010   0.01460156
1.80000002e-010        0.027
1.85000002e-010   0.01475781
1.90000003e-010   0.02629688
1.95000003e-010        0.015
2.00000003e-010        0.025
2.05000003e-010   0.01503906
2.10000003e-010        0.027
2.15000003e-010   0.01622656
2.20000003e-010   0.02864844
2.25000003e-010   0.01699219
2.30000003e-010   0.02982031
2.35000003e-010   0.01814844
2.40000003e-010   0.03053125
2.45000003e-010   0.01960938
2.50000003e-010   0.03088281
2.55000003e-010   0.02107031
2.60000003e-010   0.03230469
2.65000004e-010   0.02128906
2.70000004e-010   0.03353125
2.75000004e-010   0.02175781
2.80000004e-010     0.034375
2.85000004e-010   0.02265625
2.90000004e-010     0.035625
2.95000004e-010   0.02408594
3.00000004e-010   0.03647656
3.05000004e-010   0.02600781
3.10000004e-010   0.03674219
3.15000004e-010   0.02723438
3.20000004e-010   0.03642188
3.25000004e-010   0.02785938
3.30000004e-010   0.03674219
3.35000004e-010   0.02752344
3.40000005e-010        0.037
3.45000005e-010   0.02592188
3.50000005e-010   0.03567969
3.55000005e-010   0.02499219
3.60000005e-010   0.03558594
3.65000005e-010        0.025
3.70000005e-010   0.03542969
3.75000005e-010   0.02482813
3.80000005e-010        0.035
3.85000005e-010        0.025
3.90000005e-010   0.03470313
3.95000005e-010   0.02392969
4.00000005e-010    0.0334375
4.05000005e-010   0.02352344
4.10000005e-010   0.03303125
4.15000006e-010   0.02353906
4.20000006e-010   0.03314844
4.25000006e-010   0.02300781
4.30000006e-010   0.03261719
4.35000006e-010   0.02224219
4.40000006e-010    0.0314375
4.45000006e-010    0.0215625
4.50000006e-010   0.03067969
4.55000006e-010   0.02117969
4.60000006e-010    0.0311875
4.65000006e-010   0.02079688
4.70000006e-010   0.03121875
4.75000006e-010   0.02024219
4.80000006e-010   0.03053906
4.85000006e-010   0.01976563
4.90000007e-010   0.02917969
4.95000007e-010   0.02003125
5.00000007e-010     0.029375
5.05000007e-010   0.02029688
5.10000007e-010   0.03027344
5.15000007e-010    0.0191875
5.20000007e-010   0.03152344
5.25000007e-010        0.019
5.30000007e-010        0.033
5.35000007e-010    0.0199375
5.40000007e-010   0.03328125
5.45000007e-010   0.01959375
5.50000007e-010   0.03246875
5.55000007e-010   0.01988281
5.60000007e-010   0.03085938
5.65000008e-010   0.01969531
5.70000008e-010   0.02888281
5.75000008e-010   0.01904688
5.80000008e-010   0.02824219
5.85000008e-010   0.01919531
5.90000008e-010   0.02957031
5.95000008e-010   0.01905469
6.00000008e-010   0.03009375
6.05000008e-010        0.019
6.10000008e-010   0.03064063
6.15000008e-010   0.01938281
6.20000008e-010        0.031
6.25000008e-010   0.01952344
6.30000008e-010   0.03046094
6.35000008e-010   0.02033594
6.40000009e-010   0.02924219
6.45000009e-010   0.02078906
6.50000009e-010   0.02910938
6.55000009e-010   0.02054688
6.60000009e-010   0.02876563
6.65000009e-010   0.02013281
6.70000009e-010   0.02895313
6.75000009e-010     0.020375
6.80000009e-010        0.029
6.85000009e-010    0.0205625
6.90000009e-010   0.02923438
6.95000009e-010   0.02001563
7.00000009e-010        0.029
7.05000009e-010        0.019
7.10000009e-010   0.02785938
7.1500001e-010   0.01864063
7.2000001e-010   0.02733594
7.2500001e-010   0.01889844
7.3000001e-010   0.02790625
7.3500001e-010   0.01866406
7.4000001e-010   0.02848438
7.4500001e-010   0.01892188
7.5000001e-010   0.02857813
7.5500001e-010   0.01876563
7.6000001e-010   0.02808594
7.6500001e-010   0.01880469
7.7000001e-010   0.02746094
7.7500001e-010   0.01828906
7.8000001e-010   0.02746875
7.8500001e-010   0.01735938
7.90000011e-010   0.02699219
7.95000011e-010   0.01663281
8.00000011e-010        0.027
8.05000011e-010   0.01648438
8.10000011e-010   0.02754688
8.15000011e-010   0.01695313
8.20000011e-010   0.02735938
8.25000011e-010   0.01704688
8.30000011e-010   0.02707031
8.35000011e-010        0.017
8.40000011e-010   0.02685938
8.45000011e-010   0.01697656
8.50000011e-010   0.02697656
8.55000011e-010   0.01678906
8.60000011e-010   0.02657031
8.65000012e-010        0.017
8.70000012e-010   0.02676563
8.75000012e-010        0.017
8.80000012e-010   0.02723438
8.85000012e-010     0.017625
8.90000012e-010   0.02711719
8.95000012e-010   0.01725781
9.00000012e-010   0.02703906
9.05000012e-010   0.01747656
9.10000012e-010   0.02689844
9.15000012e-010   0.01834375
9.20000012e-010      0.02825
9.25000012e-010   0.01800781
9.30000012e-010   0.02895313
9.35000012e-010        0.017
9.40000013e-010   0.02880469
9.45000013e-010   0.01686719
9.50000013e-010   0.02817969
9.55000013e-010   0.01758594
9.60000013e-010   0.02873438
9.65000013e-010   0.01903906
9.70000013e-010   0.02900781
9.75000013e-010   0.01796875
9.80000013e-010   0.02933594
9.85000013e-010   0.01710938
9.90000013e-010   0.02952344
9.95000013e-010    0.0171875
1.00000001e-009   0.02958594
1.00500001e-009      0.01825
1.01000001e-009   0.03073438
1.01500001e-009   0.02000781
1.02000001e-009   0.03090625
1.02500001e-009   0.02089844
1.03000001e-009   0.03119531
1.03500001e-009   0.02114844
1.04000001e-009   0.03114844
1.04500001e-009        0.021
1.05000001e-009   0.03071875
1.05500001e-009   0.02067188
1.06000001e-009   0.03048438
1.06500001e-009   0.02075781
1.07000001e-009   0.03233594
1.07500001e-009   0.02099219
1.08000001e-009        0.033
1.08500001e-009   0.02094531
1.09000001e-009   0.03225781
1.09500001e-009   0.01966406
1.10000001e-009   0.03110156
1.10500001e-009   0.01940625
1.11000001e-009   0.03130469
1.11500001e-009   0.02009375
1.12000001e-009   0.03126563
1.12500002e-009   0.02100781
1.13000002e-009   0.03139063
1.13500002e-009   0.02169531
1.14000002e-009   0.03163281
1.14500002e-009   0.02110156
1.15000002e-009      0.03225
1.15500002e-009   0.02113281
1.16000002e-009   0.03289844
1.16500002e-009   0.02194531
1.17000002e-009   0.03286719
1.17500002e-009    0.0233125
1.18000002e-009        0.033
1.18500002e-009   0.02445313
1.19000002e-009   0.03280469
1.19500002e-009   0.02372656
1.20000002e-009   0.03289844
1.20500002e-009   0.02275781
1.21000002e-009   0.03292969
1.21500002e-009   0.02248438
1.22000002e-009   0.03290625
1.22500002e-009   0.02261719
1.23000002e-009        0.033
1.23500002e-009        0.023
1.24000002e-009        0.033
1.24500002e-009   0.02404688
1.25000002e-009   0.03322656
