-1.24500002e-009 -0.005921875
-1.24000002e-009  0.005000001
-1.23500002e-009 -0.005601562
-1.23000002e-009  0.005343751
-1.22500002e-009  -0.00503125
-1.22000002e-009  0.005195313
-1.21500002e-009  -0.00553125
-1.21000002e-009  0.005031251
-1.20500002e-009 -0.005539062
-1.20000002e-009  0.004632813
-1.19500002e-009   -0.0059375
-1.19000002e-009  0.003734376
-1.18500002e-009   -0.0060625
-1.18000002e-009  0.004007813
-1.17500002e-009  -0.00615625
-1.17000002e-009  0.004695313
-1.16500002e-009 -0.006054687
-1.16000002e-009  0.005335938
-1.15500002e-009  -0.00546875
-1.15000002e-009  0.006664063
-1.14500002e-009   -0.0051875
-1.14000002e-009  0.007000001
-1.13500002e-009 -0.005195312
-1.13000002e-009  0.006031251
-1.12500002e-009 -0.005335937
-1.12000001e-009  0.005242188
-1.11500001e-009 -0.005703125
-1.11000001e-009  0.004468751
-1.10500001e-009   -0.0059375
-1.10000001e-009  0.003539063
-1.09500001e-009  -0.00609375
-1.09000001e-009  0.003789063
-1.08500001e-009   -0.0058125
-1.08000001e-009  0.003851563
-1.07500001e-009 -0.006007812
-1.07000001e-009  0.003484376
-1.06500001e-009       -0.007
-1.06000001e-009  0.003421876
-1.05500001e-009 -0.006835937
-1.05000001e-009  0.003281251
-1.04500001e-009       -0.007
-1.04000001e-009  0.003554688
-1.03500001e-009 -0.006257812
-1.03000001e-009  0.003671876
-1.02500001e-009       -0.005
-1.02000001e-009  0.003515626
-1.01500001e-009 -0.005304687
-1.01000001e-009  0.003023438
-1.00500001e-009  -0.00546875
-1.00000001e-009        0.003
-9.95000013e-010 -0.005976562
-9.90000013e-010  0.003351563
-9.85000013e-010 -0.006460937
-9.80000013e-010        0.003
-9.75000013e-010 -0.006835937
-9.70000013e-010        0.003
-9.65000013e-010       -0.007
-9.60000013e-010        0.003
-9.55000013e-010 -0.006851562
-9.50000013e-010  0.002398438
-9.45000013e-010 -0.006367187
-9.40000013e-010  0.002859375
-9.35000012e-010  -0.00565625
-9.30000012e-010        0.003
-9.25000012e-010 -0.006078125
-9.20000012e-010  0.002835938
-9.15000012e-010 -0.006726562
-9.10000012e-010        0.003
-9.05000012e-010 -0.007195312
-9.00000012e-010  0.003304688
-8.95000012e-010 -0.007226562
-8.90000012e-010  0.003296876
-8.85000012e-010 -0.007671875
-8.80000012e-010        0.003
-8.75000012e-010  -0.00871875
-8.70000012e-010  0.002429688
-8.65000012e-010 -0.009164063
-8.60000011e-010  0.001132813
-8.55000011e-010 -0.008859375
-8.50000011e-010 0.0008515629
-8.45000011e-010   -0.0094375
-8.40000011e-010  0.001328125
-8.35000011e-010 -0.009882813
-8.30000011e-010   0.00253125
-8.25000011e-010 -0.009328125
-8.20000011e-010  0.003054688
-8.15000011e-010 -0.009601563
-8.10000011e-010  0.002359375
-8.05000011e-010  -0.00996875
-8.00000011e-010 0.0003281254
-7.95000011e-010  -0.01026563
-7.90000011e-010 -0.0009999997
-7.8500001e-010  -0.01077344
-7.8000001e-010 -0.0009999997
-7.7500001e-010       -0.011
-7.7000001e-010       -0.002
-7.6500001e-010  -0.01147656
-7.6000001e-010     -0.00325
-7.5500001e-010  -0.01203906
-7.5000001e-010 -0.004585937
-7.4500001e-010  -0.01414844
-7.4000001e-010 -0.005742187
-7.3500001e-010  -0.01609375
-7.3000001e-010       -0.005
-7.2500001e-010    -0.017875
-7.2000001e-010 -0.005890625
-7.1500001e-010  -0.01910938
-7.10000009e-010 -0.007789063
-7.05000009e-010  -0.02192969
-7.00000009e-010  -0.01046094
-6.95000009e-010       -0.025
-6.90000009e-010  -0.01360938
-6.85000009e-010  -0.02807813
-6.80000009e-010  -0.01610938
-6.75000009e-010  -0.03109375
-6.70000009e-010  -0.01907813
-6.65000009e-010  -0.03496094
-6.60000009e-010  -0.02365625
-6.55000009e-010    -0.038375
-6.50000009e-010  -0.02910156
-6.45000009e-010    -0.042875
-6.40000009e-010  -0.03364844
-6.35000008e-010  -0.04891406
-6.30000008e-010       -0.039
-6.25000008e-010       -0.055
-6.20000008e-010       -0.045
-6.15000008e-010  -0.06155469
-6.10000008e-010  -0.05149219
-6.05000008e-010   -0.0686875
-6.00000008e-010  -0.05889844
-5.95000008e-010  -0.07697657
-5.90000008e-010  -0.06620313
-5.85000008e-010  -0.08522657
-5.80000008e-010   -0.0746875
-5.75000008e-010  -0.09446094
-5.70000008e-010  -0.08280469
-5.65000008e-010   -0.1031719
-5.60000007e-010  -0.09119532
-5.55000007e-010       -0.111
-5.50000007e-010  -0.09824219
-5.45000007e-010    -0.117375
-5.40000007e-010   -0.1052422
-5.35000007e-010   -0.1245156
-5.30000007e-010   -0.1128906
-5.25000007e-010       -0.131
-5.20000007e-010   -0.1200313
-5.15000007e-010   -0.1374922
-5.10000007e-010   -0.1265547
-5.05000007e-010   -0.1441875
-5.00000007e-010   -0.1334219
-4.95000007e-010       -0.149
-4.90000007e-010   -0.1391875
-4.85000006e-010   -0.1534141
-4.80000006e-010   -0.1445703
-4.75000006e-010   -0.1577656
-4.70000006e-010   -0.1470313
-4.65000006e-010       -0.161
-4.60000006e-010   -0.1479609
-4.55000006e-010   -0.1618672
-4.50000006e-010   -0.1486563
-4.45000006e-010   -0.1627578
-4.40000006e-010   -0.1495078
-4.35000006e-010   -0.1628281
-4.30000006e-010   -0.1504922
-4.25000006e-010   -0.1632031
-4.20000006e-010   -0.1509297
-4.15000006e-010       -0.163
-4.10000005e-010   -0.1509922
-4.05000005e-010   -0.1619375
-4.00000005e-010   -0.1511719
-3.95000005e-010       -0.161
-3.90000005e-010   -0.1498984
-3.85000005e-010   -0.1608203
-3.80000005e-010       -0.149
-3.75000005e-010     -0.16025
-3.70000005e-010   -0.1482656
-3.65000005e-010   -0.1595234
-3.60000005e-010   -0.1467969
-3.55000005e-010    -0.157625
-3.50000005e-010    -0.145375
-3.45000005e-010   -0.1552422
-3.40000005e-010   -0.1440781
-3.35000004e-010   -0.1541484
-3.30000004e-010   -0.1431484
-3.25000004e-010   -0.1530391
-3.20000004e-010   -0.1420938
-3.15000004e-010   -0.1517578
-3.10000004e-010   -0.1406875
-3.05000004e-010       -0.151
-3.00000004e-010       -0.139
-2.95000004e-010   -0.1494375
-2.90000004e-010   -0.1377422
-2.85000004e-010   -0.1485156
-2.80000004e-010   -0.1358984
-2.75000004e-010       -0.147
-2.70000004e-010   -0.1327969
-2.65000004e-010   -0.1429609
-2.60000003e-010   -0.1304688
-2.55000003e-010   -0.1418359
-2.50000003e-010   -0.1283672
-2.45000003e-010   -0.1401641
-2.40000003e-010   -0.1252266
-2.35000003e-010   -0.1370156
-2.30000003e-010   -0.1227109
-2.25000003e-010       -0.133
-2.20000003e-010   -0.1188281
-2.15000003e-010   -0.1295469
-2.10000003e-010   -0.1144766
-2.05000003e-010   -0.1257578
-2.00000003e-010    -0.110125
-1.95000003e-010   -0.1214063
-1.90000003e-010   -0.1056172
-1.85000002e-010   -0.1160234
-1.80000002e-010       -0.101
-1.75000002e-010       -0.111
-1.70000002e-010  -0.09430469
-1.65000002e-010   -0.1058203
-1.60000002e-010       -0.087
-1.55000002e-010  -0.09916407
-1.50000002e-010   -0.0796875
-1.45000002e-010  -0.09141407
-1.40000002e-010  -0.07260157
-1.35000002e-010  -0.08322657
-1.30000002e-010  -0.06579688
-1.25000002e-010  -0.07551563
-1.20000002e-010  -0.05886719
-1.15000002e-010  -0.06735157
-1.10000001e-010   -0.0514375
-1.05000001e-010   -0.0594375
-1.00000001e-010  -0.04335156
-9.50000013e-011   -0.0516875
-9.00000012e-011       -0.035
-8.50000011e-011  -0.04434375
-8.00000011e-011     -0.02675
-7.5000001e-011       -0.037
-7.00000009e-011  -0.01983594
-6.50000009e-011  -0.02975781
-6.00000008e-011  -0.01296875
-5.50000007e-011  -0.02207813
-5.00000007e-011 -0.006414062
-4.50000006e-011  -0.01466406
-4.00000005e-011 -0.0003124997
-3.50000005e-011 -0.008570313
-3.00000004e-011  0.004875001
-2.50000003e-011 -0.003367187
-2.00000003e-011  0.009898438
-1.50000002e-011  0.001671875
-1.00000001e-011   0.01489063
-5.00000007e-012  0.005335938
           0   0.01836719
5.00000007e-012  0.008460938
1.00000001e-011   0.02057031
1.50000002e-011   0.01150781
2.00000003e-011   0.02232031
2.50000003e-011   0.01291406
3.00000004e-011   0.02433594
3.50000005e-011   0.01429688
4.00000005e-011   0.02552344
4.50000006e-011   0.01532031
5.00000007e-011        0.027
5.50000007e-011   0.01632813
6.00000008e-011        0.027
6.50000009e-011   0.01673438
7.00000009e-011   0.02705469
7.5000001e-011   0.01622656
8.00000011e-011      0.02725
8.50000011e-011        0.015
9.00000012e-011   0.02614844
9.50000013e-011   0.01424219
1.00000001e-010   0.02423438
1.05000001e-010   0.01360156
1.10000001e-010     0.023125
1.15000002e-010        0.013
1.20000002e-010        0.023
1.25000002e-010   0.01160938
1.30000002e-010   0.02133594
1.35000002e-010   0.01078125
1.40000002e-010        0.021
1.45000002e-010   0.01059375
1.50000002e-010    0.0213125
1.55000002e-010   0.01089844
1.60000002e-010   0.02139844
1.65000002e-010   0.01140625
1.70000002e-010   0.02211719
1.75000002e-010   0.01111719
1.80000002e-010   0.02286719
1.85000002e-010   0.01114063
1.90000003e-010   0.02284375
1.95000003e-010   0.01210938
2.00000003e-010   0.02274219
2.05000003e-010   0.01410938
2.10000003e-010   0.02319531
2.15000003e-010   0.01567188
2.20000003e-010   0.02464844
2.25000003e-010    0.0169375
2.30000003e-010   0.02602344
2.35000003e-010   0.01792969
2.40000003e-010   0.02764844
2.45000003e-010   0.01859375
2.50000003e-010   0.02828906
2.55000003e-010   0.01942969
2.60000003e-010   0.02963281
2.65000004e-010        0.021
2.70000004e-010   0.03064844
2.75000004e-010   0.02207813
2.80000004e-010   0.03173438
2.85000004e-010   0.02267969
2.90000004e-010   0.03258594
2.95000004e-010   0.02332813
3.00000004e-010   0.03301563
3.05000004e-010   0.02303125
3.10000004e-010        0.033
3.15000004e-010   0.02294531
3.20000004e-010   0.03239844
3.25000004e-010   0.02186719
3.30000004e-010        0.033
3.35000004e-010   0.02139844
3.40000005e-010   0.03282031
3.45000005e-010   0.02155469
3.50000005e-010   0.03169531
3.55000005e-010   0.02209375
3.60000005e-010      0.03075
3.65000005e-010        0.021
3.70000005e-010   0.02989063
3.75000005e-010   0.01978125
3.80000005e-010   0.02928906
3.85000005e-010        0.019
3.90000005e-010        0.029
3.95000005e-010   0.01914844
4.00000005e-010   0.02819531
4.05000005e-010   0.01783594
4.10000005e-010   0.02771875
4.15000006e-010        0.017
4.20000006e-010   0.02792188
4.25000006e-010   0.01739063
4.30000006e-010   0.02851563
4.35000006e-010   0.01801563
4.40000006e-010   0.02861719
4.45000006e-010        0.017
4.50000006e-010   0.02811719
4.55000006e-010   0.01675781
4.60000006e-010   0.02721875
4.65000006e-010     0.017375
4.70000006e-010        0.027
4.75000006e-010   0.01878125
4.80000006e-010   0.02713281
4.85000006e-010   0.01888281
4.90000007e-010   0.02666406
4.95000007e-010       0.0185
5.00000007e-010   0.02707031
5.05000007e-010   0.01819531
5.10000007e-010   0.02734375
5.15000007e-010   0.01867188
5.20000007e-010   0.02727344
5.25000007e-010   0.01848438
5.30000007e-010   0.02691406
5.35000007e-010   0.01814063
5.40000007e-010   0.02608594
5.45000007e-010   0.01735156
5.50000007e-010   0.02605469
5.55000007e-010   0.01699219
5.60000007e-010        0.027
5.65000008e-010   0.01665625
5.70000008e-010    0.0273125
5.75000008e-010        0.015
5.80000008e-010   0.02696094
5.85000008e-010   0.01433594
5.90000008e-010   0.02600781
5.95000008e-010   0.01471875
6.00000008e-010   0.02632031
6.05000008e-010   0.01475781
6.10000008e-010        0.027
6.15000008e-010   0.01541406
6.20000008e-010   0.02701563
6.25000008e-010   0.01605469
6.30000008e-010   0.02672656
6.35000008e-010   0.01625781
6.40000009e-010   0.02654688
6.45000009e-010   0.01673438
6.50000009e-010   0.02707031
6.55000009e-010        0.015
6.60000009e-010   0.02622656
6.65000009e-010   0.01444531
6.70000009e-010   0.02559375
6.75000009e-010    0.0148125
6.80000009e-010     0.025625
6.85000009e-010   0.01425781
6.90000009e-010   0.02511719
6.95000009e-010   0.01401563
7.00000009e-010   0.02469531
7.05000009e-010   0.01438281
7.10000009e-010   0.02439844
7.1500001e-010   0.01532813
7.2000001e-010   0.02499219
7.2500001e-010        0.015
7.3000001e-010   0.02475781
7.3500001e-010   0.01484375
7.4000001e-010      0.02375
7.4500001e-010        0.015
7.5000001e-010        0.025
7.5500001e-010   0.01492969
7.6000001e-010   0.02548438
7.6500001e-010   0.01485156
7.7000001e-010   0.02530469
7.7500001e-010   0.01467969
7.8000001e-010   0.02501563
7.8500001e-010    0.0140625
7.90000011e-010   0.02510156
7.95000011e-010    0.0133125
8.00000011e-010   0.02511719
8.05000011e-010        0.013
8.10000011e-010   0.02486719
8.15000011e-010   0.01402344
8.20000011e-010   0.02432031
8.25000011e-010   0.01375781
8.30000011e-010       0.0235
8.35000011e-010   0.01279688
8.40000011e-010   0.02335156
8.45000011e-010   0.01271094
8.50000011e-010     0.023625
8.55000011e-010   0.01353906
8.60000011e-010   0.02369531
8.65000012e-010   0.01310156
8.70000012e-010   0.02335156
8.75000012e-010   0.01319531
8.80000012e-010   0.02330469
8.85000012e-010   0.01421875
8.90000012e-010   0.02403125
8.95000012e-010   0.01382031
9.00000012e-010        0.025
9.05000012e-010    0.0128125
9.10000012e-010   0.02521094
9.15000012e-010        0.013
9.20000012e-010   0.02509375
9.25000012e-010    0.0145625
9.30000012e-010   0.02528125
9.35000012e-010        0.015
9.40000013e-010     0.024875
9.45000013e-010   0.01553906
9.50000013e-010    0.0250625
9.55000013e-010   0.01665625
9.60000013e-010   0.02482813
9.65000013e-010   0.01651563
9.70000013e-010   0.02538281
9.75000013e-010   0.01684375
9.80000013e-010   0.02584375
9.85000013e-010   0.01678906
9.90000013e-010   0.02592188
9.95000013e-010   0.01540625
1.00000001e-009   0.02621094
1.00500001e-009        0.015
1.01000001e-009        0.027
1.01500001e-009    0.0159375
1.02000001e-009   0.02794531
1.02500001e-009   0.01717969
1.03000001e-009   0.02805469
1.03500001e-009   0.01717188
1.04000001e-009        0.029
1.04500001e-009    0.0178125
1.05000001e-009   0.02892188
1.05500001e-009   0.01864063
1.06000001e-009   0.02840625
1.06500001e-009   0.01902344
1.07000001e-009        0.029
1.07500001e-009        0.019
1.08000001e-009   0.02926563
1.08500001e-009        0.019
1.09000001e-009   0.02922656
1.09500001e-009   0.01866406
1.10000001e-009   0.02883594
1.10500001e-009   0.01872656
1.11000001e-009   0.02832031
1.11500001e-009   0.01901563
1.12000001e-009     0.029125
1.12500002e-009        0.019
1.13000002e-009   0.02924219
1.13500002e-009   0.01946875
1.14000002e-009   0.02913281
1.14500002e-009   0.01974219
1.15000002e-009   0.03052344
1.15500002e-009   0.02032031
1.16000002e-009   0.03122656
1.16500002e-009   0.02053906
1.17000002e-009   0.03110156
1.17500002e-009        0.021
1.18000002e-009   0.03108594
1.18500002e-009        0.021
1.19000002e-009   0.03063281
1.19500002e-009   0.02082813
1.20000002e-009   0.02980469
1.20500002e-009        0.021
1.21000002e-009   0.03085156
1.21500002e-009   0.02092969
1.22000002e-009        0.031
1.22500002e-009   0.02085156
1.23000002e-009    0.0300625
1.23500002e-009        0.021
1.24000002e-009   0.02966406
1.24500002e-009   0.02061719
1.25000002e-009     0.029625
