-1.24500002e-009 -0.002484375
-1.24000002e-009 -0.002484375
-1.23500002e-009 -0.002523437
-1.23000002e-009 -0.002539062
-1.22500002e-009 -0.002515625
-1.22000002e-009 -0.002539062
-1.21500002e-009   -0.0025625
-1.21000002e-009   -0.0025625
-1.20500002e-009 -0.002546875
-1.20000002e-009 -0.002554687
-1.19500002e-009 -0.002546875
-1.19000002e-009 -0.002554687
-1.18500002e-009  -0.00253125
-1.18000002e-009      -0.0025
-1.17500002e-009 -0.002507812
-1.17000002e-009      -0.0025
-1.16500002e-009 -0.002507812
-1.16000002e-009      -0.0025
-1.15500002e-009 -0.002546875
-1.15000002e-009 -0.002539062
-1.14500002e-009 -0.002617187
-1.14000002e-009  -0.00265625
-1.13500002e-009 -0.002710937
-1.13000002e-009     -0.00275
-1.12500002e-009   -0.0028125
-1.12000001e-009  -0.00284375
-1.11500001e-009  -0.00290625
-1.11000001e-009   -0.0029375
-1.10500001e-009 -0.002992187
-1.10000001e-009  -0.00303125
-1.09500001e-009 -0.003078125
-1.09000001e-009   -0.0030625
-1.08500001e-009 -0.003078125
-1.08000001e-009 -0.003101562
-1.07500001e-009 -0.003117187
-1.07000001e-009    -0.003125
-1.06500001e-009  -0.00315625
-1.06000001e-009 -0.003195312
-1.05500001e-009   -0.0031875
-1.05000001e-009  -0.00321875
-1.04500001e-009 -0.003242187
-1.04000001e-009 -0.003289062
-1.03500001e-009 -0.003265625
-1.03000001e-009  -0.00328125
-1.02500001e-009 -0.003335937
-1.02000001e-009 -0.003335937
-1.01500001e-009 -0.003351562
-1.01000001e-009 -0.003351562
-1.00500001e-009 -0.003390625
-1.00000001e-009  -0.00340625
-9.95000013e-010 -0.003390625
-9.90000013e-010 -0.003421875
-9.85000013e-010 -0.003460937
-9.80000013e-010 -0.003476562
-9.75000013e-010  -0.00353125
-9.70000013e-010 -0.003554687
-9.65000013e-010 -0.003585937
-9.60000013e-010  -0.00365625
-9.55000013e-010 -0.003679687
-9.50000013e-010 -0.003765625
-9.45000013e-010 -0.003804687
-9.40000013e-010   -0.0038125
-9.35000012e-010    -0.003875
-9.30000012e-010 -0.003890625
-9.25000012e-010 -0.003921875
-9.20000012e-010 -0.003953125
-9.15000012e-010       -0.004
-9.10000012e-010 -0.004007812
-9.05000012e-010 -0.003992187
-9.00000012e-010 -0.004015625
-8.95000012e-010 -0.004015625
-8.90000012e-010 -0.004023437
-8.85000012e-010 -0.004046875
-8.80000012e-010  -0.00409375
-8.75000012e-010 -0.004109375
-8.70000012e-010 -0.004148437
-8.65000012e-010 -0.004203125
-8.60000011e-010 -0.004265625
-8.55000011e-010 -0.004335937
-8.50000011e-010  -0.00440625
-8.45000011e-010      -0.0045
-8.40000011e-010   -0.0045625
-8.35000011e-010 -0.004632812
-8.30000011e-010 -0.004726562
-8.25000011e-010 -0.004804687
-8.20000011e-010 -0.004851562
-8.15000011e-010 -0.004953125
-8.10000011e-010 -0.005007812
-8.05000011e-010 -0.005070312
-8.00000011e-010 -0.005171875
-7.95000011e-010 -0.005289062
-7.90000011e-010 -0.005367187
-7.8500001e-010 -0.005515625
-7.8000001e-010 -0.005632812
-7.7500001e-010 -0.005820312
-7.7000001e-010 -0.005984375
-7.6500001e-010 -0.006179687
-7.6000001e-010    -0.006375
-7.5500001e-010 -0.006664062
-7.5000001e-010   -0.0069375
-7.4500001e-010     -0.00725
-7.4000001e-010  -0.00759375
-7.3500001e-010 -0.007953125
-7.3000001e-010 -0.008320313
-7.2500001e-010 -0.008695313
-7.2000001e-010 -0.009054688
-7.1500001e-010 -0.009453125
-7.10000009e-010 -0.009859375
-7.05000009e-010  -0.01035156
-7.00000009e-010  -0.01083594
-6.95000009e-010   -0.0114375
-6.90000009e-010  -0.01203125
-6.85000009e-010  -0.01271094
-6.80000009e-010  -0.01340625
-6.75000009e-010  -0.01420313
-6.70000009e-010  -0.01503906
-6.65000009e-010  -0.01596094
-6.60000009e-010  -0.01703906
-6.55000009e-010  -0.01820313
-6.50000009e-010  -0.01948438
-6.45000009e-010  -0.02090625
-6.40000009e-010  -0.02242188
-6.35000008e-010  -0.02408594
-6.30000008e-010  -0.02585938
-6.25000008e-010     -0.02775
-6.20000008e-010  -0.02971875
-6.15000008e-010  -0.03180469
-6.10000008e-010   -0.0340625
-6.05000008e-010    -0.036375
-6.00000008e-010    -0.038875
-5.95000008e-010  -0.04150781
-5.90000008e-010  -0.04419531
-5.85000008e-010  -0.04709375
-5.80000008e-010   -0.0500625
-5.75000008e-010  -0.05317969
-5.70000008e-010  -0.05633594
-5.65000008e-010  -0.05965625
-5.60000007e-010  -0.06309375
-5.55000007e-010  -0.06665625
-5.50000007e-010  -0.07033594
-5.45000007e-010  -0.07410938
-5.40000007e-010  -0.07796875
-5.35000007e-010  -0.08189844
-5.30000007e-010  -0.08589063
-5.25000007e-010  -0.08992969
-5.20000007e-010  -0.09397657
-5.15000007e-010  -0.09800782
-5.10000007e-010   -0.1020313
-5.05000007e-010   -0.1060078
-5.00000007e-010   -0.1099688
-4.95000007e-010   -0.1137891
-4.90000007e-010   -0.1175625
-4.85000006e-010   -0.1212344
-4.80000006e-010   -0.1247813
-4.75000006e-010   -0.1281719
-4.70000006e-010   -0.1314688
-4.65000006e-010   -0.1345781
-4.60000006e-010   -0.1374766
-4.55000006e-010   -0.1402188
-4.50000006e-010     -0.14275
-4.45000006e-010   -0.1451172
-4.40000006e-010   -0.1473203
-4.35000006e-010   -0.1493203
-4.30000006e-010   -0.1511797
-4.25000006e-010   -0.1528516
-4.20000006e-010   -0.1543516
-4.15000006e-010   -0.1556406
-4.10000005e-010     -0.15675
-4.05000005e-010   -0.1576875
-4.00000005e-010   -0.1584844
-3.95000005e-010   -0.1590391
-3.90000005e-010   -0.1595156
-3.85000005e-010   -0.1598672
-3.80000005e-010   -0.1600859
-3.75000005e-010   -0.1602109
-3.70000005e-010   -0.1602188
-3.65000005e-010    -0.160125
-3.60000005e-010   -0.1598984
-3.55000005e-010   -0.1595703
-3.50000005e-010   -0.1591484
-3.45000005e-010   -0.1586719
-3.40000005e-010   -0.1581641
-3.35000004e-010   -0.1575547
-3.30000004e-010   -0.1569766
-3.25000004e-010   -0.1563516
-3.20000004e-010   -0.1557031
-3.15000004e-010   -0.1550234
-3.10000004e-010   -0.1543125
-3.05000004e-010   -0.1535547
-3.00000004e-010   -0.1528125
-2.95000004e-010   -0.1520313
-2.90000004e-010   -0.1512266
-2.85000004e-010   -0.1504141
-2.80000004e-010   -0.1496328
-2.75000004e-010   -0.1488281
-2.70000004e-010   -0.1480391
-2.65000004e-010   -0.1472188
-2.60000003e-010   -0.1463672
-2.55000003e-010   -0.1454531
-2.50000003e-010   -0.1445391
-2.45000003e-010   -0.1435469
-2.40000003e-010   -0.1425391
-2.35000003e-010   -0.1415156
-2.30000003e-010   -0.1404453
-2.25000003e-010   -0.1393828
-2.20000003e-010   -0.1382578
-2.15000003e-010   -0.1371172
-2.10000003e-010   -0.1358672
-2.05000003e-010   -0.1344922
-2.00000003e-010   -0.1330625
-1.95000003e-010   -0.1315234
-1.90000003e-010   -0.1298672
-1.85000002e-010   -0.1281094
-1.80000002e-010   -0.1261953
-1.75000002e-010   -0.1242031
-1.70000002e-010   -0.1220703
-1.65000002e-010   -0.1197656
-1.60000002e-010   -0.1173281
-1.55000002e-010   -0.1147422
-1.50000002e-010   -0.1119844
-1.45000002e-010   -0.1090859
-1.40000002e-010   -0.1061172
-1.35000002e-010   -0.1029453
-1.30000002e-010  -0.09976563
-1.25000002e-010  -0.09647657
-1.20000002e-010  -0.09307032
-1.15000002e-010  -0.08963282
-1.10000001e-010  -0.08613282
-1.05000001e-010  -0.08253907
-1.00000001e-010  -0.07888282
-9.50000013e-011  -0.07520313
-9.00000012e-011  -0.07145313
-8.50000011e-011  -0.06764844
-8.00000011e-011  -0.06376563
-7.5000001e-011  -0.05989063
-7.00000009e-011  -0.05592188
-6.50000009e-011  -0.05196094
-6.00000008e-011  -0.04796094
-5.50000007e-011       -0.044
-5.00000007e-011        -0.04
-4.50000006e-011  -0.03608594
-4.00000005e-011  -0.03217969
-3.50000005e-011  -0.02836719
-3.00000004e-011    -0.024625
-2.50000003e-011  -0.02102344
-2.00000003e-011  -0.01755469
-1.50000002e-011  -0.01423438
-1.00000001e-011  -0.01113281
-5.00000007e-012 -0.008195313
           0 -0.005453125
5.00000007e-012 -0.002929687
1.00000001e-011 -0.0005156247
1.50000002e-011   0.00165625
2.00000003e-011  0.003703126
2.50000003e-011  0.005625001
3.00000004e-011  0.007375001
3.50000005e-011  0.008992188
4.00000005e-011   0.01041406
4.50000006e-011   0.01169531
5.00000007e-011   0.01286719
5.50000007e-011   0.01388281
6.00000008e-011   0.01486719
6.50000009e-011   0.01567188
7.00000009e-011   0.01639844
7.5000001e-011   0.01700781
8.00000011e-011   0.01752344
8.50000011e-011   0.01789063
9.00000012e-011   0.01813281
9.50000013e-011   0.01825781
1.00000001e-010   0.01828125
1.05000001e-010   0.01823438
1.10000001e-010   0.01814063
1.15000002e-010   0.01797656
1.20000002e-010   0.01776563
1.25000002e-010    0.0175625
1.30000002e-010   0.01729688
1.35000002e-010   0.01700781
1.40000002e-010   0.01673438
1.45000002e-010   0.01644531
1.50000002e-010   0.01617969
1.55000002e-010   0.01589844
1.60000002e-010   0.01563281
1.65000002e-010   0.01542188
1.70000002e-010   0.01521875
1.75000002e-010   0.01504688
1.80000002e-010   0.01489844
1.85000002e-010   0.01477344
1.90000003e-010   0.01467188
1.95000003e-010   0.01459375
2.00000003e-010   0.01454688
2.05000003e-010   0.01455469
2.10000003e-010   0.01460938
2.15000003e-010   0.01467188
2.20000003e-010   0.01485156
2.25000003e-010   0.01507031
2.30000003e-010     0.015375
2.35000003e-010   0.01572656
2.40000003e-010     0.016125
2.45000003e-010   0.01657813
2.50000003e-010    0.0170625
2.55000003e-010   0.01763281
2.60000003e-010   0.01823438
2.65000004e-010   0.01882813
2.70000004e-010   0.01947656
2.75000004e-010   0.02010938
2.80000004e-010      0.02075
2.85000004e-010   0.02140625
2.90000004e-010   0.02198438
2.95000004e-010   0.02255469
3.00000004e-010   0.02309375
3.05000004e-010   0.02355469
3.10000004e-010   0.02403125
3.15000004e-010   0.02442188
3.20000004e-010   0.02478906
3.25000004e-010   0.02510938
3.30000004e-010   0.02536719
3.35000004e-010   0.02560156
3.40000005e-010   0.02578125
3.45000005e-010   0.02592969
3.50000005e-010   0.02603906
3.55000005e-010   0.02610156
3.60000005e-010   0.02607813
3.65000005e-010   0.02609375
3.70000005e-010   0.02603125
3.75000005e-010   0.02592969
3.80000005e-010   0.02578125
3.85000005e-010   0.02561719
3.90000005e-010    0.0254375
3.95000005e-010   0.02517969
4.00000005e-010    0.0249375
4.05000005e-010   0.02464063
4.10000005e-010   0.02435938
4.15000006e-010   0.02404688
4.20000006e-010   0.02375781
4.25000006e-010   0.02346094
4.30000006e-010   0.02316406
4.35000006e-010   0.02288281
4.40000006e-010   0.02264063
4.45000006e-010   0.02235156
4.50000006e-010   0.02213281
4.55000006e-010   0.02191406
4.60000006e-010   0.02171094
4.65000006e-010   0.02150781
4.70000006e-010   0.02135938
4.75000006e-010   0.02121094
4.80000006e-010   0.02104688
4.85000006e-010   0.02092188
4.90000007e-010   0.02082813
4.95000007e-010   0.02072656
5.00000007e-010   0.02060156
5.05000007e-010   0.02052344
5.10000007e-010   0.02046875
5.15000007e-010   0.02040625
5.20000007e-010     0.020375
5.25000007e-010   0.02034375
5.30000007e-010   0.02032031
5.35000007e-010   0.02032813
5.40000007e-010   0.02033594
5.45000007e-010   0.02035938
5.50000007e-010   0.02035938
5.55000007e-010   0.02041406
5.60000007e-010   0.02042969
5.65000008e-010    0.0204375
5.70000008e-010    0.0204375
5.75000008e-010   0.02042969
5.80000008e-010    0.0204375
5.85000008e-010   0.02040625
5.90000008e-010   0.02034375
5.95000008e-010   0.02029688
6.00000008e-010   0.02021875
6.05000008e-010   0.02013281
6.10000008e-010    0.0200625
6.15000008e-010    0.0199375
6.20000008e-010   0.01980469
6.25000008e-010   0.01967969
6.30000008e-010   0.01955469
6.35000008e-010   0.01936719
6.40000009e-010   0.01925781
6.45000009e-010   0.01910156
6.50000009e-010   0.01897656
6.55000009e-010   0.01883594
6.60000009e-010   0.01874219
6.65000009e-010     0.018625
6.70000009e-010   0.01851563
6.75000009e-010   0.01846094
6.80000009e-010   0.01839844
6.85000009e-010   0.01834375
6.90000009e-010   0.01828125
6.95000009e-010   0.01824219
7.00000009e-010   0.01823438
7.05000009e-010   0.01821875
7.10000009e-010   0.01821094
7.1500001e-010   0.01816406
7.2000001e-010   0.01816406
7.2500001e-010     0.018125
7.3000001e-010   0.01810156
7.3500001e-010   0.01807031
7.4000001e-010        0.018
7.4500001e-010   0.01794531
7.5000001e-010     0.017875
7.5500001e-010   0.01782813
7.6000001e-010   0.01778906
7.6500001e-010   0.01771875
7.7000001e-010   0.01765625
7.7500001e-010   0.01763281
7.8000001e-010   0.01760156
7.8500001e-010   0.01755469
7.90000011e-010   0.01757813
7.95000011e-010    0.0175625
8.00000011e-010   0.01761719
8.05000011e-010   0.01764844
8.10000011e-010   0.01765625
8.15000011e-010   0.01767188
8.20000011e-010   0.01771094
8.25000011e-010      0.01775
8.30000011e-010   0.01774219
8.35000011e-010   0.01772656
8.40000011e-010   0.01776563
8.45000011e-010   0.01771875
8.50000011e-010   0.01766406
8.55000011e-010   0.01764844
8.60000011e-010   0.01757813
8.65000012e-010   0.01750781
8.70000012e-010   0.01747656
8.75000012e-010   0.01742188
8.80000012e-010   0.01734375
8.85000012e-010   0.01734375
8.90000012e-010      0.01725
8.95000012e-010   0.01719531
9.00000012e-010   0.01717969
9.05000012e-010   0.01714844
9.10000012e-010   0.01713281
9.15000012e-010   0.01709375
9.20000012e-010   0.01709375
9.25000012e-010    0.0170625
9.30000012e-010   0.01703906
9.35000012e-010    0.0170625
9.40000013e-010    0.0170625
9.45000013e-010   0.01710156
9.50000013e-010   0.01713281
9.55000013e-010    0.0171875
9.60000013e-010   0.01722656
9.65000013e-010   0.01728906
9.70000013e-010   0.01735156
9.75000013e-010   0.01745313
9.80000013e-010   0.01753125
9.85000013e-010   0.01761719
9.90000013e-010   0.01769531
9.95000013e-010   0.01777344
1.00000001e-009   0.01783594
1.00500001e-009   0.01795313
1.01000001e-009   0.01800781
1.01500001e-009   0.01807813
1.02000001e-009   0.01814063
1.02500001e-009   0.01819531
1.03000001e-009   0.01824219
1.03500001e-009   0.01832813
1.04000001e-009   0.01839844
1.04500001e-009   0.01847656
1.05000001e-009    0.0185625
1.05500001e-009   0.01867188
1.06000001e-009   0.01876563
1.06500001e-009   0.01891406
1.07000001e-009   0.01905469
1.07500001e-009   0.01917969
1.08000001e-009   0.01932031
1.08500001e-009   0.01947656
1.09000001e-009   0.01960938
1.09500001e-009   0.01975781
1.10000001e-009   0.01988281
1.10500001e-009   0.01998438
1.11000001e-009   0.02008594
1.11500001e-009    0.0201875
1.12000001e-009   0.02028125
1.12500002e-009   0.02035938
1.13000002e-009   0.02042969
1.13500002e-009   0.02050781
1.14000002e-009   0.02059375
1.14500002e-009   0.02066406
1.15000002e-009   0.02072656
1.15500002e-009   0.02082031
1.16000002e-009   0.02091406
1.16500002e-009   0.02100781
1.17000002e-009   0.02109375
1.17500002e-009   0.02121094
1.18000002e-009   0.02128906
1.18500002e-009   0.02139844
1.19000002e-009   0.02145313
1.19500002e-009   0.02153906
1.20000002e-009   0.02158594
1.20500002e-009   0.02161719
1.21000002e-009   0.02166406
1.21500002e-009   0.02164844
1.22000002e-009   0.02164844
1.22500002e-009   0.02160156
1.23000002e-009   0.02160938
1.23500002e-009   0.02157813
1.24000002e-009   0.02158594
1.24500002e-009   0.02157031
1.25000002e-009   0.02154688
