-2.49000003e-009   -0.0091875
-2.48000003e-009 -0.009078125
-2.47000003e-009  -0.00896875
-2.46000003e-009   -0.0089375
-2.45000003e-009 -0.008820313
-2.44000003e-009     -0.00875
-2.43000003e-009 -0.008664063
-2.42000003e-009 -0.008546875
-2.41000003e-009 -0.008476563
-2.40000003e-009 -0.008390625
-2.39000003e-009 -0.008328125
-2.38000003e-009 -0.008273438
-2.37000003e-009 -0.008234375
-2.36000003e-009 -0.008179688
-2.35000003e-009 -0.008148438
-2.34000003e-009  -0.00809375
-2.33000003e-009 -0.008046875
-2.32000003e-009 -0.007953125
-2.31000003e-009 -0.007898438
-2.30000003e-009 -0.007820313
-2.29000003e-009 -0.007773438
-2.28000003e-009 -0.007710938
-2.27000003e-009 -0.007609375
-2.26000003e-009  -0.00746875
-2.25000003e-009  -0.00728125
-2.24000003e-009 -0.007070312
-2.23000003e-009 -0.006859375
-2.22000003e-009 -0.006648437
-2.21000003e-009      -0.0065
-2.20000003e-009 -0.006390625
-2.19000003e-009    -0.006375
-2.18000003e-009 -0.006429687
-2.17000003e-009 -0.006515625
-2.16000003e-009   -0.0065625
-2.15000003e-009  -0.00659375
-2.14000003e-009 -0.006609375
-2.13000003e-009  -0.00659375
-2.12000003e-009 -0.006539062
-2.11000003e-009 -0.006460937
-2.10000003e-009 -0.006414062
-2.09000003e-009   -0.0063125
-2.08000003e-009 -0.006203125
-2.07000003e-009  -0.00609375
-2.06000003e-009       -0.006
-2.05000003e-009 -0.005851562
-2.04000003e-009     -0.00575
-2.03000003e-009 -0.005609375
-2.02000003e-009 -0.005507812
-2.01000003e-009  -0.00540625
-2.00000003e-009 -0.005367187
-1.99000003e-009 -0.005328125
-1.98000003e-009 -0.005265625
-1.97000003e-009 -0.005164062
-1.96000003e-009  -0.00503125
-1.95000003e-009  -0.00484375
-1.94000003e-009    -0.004625
-1.93000003e-009   -0.0044375
-1.92000003e-009 -0.004289062
-1.91000003e-009 -0.004195312
-1.90000003e-009 -0.004140625
-1.89000003e-009 -0.004117187
-1.88000003e-009 -0.004148437
-1.87000002e-009    -0.004125
-1.86000002e-009 -0.004070312
-1.85000002e-009 -0.003953125
-1.84000002e-009 -0.003789062
-1.83000002e-009    -0.003625
-1.82000002e-009 -0.003453125
-1.81000002e-009 -0.003335937
-1.80000002e-009   -0.0033125
-1.79000002e-009 -0.003328125
-1.78000002e-009 -0.003390625
-1.77000002e-009 -0.003484375
-1.76000002e-009 -0.003546875
-1.75000002e-009 -0.003554687
-1.74000002e-009  -0.00353125
-1.73000002e-009 -0.003453125
-1.72000002e-009   -0.0033125
-1.71000002e-009 -0.003210937
-1.70000002e-009 -0.003085937
-1.69000002e-009 -0.002992187
-1.68000002e-009 -0.002953125
-1.67000002e-009 -0.002960937
-1.66000002e-009 -0.002992187
-1.65000002e-009 -0.002984375
-1.64000002e-009 -0.002992187
-1.63000002e-009 -0.003039062
-1.62000002e-009  -0.00303125
-1.61000002e-009 -0.003023437
-1.60000002e-009  -0.00303125
-1.59000002e-009 -0.003007812
-1.58000002e-009 -0.002945312
-1.57000002e-009  -0.00284375
-1.56000002e-009 -0.002765625
-1.55000002e-009 -0.002703125
-1.54000002e-009 -0.002632812
-1.53000002e-009 -0.002578125
-1.52000002e-009    -0.002625
-1.51000002e-009 -0.002679687
-1.50000002e-009  -0.00271875
-1.49000002e-009 -0.002757812
-1.48000002e-009 -0.002804687
-1.47000002e-009 -0.002789062
-1.46000002e-009 -0.002726562
-1.45000002e-009 -0.002601562
-1.44000002e-009 -0.002507812
-1.43000002e-009  -0.00240625
-1.42000002e-009  -0.00234375
-1.41000002e-009 -0.002296875
-1.40000002e-009 -0.002351562
-1.39000002e-009  -0.00240625
-1.38000002e-009 -0.002460937
-1.37000002e-009  -0.00253125
-1.36000002e-009 -0.002546875
-1.35000002e-009 -0.002554687
-1.34000002e-009 -0.002539062
-1.33000002e-009 -0.002492187
-1.32000002e-009 -0.002398437
-1.31000002e-009 -0.002320312
-1.30000002e-009 -0.002265625
-1.29000002e-009 -0.002242187
-1.28000002e-009 -0.002234375
-1.27000002e-009  -0.00228125
-1.26000002e-009    -0.002375
-1.25000002e-009 -0.002460937
-1.24000002e-009  -0.00259375
-1.23000002e-009 -0.002679687
-1.22000002e-009 -0.002703125
-1.21000002e-009 -0.002679687
-1.20000002e-009 -0.002585937
-1.19000002e-009 -0.002460937
-1.18000002e-009 -0.002359375
-1.17000002e-009     -0.00225
-1.16000002e-009 -0.002234375
-1.15000002e-009 -0.002265625
-1.14000002e-009 -0.002398437
-1.13000002e-009 -0.002546875
-1.12000001e-009   -0.0026875
-1.11000001e-009  -0.00284375
-1.10000001e-009 -0.002976562
-1.09000001e-009 -0.003101562
-1.08000001e-009   -0.0031875
-1.07000001e-009 -0.003273437
-1.06000001e-009   -0.0033125
-1.05000001e-009 -0.003335937
-1.04000001e-009 -0.003335937
-1.03000001e-009 -0.003335937
-1.02000001e-009 -0.003265625
-1.01000001e-009 -0.003210937
-1.00000001e-009 -0.003171875
-9.90000013e-010 -0.003195312
-9.80000013e-010  -0.00321875
-9.70000013e-010  -0.00334375
-9.60000013e-010 -0.003484375
-9.50000013e-010 -0.003671875
-9.40000013e-010 -0.003796875
-9.30000012e-010    -0.003875
-9.20000012e-010 -0.003914062
-9.10000012e-010 -0.003851562
-9.00000012e-010     -0.00375
-8.90000012e-010 -0.003710937
-8.80000012e-010 -0.003726562
-8.70000012e-010 -0.003765625
-8.60000011e-010 -0.003921875
-8.50000011e-010  -0.00415625
-8.40000011e-010 -0.004421875
-8.30000011e-010   -0.0046875
-8.20000011e-010  -0.00496875
-8.10000011e-010 -0.005195312
-8.00000011e-010   -0.0054375
-7.90000011e-010 -0.005640625
-7.8000001e-010    -0.005875
-7.7000001e-010 -0.006148437
-7.6000001e-010 -0.006414062
-7.5000001e-010 -0.006796875
-7.4000001e-010  -0.00728125
-7.3000001e-010 -0.007851563
-7.2000001e-010 -0.008507813
-7.10000009e-010 -0.009257813
-7.00000009e-010  -0.01016406
-6.90000009e-010  -0.01122656
-6.80000009e-010  -0.01250781
-6.70000009e-010  -0.01403906
-6.60000009e-010  -0.01589063
-6.50000009e-010  -0.01805469
-6.40000009e-010  -0.02064063
-6.30000008e-010  -0.02367969
-6.20000008e-010  -0.02714844
-6.10000008e-010  -0.03103125
-6.00000008e-010   -0.0354375
-5.90000008e-010    -0.040375
-5.80000008e-010  -0.04583594
-5.70000008e-010    -0.051875
-5.60000007e-010   -0.0584375
-5.50000007e-010  -0.06546094
-5.40000007e-010  -0.07292969
-5.30000007e-010  -0.08067188
-5.20000007e-010  -0.08857813
-5.10000007e-010  -0.09649219
-5.00000007e-010   -0.1042891
-4.90000007e-010   -0.1118828
-4.80000006e-010   -0.1191094
-4.70000006e-010   -0.1259688
-4.60000006e-010   -0.1323906
-4.50000006e-010   -0.1382734
-4.40000006e-010   -0.1435391
-4.30000006e-010   -0.1481719
-4.20000006e-010   -0.1520859
-4.10000005e-010   -0.1552344
-4.00000005e-010   -0.1575547
-3.90000005e-010   -0.1591172
-3.80000005e-010   -0.1599922
-3.70000005e-010   -0.1603203
-3.60000005e-010   -0.1602344
-3.50000005e-010   -0.1597734
-3.40000005e-010   -0.1590234
-3.30000004e-010   -0.1580781
-3.20000004e-010   -0.1569453
-3.10000004e-010   -0.1557344
-3.00000004e-010   -0.1542891
-2.90000004e-010   -0.1526641
-2.80000004e-010   -0.1509609
-2.70000004e-010     -0.14925
-2.60000003e-010   -0.1475547
-2.50000003e-010   -0.1457969
-2.40000003e-010   -0.1439766
-2.30000003e-010   -0.1420313
-2.20000003e-010   -0.1399844
-2.10000003e-010   -0.1377031
-2.00000003e-010   -0.1351328
-1.90000003e-010   -0.1321172
-1.80000002e-010   -0.1286719
-1.70000002e-010   -0.1248438
-1.60000002e-010   -0.1205391
-1.50000002e-010   -0.1157656
-1.40000002e-010   -0.1105078
-1.30000002e-010   -0.1047344
-1.20000002e-010  -0.09847657
-1.10000001e-010  -0.09180469
-1.00000001e-010  -0.08472657
-9.00000012e-011  -0.07728125
-8.00000011e-011  -0.06953125
-7.00000009e-011  -0.06153125
-6.00000008e-011      -0.0535
-5.00000007e-011  -0.04552344
-4.00000005e-011  -0.03771875
-3.00000004e-011  -0.03016406
-2.00000003e-011       -0.023
-1.00000001e-011   -0.0163125
           0  -0.01021875
1.00000001e-011 -0.004695312
2.00000003e-011 0.0002109379
3.00000004e-011  0.004523438
4.00000005e-011  0.008265626
5.00000007e-011   0.01132813
6.00000008e-011   0.01376563
7.00000009e-011   0.01563281
8.00000011e-011   0.01694531
9.00000012e-011   0.01776563
1.00000001e-010   0.01810156
1.10000001e-010   0.01807031
1.20000002e-010   0.01779688
1.30000002e-010   0.01742969
1.40000002e-010   0.01696094
1.50000002e-010   0.01648438
1.60000002e-010   0.01597656
1.70000002e-010   0.01557813
1.80000002e-010   0.01524219
1.90000003e-010   0.01497656
2.00000003e-010   0.01475781
2.10000003e-010   0.01464063
2.20000003e-010   0.01460938
2.30000003e-010   0.01480469
2.40000003e-010   0.01520313
2.50000003e-010   0.01586719
2.60000003e-010   0.01675781
2.70000004e-010   0.01788281
2.80000004e-010   0.01915625
2.90000004e-010   0.02053125
3.00000004e-010     0.021875
3.10000004e-010   0.02309375
3.20000004e-010    0.0241875
3.30000004e-010   0.02504688
3.40000005e-010    0.0256875
3.50000005e-010   0.02607813
3.60000005e-010   0.02621875
3.70000005e-010   0.02619531
3.80000005e-010   0.02597656
3.90000005e-010   0.02560938
4.00000005e-010   0.02509375
4.10000005e-010   0.02454688
4.20000006e-010   0.02395313
4.30000006e-010   0.02340625
4.40000006e-010   0.02288281
4.50000006e-010   0.02250781
4.60000006e-010   0.02219531
4.70000006e-010   0.02195313
4.80000006e-010   0.02174219
4.90000007e-010   0.02153125
5.00000007e-010   0.02130469
5.10000007e-010   0.02101563
5.20000007e-010   0.02066406
5.30000007e-010     0.020375
5.40000007e-010   0.02009375
5.50000007e-010   0.01992188
5.60000007e-010   0.01982031
5.70000008e-010   0.01980469
5.80000008e-010   0.01989063
5.90000008e-010    0.0199375
6.00000008e-010   0.02007031
6.10000008e-010   0.02007813
6.20000008e-010   0.02001563
6.30000008e-010   0.01989844
6.40000009e-010    0.0196875
6.50000009e-010   0.01939063
6.60000009e-010   0.01911719
6.70000009e-010   0.01882813
6.80000009e-010   0.01852344
6.90000009e-010   0.01833594
7.00000009e-010   0.01814844
7.10000009e-010   0.01803125
7.2000001e-010   0.01802344
7.3000001e-010   0.01801563
7.4000001e-010   0.01802344
7.5000001e-010   0.01803125
7.6000001e-010   0.01799219
7.7000001e-010   0.01794531
7.8000001e-010     0.017875
7.90000011e-010   0.01778125
8.00000011e-010   0.01771875
8.10000011e-010   0.01764844
8.20000011e-010   0.01760938
8.30000011e-010   0.01759375
8.40000011e-010   0.01760156
8.50000011e-010   0.01763281
8.60000011e-010     0.017625
8.70000012e-010   0.01757031
8.80000012e-010       0.0175
8.90000012e-010   0.01740625
9.00000012e-010    0.0173125
9.10000012e-010   0.01724219
9.20000012e-010   0.01713281
9.30000012e-010   0.01711719
9.40000013e-010   0.01707813
9.50000013e-010   0.01710938
9.60000013e-010   0.01711719
9.70000013e-010   0.01721094
9.80000013e-010   0.01735938
9.90000013e-010       0.0175
1.00000001e-009   0.01771094
1.01000001e-009   0.01792188
1.02000001e-009   0.01817969
1.03000001e-009   0.01840625
1.04000001e-009   0.01863281
1.05000001e-009   0.01885156
1.06000001e-009   0.01900781
1.07000001e-009   0.01916406
1.08000001e-009   0.01932031
1.09000001e-009   0.01944531
1.10000001e-009   0.01958594
1.11000001e-009   0.01980469
1.12000001e-009   0.01997656
1.13000002e-009   0.02021875
1.14000002e-009   0.02045313
1.15000002e-009   0.02067969
1.16000002e-009   0.02082813
1.17000002e-009   0.02095313
1.18000002e-009   0.02104688
1.19000002e-009   0.02111719
1.20000002e-009   0.02117969
1.21000002e-009   0.02123438
1.22000002e-009    0.0213125
1.23000002e-009   0.02141406
1.24000002e-009   0.02153906
1.25000002e-009   0.02169531
1.26000002e-009   0.02185156
1.27000002e-009   0.02203125
1.28000002e-009     0.022125
1.29000002e-009   0.02222656
1.30000002e-009   0.02229688
1.31000002e-009     0.022375
1.32000002e-009   0.02242188
1.33000002e-009   0.02248438
1.34000002e-009   0.02258594
1.35000002e-009   0.02267969
1.36000002e-009   0.02282031
1.37000002e-009   0.02292969
1.38000002e-009    0.0230625
1.39000002e-009   0.02317188
1.40000002e-009      0.02325
1.41000002e-009   0.02332031
1.42000002e-009     0.023375
1.43000002e-009     0.023375
1.44000002e-009   0.02335938
1.45000002e-009   0.02332813
1.46000002e-009   0.02326563
1.47000002e-009    0.0231875
1.48000002e-009   0.02304688
1.49000002e-009   0.02289844
1.50000002e-009   0.02274219
1.51000002e-009   0.02253125
1.52000002e-009   0.02229688
1.53000002e-009        0.022
1.54000002e-009   0.02171094
1.55000002e-009   0.02138281
1.56000002e-009   0.02104688
1.57000002e-009   0.02067188
1.58000002e-009   0.02029688
1.59000002e-009   0.01988281
1.60000002e-009   0.01955469
1.61000002e-009   0.01919531
1.62000002e-009   0.01891406
1.63000002e-009   0.01864844
1.64000002e-009   0.01849219
1.65000002e-009   0.01836719
1.66000002e-009    0.0183125
1.67000002e-009   0.01829688
1.68000002e-009   0.01826563
1.69000002e-009   0.01825781
1.70000002e-009   0.01827344
1.71000002e-009   0.01821094
1.72000002e-009     0.018125
1.73000002e-009   0.01801563
1.74000002e-009   0.01792969
1.75000002e-009   0.01780469
1.76000002e-009   0.01767969
1.77000002e-009   0.01760156
1.78000002e-009   0.01747656
1.79000002e-009   0.01735938
1.80000002e-009   0.01726563
1.81000002e-009     0.017125
1.82000002e-009   0.01697656
1.83000002e-009      0.01675
1.84000002e-009    0.0165625
1.85000002e-009   0.01638281
1.86000002e-009   0.01624219
1.87000002e-009   0.01614844
1.88000003e-009   0.01607813
1.89000003e-009   0.01604688
1.90000003e-009   0.01610156
1.91000003e-009   0.01616406
1.92000003e-009      0.01625
1.93000003e-009   0.01629688
1.94000003e-009   0.01632031
1.95000003e-009   0.01629688
1.96000003e-009   0.01628906
1.97000003e-009   0.01628125
1.98000003e-009   0.01627344
1.99000003e-009   0.01626563
2.00000003e-009   0.01634375
2.01000003e-009   0.01649219
2.02000003e-009   0.01664844
2.03000003e-009   0.01685938
2.04000003e-009   0.01703906
2.05000003e-009   0.01723438
2.06000003e-009    0.0173125
2.07000003e-009   0.01739063
2.08000003e-009   0.01740625
2.09000003e-009   0.01735938
2.10000003e-009     0.017375
2.11000003e-009    0.0173125
2.12000003e-009   0.01735156
2.13000003e-009   0.01739844
2.14000003e-009       0.0175
2.15000003e-009     0.017625
2.16000003e-009   0.01769531
2.17000003e-009   0.01771875
2.18000003e-009   0.01770313
2.19000003e-009   0.01765625
2.20000003e-009   0.01751563
2.21000003e-009    0.0173125
2.22000003e-009   0.01715625
2.23000003e-009        0.017
2.24000003e-009   0.01690625
2.25000003e-009   0.01689063
2.26000003e-009   0.01689844
2.27000003e-009   0.01699219
2.28000003e-009     0.017125
2.29000003e-009   0.01728906
2.30000003e-009   0.01746094
2.31000003e-009    0.0175625
2.32000003e-009   0.01767969
2.33000003e-009   0.01778125
2.34000003e-009   0.01784375
2.35000003e-009   0.01790625
2.36000003e-009   0.01789063
2.37000003e-009   0.01783594
2.38000003e-009      0.01775
2.39000003e-009   0.01757031
2.40000003e-009   0.01745313
2.41000003e-009      0.01725
2.42000003e-009   0.01707813
2.43000003e-009   0.01692188
2.44000003e-009   0.01680469
2.45000003e-009   0.01678125
2.46000003e-009   0.01671094
2.47000003e-009   0.01667969
2.48000003e-009   0.01660938
2.49000003e-009   0.01650781
2.50000003e-009   0.01633594
