+3.00000000000E+005  -7.99001139275E+001
+7.79850000000E+006  -8.37192951162E+001
+1.52970000000E+007  -8.56866777636E+001
+2.27955000000E+007  -8.23245564623E+001
+3.02940000000E+007  -7.72381285545E+001
+3.77925000000E+007  -7.67388918667E+001
+4.52910000000E+007  -7.79697946810E+001
+5.27895000000E+007  -7.29537789987E+001
+6.02880000000E+007  -8.00571101541E+001
+6.77865000000E+007  -7.97466289688E+001
+7.52850000000E+007  -8.31849518289E+001
+8.27835000000E+007  -6.54141791632E+001
+9.02820000000E+007  -6.35674127190E+001
+9.77805000000E+007  -6.59627730006E+001
+1.05279000000E+008  -7.62261581306E+001
+1.12777500000E+008  -7.46160178930E+001
+1.20276000000E+008  -6.98575763731E+001
+1.27774500000E+008  -7.19918665070E+001
+1.35273000000E+008  -7.26511914681E+001
+1.42771500000E+008  -7.72125372518E+001
+1.50270000000E+008  -5.98216963646E+001
+1.57768500000E+008  -6.62858441084E+001
+1.65267000000E+008  -6.24694638955E+001
+1.72765500000E+008  -5.40843974305E+001
+1.80264000000E+008  -5.98055953492E+001
+1.87762500000E+008  -6.18487457294E+001
+1.95261000000E+008  -6.92936340586E+001
+2.02759500000E+008  -6.55653368153E+001
+2.10258000000E+008  -6.00281808836E+001
+2.17756500000E+008  -6.51915819061E+001
+2.25255000000E+008  -6.56122455247E+001
+2.32753500000E+008  -5.22942855242E+001
+2.40252000000E+008  -5.94097800934E+001
+2.47750500000E+008  -5.13220738404E+001
+2.55249000000E+008  -5.14699411571E+001
+2.62747500000E+008  -5.25092846161E+001
+2.70246000000E+008  -5.62988771627E+001
+2.77744500000E+008  -5.90920360087E+001
+2.85243000000E+008  -5.89714986967E+001
+2.92741500000E+008  -6.02674104555E+001
+3.00240000000E+008  -7.38404150540E+001
+3.07738500000E+008  -6.03066489658E+001
+3.15237000000E+008  -5.58665834198E+001
+3.22735500000E+008  -6.69313665238E+001
+3.30234000000E+008  -5.72783434235E+001
+3.37732500000E+008  -5.96593578776E+001
+3.45231000000E+008  -6.35054291383E+001
+3.52729500000E+008  -6.16728526924E+001
+3.60228000000E+008  -5.57544458936E+001
+3.67726500000E+008  -6.41959798787E+001
+3.75225000000E+008  -5.72997004419E+001
+3.82723500000E+008  -7.15630481972E+001
+3.90222000000E+008  -6.00221626069E+001
+3.97720500000E+008  -5.91565996763E+001
+4.05219000000E+008  -5.43966840658E+001
+4.12717500000E+008  -7.05778458063E+001
+4.20216000000E+008  -5.30596038771E+001
+4.27714500000E+008  -5.66514835441E+001
+4.35213000000E+008  -4.98219550174E+001
+4.42711500000E+008  -5.84174379849E+001
+4.50210000000E+008  -5.49301437782E+001
+4.57708500000E+008  -5.72595741583E+001
+4.65207000000E+008  -5.83469070960E+001
+4.72705500000E+008  -5.09833465324E+001
+4.80204000000E+008  -5.53238942530E+001
+4.87702500000E+008  -6.33677557468E+001
+4.95201000000E+008  -6.25768922014E+001
+5.02699500000E+008  -6.03789512723E+001
+5.10198000000E+008  -5.69562474215E+001
+5.17696500000E+008  -6.18720979097E+001
+5.25195000000E+008  -5.97861791803E+001
+5.32693500000E+008  -6.15865466933E+001
+5.40192000000E+008  -5.24112918559E+001
+5.47690500000E+008  -5.86577979441E+001
+5.55189000000E+008  -5.59196599970E+001
+5.62687500000E+008  -6.44992883127E+001
+5.70186000000E+008  -5.81768781581E+001
+5.77684500000E+008  -5.83371161844E+001
+5.85183000000E+008  -6.07942609594E+001
+5.92681500000E+008  -8.07218298137E+001
+6.00180000000E+008  -5.91703338622E+001
+6.07678500000E+008  -5.95124032540E+001
+6.15177000000E+008  -5.63998396199E+001
+6.22675500000E+008  -6.29652612556E+001
+6.30174000000E+008  -6.24465470113E+001
+6.37672500000E+008  -5.62960738482E+001
+6.45171000000E+008  -7.46377596173E+001
+6.52669500000E+008  -6.46024932001E+001
+6.60168000000E+008  -6.16141874600E+001
+6.67666500000E+008  -6.27170049425E+001
+6.75165000000E+008  -5.95746298923E+001
+6.82663500000E+008  -6.06563908008E+001
+6.90162000000E+008  -5.76639460771E+001
+6.97660500000E+008  -5.92881869818E+001
+7.05159000000E+008  -6.21681364766E+001
+7.12657500000E+008  -6.32403848634E+001
+7.20156000000E+008  -5.87453566869E+001
+7.27654500000E+008  -6.15549292234E+001
+7.35153000000E+008  -6.20732489709E+001
+7.42651500000E+008  -5.58040038850E+001
+7.50150000000E+008  -6.42099895547E+001
+7.57648500000E+008  -6.18834335468E+001
+7.65147000000E+008  -8.63695075626E+001
+7.72645500000E+008  -7.12525962378E+001
+7.80144000000E+008  -6.03988087953E+001
+7.87642500000E+008  -6.18128468517E+001
+7.95141000000E+008  -6.13722226730E+001
+8.02639500000E+008  -6.36026837165E+001
+8.10138000000E+008  -6.51506825186E+001
+8.17636500000E+008  -5.64451639765E+001
+8.25135000000E+008  -6.24710101899E+001
+8.32633500000E+008  -8.01114606952E+001
+8.40132000000E+008  -6.01539676884E+001
+8.47630500000E+008  -6.62115585280E+001
+8.55129000000E+008  -5.90835325764E+001
+8.62627500000E+008  -6.24751686747E+001
+8.70126000000E+008  -6.36191688227E+001
+8.77624500000E+008  -6.26241739516E+001
+8.85123000000E+008  -6.17216237341E+001
+8.92621500000E+008  -6.67938726290E+001
+9.00120000000E+008  -5.67604941613E+001
+9.07618500000E+008  -6.15162239650E+001
+9.15117000000E+008  -5.61697359305E+001
+9.22615500000E+008  -6.80432107062E+001
+9.30114000000E+008  -6.79504471658E+001
+9.37612500000E+008  -5.72548554133E+001
+9.45111000000E+008  -5.87247719730E+001
+9.52609500000E+008  -6.23505125910E+001
+9.60108000000E+008  -6.10779071303E+001
+9.67606500000E+008  -6.41970809670E+001
+9.75105000000E+008  -6.26928130120E+001
+9.82603500000E+008  -6.21040862655E+001
+9.90102000000E+008  -5.67075785374E+001
+9.97600500000E+008  -6.32084122052E+001
+1.00509900000E+009  -6.75313036486E+001
+1.01259750000E+009  -7.55110156282E+001
+1.02009600000E+009  -7.07921784579E+001
+1.02759450000E+009  -7.02904911820E+001
+1.03509300000E+009  -6.69905317845E+001
+1.04259150000E+009  -7.74940101394E+001
+1.05009000000E+009  -6.56940986666E+001
+1.05758850000E+009  -7.24851249626E+001
+1.06508700000E+009  -6.33774594449E+001
+1.07258550000E+009  -7.00684916973E+001
+1.08008400000E+009  -7.23175193680E+001
+1.08758250000E+009  -6.40282041622E+001
+1.09508100000E+009  -7.54382575623E+001
+1.10257950000E+009  -6.63708248067E+001
+1.11007800000E+009  -6.50000284236E+001
+1.11757650000E+009  -7.51697931043E+001
+1.12507500000E+009  -7.50312947387E+001
+1.13257350000E+009  -6.87665504710E+001
+1.14007200000E+009  -6.59926128834E+001
+1.14757050000E+009  -6.06407614814E+001
+1.15506900000E+009  -6.63736242439E+001
+1.16256750000E+009  -7.81308734665E+001
+1.17006600000E+009  -6.22320081118E+001
+1.17756450000E+009  -6.58872089935E+001
+1.18506300000E+009  -7.22368025444E+001
+1.19256150000E+009  -6.75105400066E+001
+1.20006000000E+009  -6.51364885346E+001
+1.20755850000E+009  -6.70476067140E+001
+1.21505700000E+009  -6.68400525669E+001
+1.22255550000E+009  -7.52141581689E+001
+1.23005400000E+009  -7.15916314622E+001
+1.23755250000E+009  -6.70173098461E+001
+1.24505100000E+009  -6.83509861355E+001
+1.25254950000E+009  -6.60481515751E+001
+1.26004800000E+009  -6.95915620692E+001
+1.26754650000E+009  -7.56451403677E+001
+1.27504500000E+009  -7.23092692981E+001
+1.28254350000E+009  -7.34963240686E+001
+1.29004200000E+009  -7.57639074767E+001
+1.29754050000E+009  -7.07933936942E+001
+1.30503900000E+009  -7.66347514494E+001
+1.31253750000E+009  -7.76551007539E+001
+1.32003600000E+009  -7.45382333802E+001
+1.32753450000E+009  -6.33455809795E+001
+1.33503300000E+009  -6.57281136222E+001
+1.34253150000E+009  -6.41145971469E+001
+1.35003000000E+009  -9.46608483305E+001
+1.35752850000E+009  -7.59339803740E+001
+1.36502700000E+009  -7.96059990746E+001
+1.37252550000E+009  -7.50032232814E+001
+1.38002400000E+009  -6.87284771411E+001
+1.38752250000E+009  -7.34852563656E+001
+1.39502100000E+009  -6.90456783570E+001
+1.40251950000E+009  -7.18566215416E+001
+1.41001800000E+009  -7.53532441828E+001
+1.41751650000E+009  -7.76966581304E+001
+1.42501500000E+009  -7.26930856535E+001
+1.43251350000E+009  -7.17524303267E+001
+1.44001200000E+009  -7.44632337559E+001
+1.44751050000E+009  -7.04517458758E+001
+1.45500900000E+009  -6.70898164522E+001
+1.46250750000E+009  -7.96432653070E+001
+1.47000600000E+009  -7.17239237642E+001
+1.47750450000E+009  -7.63150955419E+001
+1.48500300000E+009  -9.38392009519E+001
+1.49250150000E+009  -7.85490925011E+001
+1.50000000000E+009  -7.94094093767E+001
