+3.00000000000E+005  -9.76024130128E+001
+7.79850000000E+006  -9.67478948868E+001
+1.52970000000E+007  -8.52468597265E+001
+2.27955000000E+007  -8.00943153319E+001
+3.02940000000E+007  -8.06318836404E+001
+3.77925000000E+007  -7.19686908031E+001
+4.52910000000E+007  -8.02740072827E+001
+5.27895000000E+007  -6.87278679976E+001
+6.02880000000E+007  -6.70367223085E+001
+6.77865000000E+007  -6.64928196209E+001
+7.52850000000E+007  -6.55399962776E+001
+8.27835000000E+007  -6.31163483903E+001
+9.02820000000E+007  -5.95370494479E+001
+9.77805000000E+007  -7.14381093488E+001
+1.05279000000E+008  -7.20351896374E+001
+1.12777500000E+008  -7.93623309982E+001
+1.20276000000E+008  -6.48698649856E+001
+1.27774500000E+008  -8.42028601596E+001
+1.35273000000E+008  -6.48775586825E+001
+1.42771500000E+008  -5.47975203457E+001
+1.50270000000E+008  -6.20247222996E+001
+1.57768500000E+008  -5.68760765723E+001
+1.65267000000E+008  -6.46108140625E+001
+1.72765500000E+008  -7.73260364613E+001
+1.80264000000E+008  -5.83379777931E+001
+1.87762500000E+008  -6.92545536778E+001
+1.95261000000E+008  -6.76711482499E+001
+2.02759500000E+008  -5.97279755304E+001
+2.10258000000E+008  -6.18466218435E+001
+2.17756500000E+008  -5.90268664930E+001
+2.25255000000E+008  -5.98501715632E+001
+2.32753500000E+008  -5.48076168185E+001
+2.40252000000E+008  -5.80285529520E+001
+2.47750500000E+008  -5.84697789146E+001
+2.55249000000E+008  -5.35937083860E+001
+2.62747500000E+008  -5.67354877993E+001
+2.70246000000E+008  -5.63817723433E+001
+2.77744500000E+008  -6.44391222538E+001
+2.85243000000E+008  -7.10610775822E+001
+2.92741500000E+008  -6.81241403779E+001
+3.00240000000E+008  -7.05555178607E+001
+3.07738500000E+008  -6.36629607086E+001
+3.15237000000E+008  -6.34123322980E+001
+3.22735500000E+008  -6.38567701499E+001
+3.30234000000E+008  -5.63604981451E+001
+3.37732500000E+008  -6.23103084788E+001
+3.45231000000E+008  -5.44074846965E+001
+3.52729500000E+008  -6.49304800703E+001
+3.60228000000E+008  -6.14293422612E+001
+3.67726500000E+008  -6.16425912788E+001
+3.75225000000E+008  -6.47325139210E+001
+3.82723500000E+008  -5.11242874426E+001
+3.90222000000E+008  -5.62432667340E+001
+3.97720500000E+008  -6.06841790500E+001
+4.05219000000E+008  -5.80996570960E+001
+4.12717500000E+008  -5.48190941152E+001
+4.20216000000E+008  -5.19145574550E+001
+4.27714500000E+008  -6.89873472891E+001
+4.35213000000E+008  -5.19689024451E+001
+4.42711500000E+008  -5.40972406817E+001
+4.50210000000E+008  -5.93985183544E+001
+4.57708500000E+008  -6.98411489281E+001
+4.65207000000E+008  -7.21155397412E+001
+4.72705500000E+008  -5.25164485112E+001
+4.80204000000E+008  -5.56395307064E+001
+4.87702500000E+008  -5.72635517549E+001
+4.95201000000E+008  -6.71385505398E+001
+5.02699500000E+008  -5.46875667487E+001
+5.10198000000E+008  -6.36074388981E+001
+5.17696500000E+008  -5.92661094426E+001
+5.25195000000E+008  -7.73468456494E+001
+5.32693500000E+008  -5.83409584295E+001
+5.40192000000E+008  -5.75047876334E+001
+5.47690500000E+008  -6.18870942625E+001
+5.55189000000E+008  -6.58962871473E+001
+5.62687500000E+008  -5.84365850217E+001
+5.70186000000E+008  -5.92209894407E+001
+5.77684500000E+008  -6.27834251196E+001
+5.85183000000E+008  -6.16946457404E+001
+5.92681500000E+008  -5.80138098180E+001
+6.00180000000E+008  -7.10991689475E+001
+6.07678500000E+008  -5.69847419423E+001
+6.15177000000E+008  -5.80411873821E+001
+6.22675500000E+008  -5.92989551724E+001
+6.30174000000E+008  -5.68868599240E+001
+6.37672500000E+008  -5.69253312450E+001
+6.45171000000E+008  -5.59307232944E+001
+6.52669500000E+008  -5.67824434455E+001
+6.60168000000E+008  -6.36869774352E+001
+6.67666500000E+008  -7.70158695233E+001
+6.75165000000E+008  -7.17747913805E+001
+6.82663500000E+008  -5.66767133322E+001
+6.90162000000E+008  -7.36743528948E+001
+6.97660500000E+008  -5.97965059964E+001
+7.05159000000E+008  -6.13832712805E+001
+7.12657500000E+008  -6.78579841754E+001
+7.20156000000E+008  -7.12458264134E+001
+7.27654500000E+008  -5.89753579474E+001
+7.35153000000E+008  -5.78285419014E+001
+7.42651500000E+008  -6.34412376020E+001
+7.50150000000E+008  -6.12415128985E+001
+7.57648500000E+008  -6.20387863655E+001
+7.65147000000E+008  -6.09275032584E+001
+7.72645500000E+008  -7.03813082718E+001
+7.80144000000E+008  -5.66944460740E+001
+7.87642500000E+008  -6.82883219302E+001
+7.95141000000E+008  -6.29812636630E+001
+8.02639500000E+008  -7.50867794190E+001
+8.10138000000E+008  -7.32153786836E+001
+8.17636500000E+008  -6.69947485883E+001
+8.25135000000E+008  -5.89327286549E+001
+8.32633500000E+008  -6.29287173397E+001
+8.40132000000E+008  -6.76443627747E+001
+8.47630500000E+008  -5.81719933313E+001
+8.55129000000E+008  -6.24823680542E+001
+8.62627500000E+008  -7.09457671270E+001
+8.70126000000E+008  -7.02030493296E+001
+8.77624500000E+008  -6.37303451085E+001
+8.85123000000E+008  -7.31839521133E+001
+8.92621500000E+008  -6.02558992797E+001
+9.00120000000E+008  -7.36435544309E+001
+9.07618500000E+008  -5.70218862721E+001
+9.15117000000E+008  -6.40482736439E+001
+9.22615500000E+008  -7.18121061365E+001
+9.30114000000E+008  -6.56123163698E+001
+9.37612500000E+008  -6.27204165633E+001
+9.45111000000E+008  -6.31999631340E+001
+9.52609500000E+008  -6.65551041694E+001
+9.60108000000E+008  -5.99877561414E+001
+9.67606500000E+008  -6.28726266257E+001
+9.75105000000E+008  -7.33929695668E+001
+9.82603500000E+008  -6.16682690819E+001
+9.90102000000E+008  -6.51105135144E+001
+9.97600500000E+008  -6.19349032084E+001
+1.00509900000E+009  -6.19483481846E+001
+1.01259750000E+009  -6.95173936537E+001
+1.02009600000E+009  -6.67455167911E+001
+1.02759450000E+009  -6.28576041561E+001
+1.03509300000E+009  -6.67097352678E+001
+1.04259150000E+009  -6.83249724244E+001
+1.05009000000E+009  -6.40618398370E+001
+1.05758850000E+009  -6.39366036817E+001
+1.06508700000E+009  -7.57097078098E+001
+1.07258550000E+009  -6.99022151503E+001
+1.08008400000E+009  -7.41292525473E+001
+1.08758250000E+009  -6.89002372216E+001
+1.09508100000E+009  -6.24867737017E+001
+1.10257950000E+009  -6.44115294054E+001
+1.11007800000E+009  -6.75398095168E+001
+1.11757650000E+009  -7.04833442963E+001
+1.12507500000E+009  -6.05908760545E+001
+1.13257350000E+009  -6.97763422811E+001
+1.14007200000E+009  -6.25585922704E+001
+1.14757050000E+009  -6.79197941612E+001
+1.15506900000E+009  -6.61066120365E+001
+1.16256750000E+009  -6.59816282299E+001
+1.17006600000E+009  -6.56402544848E+001
+1.17756450000E+009  -7.04051309960E+001
+1.18506300000E+009  -7.38718511953E+001
+1.19256150000E+009  -6.33949861398E+001
+1.20006000000E+009  -7.16757586126E+001
+1.20755850000E+009  -7.16217255360E+001
+1.21505700000E+009  -7.18535395568E+001
+1.22255550000E+009  -7.15955574915E+001
+1.23005400000E+009  -7.06280758522E+001
+1.23755250000E+009  -7.00358203224E+001
+1.24505100000E+009  -6.78970138414E+001
+1.25254950000E+009  -7.48381450816E+001
+1.26004800000E+009  -6.77589486409E+001
+1.26754650000E+009  -7.08798506903E+001
+1.27504500000E+009  -6.57046397808E+001
+1.28254350000E+009  -7.14027110313E+001
+1.29004200000E+009  -8.10505156535E+001
+1.29754050000E+009  -7.00480250456E+001
+1.30503900000E+009  -7.29439194124E+001
+1.31253750000E+009  -6.97017468066E+001
+1.32003600000E+009  -7.13892837028E+001
+1.32753450000E+009  -7.57770939660E+001
+1.33503300000E+009  -7.88106647516E+001
+1.34253150000E+009  -7.15611533164E+001
+1.35003000000E+009  -7.16874667800E+001
+1.35752850000E+009  -7.94937713818E+001
+1.36502700000E+009  -7.29855496137E+001
+1.37252550000E+009  -7.42286193325E+001
+1.38002400000E+009  -7.82174540918E+001
+1.38752250000E+009  -7.40478185771E+001
+1.39502100000E+009  -7.58946501145E+001
+1.40251950000E+009  -6.99614598940E+001
+1.41001800000E+009  -6.74725517059E+001
+1.41751650000E+009  -7.40591793516E+001
+1.42501500000E+009  -8.19688380710E+001
+1.43251350000E+009  -7.19383708743E+001
+1.44001200000E+009  -7.92591375201E+001
+1.44751050000E+009  -7.36078201659E+001
+1.45500900000E+009  -7.61759032626E+001
+1.46250750000E+009  -7.37575298567E+001
+1.47000600000E+009  -6.97075011814E+001
+1.47750450000E+009  -6.99697942181E+001
+1.48500300000E+009  -7.09908332143E+001
+1.49250150000E+009  -8.10983379144E+001
+1.50000000000E+009  -6.76221309306E+001
