-2.49000003e-009  -0.01132031
-2.48000003e-009       -0.003
-2.47000003e-009  -0.01109375
-2.46000003e-009       -0.003
-2.45000003e-009  -0.01203906
-2.44000003e-009 -0.002234375
-2.43000003e-009  -0.01335156
-2.42000003e-009  -0.00303125
-2.41000003e-009  -0.01383594
-2.40000003e-009 -0.002101562
-2.39000003e-009  -0.01139844
-2.38000003e-009 -0.0005156247
-2.37000003e-009  -0.01089844
-2.36000003e-009 -0.001570312
-2.35000003e-009       -0.011
-2.34000003e-009 -0.0009999997
-2.33000003e-009  -0.01059375
-2.32000003e-009  -0.00228125
-2.31000003e-009  -0.01047656
-2.30000003e-009 -0.001148437
-2.29000003e-009  -0.01129688
-2.28000003e-009 -0.0009999997
-2.27000003e-009  -0.01073438
-2.26000003e-009 -0.001757812
-2.25000003e-009  -0.01045313
-2.24000003e-009 -0.0009999997
-2.23000003e-009       -0.011
-2.22000003e-009 -0.0005781247
-2.21000003e-009 -0.009390625
-2.20000003e-009        0.001
-2.19000003e-009 -0.009085938
-2.18000003e-009 -0.0008124997
-2.17000003e-009  -0.01017969
-2.16000003e-009 -0.0004062497
-2.15000003e-009  -0.01064844
-2.14000003e-009 -0.0001796872
-2.13000003e-009       -0.009
-2.12000003e-009 -0.0008749997
-2.11000003e-009 -0.009609375
-2.10000003e-009 0.0001093754
-2.09000003e-009       -0.011
-2.08000003e-009  0.001132813
-2.07000003e-009 -0.009492188
-2.06000003e-009   0.00196875
-2.05000003e-009 -0.008117188
-2.04000003e-009        0.001
-2.03000003e-009 -0.009171875
-2.02000003e-009        0.001
-2.01000003e-009 -0.009789063
-2.00000003e-009  0.001164063
-1.99000003e-009 -0.007398438
-1.98000003e-009        0.001
-1.97000003e-009       -0.007
-1.96000003e-009  0.001226563
-1.95000003e-009 -0.009039063
-1.94000003e-009  0.002085938
-1.93000003e-009       -0.009
-1.92000003e-009  0.003171875
-1.91000003e-009  -0.00740625
-1.90000003e-009        0.003
-1.89000003e-009   -0.0078125
-1.88000003e-009   0.00184375
-1.87000002e-009       -0.009
-1.86000002e-009  0.002351563
-1.85000002e-009 -0.007109375
-1.84000002e-009        0.003
-1.83000002e-009 -0.007007812
-1.82000002e-009   0.00146875
-1.81000002e-009 -0.007898438
-1.80000002e-009  0.002390625
-1.79000002e-009 -0.007820313
-1.78000002e-009        0.003
-1.77000002e-009 -0.006882812
-1.76000002e-009    0.0020625
-1.75000002e-009 -0.006835937
-1.74000002e-009        0.003
-1.73000002e-009 -0.007414063
-1.72000002e-009   0.00253125
-1.71000002e-009  -0.00690625
-1.70000002e-009  0.002789063
-1.69000002e-009    -0.006125
-1.68000002e-009  0.002429688
-1.67000002e-009 -0.006304687
-1.66000002e-009        0.003
-1.65000002e-009       -0.007
-1.64000002e-009        0.003
-1.63000002e-009 -0.006882812
-1.62000002e-009  0.002914063
-1.61000002e-009 -0.005601562
-1.60000002e-009  0.003023438
-1.59000002e-009 -0.007898438
-1.58000002e-009  0.002460938
-1.57000002e-009 -0.007953125
-1.56000002e-009  0.003914063
-1.55000002e-009   -0.0055625
-1.54000002e-009        0.003
-1.53000002e-009       -0.007
-1.52000002e-009  0.003468751
-1.51000002e-009 -0.008804688
-1.50000002e-009  0.005000001
-1.49000002e-009 -0.008148438
-1.48000002e-009        0.003
-1.47000002e-009       -0.007
-1.46000002e-009        0.003
-1.45000002e-009 -0.006601562
-1.44000002e-009   0.00253125
-1.43000002e-009   -0.0070625
-1.42000002e-009  0.001328125
-1.41000002e-009 -0.006210937
-1.40000002e-009        0.003
-1.39000002e-009 -0.007101562
-1.38000002e-009  0.004179688
-1.37000002e-009 -0.007726563
-1.36000002e-009  0.003976563
-1.35000002e-009 -0.007070312
-1.34000002e-009  0.003781251
-1.33000002e-009 -0.007476563
-1.32000002e-009        0.003
-1.31000002e-009 -0.007320312
-1.30000002e-009  0.003601563
-1.29000002e-009       -0.007
-1.28000002e-009  0.002367188
-1.27000002e-009 -0.006015625
-1.26000002e-009     0.001875
-1.25000002e-009 -0.006648437
-1.24000002e-009  0.003382813
-1.23000002e-009 -0.008101563
-1.22000002e-009  0.001820313
-1.21000002e-009   -0.0085625
-1.20000002e-009  0.003585938
-1.19000002e-009       -0.007
-1.18000002e-009   0.00303125
-1.17000002e-009 -0.007804688
-1.16000002e-009  0.001296875
-1.15000002e-009 -0.006632812
-1.14000002e-009    0.0013125
-1.13000002e-009 -0.006921875
-1.12000001e-009  0.002539063
-1.11000001e-009       -0.007
-1.10000001e-009  0.003492188
-1.09000001e-009 -0.007148437
-1.08000001e-009    0.0020625
-1.07000001e-009       -0.007
-1.06000001e-009        0.003
-1.05000001e-009   -0.0073125
-1.04000001e-009  0.002601563
-1.03000001e-009 -0.008179688
-1.02000001e-009  0.001351563
-1.01000001e-009       -0.009
-1.00000001e-009        0.001
-9.90000013e-010 -0.009453125
-9.80000013e-010 -6.249965e-005
-9.70000013e-010  -0.00865625
-9.60000013e-010 0.0006718754
-9.50000013e-010 -0.009039063
-9.40000013e-010  0.001210938
-9.30000012e-010 -0.008257813
-9.20000012e-010 4.687535e-005
-9.10000012e-010 -0.008023438
-9.00000012e-010 -0.001289062
-8.90000012e-010  -0.01089063
-8.80000012e-010 -0.0009999997
-8.70000012e-010  -0.01069531
-8.60000011e-010 -0.002546875
-8.50000011e-010  -0.01141406
-8.40000011e-010 -0.0009999997
-8.30000011e-010    -0.012625
-8.20000011e-010 -0.004054687
-8.10000011e-010  -0.01446875
-8.00000011e-010       -0.005
-7.90000011e-010  -0.01592969
-7.8000001e-010 -0.008460938
-7.7000001e-010  -0.01984375
-7.6000001e-010  -0.01054688
-7.5000001e-010  -0.02490625
-7.4000001e-010  -0.01625781
-7.3000001e-010     -0.03175
-7.2000001e-010  -0.02208594
-7.10000009e-010  -0.04183594
-7.00000009e-010     -0.02925
-6.90000009e-010       -0.051
-6.80000009e-010  -0.03990625
-6.70000009e-010   -0.0618125
-6.60000009e-010       -0.053
-6.50000009e-010   -0.0764375
-6.40000009e-010  -0.06879688
-6.30000008e-010  -0.09200782
-6.20000008e-010  -0.08292969
-6.10000008e-010   -0.1075313
-6.00000008e-010   -0.1003984
-5.90000008e-010   -0.1254688
-5.80000008e-010   -0.1163906
-5.70000008e-010   -0.1383594
-5.60000007e-010   -0.1293516
-5.50000007e-010       -0.147
-5.40000007e-010   -0.1405859
-5.30000007e-010   -0.1550859
-5.20000007e-010   -0.1480859
-5.10000007e-010       -0.161
-5.00000007e-010       -0.153
-4.90000007e-010       -0.165
-4.80000006e-010   -0.1546641
-4.70000006e-010       -0.167
-4.60000006e-010   -0.1542734
-4.50000006e-010   -0.1656406
-4.40000006e-010   -0.1521172
-4.30000006e-010   -0.1630938
-4.20000006e-010   -0.1515781
-4.10000005e-010   -0.1627578
-4.00000005e-010   -0.1500313
-3.90000005e-010   -0.1585391
-3.80000005e-010   -0.1480859
-3.70000005e-010    -0.156375
-3.60000005e-010   -0.1445938
-3.50000005e-010   -0.1538125
-3.40000005e-010   -0.1422891
-3.30000004e-010   -0.1515859
-3.20000004e-010   -0.1402734
-3.10000004e-010   -0.1512656
-3.00000004e-010   -0.1381484
-2.90000004e-010   -0.1486094
-2.80000004e-010       -0.135
-2.70000004e-010   -0.1437188
-2.60000003e-010   -0.1315859
-2.50000003e-010   -0.1413516
-2.40000003e-010       -0.127
-2.30000003e-010   -0.1371719
-2.20000003e-010   -0.1230859
-2.10000003e-010   -0.1312188
-2.00000003e-010   -0.1187266
-1.90000003e-010   -0.1253906
-1.80000002e-010       -0.111
-1.70000002e-010   -0.1172266
-1.60000002e-010   -0.1006875
-1.50000002e-010   -0.1101563
-1.40000002e-010  -0.08803907
-1.30000002e-010  -0.09798438
-1.20000002e-010  -0.07369532
-1.10000001e-010       -0.083
-1.00000001e-010    -0.058625
-9.00000012e-011  -0.06676563
-8.00000011e-011       -0.041
-7.00000009e-011  -0.04946875
-6.00000008e-011  -0.02498438
-5.00000007e-011  -0.03294531
-4.00000005e-011       -0.007
-3.00000004e-011  -0.01678906
-2.00000003e-011  0.005132813
-1.00000001e-011 -0.004476562
           0      0.01525
1.00000001e-011  0.005835938
2.00000003e-011    0.0248125
3.00000004e-011        0.016
4.00000005e-011   0.03009375
5.00000007e-011        0.019
6.00000008e-011        0.031
7.00000009e-011   0.01933594
8.00000011e-011   0.03158594
9.00000012e-011   0.01946875
1.00000001e-010   0.02825781
1.10000001e-010   0.01896094
1.20000002e-010   0.02588281
1.30000002e-010   0.01667969
1.40000002e-010   0.02424219
1.50000002e-010   0.01405469
1.60000002e-010        0.023
1.70000002e-010   0.01201563
1.80000002e-010   0.02242969
1.90000003e-010   0.01221094
2.00000003e-010   0.02257813
2.10000003e-010   0.01166406
2.20000003e-010   0.02460156
2.30000003e-010   0.01548438
2.40000003e-010   0.02755469
2.50000003e-010   0.01735156
2.60000003e-010   0.02942969
2.70000004e-010        0.019
2.80000004e-010   0.03228125
2.90000004e-010   0.02282813
3.00000004e-010        0.033
3.10000004e-010        0.025
3.20000004e-010   0.03342969
3.30000004e-010   0.02522656
3.40000005e-010   0.03521875
3.50000005e-010   0.02463281
3.60000005e-010   0.03416406
3.70000005e-010   0.02386719
3.80000005e-010   0.03539844
3.90000005e-010     0.023875
4.00000005e-010    0.0338125
4.10000005e-010        0.023
4.20000006e-010   0.03232031
4.30000006e-010   0.02185156
4.40000006e-010   0.03248438
4.50000006e-010   0.02077344
4.60000006e-010   0.03236719
4.70000006e-010   0.02038281
4.80000006e-010   0.02960156
4.90000007e-010   0.01807813
5.00000007e-010    0.0283125
5.10000007e-010   0.01778125
5.20000007e-010      0.02825
5.30000007e-010   0.01848438
5.40000007e-010        0.029
5.50000007e-010   0.01653906
5.60000007e-010   0.02902344
5.70000008e-010   0.01792188
5.80000008e-010        0.029
5.90000008e-010   0.01855469
6.00000008e-010   0.02750781
6.10000008e-010   0.01897656
6.20000008e-010   0.02977344
6.30000008e-010   0.01908594
6.40000009e-010        0.031
6.50000009e-010     0.018375
6.60000009e-010   0.02945313
6.70000009e-010   0.01633594
6.80000009e-010   0.02920313
6.90000009e-010   0.01650781
7.00000009e-010   0.02723438
7.10000009e-010   0.01649219
7.2000001e-010   0.02772656
7.3000001e-010   0.01357813
7.4000001e-010        0.027
7.5000001e-010   0.01194531
7.6000001e-010    0.0253125
7.7000001e-010        0.013
7.8000001e-010        0.025
7.90000011e-010        0.015
8.00000011e-010   0.02455469
8.10000011e-010   0.01467188
8.20000011e-010   0.02439844
8.30000011e-010   0.01297656
8.40000011e-010   0.02323438
8.50000011e-010        0.013
8.60000011e-010   0.02330469
8.70000012e-010      0.01425
8.80000012e-010   0.02284375
8.90000012e-010   0.01375781
9.00000012e-010   0.02417969
9.10000012e-010   0.01535938
9.20000012e-010    0.0268125
9.30000012e-010   0.01622656
9.40000013e-010   0.02644531
9.50000013e-010        0.017
9.60000013e-010     0.027125
9.70000013e-010   0.01647656
9.80000013e-010        0.027
9.90000013e-010   0.01845313
1.00000001e-009   0.02784375
1.01000001e-009   0.01791406
1.02000001e-009   0.02926563
1.03000001e-009        0.015
1.04000001e-009        0.031
1.05000001e-009   0.01635938
1.06000001e-009        0.029
1.07000001e-009        0.017
1.08000001e-009   0.02889063
1.09000001e-009   0.01864063
1.10000001e-009   0.02792188
1.11000001e-009   0.01871094
1.12000001e-009   0.02823438
1.13000002e-009   0.01907031
1.14000002e-009   0.02910156
1.15000002e-009   0.01964063
1.16000002e-009   0.02878906
1.17000002e-009        0.021
1.18000002e-009      0.02925
1.19000002e-009   0.02069531
1.20000002e-009   0.03016406
1.21000002e-009   0.02020313
1.22000002e-009    0.0311875
1.23000002e-009   0.02022656
1.24000002e-009   0.03132813
1.25000002e-009        0.021
1.26000002e-009        0.031
1.27000002e-009     0.021125
1.28000002e-009   0.03142969
1.29000002e-009        0.023
1.30000002e-009   0.03164844
1.31000002e-009   0.02296875
1.32000002e-009        0.033
1.33000002e-009   0.02335938
1.34000002e-009        0.033
1.35000002e-009    0.0221875
1.36000002e-009   0.03285156
1.37000002e-009   0.02197656
1.38000002e-009   0.03177344
1.39000002e-009   0.02144531
1.40000002e-009   0.03289844
1.41000002e-009   0.02071094
1.42000002e-009   0.03208594
1.43000002e-009   0.02139844
1.44000002e-009    0.0300625
1.45000002e-009   0.02132813
1.46000002e-009   0.02939844
1.47000002e-009   0.02099219
1.48000002e-009   0.02961719
1.49000002e-009     0.020875
1.50000002e-009        0.031
1.51000002e-009        0.019
1.52000002e-009   0.02908594
1.53000002e-009   0.01842969
1.54000002e-009   0.02848438
1.55000002e-009   0.01883594
1.56000002e-009   0.02844531
1.57000002e-009   0.01771875
1.58000002e-009   0.02876563
1.59000002e-009        0.017
1.60000002e-009   0.02849219
1.61000002e-009   0.01689844
1.62000002e-009        0.027
1.63000002e-009        0.017
1.64000002e-009   0.02754688
1.65000002e-009        0.017
1.66000002e-009   0.02657813
1.67000002e-009        0.017
1.68000002e-009        0.027
1.69000002e-009   0.01436719
1.70000002e-009   0.02689844
1.71000002e-009   0.01428906
1.72000002e-009   0.02519531
1.73000002e-009        0.015
1.74000002e-009        0.025
1.75000002e-009   0.01628125
1.76000002e-009        0.027
1.77000002e-009   0.01553906
1.78000002e-009   0.02553906
1.79000002e-009   0.01492969
1.80000002e-009        0.025
1.81000002e-009        0.015
1.82000002e-009   0.02474219
1.83000002e-009        0.013
1.84000002e-009        0.025
1.85000002e-009     0.014625
1.86000002e-009   0.02414844
1.87000002e-009        0.015
1.88000003e-009   0.02384375
1.89000003e-009   0.01329688
1.90000003e-009   0.02414844
1.91000003e-009   0.01353906
1.92000003e-009   0.02321094
1.93000003e-009   0.01373438
1.94000003e-009    0.0246875
1.95000003e-009   0.01383594
1.96000003e-009        0.027
1.97000003e-009   0.01489844
1.98000003e-009       0.0265
1.99000003e-009        0.015
2.00000003e-009   0.02463281
2.01000003e-009   0.01610156
2.02000003e-009   0.02464063
2.03000003e-009        0.015
2.04000003e-009        0.025
2.05000003e-009   0.01498438
2.06000003e-009        0.025
2.07000003e-009   0.01530469
2.08000003e-009   0.02538281
2.09000003e-009        0.015
2.10000003e-009   0.02567969
2.11000003e-009   0.01580469
2.12000003e-009   0.02538281
2.13000003e-009        0.015
2.14000003e-009        0.027
2.15000003e-009       0.0145
2.16000003e-009        0.025
2.17000003e-009   0.01496875
2.18000003e-009   0.02470313
2.19000003e-009    0.0144375
2.20000003e-009        0.025
2.21000003e-009   0.01276563
2.22000003e-009   0.02445313
2.23000003e-009   0.01338281
2.24000003e-009        0.025
2.25000003e-009   0.01426563
2.26000003e-009   0.02580469
2.27000003e-009   0.01303125
2.28000003e-009   0.02589063
2.29000003e-009        0.015
2.30000003e-009   0.02579688
2.31000003e-009   0.01479688
2.32000003e-009   0.02669531
2.33000003e-009   0.01492188
2.34000003e-009        0.025
2.35000003e-009   0.01447656
2.36000003e-009   0.02482813
2.37000003e-009   0.01442188
2.38000003e-009   0.02540625
2.39000003e-009   0.01426563
2.40000003e-009        0.025
2.41000003e-009   0.01474219
2.42000003e-009   0.02478906
2.43000003e-009   0.01352344
2.44000003e-009   0.02358594
2.45000003e-009   0.01271094
2.46000003e-009   0.02353125
2.47000003e-009      0.01325
2.48000003e-009   0.02357031
2.49000003e-009   0.01194531
2.50000003e-009   0.02310156
