-4.98000007e-009 -0.002796875
-4.96000007e-009  0.005343751
-4.94000007e-009 -0.004046875
-4.92000007e-009  0.005000001
-4.90000007e-009       -0.003
-4.88000007e-009  0.005257813
-4.86000006e-009 -0.003523437
-4.84000006e-009  0.007000001
-4.82000006e-009       -0.003
-4.80000006e-009  0.006312501
-4.78000006e-009 -0.005117187
-4.76000006e-009  0.005921876
-4.74000006e-009       -0.005
-4.72000006e-009  0.005875001
-4.70000006e-009  -0.00571875
-4.68000006e-009  0.006046876
-4.66000006e-009 -0.005046875
-4.64000006e-009  0.007765626
-4.62000006e-009       -0.005
-4.60000006e-009  0.008765626
-4.58000006e-009 -0.005023437
-4.56000006e-009   0.01026563
-4.54000006e-009 -0.003335937
-4.52000006e-009  0.005734376
-4.50000006e-009 -0.004195312
-4.48000006e-009  0.004835938
-4.46000006e-009 -0.002679687
-4.44000006e-009  0.005085938
-4.42000006e-009 -0.004140625
-4.40000006e-009  0.007000001
-4.38000006e-009 -0.003539062
-4.36000006e-009  0.008414063
-4.34000006e-009       -0.005
-4.32000006e-009  0.007000001
-4.30000006e-009 -0.003867187
-4.28000006e-009  0.007148438
-4.26000006e-009 -0.004164062
-4.24000006e-009  0.007625001
-4.22000006e-009       -0.003
-4.20000006e-009  0.007000001
-4.18000006e-009 -0.003234375
-4.16000006e-009  0.008460938
-4.14000006e-009 -0.003171875
-4.12000006e-009  0.007000001
-4.10000005e-009 -0.003078125
-4.08000005e-009  0.007750001
-4.06000005e-009 -0.003546875
-4.04000005e-009  0.006906251
-4.02000005e-009 -0.005976562
-4.00000005e-009  0.007000001
-3.98000005e-009 -0.004585937
-3.96000005e-009  0.005109376
-3.94000005e-009    -0.005125
-3.92000005e-009  0.005000001
-3.90000005e-009 -0.004804687
-3.88000005e-009  0.005179688
-3.86000005e-009 -0.004554687
-3.84000005e-009  0.005320313
-3.82000005e-009  -0.00396875
-3.80000005e-009  0.005000001
-3.78000005e-009 -0.006289062
-3.76000005e-009  0.006398438
-3.74000005e-009   -0.0063125
-3.72000005e-009  0.005000001
-3.70000005e-009 -0.005015625
-3.68000005e-009   0.00203125
-3.66000005e-009 -0.007320312
-3.64000005e-009      0.00275
-3.62000005e-009       -0.007
-3.60000005e-009 0.0009843754
-3.58000005e-009  -0.00834375
-3.56000005e-009  0.003039063
-3.54000005e-009 -0.007796875
-3.52000005e-009 0.0005312504
-3.50000005e-009 -0.009007813
-3.48000005e-009 0.0006640629
-3.46000005e-009 -0.009648438
-3.44000005e-009 -0.001007812
-3.42000005e-009 -0.009671875
-3.40000005e-009 -0.0009999997
-3.38000005e-009  -0.01133594
-3.36000004e-009 -0.0008749997
-3.34000004e-009       -0.011
-3.32000004e-009 -0.002320312
-3.30000004e-009       -0.011
-3.28000004e-009 -0.001265625
-3.26000004e-009  -0.01205469
-3.24000004e-009 -0.002601562
-3.22000004e-009  -0.01257031
-3.20000004e-009 -0.002546875
-3.18000004e-009  -0.01254688
-3.16000004e-009  -0.00290625
-3.14000004e-009  -0.01329688
-3.12000004e-009       -0.003
-3.10000004e-009   -0.0135625
-3.08000004e-009 -0.003101562
-3.06000004e-009  -0.01234375
-3.04000004e-009   -0.0030625
-3.02000004e-009       -0.013
-3.00000004e-009       -0.003
-2.98000004e-009  -0.01221094
-2.96000004e-009 -0.003554687
-2.94000004e-009  -0.01307031
-2.92000004e-009       -0.003
-2.90000004e-009  -0.01153906
-2.88000004e-009 -0.003421875
-2.86000004e-009  -0.01278906
-2.84000004e-009 -0.001242187
-2.82000004e-009   -0.0113125
-2.80000004e-009   -0.0041875
-2.78000004e-009  -0.01167188
-2.76000004e-009 -0.003390625
-2.74000004e-009   -0.0133125
-2.72000004e-009 -0.003953125
-2.70000004e-009  -0.01296875
-2.68000004e-009 -0.002601562
-2.66000004e-009  -0.01305469
-2.64000004e-009 -0.002476562
-2.62000003e-009  -0.01196875
-2.60000003e-009       -0.003
-2.58000003e-009  -0.01155469
-2.56000003e-009 -0.0008124997
-2.54000003e-009    -0.012875
-2.52000003e-009 -0.0009609372
-2.50000003e-009  -0.01194531
-2.48000003e-009 -0.002265625
-2.46000003e-009  -0.01063281
-2.44000003e-009 -0.0009999997
-2.42000003e-009  -0.01135938
-2.40000003e-009 -0.0009999997
-2.38000003e-009  -0.01123438
-2.36000003e-009 -0.001539062
-2.34000003e-009  -0.00984375
-2.32000003e-009 -0.0009999997
-2.30000003e-009     -0.00975
-2.28000003e-009  0.001273438
-2.26000003e-009 -0.009578125
-2.24000003e-009        0.001
-2.22000003e-009       -0.009
-2.20000003e-009 9.375035e-005
-2.18000003e-009  -0.00771875
-2.16000003e-009 0.0004843754
-2.14000003e-009 -0.008078125
-2.12000003e-009        0.001
-2.10000003e-009  -0.00715625
-2.08000003e-009  0.002359375
-2.06000003e-009 -0.007585938
-2.04000003e-009        0.001
-2.02000003e-009       -0.009
-2.00000003e-009        0.003
-1.98000003e-009 -0.009210938
-1.96000003e-009  0.002414063
-1.94000003e-009 -0.006828125
-1.92000003e-009   0.00303125
-1.90000003e-009 -0.005695312
-1.88000003e-009  0.003742188
-1.86000002e-009  -0.00628125
-1.84000002e-009  0.005164063
-1.82000002e-009 -0.005328125
-1.80000002e-009  0.005000001
-1.78000002e-009 -0.006953125
-1.76000002e-009  0.004078126
-1.74000002e-009 -0.006234375
-1.72000002e-009        0.003
-1.70000002e-009  -0.00740625
-1.68000002e-009  0.004406251
-1.66000002e-009 -0.005695312
-1.64000002e-009  0.005000001
-1.62000002e-009 -0.005835937
-1.60000002e-009  0.005000001
-1.58000002e-009 -0.005195312
-1.56000002e-009  0.003835938
-1.54000002e-009 -0.005445312
-1.52000002e-009  0.004023438
-1.50000002e-009       -0.007
-1.48000002e-009  0.003195313
-1.46000002e-009 -0.007804688
-1.44000002e-009  0.005000001
-1.42000002e-009       -0.005
-1.40000002e-009  0.005000001
-1.38000002e-009  -0.00540625
-1.36000002e-009  0.005171876
-1.34000002e-009  -0.00515625
-1.32000002e-009  0.003187501
-1.30000002e-009       -0.005
-1.28000002e-009  0.003515626
-1.26000002e-009 -0.005304687
-1.24000002e-009  0.004015626
-1.22000002e-009 -0.006429687
-1.20000002e-009  0.005000001
-1.18000002e-009 -0.005617187
-1.16000002e-009  0.004210938
-1.14000002e-009 -0.005476562
-1.12000001e-009  0.005000001
-1.10000001e-009 -0.005578125
-1.08000001e-009  0.005460938
-1.06000001e-009 -0.007226562
-1.04000001e-009        0.003
-1.02000001e-009  -0.00684375
-1.00000001e-009  0.004390626
-9.80000013e-010 -0.007328125
-9.60000013e-010  0.003523438
-9.40000013e-010 -0.006640625
-9.20000012e-010  0.002445313
-9.00000012e-010 -0.007867188
-8.80000012e-010  0.002070313
-8.60000011e-010 -0.009710938
-8.40000011e-010 0.0001250004
-8.20000011e-010  -0.01014063
-8.00000011e-010 -0.002710937
-7.8000001e-010    -0.011875
-7.6000001e-010 -0.006335937
-7.4000001e-010  -0.01948438
-7.2000001e-010   -0.0121875
-7.00000009e-010  -0.03194531
-6.80000009e-010  -0.02652344
-6.60000009e-010  -0.05275781
-6.40000009e-010  -0.04769531
-6.20000008e-010  -0.08180469
-6.00000008e-010  -0.07542969
-5.80000008e-010   -0.1172031
-5.60000007e-010   -0.1053359
-5.40000007e-010       -0.143
-5.20000007e-010       -0.137
-5.00000007e-010       -0.161
-4.80000006e-010   -0.1496875
-4.60000006e-010   -0.1637109
-4.40000006e-010   -0.1521563
-4.20000006e-010       -0.165
-4.00000005e-010   -0.1499688
-3.80000005e-010   -0.1605469
-3.60000005e-010   -0.1439922
-3.40000005e-010   -0.1535391
-3.20000004e-010   -0.1398984
-3.00000004e-010   -0.1490391
-2.80000004e-010   -0.1360703
-2.60000003e-010   -0.1432813
-2.40000003e-010   -0.1299063
-2.20000003e-010   -0.1373906
-2.00000003e-010   -0.1203594
-1.80000002e-010   -0.1266172
-1.60000002e-010   -0.1058125
-1.40000002e-010   -0.1128281
-1.20000002e-010       -0.081
-1.00000001e-010  -0.09036719
-8.00000011e-011  -0.04498438
-6.00000008e-011  -0.05669531
-4.00000005e-011   -0.0135625
-2.00000003e-011  -0.02110938
           0   0.01110938
2.00000003e-011  0.004054688
4.00000005e-011   0.02682031
6.00000008e-011   0.01870313
8.00000011e-011        0.033
1.00000001e-010        0.021
1.20000002e-010       0.0295
1.40000002e-010    0.0164375
1.60000002e-010        0.025
1.80000002e-010        0.015
2.00000003e-010        0.023
2.20000003e-010   0.01590625
2.40000003e-010   0.02992969
2.60000003e-010   0.01952344
2.80000004e-010    0.0331875
3.00000004e-010        0.025
3.20000004e-010   0.03544531
3.40000005e-010   0.02592188
3.60000005e-010        0.037
3.80000005e-010    0.0244375
4.00000005e-010        0.035
4.20000006e-010   0.02342969
4.40000006e-010   0.03507031
4.60000006e-010   0.02263281
4.80000006e-010        0.033
5.00000007e-010        0.019
5.20000007e-010   0.03002344
5.40000007e-010   0.01844531
5.60000007e-010        0.031
5.80000008e-010   0.01826563
6.00000008e-010   0.03179688
6.20000008e-010   0.01891406
6.40000009e-010   0.03073438
6.60000009e-010     0.019125
6.80000009e-010   0.02966406
7.00000009e-010        0.019
7.2000001e-010     0.027375
7.4000001e-010   0.01680469
7.6000001e-010   0.02735156
7.8000001e-010   0.01464844
8.00000011e-010        0.025
8.20000011e-010   0.01297656
8.40000011e-010   0.02392188
8.60000011e-010   0.01517969
8.80000012e-010   0.02334375
9.00000012e-010   0.01511719
9.20000012e-010   0.02807813
9.40000013e-010   0.01566406
9.60000013e-010   0.02798438
9.80000013e-010        0.017
1.00000001e-009        0.029
1.02000001e-009   0.01826563
1.04000001e-009   0.03102344
1.06000001e-009   0.01873438
1.08000001e-009        0.029
1.10000001e-009   0.02071875
1.12000001e-009    0.0296875
1.14000002e-009   0.01953906
1.16000002e-009   0.03035938
1.18000002e-009        0.021
1.20000002e-009        0.031
1.22000002e-009   0.02126563
1.24000002e-009   0.03269531
1.26000002e-009        0.023
1.28000002e-009        0.033
1.30000002e-009   0.02329688
1.32000002e-009   0.03332813
1.34000002e-009   0.02370313
1.36000002e-009   0.03298438
1.38000002e-009   0.02373438
1.40000002e-009      0.03375
1.42000002e-009   0.02396094
1.44000002e-009   0.03428906
1.46000002e-009   0.02166406
1.48000002e-009        0.033
1.50000002e-009   0.02235938
1.52000002e-009      0.03125
1.54000002e-009   0.02158594
1.56000002e-009        0.029
1.58000002e-009        0.019
1.60000002e-009        0.029
1.62000002e-009   0.01941406
1.64000002e-009   0.02883594
1.66000002e-009   0.01736719
1.68000002e-009   0.02805469
1.70000002e-009        0.017
1.72000002e-009   0.02692188
1.74000002e-009   0.01610156
1.76000002e-009   0.02528125
1.78000002e-009   0.01599219
1.80000002e-009   0.02642969
1.82000002e-009    0.0141875
1.84000002e-009   0.02608594
1.86000002e-009   0.01579688
1.88000003e-009    0.0255625
1.90000003e-009        0.017
1.92000003e-009   0.02727344
1.94000003e-009   0.01335938
1.96000003e-009   0.02521875
1.98000003e-009   0.01492188
2.00000003e-009    0.0260625
2.02000003e-009   0.01696875
2.04000003e-009   0.02528906
2.06000003e-009        0.017
2.08000003e-009   0.02501563
2.10000003e-009     0.016625
2.12000003e-009   0.02525781
2.14000003e-009   0.01567188
2.16000003e-009   0.02730469
2.18000003e-009   0.01641406
2.20000003e-009   0.02522656
2.22000003e-009   0.01805469
2.24000003e-009    0.0270625
2.26000003e-009   0.01735156
2.28000003e-009   0.02641406
2.30000003e-009   0.01632031
2.32000003e-009   0.02664063
2.34000003e-009   0.01632031
2.36000003e-009   0.02569531
2.38000003e-009   0.01609375
2.40000003e-009        0.025
2.42000003e-009     0.015125
2.44000003e-009   0.02423438
2.46000003e-009        0.013
2.48000003e-009   0.02650781
2.50000003e-009   0.01475781
2.52000003e-009   0.02470313
2.54000003e-009    0.0141875
2.56000003e-009        0.023
2.58000003e-009   0.01289063
2.60000003e-009   0.02278906
2.62000003e-009   0.01407813
2.64000004e-009   0.02192188
2.66000004e-009   0.01309375
2.68000004e-009        0.023
2.70000004e-009   0.01325781
2.72000004e-009   0.02335938
2.74000004e-009   0.01303906
2.76000004e-009       0.0235
2.78000004e-009   0.01300781
2.80000004e-009   0.02270313
2.82000004e-009   0.01124219
2.84000004e-009   0.02165625
2.86000004e-009   0.01230469
2.88000004e-009        0.021
2.90000004e-009        0.011
2.92000004e-009     0.022875
2.94000004e-009   0.01182813
2.96000004e-009   0.02254688
2.98000004e-009   0.01120313
3.00000004e-009   0.02166406
3.02000004e-009     0.011625
3.04000004e-009   0.02167188
3.06000004e-009   0.01095313
3.08000004e-009   0.01992188
3.10000004e-009     0.012625
3.12000004e-009   0.02157813
3.14000004e-009   0.01091406
3.16000004e-009   0.02164063
3.18000004e-009        0.011
3.20000004e-009   0.02232813
3.22000004e-009   0.01129688
3.24000004e-009   0.02261719
3.26000004e-009   0.01026563
3.28000004e-009        0.021
3.30000004e-009   0.01053125
3.32000004e-009   0.02134375
3.34000004e-009  0.009867188
3.36000004e-009   0.01917188
3.38000005e-009  0.009585938
3.40000005e-009        0.021
3.42000005e-009  0.009937501
3.44000005e-009   0.02071875
3.46000005e-009  0.009000001
3.48000005e-009        0.019
3.50000005e-009  0.007750001
3.52000005e-009   0.01871094
3.54000005e-009  0.008914063
3.56000005e-009        0.019
3.58000005e-009  0.008664063
3.60000005e-009   0.01846094
3.62000005e-009  0.009562501
3.64000005e-009   0.01909375
3.66000005e-009  0.008867188
3.68000005e-009    0.0193125
3.70000005e-009  0.008882813
3.72000005e-009   0.01750781
3.74000005e-009  0.008031251
3.76000005e-009   0.01863281
3.78000005e-009  0.008679688
3.80000005e-009        0.017
3.82000005e-009  0.008703126
3.84000005e-009   0.01814063
3.86000005e-009  0.008687501
3.88000005e-009   0.01850781
3.90000005e-009  0.005000001
3.92000005e-009   0.01935938
3.94000005e-009  0.008015626
3.96000005e-009   0.01773438
3.98000005e-009  0.007554688
4.00000005e-009        0.021
4.02000005e-009  0.008148438
4.04000005e-009   0.01822656
4.06000005e-009  0.007117188
4.08000005e-009   0.01879688
4.10000005e-009  0.008242188
4.12000006e-009      0.01925
4.14000006e-009  0.007492188
4.16000006e-009        0.017
4.18000006e-009  0.006500001
4.20000006e-009   0.01809375
4.22000006e-009  0.006781251
4.24000006e-009   0.01714063
4.26000006e-009  0.006687501
4.28000006e-009        0.017
4.30000006e-009  0.006265626
4.32000006e-009   0.01644531
4.34000006e-009  0.005640626
4.36000006e-009   0.01547656
4.38000006e-009  0.006039063
4.40000006e-009   0.01521094
4.42000006e-009  0.004257813
4.44000006e-009   0.01488281
4.46000006e-009  0.004898438
4.48000006e-009   0.01560156
4.50000006e-009  0.004007813
4.52000006e-009   0.01523438
4.54000006e-009  0.004625001
4.56000006e-009   0.01507813
4.58000006e-009  0.006039063
4.60000006e-009        0.015
4.62000006e-009  0.005164063
4.64000006e-009   0.01514844
4.66000006e-009  0.005421876
4.68000006e-009        0.015
4.70000006e-009  0.004593751
4.72000006e-009    0.0140625
4.74000006e-009  0.005093751
4.76000006e-009   0.01632031
4.78000006e-009  0.005367188
4.80000006e-009        0.015
4.82000006e-009  0.004539063
4.84000006e-009   0.01385156
4.86000006e-009  0.004156251
4.88000007e-009   0.01354688
4.90000007e-009  0.004234376
4.92000007e-009   0.01386719
4.94000007e-009  0.004109376
4.96000007e-009   0.01566406
4.98000007e-009  0.005000001
5.00000007e-009   0.01396094
