-1.24500002e-009 -0.006398437
-1.24000002e-009  0.001148438
-1.23500002e-009 -0.007351562
-1.23000002e-009  0.001210938
-1.22500002e-009  -0.00740625
-1.22000002e-009        0.001
-1.21500002e-009 -0.006648437
-1.21000002e-009      0.00125
-1.20500002e-009 -0.006039062
-1.20000002e-009  0.001664063
-1.19500002e-009  -0.00659375
-1.19000002e-009     0.001875
-1.18500002e-009 -0.006953125
-1.18000002e-009  0.001789063
-1.17500002e-009       -0.007
-1.17000002e-009  0.001835938
-1.16500002e-009 -0.007148437
-1.16000002e-009  0.002632813
-1.15500002e-009 -0.007265625
-1.15000002e-009  0.003171875
-1.14500002e-009 -0.007851563
-1.14000002e-009  0.003039063
-1.13500002e-009 -0.007976563
-1.13000002e-009  0.002320313
-1.12500002e-009 -0.007578125
-1.12000001e-009   0.00196875
-1.11500001e-009   -0.0069375
-1.11000001e-009  0.002890625
-1.10500001e-009 -0.007421875
-1.10000001e-009        0.003
-1.09500001e-009 -0.008710938
-1.09000001e-009  0.002148438
-1.08500001e-009  -0.00915625
-1.08000001e-009  0.002640625
-1.07500001e-009 -0.008554688
-1.07000001e-009        0.003
-1.06500001e-009 -0.007234375
-1.06000001e-009  0.002648438
-1.05500001e-009 -0.007335937
-1.05000001e-009  0.001726563
-1.04500001e-009 -0.007109375
-1.04000001e-009        0.001
-1.03500001e-009    -0.006875
-1.03000001e-009  0.001109375
-1.02500001e-009 -0.006539062
-1.02000001e-009  0.001539063
-1.01500001e-009       -0.007
-1.01000001e-009   0.00215625
-1.00500001e-009   -0.0078125
-1.00000001e-009   0.00271875
-9.95000013e-010 -0.008554688
-9.90000013e-010  0.003046875
-9.85000013e-010 -0.009070313
-9.80000013e-010        0.003
-9.75000013e-010 -0.009242188
-9.70000013e-010   0.00221875
-9.65000013e-010 -0.009390625
-9.60000013e-010  0.001476563
-9.55000013e-010 -0.009507813
-9.50000013e-010  0.002734375
-9.45000013e-010 -0.008695313
-9.40000013e-010  0.002765625
-9.35000012e-010 -0.007726563
-9.30000012e-010  0.002679688
-9.25000012e-010  -0.00871875
-9.20000012e-010        0.003
-9.15000012e-010  -0.00928125
-9.10000012e-010  0.001742188
-9.05000012e-010 -0.009429688
-9.00000012e-010 0.0009531254
-8.95000012e-010   -0.0090625
-8.90000012e-010 0.0008125004
-8.85000012e-010  -0.01017188
-8.80000012e-010 0.0006250004
-8.75000012e-010       -0.011
-8.70000012e-010 -0.0008203122
-8.65000012e-010  -0.01157031
-8.60000011e-010 -0.002828125
-8.55000011e-010  -0.01217188
-8.50000011e-010 -0.002796875
-8.45000011e-010  -0.01292188
-8.40000011e-010  -0.00334375
-8.35000011e-010  -0.01326563
-8.30000011e-010    -0.004625
-8.25000011e-010  -0.01324219
-8.20000011e-010 -0.004773437
-8.15000011e-010  -0.01417969
-8.10000011e-010 -0.005859375
-8.05000011e-010  -0.01545313
-8.00000011e-010 -0.007296875
-7.95000011e-010   -0.0166875
-7.90000011e-010 -0.008507813
-7.8500001e-010  -0.01794531
-7.8000001e-010   -0.0095625
-7.7500001e-010  -0.01992969
-7.7000001e-010  -0.01067969
-7.6500001e-010  -0.02302344
-7.6000001e-010  -0.01210938
-7.5500001e-010  -0.02539844
-7.5000001e-010  -0.01540625
-7.4500001e-010       -0.027
-7.4000001e-010  -0.01784375
-7.3500001e-010  -0.03028906
-7.3000001e-010  -0.02078125
-7.2500001e-010  -0.03399219
-7.2000001e-010       -0.025
-7.1500001e-010   -0.0385625
-7.10000009e-010  -0.02950781
-7.05000009e-010  -0.04370313
-7.00000009e-010    -0.035125
-6.95000009e-010       -0.049
-6.90000009e-010       -0.039
-6.85000009e-010  -0.05530469
-6.80000009e-010  -0.04508594
-6.75000009e-010    -0.061875
-6.70000009e-010     -0.05225
-6.65000009e-010   -0.0684375
-6.60000009e-010       -0.059
-6.55000009e-010  -0.07661719
-6.50000009e-010  -0.06647657
-6.45000009e-010       -0.085
-6.40000009e-010    -0.074375
-6.35000008e-010  -0.09239063
-6.30000008e-010  -0.08253125
-6.25000008e-010  -0.09901563
-6.20000008e-010   -0.0901875
-6.15000008e-010   -0.1081094
-6.10000008e-010  -0.09864844
-6.05000008e-010   -0.1182969
-6.00000008e-010   -0.1065156
-5.95000008e-010   -0.1270703
-5.90000008e-010   -0.1133906
-5.85000008e-010   -0.1342656
-5.80000008e-010   -0.1201563
-5.75000008e-010   -0.1402422
-5.70000008e-010   -0.1269063
-5.65000008e-010   -0.1451563
-5.60000007e-010   -0.1321328
-5.55000007e-010   -0.1492188
-5.50000007e-010   -0.1376875
-5.45000007e-010   -0.1531953
-5.40000007e-010    -0.141875
-5.35000007e-010       -0.157
-5.30000007e-010   -0.1448984
-5.25000007e-010   -0.1584141
-5.20000007e-010   -0.1481641
-5.15000007e-010   -0.1612656
-5.10000007e-010   -0.1506953
-5.05000007e-010   -0.1637734
-5.00000007e-010   -0.1534844
-4.95000007e-010    -0.164375
-4.90000007e-010   -0.1552266
-4.85000006e-010    -0.165625
-4.80000006e-010   -0.1553359
-4.75000006e-010   -0.1667891
-4.70000006e-010       -0.155
-4.65000006e-010       -0.167
-4.60000006e-010   -0.1541641
-4.55000006e-010   -0.1653281
-4.50000006e-010   -0.1532969
-4.45000006e-010   -0.1647969
-4.40000006e-010   -0.1522969
-4.35000006e-010   -0.1643672
-4.30000006e-010   -0.1513438
-4.25000006e-010   -0.1625859
-4.20000006e-010   -0.1509297
-4.15000006e-010    -0.160375
-4.10000005e-010   -0.1504375
-4.05000005e-010       -0.159
-4.00000005e-010   -0.1493594
-3.95000005e-010   -0.1577266
-3.90000005e-010   -0.1483281
-3.85000005e-010   -0.1573516
-3.80000005e-010   -0.1473984
-3.75000005e-010   -0.1566328
-3.70000005e-010   -0.1465313
-3.65000005e-010       -0.157
-3.60000005e-010   -0.1456094
-3.55000005e-010   -0.1553359
-3.50000005e-010   -0.1448281
-3.45000005e-010   -0.1527891
-3.40000005e-010   -0.1426641
-3.35000004e-010    -0.152625
-3.30000004e-010   -0.1399844
-3.25000004e-010   -0.1511875
-3.20000004e-010   -0.1375859
-3.15000004e-010   -0.1492891
-3.10000004e-010   -0.1364453
-3.05000004e-010   -0.1474531
-3.00000004e-010    -0.136375
-2.95000004e-010   -0.1458125
-2.90000004e-010   -0.1354063
-2.85000004e-010   -0.1441719
-2.80000004e-010   -0.1346797
-2.75000004e-010   -0.1424531
-2.70000004e-010       -0.133
-2.65000004e-010       -0.141
-2.60000003e-010   -0.1303672
-2.55000003e-010   -0.1401406
-2.50000003e-010   -0.1283672
-2.45000003e-010   -0.1379844
-2.40000003e-010   -0.1269297
-2.35000003e-010   -0.1358359
-2.30000003e-010       -0.125
-2.25000003e-010   -0.1342422
-2.20000003e-010   -0.1228203
-2.15000003e-010   -0.1309141
-2.10000003e-010   -0.1200469
-2.05000003e-010   -0.1280938
-2.00000003e-010   -0.1169531
-1.95000003e-010   -0.1251563
-1.90000003e-010   -0.1126953
-1.85000002e-010   -0.1207813
-1.80000002e-010   -0.1074297
-1.75000002e-010   -0.1164844
-1.70000002e-010   -0.0996875
-1.65000002e-010       -0.111
-1.60000002e-010       -0.093
-1.55000002e-010       -0.105
-1.50000002e-010  -0.08707032
-1.45000002e-010       -0.099
-1.40000002e-010  -0.08189063
-1.35000002e-010  -0.09264844
-1.30000002e-010  -0.07636719
-1.25000002e-010  -0.08539844
-1.20000002e-010  -0.06970313
-1.15000002e-010  -0.07728125
-1.10000001e-010  -0.06321875
-1.05000001e-010       -0.069
-1.00000001e-010  -0.05417188
-9.50000013e-011  -0.05998438
-9.00000012e-011  -0.04478906
-8.50000011e-011  -0.05178125
-8.00000011e-011  -0.03595313
-7.5000001e-011  -0.04360156
-7.00000009e-011  -0.02780469
-6.50000009e-011  -0.03603906
-6.00000008e-011       -0.019
-5.50000007e-011       -0.029
-5.00000007e-011  -0.01091406
-4.50000006e-011  -0.02274219
-4.00000005e-011 -0.003835937
-3.50000005e-011  -0.01645313
-3.00000004e-011  0.001929688
-2.50000003e-011  -0.01002344
-2.00000003e-011  0.009000001
-1.50000002e-011 -0.003507812
-1.00000001e-011   0.01328906
-5.00000007e-012        0.003
           0   0.01822656
5.00000007e-012  0.008593751
1.00000001e-011     0.022625
1.50000002e-011    0.0131875
2.00000003e-011   0.02585156
2.50000003e-011     0.015625
3.00000004e-011   0.02783594
3.50000005e-011   0.01803906
4.00000005e-011   0.02985156
4.50000006e-011   0.01967969
5.00000007e-011   0.03129688
5.50000007e-011   0.02025781
6.00000008e-011   0.03127344
6.50000009e-011   0.02076563
7.00000009e-011   0.03114063
7.5000001e-011   0.02082031
8.00000011e-011        0.031
8.50000011e-011      0.02025
9.00000012e-011   0.02967188
9.50000013e-011        0.019
1.00000001e-010   0.02814063
1.05000001e-010     0.017625
1.10000001e-010   0.02707031
1.15000002e-010   0.01564844
1.20000002e-010   0.02630469
1.25000002e-010   0.01444531
1.30000002e-010   0.02447656
1.35000002e-010   0.01310156
1.40000002e-010   0.02301563
1.45000002e-010   0.01277344
1.50000002e-010   0.02224219
1.55000002e-010   0.01328125
1.60000002e-010   0.02159375
1.65000002e-010   0.01342969
1.70000002e-010   0.02216406
1.75000002e-010    0.0126875
1.80000002e-010   0.02297656
1.85000002e-010   0.01277344
1.90000003e-010   0.02336719
1.95000003e-010   0.01359375
2.00000003e-010   0.02333594
2.05000003e-010   0.01478125
2.10000003e-010   0.02363281
2.15000003e-010   0.01586719
2.20000003e-010      0.02475
2.25000003e-010   0.01582031
2.30000003e-010   0.02622656
2.35000003e-010   0.01540625
2.40000003e-010   0.02735938
2.45000003e-010    0.0156875
2.50000003e-010   0.02826563
2.55000003e-010        0.017
2.60000003e-010   0.02864063
2.65000004e-010   0.01907813
2.70000004e-010   0.02996875
2.75000004e-010   0.02024219
2.80000004e-010   0.03217188
2.85000004e-010   0.02185156
2.90000004e-010   0.03353906
2.95000004e-010   0.02320313
3.00000004e-010   0.03389063
3.05000004e-010   0.02445313
3.10000004e-010   0.03396094
3.15000004e-010   0.02505469
3.20000004e-010   0.03435938
3.25000004e-010        0.025
3.30000004e-010   0.03491406
3.35000004e-010   0.02391406
3.40000005e-010   0.03480469
3.45000005e-010        0.023
3.50000005e-010   0.03392188
3.55000005e-010   0.02299219
3.60000005e-010   0.03392969
3.65000005e-010   0.02357813
3.70000005e-010   0.03374219
3.75000005e-010   0.02292969
3.80000005e-010   0.03316406
3.85000005e-010   0.02272656
3.90000005e-010   0.03332031
3.95000005e-010        0.023
4.00000005e-010   0.03314844
4.05000005e-010    0.0229375
4.10000005e-010   0.03323438
4.15000006e-010   0.02282813
4.20000006e-010   0.03332031
4.25000006e-010   0.02270313
4.30000006e-010   0.03279688
4.35000006e-010   0.02142188
4.40000006e-010   0.03173438
4.45000006e-010      0.02075
4.50000006e-010   0.03128125
4.55000006e-010   0.02077344
4.60000006e-010   0.03052344
4.65000006e-010   0.02134375
4.70000006e-010        0.029
4.75000006e-010   0.02014844
4.80000006e-010    0.0291875
4.85000006e-010   0.01903125
4.90000007e-010   0.02974219
4.95000007e-010   0.01877344
5.00000007e-010   0.02988281
5.05000007e-010        0.019
5.10000007e-010   0.02940625
5.15000007e-010        0.019
5.20000007e-010   0.02839063
5.25000007e-010        0.019
5.30000007e-010   0.02883594
5.35000007e-010   0.01884375
5.40000007e-010   0.02877344
5.45000007e-010        0.019
5.50000007e-010   0.02853906
5.55000007e-010   0.01832813
5.60000007e-010   0.02842188
5.65000008e-010   0.01739063
5.70000008e-010   0.02785156
5.75000008e-010   0.01709375
5.80000008e-010   0.02899219
5.85000008e-010   0.01744531
5.90000008e-010   0.03047656
5.95000008e-010   0.01723438
6.00000008e-010        0.031
6.05000008e-010        0.017
6.10000008e-010   0.03027344
6.15000008e-010   0.01721094
6.20000008e-010   0.03017188
6.25000008e-010   0.01774219
6.30000008e-010   0.03046875
6.35000008e-010   0.01853906
6.40000009e-010   0.03027344
6.45000009e-010   0.01844531
6.50000009e-010   0.02955469
6.55000009e-010   0.01853906
6.60000009e-010   0.02866406
6.65000009e-010   0.01880469
6.70000009e-010    0.0290625
6.75000009e-010   0.01791406
6.80000009e-010   0.02886719
6.85000009e-010        0.017
6.90000009e-010   0.02805469
6.95000009e-010   0.01664844
7.00000009e-010   0.02778906
7.05000009e-010   0.01678125
7.10000009e-010   0.02678125
7.1500001e-010    0.0173125
7.2000001e-010   0.02578125
7.2500001e-010        0.017
7.3000001e-010   0.02649219
7.3500001e-010   0.01680469
7.4000001e-010   0.02709375
7.4500001e-010        0.015
7.5000001e-010   0.02683594
7.5500001e-010   0.01421094
7.6000001e-010        0.027
7.6500001e-010    0.0143125
7.7000001e-010   0.02621094
7.7500001e-010    0.0150625
7.8000001e-010        0.025
7.8500001e-010   0.01480469
7.90000011e-010   0.02410156
7.95000011e-010     0.014875
8.00000011e-010     0.023375
8.05000011e-010   0.01491406
8.10000011e-010       0.0235
8.15000011e-010   0.01363281
8.20000011e-010   0.02421875
8.25000011e-010   0.01263281
8.30000011e-010   0.02525781
8.35000011e-010   0.01254688
8.40000011e-010   0.02554688
8.45000011e-010        0.013
8.50000011e-010        0.025
8.55000011e-010   0.01341406
8.60000011e-010   0.02367969
8.65000012e-010   0.01280469
8.70000012e-010   0.02384375
8.75000012e-010   0.01296875
8.80000012e-010   0.02513281
8.85000012e-010   0.01389844
8.90000012e-010    0.0256875
8.95000012e-010   0.01469531
9.00000012e-010   0.02542188
9.05000012e-010   0.01553906
9.10000012e-010   0.02561719
9.15000012e-010   0.01667188
9.20000012e-010   0.02671875
9.25000012e-010   0.01666406
9.30000012e-010        0.027
9.35000012e-010   0.01657813
9.40000013e-010   0.02751563
9.45000013e-010   0.01655469
9.50000013e-010    0.0278125
9.55000013e-010   0.01667188
9.60000013e-010    0.0273125
9.65000013e-010   0.01678125
9.70000013e-010   0.02675781
9.75000013e-010   0.01719531
9.80000013e-010        0.027
9.85000013e-010        0.017
9.90000013e-010   0.02785938
9.95000013e-010   0.01732813
1.00000001e-009        0.029
1.00500001e-009   0.01825781
1.01000001e-009     0.029125
1.01500001e-009   0.01905469
1.02000001e-009   0.02909375
1.02500001e-009   0.01901563
1.03000001e-009   0.02946875
1.03500001e-009   0.01819531
1.04000001e-009   0.02930469
1.04500001e-009   0.01738281
1.05000001e-009        0.029
1.05500001e-009   0.01699219
1.06000001e-009   0.02932813
1.06500001e-009   0.01717969
1.07000001e-009   0.02942188
1.07500001e-009   0.01794531
1.08000001e-009   0.02974219
1.08500001e-009        0.019
1.09000001e-009   0.03002344
1.09500001e-009   0.01873438
1.10000001e-009   0.02992188
1.10500001e-009   0.01789063
1.11000001e-009   0.02953906
1.11500001e-009   0.01775781
1.12000001e-009        0.029
1.12500002e-009   0.01839844
1.13000002e-009        0.029
1.13500002e-009   0.01909375
1.14000002e-009   0.02964063
1.14500002e-009   0.01945313
1.15000002e-009   0.02922656
1.15500002e-009   0.01896094
1.16000002e-009   0.02873438
1.16500002e-009   0.01999219
1.17000002e-009   0.03020313
1.17500002e-009   0.02008594
1.18000002e-009        0.031
1.18500002e-009   0.02046094
1.19000002e-009   0.03092969
1.19500002e-009   0.02066406
1.20000002e-009        0.031
1.20500002e-009   0.02103906
1.21000002e-009   0.03147656
1.21500002e-009   0.02107813
1.22000002e-009   0.03126563
1.22500002e-009    0.0206875
1.23000002e-009   0.03074219
1.23500002e-009   0.02076563
1.24000002e-009   0.03100781
1.24500002e-009   0.02139063
1.25000002e-009   0.03110938
