-4.98000007e-009  0.001492188
-4.96000007e-009  0.001414063
-4.94000007e-009    0.0014375
-4.92000007e-009   0.00159375
-4.90000007e-009  0.001742188
-4.88000007e-009  0.001804688
-4.86000006e-009  0.001804688
-4.84000006e-009  0.001710938
-4.82000006e-009  0.001726563
-4.80000006e-009  0.001617188
-4.78000006e-009  0.001578125
-4.76000006e-009   0.00153125
-4.74000006e-009  0.001484375
-4.72000006e-009  0.001460938
-4.70000006e-009   0.00140625
-4.68000006e-009  0.001265625
-4.66000006e-009  0.001132813
-4.64000006e-009  0.001085938
-4.62000006e-009  0.001257813
-4.60000006e-009  0.001609375
-4.58000006e-009  0.001851563
-4.56000006e-009  0.001867188
-4.54000006e-009  0.001601563
-4.52000006e-009  0.001382813
-4.50000006e-009  0.001335938
-4.48000006e-009  0.001492188
-4.46000006e-009  0.001609375
-4.44000006e-009  0.001585938
-4.42000006e-009  0.001453125
-4.40000006e-009  0.001351563
-4.38000006e-009  0.001382813
-4.36000006e-009  0.001445313
-4.34000006e-009  0.001484375
-4.32000006e-009   0.00153125
-4.30000006e-009       0.0015
-4.28000006e-009  0.001328125
-4.26000006e-009  0.001148438
-4.24000006e-009   0.00115625
-4.22000006e-009     0.001375
-4.20000006e-009  0.001640625
-4.18000006e-009  0.001820313
-4.16000006e-009      0.00175
-4.14000006e-009  0.001539063
-4.12000006e-009    0.0013125
-4.10000005e-009  0.001226563
-4.08000005e-009   0.00128125
-4.06000005e-009  0.001351563
-4.04000005e-009  0.001429688
-4.02000005e-009   0.00140625
-4.00000005e-009  0.001320313
-3.98000005e-009   0.00128125
-3.96000005e-009  0.001265625
-3.94000005e-009  0.001328125
-3.92000005e-009   0.00128125
-3.90000005e-009  0.001164063
-3.88000005e-009 0.0009687504
-3.86000005e-009 0.0008125004
-3.84000005e-009 0.0008906254
-3.82000005e-009  0.001046875
-3.80000005e-009  0.001195313
-3.78000005e-009  0.001070313
-3.76000005e-009 0.0007812504
-3.74000005e-009 0.0003203129
-3.72000005e-009 -0.0001093747
-3.70000005e-009 -0.0003593747
-3.68000005e-009 -0.0003671872
-3.66000005e-009 -0.0003828122
-3.64000005e-009 -0.0005624997
-3.62000005e-009 -0.001070312
-3.60000005e-009 -0.001679687
-3.58000005e-009  -0.00215625
-3.56000005e-009 -0.002429687
-3.54000005e-009 -0.002546875
-3.52000005e-009 -0.002859375
-3.50000005e-009  -0.00328125
-3.48000005e-009 -0.003710937
-3.46000005e-009  -0.00396875
-3.44000005e-009  -0.00409375
-3.42000005e-009 -0.004273437
-3.40000005e-009 -0.004578125
-3.38000005e-009    -0.004875
-3.36000004e-009 -0.004984375
-3.34000004e-009 -0.005054687
-3.32000004e-009  -0.00521875
-3.30000004e-009 -0.005601562
-3.28000004e-009       -0.006
-3.26000004e-009 -0.006335937
-3.24000004e-009   -0.0064375
-3.22000004e-009 -0.006453125
-3.20000004e-009      -0.0065
-3.18000004e-009 -0.006640625
-3.16000004e-009 -0.006945312
-3.14000004e-009 -0.007203125
-3.12000004e-009 -0.007382813
-3.10000004e-009 -0.007414063
-3.08000004e-009 -0.007515625
-3.06000004e-009 -0.007617188
-3.04000004e-009 -0.007726563
-3.02000004e-009  -0.00778125
-3.00000004e-009 -0.007703125
-2.98000004e-009 -0.007617188
-2.96000004e-009 -0.007601563
-2.94000004e-009 -0.007632813
-2.92000004e-009  -0.00765625
-2.90000004e-009 -0.007710938
-2.88000004e-009 -0.007640625
-2.86000004e-009  -0.00759375
-2.84000004e-009 -0.007640625
-2.82000004e-009   -0.0076875
-2.80000004e-009 -0.007789063
-2.78000004e-009   -0.0078125
-2.76000004e-009 -0.007726563
-2.74000004e-009  -0.00753125
-2.72000004e-009  -0.00740625
-2.70000004e-009 -0.007390625
-2.68000004e-009  -0.00746875
-2.66000004e-009 -0.007515625
-2.64000004e-009 -0.007523438
-2.62000003e-009  -0.00740625
-2.60000003e-009  -0.00734375
-2.58000003e-009 -0.007296875
-2.56000003e-009 -0.007226562
-2.54000003e-009 -0.007117187
-2.52000003e-009 -0.006976562
-2.50000003e-009   -0.0068125
-2.48000003e-009 -0.006671875
-2.46000003e-009      -0.0065
-2.44000003e-009 -0.006320312
-2.42000003e-009 -0.006148437
-2.40000003e-009 -0.006101562
-2.38000003e-009 -0.006054687
-2.36000003e-009   -0.0060625
-2.34000003e-009 -0.006007812
-2.32000003e-009  -0.00590625
-2.30000003e-009 -0.005726562
-2.28000003e-009 -0.005453125
-2.26000003e-009 -0.005234375
-2.24000003e-009 -0.005085937
-2.22000003e-009 -0.004960937
-2.20000003e-009 -0.004835937
-2.18000003e-009 -0.004585937
-2.16000003e-009   -0.0043125
-2.14000003e-009 -0.004117187
-2.12000003e-009 -0.004085937
-2.10000003e-009 -0.004015625
-2.08000003e-009 -0.003820312
-2.06000003e-009 -0.003421875
-2.04000003e-009 -0.003085937
-2.02000003e-009 -0.002992187
-2.00000003e-009   -0.0030625
-1.98000003e-009 -0.003046875
-1.96000003e-009 -0.002851562
-1.94000003e-009 -0.002640625
-1.92000003e-009 -0.002460937
-1.90000003e-009 -0.002296875
-1.88000003e-009 -0.002039062
-1.86000002e-009 -0.001757812
-1.84000002e-009 -0.001601562
-1.82000002e-009 -0.001492187
-1.80000002e-009 -0.001367187
-1.78000002e-009 -0.001109375
-1.76000002e-009 -0.0008828122
-1.74000002e-009 -0.0008984372
-1.72000002e-009   -0.0010625
-1.70000002e-009  -0.00121875
-1.68000002e-009 -0.001132812
-1.66000002e-009 -0.0009374997
-1.64000002e-009 -0.0008906247
-1.62000002e-009 -0.0009921872
-1.60000002e-009 -0.0009921872
-1.58000002e-009 -0.0007109372
-1.56000002e-009 -0.0004062497
-1.54000002e-009 -0.0002890622
-1.52000002e-009 -0.0004531247
-1.50000002e-009 -0.0006640622
-1.48000002e-009 -0.0006796872
-1.46000002e-009 -0.0005234372
-1.44000002e-009 -0.0003203122
-1.42000002e-009 -0.0001562497
-1.40000002e-009 -7.812151e-006
-1.38000002e-009 0.0001406254
-1.36000002e-009 0.0001562504
-1.34000002e-009 -1.562465e-005
-1.32000002e-009 -0.0002656247
-1.30000002e-009 -0.0003671872
-1.28000002e-009 -0.0002031247
-1.26000002e-009 3.906285e-005
-1.24000002e-009 9.375035e-005
-1.22000002e-009 -0.0001171872
-1.20000002e-009 -0.0003671872
-1.18000002e-009 -0.0004843747
-1.16000002e-009 -0.0004218747
-1.14000002e-009 -0.0003984372
-1.12000001e-009 -0.0005390622
-1.10000001e-009 -0.0008124997
-1.08000001e-009 -0.0009921872
-1.06000001e-009 -0.001070312
-1.04000001e-009 -0.001132812
-1.02000001e-009 -0.001265625
-1.00000001e-009 -0.001445312
-9.80000013e-010 -0.001546875
-9.60000013e-010 -0.001578125
-9.40000013e-010  -0.00171875
-9.20000012e-010 -0.001914062
-9.00000012e-010 -0.002179687
-8.80000012e-010 -0.002390625
-8.60000011e-010 -0.002570312
-8.40000011e-010 -0.002914062
-8.20000011e-010 -0.003484375
-8.00000011e-010 -0.004273437
-7.8000001e-010 -0.005210937
-7.6000001e-010 -0.006304687
-7.4000001e-010 -0.008070313
-7.2000001e-010  -0.01064063
-7.00000009e-010  -0.01440625
-6.80000009e-010  -0.01957813
-6.60000009e-010    -0.026125
-6.40000009e-010  -0.03464844
-6.20000008e-010  -0.04539844
-6.00000008e-010  -0.05846875
-5.80000008e-010  -0.07354688
-5.60000007e-010  -0.08982813
-5.40000007e-010   -0.1065078
-5.20000007e-010   -0.1223203
-5.00000007e-010   -0.1358047
-4.80000006e-010    -0.146125
-4.60000006e-010   -0.1530391
-4.40000006e-010   -0.1568125
-4.20000006e-010   -0.1582422
-4.00000005e-010   -0.1576719
-3.80000005e-010       -0.156
-3.60000005e-010   -0.1538906
-3.40000005e-010    -0.151625
-3.20000004e-010   -0.1495313
-3.00000004e-010   -0.1473906
-2.80000004e-010   -0.1451484
-2.60000003e-010   -0.1429141
-2.40000003e-010   -0.1401406
-2.20000003e-010   -0.1370078
-2.00000003e-010   -0.1332734
-1.80000002e-010   -0.1288672
-1.60000002e-010   -0.1236406
-1.40000002e-010   -0.1166641
-1.20000002e-010   -0.1075391
-1.00000001e-010  -0.09602344
-8.00000011e-011  -0.08241407
-6.00000008e-011  -0.06711719
-4.00000005e-011  -0.05040625
-2.00000003e-011  -0.03307813
           0  -0.01658594
2.00000003e-011 -0.002242187
4.00000005e-011  0.009203126
6.00000008e-011   0.01757813
8.00000011e-011   0.02326563
1.00000001e-010   0.02614063
1.20000002e-010    0.0266875
1.40000002e-010   0.02542969
1.60000002e-010   0.02310938
1.80000002e-010   0.02076563
2.00000003e-010    0.0190625
2.20000003e-010   0.01857813
2.40000003e-010   0.01941406
2.60000003e-010   0.02119531
2.80000004e-010   0.02367188
3.00000004e-010   0.02633594
3.20000004e-010   0.02882031
3.40000005e-010   0.03060156
3.60000005e-010   0.03145313
3.80000005e-010   0.03152344
4.00000005e-010   0.03104688
4.20000006e-010   0.03036719
4.40000006e-010    0.0294375
4.60000006e-010   0.02832031
4.80000006e-010   0.02708594
5.00000007e-010   0.02584375
5.20000007e-010   0.02496875
5.40000007e-010   0.02453125
5.60000007e-010   0.02436719
5.80000008e-010   0.02442969
6.00000008e-010   0.02454688
6.20000008e-010   0.02470313
6.40000009e-010   0.02501563
6.60000009e-010   0.02523438
6.80000009e-010   0.02517969
7.00000009e-010   0.02482031
7.2000001e-010   0.02423438
7.4000001e-010   0.02363281
7.6000001e-010   0.02294531
7.8000001e-010   0.02203125
8.00000011e-010   0.02089844
8.20000011e-010   0.01988281
8.40000011e-010   0.01933594
8.60000011e-010   0.01921875
8.80000012e-010   0.01926563
9.00000012e-010   0.01927344
9.20000012e-010   0.01933594
9.40000013e-010   0.01970313
9.60000013e-010   0.02057813
9.80000013e-010   0.02165625
1.00000001e-009   0.02264844
1.02000001e-009   0.02327344
1.04000001e-009   0.02371875
1.06000001e-009        0.024
1.08000001e-009   0.02422656
1.10000001e-009   0.02435938
1.12000001e-009   0.02454688
1.14000002e-009   0.02483594
1.16000002e-009   0.02525781
1.18000002e-009    0.0256875
1.20000002e-009   0.02601563
1.22000002e-009   0.02620313
1.24000002e-009   0.02639063
1.26000002e-009   0.02664844
1.28000002e-009   0.02695313
1.30000002e-009   0.02729688
1.32000002e-009    0.0275625
1.34000002e-009    0.0278125
1.36000002e-009   0.02803906
1.38000002e-009    0.0283125
1.40000002e-009   0.02858594
1.42000002e-009     0.028625
1.44000002e-009   0.02845313
1.46000002e-009   0.02809375
1.48000002e-009   0.02760938
1.50000002e-009   0.02713281
1.52000002e-009   0.02659375
1.54000002e-009   0.02608594
1.56000002e-009   0.02571094
1.58000002e-009       0.0255
1.60000002e-009   0.02532813
1.62000002e-009    0.0249375
1.64000002e-009   0.02432813
1.66000002e-009   0.02353906
1.68000002e-009   0.02282813
1.70000002e-009   0.02222656
1.72000002e-009   0.02177344
1.74000002e-009    0.0214375
1.76000002e-009   0.02129688
1.78000002e-009   0.02125781
1.80000002e-009   0.02128125
1.82000002e-009   0.02113281
1.84000002e-009   0.02089063
1.86000002e-009   0.02077344
1.88000003e-009   0.02083594
1.90000003e-009   0.02088281
1.92000003e-009   0.02082031
1.94000003e-009   0.02070313
1.96000003e-009   0.02066406
1.98000003e-009   0.02077344
2.00000003e-009   0.02095313
2.02000003e-009   0.02096875
2.04000003e-009   0.02084375
2.06000003e-009   0.02078906
2.08000003e-009   0.02094531
2.10000003e-009   0.02111719
2.12000003e-009   0.02110156
2.14000003e-009   0.02095313
2.16000003e-009   0.02076563
2.18000003e-009   0.02086719
2.20000003e-009   0.02111719
2.22000003e-009   0.02135156
2.24000003e-009    0.0214375
2.26000003e-009   0.02139063
2.28000003e-009   0.02136719
2.30000003e-009   0.02139844
2.32000003e-009   0.02139844
2.34000003e-009    0.0213125
2.36000003e-009   0.02117969
2.38000003e-009   0.02104688
2.40000003e-009   0.02089063
2.42000003e-009   0.02058594
2.44000003e-009   0.02020313
2.46000003e-009   0.01979688
2.48000003e-009   0.01958594
2.50000003e-009   0.01953906
2.52000003e-009   0.01944531
2.54000003e-009   0.01920313
2.56000003e-009   0.01890625
2.58000003e-009   0.01876563
2.60000003e-009   0.01890625
2.62000003e-009   0.01901563
2.64000004e-009   0.01896875
2.66000004e-009   0.01864063
2.68000004e-009   0.01841406
2.70000004e-009   0.01842969
2.72000004e-009   0.01864844
2.74000004e-009   0.01864844
2.76000004e-009   0.01833594
2.78000004e-009   0.01782031
2.80000004e-009   0.01736719
2.82000004e-009   0.01719531
2.84000004e-009   0.01721875
2.86000004e-009   0.01717969
2.88000004e-009   0.01696094
2.90000004e-009   0.01664063
2.92000004e-009   0.01645313
2.94000004e-009   0.01660938
2.96000004e-009   0.01703906
2.98000004e-009   0.01746875
3.00000004e-009    0.0175625
3.02000004e-009   0.01744531
3.04000004e-009   0.01721875
3.06000004e-009   0.01717969
3.08000004e-009   0.01715625
3.10000004e-009   0.01711719
3.12000004e-009   0.01690625
3.14000004e-009   0.01661719
3.16000004e-009   0.01633594
3.18000004e-009   0.01610156
3.20000004e-009   0.01588281
3.22000004e-009   0.01570313
3.24000004e-009   0.01565625
3.26000004e-009   0.01569531
3.28000004e-009   0.01567188
3.30000004e-009   0.01557813
3.32000004e-009    0.0154375
3.34000004e-009   0.01539844
3.36000004e-009   0.01550781
3.38000005e-009   0.01558594
3.40000005e-009   0.01550781
3.42000005e-009   0.01525781
3.44000005e-009   0.01499219
3.46000005e-009   0.01469531
3.48000005e-009   0.01447656
3.50000005e-009   0.01424219
3.52000005e-009   0.01396875
3.54000005e-009   0.01376563
3.56000005e-009   0.01371875
3.58000005e-009   0.01371094
3.60000005e-009   0.01365625
3.62000005e-009       0.0135
3.64000005e-009   0.01347656
3.66000005e-009   0.01358594
3.68000005e-009    0.0136875
3.70000005e-009   0.01355469
3.72000005e-009   0.01320313
3.74000005e-009   0.01297656
3.76000005e-009   0.01296875
3.78000005e-009   0.01308594
3.80000005e-009   0.01316406
3.82000005e-009   0.01314844
3.84000005e-009    0.0131875
3.86000005e-009    0.0133125
3.88000005e-009   0.01342969
3.90000005e-009   0.01332031
3.92000005e-009   0.01302344
3.94000005e-009   0.01276563
3.96000005e-009   0.01278125
3.98000005e-009   0.01296094
4.00000005e-009   0.01310156
4.02000005e-009   0.01308594
4.04000005e-009   0.01295313
4.06000005e-009   0.01290625
4.08000005e-009   0.01285938
4.10000005e-009   0.01272656
4.12000006e-009   0.01251563
4.14000006e-009   0.01226563
4.16000006e-009    0.0121875
4.18000006e-009   0.01219531
4.20000006e-009   0.01227344
4.22000006e-009   0.01220313
4.24000006e-009   0.01210156
4.26000006e-009   0.01201563
4.28000006e-009   0.01201563
4.30000006e-009   0.01202344
4.32000006e-009   0.01199219
4.34000006e-009   0.01188281
4.36000006e-009   0.01183594
4.38000006e-009   0.01174219
4.40000006e-009   0.01150781
4.42000006e-009   0.01116406
4.44000006e-009   0.01088281
4.46000006e-009   0.01080469
4.48000006e-009   0.01089063
4.50000006e-009   0.01077344
4.52000006e-009   0.01049219
4.54000006e-009   0.01020313
4.56000006e-009   0.01026563
4.58000006e-009   0.01050781
4.60000006e-009   0.01064844
4.62000006e-009   0.01057813
4.64000006e-009   0.01040625
4.66000006e-009   0.01032031
4.68000006e-009   0.01039844
4.70000006e-009     0.010375
4.72000006e-009   0.01032031
4.74000006e-009   0.01036719
4.76000006e-009   0.01048438
4.78000006e-009   0.01054688
4.80000006e-009   0.01042188
4.82000006e-009    0.0100625
4.84000006e-009  0.009703126
4.86000006e-009  0.009515626
4.88000007e-009  0.009421876
4.90000007e-009  0.009453126
4.92000007e-009  0.009500001
4.94000007e-009  0.009625001
4.96000007e-009  0.009875001
4.98000007e-009   0.01011719
5.00000007e-009      0.01025
