-4.98000007e-009 -0.004710937
-4.96000007e-009  0.004242188
-4.94000007e-009   -0.0056875
-4.92000007e-009  0.007000001
-4.90000007e-009       -0.005
-4.88000007e-009  0.005898438
-4.86000006e-009 -0.004078125
-4.84000006e-009  0.003906251
-4.82000006e-009 -0.004414062
-4.80000006e-009  0.005000001
-4.78000006e-009 -0.007023437
-4.76000006e-009  0.005242188
-4.74000006e-009       -0.005
-4.72000006e-009  0.005000001
-4.70000006e-009       -0.007
-4.68000006e-009  0.004078126
-4.66000006e-009 -0.005007812
-4.64000006e-009  0.003781251
-4.62000006e-009       -0.007
-4.60000006e-009  0.005101563
-4.58000006e-009 -0.005445312
-4.56000006e-009  0.005304688
-4.54000006e-009       -0.005
-4.52000006e-009  0.005000001
-4.50000006e-009 -0.004265625
-4.48000006e-009  0.005062501
-4.46000006e-009 -0.004945312
-4.44000006e-009  0.004523438
-4.42000006e-009    -0.004625
-4.40000006e-009  0.003250001
-4.38000006e-009 -0.005171875
-4.36000006e-009  0.005867188
-4.34000006e-009 -0.005226562
-4.32000006e-009  0.005000001
-4.30000006e-009       -0.005
-4.28000006e-009  0.004921876
-4.26000006e-009  -0.00565625
-4.24000006e-009  0.006093751
-4.22000006e-009 -0.006015625
-4.20000006e-009  0.005773438
-4.18000006e-009 -0.006890625
-4.16000006e-009  0.004437501
-4.14000006e-009 -0.005671875
-4.12000006e-009  0.004046876
-4.10000005e-009       -0.005
-4.08000005e-009  0.004984376
-4.06000005e-009 -0.004804687
-4.04000005e-009  0.005000001
-4.02000005e-009       -0.005
-4.00000005e-009  0.005000001
-3.98000005e-009 -0.005117187
-3.96000005e-009  0.004968751
-3.94000005e-009  -0.00421875
-3.92000005e-009  0.005125001
-3.90000005e-009 -0.005046875
-3.88000005e-009  0.003289063
-3.86000005e-009  -0.00521875
-3.84000005e-009        0.003
-3.82000005e-009 -0.005546875
-3.80000005e-009        0.003
-3.78000005e-009 -0.006507812
-3.76000005e-009  0.002765625
-3.74000005e-009   -0.0066875
-3.72000005e-009  0.002976563
-3.70000005e-009 -0.007617188
-3.68000005e-009     0.001375
-3.66000005e-009 -0.008007813
-3.64000005e-009 -0.0009374997
-3.62000005e-009       -0.009
-3.60000005e-009 0.0005468754
-3.58000005e-009  -0.00896875
-3.56000005e-009 0.0006484379
-3.54000005e-009 -0.009273438
-3.52000005e-009        0.001
-3.50000005e-009       -0.011
-3.48000005e-009 -0.001585937
-3.46000005e-009  -0.01202344
-3.44000005e-009  -0.00215625
-3.42000005e-009       -0.011
-3.40000005e-009 -0.002453125
-3.38000005e-009   -0.0123125
-3.36000004e-009 -0.001710937
-3.34000004e-009  -0.01208594
-3.32000004e-009 -0.002070312
-3.30000004e-009  -0.01241406
-3.28000004e-009 -0.004351562
-3.26000004e-009  -0.01359375
-3.24000004e-009 -0.002914062
-3.22000004e-009  -0.01516406
-3.20000004e-009       -0.005
-3.18000004e-009  -0.01295313
-3.16000004e-009 -0.004429687
-3.14000004e-009  -0.01532813
-3.12000004e-009 -0.004453125
-3.10000004e-009  -0.01390625
-3.08000004e-009 -0.004140625
-3.06000004e-009  -0.01453906
-3.04000004e-009  -0.00459375
-3.02000004e-009  -0.01409375
-3.00000004e-009       -0.005
-2.98000004e-009  -0.01417188
-2.96000004e-009 -0.004898437
-2.94000004e-009  -0.01611719
-2.92000004e-009 -0.004421875
-2.90000004e-009  -0.01421875
-2.88000004e-009 -0.004828125
-2.86000004e-009  -0.01441406
-2.84000004e-009       -0.005
-2.82000004e-009       -0.015
-2.80000004e-009       -0.005
-2.78000004e-009  -0.01379688
-2.76000004e-009 -0.004726562
-2.74000004e-009   -0.0146875
-2.72000004e-009       -0.005
-2.70000004e-009  -0.01324219
-2.68000004e-009   -0.0030625
-2.66000004e-009  -0.01330469
-2.64000004e-009       -0.003
-2.62000003e-009       -0.013
-2.60000003e-009 -0.004828125
-2.58000003e-009  -0.01435156
-2.56000003e-009 -0.003234375
-2.54000003e-009       -0.015
-2.52000003e-009 -0.003960937
-2.50000003e-009       -0.013
-2.48000003e-009  -0.00440625
-2.46000003e-009    -0.012125
-2.44000003e-009 -0.004765625
-2.42000003e-009  -0.01217969
-2.40000003e-009 -0.002734375
-2.38000003e-009  -0.01352344
-2.36000003e-009 -0.001789062
-2.34000003e-009  -0.01269531
-2.32000003e-009 -0.002695312
-2.30000003e-009       -0.011
-2.28000003e-009  -0.00278125
-2.26000003e-009  -0.01144531
-2.24000003e-009       -0.003
-2.22000003e-009    -0.009375
-2.20000003e-009 -0.0009999997
-2.18000003e-009  -0.01053125
-2.16000003e-009 -0.001289062
-2.14000003e-009 -0.009664063
-2.12000003e-009 -0.0009999997
-2.10000003e-009  -0.01121875
-2.08000003e-009 -0.0001953122
-2.06000003e-009 -0.008945313
-2.04000003e-009 0.0002578129
-2.02000003e-009 -0.009179688
-2.00000003e-009 -0.0004140622
-1.98000003e-009  -0.01042188
-1.96000003e-009 -0.0004843747
-1.94000003e-009       -0.009
-1.92000003e-009        0.001
-1.90000003e-009       -0.009
-1.88000003e-009  0.002164063
-1.86000002e-009 -0.009328125
-1.84000002e-009  0.002523438
-1.82000002e-009   -0.0073125
-1.80000002e-009  0.002335938
-1.78000002e-009    -0.008375
-1.76000002e-009  0.003429688
-1.74000002e-009  -0.00765625
-1.72000002e-009  0.001367188
-1.70000002e-009 -0.007632813
-1.68000002e-009   0.00128125
-1.66000002e-009 -0.007640625
-1.64000002e-009        0.003
-1.62000002e-009       -0.007
-1.60000002e-009        0.003
-1.58000002e-009  -0.00753125
-1.56000002e-009  0.002617188
-1.54000002e-009       -0.007
-1.52000002e-009  0.001515625
-1.50000002e-009 -0.007585938
-1.48000002e-009    0.0018125
-1.46000002e-009 -0.006820312
-1.44000002e-009  0.001578125
-1.42000002e-009 -0.007039062
-1.40000002e-009        0.003
-1.38000002e-009  -0.00653125
-1.36000002e-009  0.002546875
-1.34000002e-009       -0.007
-1.32000002e-009        0.003
-1.30000002e-009       -0.007
-1.28000002e-009  0.002570313
-1.26000002e-009 -0.007109375
-1.24000002e-009  0.003679688
-1.22000002e-009  -0.00740625
-1.20000002e-009        0.001
-1.18000002e-009 -0.008796875
-1.16000002e-009  0.001640625
-1.14000002e-009 -0.009570313
-1.12000001e-009  0.005000001
-1.10000001e-009 -0.007523438
-1.08000001e-009 0.0003671879
-1.06000001e-009 -0.007789063
-1.04000001e-009  0.002320313
-1.02000001e-009 -0.008046875
-1.00000001e-009        0.001
-9.80000013e-010 -0.008367188
-9.60000013e-010 0.0004453129
-9.40000013e-010 -0.008710938
-9.20000012e-010        0.003
-9.00000012e-010 -0.008664063
-8.80000012e-010 -8.593715e-005
-8.60000011e-010 -0.008929688
-8.40000011e-010 -0.0004765622
-8.20000011e-010       -0.011
-8.00000011e-010 -0.0009999997
-7.8000001e-010 -0.009640625
-7.6000001e-010  -0.00215625
-7.4000001e-010  -0.01169531
-7.2000001e-010       -0.003
-7.00000009e-010  -0.01746094
-6.80000009e-010 -0.008664063
-6.60000009e-010  -0.02350781
-6.40000009e-010   -0.0155625
-6.20000008e-010  -0.03444531
-6.00000008e-010       -0.027
-5.80000008e-010  -0.05607813
-5.60000007e-010  -0.04860938
-5.40000007e-010       -0.085
-5.20000007e-010       -0.077
-5.00000007e-010   -0.1162891
-4.80000006e-010   -0.1090703
-4.60000006e-010   -0.1438125
-4.40000006e-010   -0.1370313
-4.20000006e-010       -0.161
-4.00000005e-010       -0.153
-3.80000005e-010   -0.1688203
-3.60000005e-010      -0.1565
-3.40000005e-010       -0.169
-3.20000004e-010       -0.155
-3.00000004e-010   -0.1644531
-2.80000004e-010   -0.1482031
-2.60000003e-010   -0.1558828
-2.40000003e-010       -0.139
-2.20000003e-010       -0.149
-2.00000003e-010       -0.127
-1.80000002e-010   -0.1344297
-1.60000002e-010   -0.1059609
-1.40000002e-010   -0.1133828
-1.20000002e-010  -0.08207032
-1.00000001e-010  -0.08596094
-8.00000011e-011  -0.04752344
-6.00000008e-011  -0.05328125
-4.00000005e-011  -0.01360156
-2.00000003e-011  -0.02150781
           0  0.009000001
2.00000003e-011 0.0002500004
4.00000005e-011   0.02059375
6.00000008e-011   0.01140625
8.00000011e-011        0.027
1.00000001e-010   0.01471875
1.20000002e-010     0.022875
1.40000002e-010   0.01127344
1.60000002e-010   0.02019531
1.80000002e-010  0.008515626
2.00000003e-010        0.021
2.20000003e-010   0.01089844
2.40000003e-010   0.02171094
2.60000003e-010   0.01453906
2.80000004e-010    0.0271875
3.00000004e-010   0.02021875
3.20000004e-010   0.03360938
3.40000005e-010   0.02273438
3.60000005e-010   0.03254688
3.80000005e-010   0.02078125
4.00000005e-010   0.03126563
4.20000006e-010   0.01907031
4.40000006e-010   0.02989063
4.60000006e-010        0.015
4.80000006e-010   0.02571875
5.00000007e-010   0.01399219
5.20000007e-010   0.02415625
5.40000007e-010   0.01247656
5.60000007e-010   0.02389844
5.80000008e-010        0.013
6.00000008e-010   0.02678906
6.20000008e-010    0.0129375
6.40000009e-010   0.02467188
6.60000009e-010   0.01465625
6.80000009e-010    0.0239375
7.00000009e-010   0.01267969
7.2000001e-010   0.02457031
7.4000001e-010  0.009820313
7.6000001e-010        0.023
7.8000001e-010  0.009000001
8.00000011e-010        0.021
8.20000011e-010   0.01032031
8.40000011e-010   0.02082813
8.60000011e-010   0.01185938
8.80000012e-010        0.021
9.00000012e-010   0.01042188
9.20000012e-010   0.02350781
9.40000013e-010   0.01226563
9.60000013e-010   0.02257031
9.80000013e-010        0.015
1.00000001e-009   0.02401563
1.02000001e-009   0.01446875
1.04000001e-009   0.02334375
1.06000001e-009   0.01491406
1.08000001e-009        0.023
1.10000001e-009        0.015
1.12000001e-009   0.02628906
1.14000002e-009     0.015625
1.16000002e-009   0.02534375
1.18000002e-009   0.01584375
1.20000002e-009        0.027
1.22000002e-009   0.01663281
1.24000002e-009   0.02885156
1.26000002e-009        0.019
1.28000002e-009   0.02740625
1.30000002e-009     0.017875
1.32000002e-009   0.02735938
1.34000002e-009   0.01845313
1.36000002e-009   0.02758594
1.38000002e-009        0.019
1.40000002e-009        0.029
1.42000002e-009   0.01721094
1.44000002e-009   0.02735938
1.46000002e-009      0.01675
1.48000002e-009   0.02844531
1.50000002e-009        0.017
1.52000002e-009   0.02642969
1.54000002e-009   0.01607031
1.56000002e-009    0.0261875
1.58000002e-009   0.01614063
1.60000002e-009    0.0235625
1.62000002e-009   0.01433594
1.64000002e-009   0.02303906
1.66000002e-009        0.013
1.68000002e-009   0.02514063
1.70000002e-009    0.0124375
1.72000002e-009   0.02290625
1.74000002e-009   0.01202344
1.76000002e-009        0.021
1.78000002e-009        0.011
1.80000002e-009   0.02253125
1.82000002e-009     0.011375
1.84000002e-009   0.02047656
1.86000002e-009   0.01046094
1.88000003e-009    0.0215625
1.90000003e-009   0.01079688
1.92000003e-009   0.02154688
1.94000003e-009  0.009507813
1.96000003e-009   0.02091406
1.98000003e-009      0.01075
2.00000003e-009   0.02160938
2.02000003e-009   0.01242188
2.04000003e-009    0.0208125
2.06000003e-009        0.011
2.08000003e-009   0.02174219
2.10000003e-009   0.01288281
2.12000003e-009     0.021125
2.14000003e-009    0.0118125
2.16000003e-009   0.02134375
2.18000003e-009        0.011
2.20000003e-009        0.023
2.22000003e-009   0.01157813
2.24000003e-009    0.0240625
2.26000003e-009   0.01321875
2.28000003e-009        0.023
2.30000003e-009   0.01160156
2.32000003e-009   0.02263281
2.34000003e-009   0.01371094
2.36000003e-009        0.023
2.38000003e-009    0.0113125
2.40000003e-009        0.021
2.42000003e-009      0.01025
2.44000003e-009   0.02217969
2.46000003e-009   0.01042188
2.48000003e-009        0.021
2.50000003e-009        0.011
2.52000003e-009   0.02066406
2.54000003e-009   0.01148438
2.56000003e-009        0.023
2.58000003e-009   0.01072656
2.60000003e-009   0.02125781
2.62000003e-009   0.01057813
2.64000004e-009   0.02105469
2.66000004e-009  0.009000001
2.68000004e-009   0.01954688
2.70000004e-009  0.009921876
2.72000004e-009   0.02053125
2.74000004e-009  0.009148438
2.76000004e-009     0.020875
2.78000004e-009  0.009343751
2.80000004e-009   0.01890625
2.82000004e-009  0.008148438
2.84000004e-009   0.01784375
2.86000004e-009  0.009000001
2.88000004e-009        0.019
2.90000004e-009  0.008843751
2.92000004e-009   0.01916406
2.94000004e-009  0.008468751
2.96000004e-009   0.02074219
2.98000004e-009  0.009000001
3.00000004e-009   0.01820313
3.02000004e-009  0.008304688
3.04000004e-009   0.01820313
3.06000004e-009  0.009000001
3.08000004e-009     0.018125
3.10000004e-009  0.009000001
3.12000004e-009   0.01899219
3.14000004e-009  0.009812501
3.16000004e-009   0.01645313
3.18000004e-009  0.007000001
3.20000004e-009   0.01773438
3.22000004e-009  0.007937501
3.24000004e-009   0.01732031
3.26000004e-009  0.008640626
3.28000004e-009        0.019
3.30000004e-009  0.007000001
3.32000004e-009   0.01871094
3.34000004e-009  0.007234376
3.36000004e-009   0.01726563
3.38000005e-009  0.007796876
3.40000005e-009   0.01783594
3.42000005e-009  0.005726563
3.44000005e-009   0.01735156
3.46000005e-009  0.005000001
3.48000005e-009        0.017
3.50000005e-009  0.006718751
3.52000005e-009    0.0175625
3.54000005e-009  0.006351563
3.56000005e-009   0.01473438
3.58000005e-009  0.006726563
3.60000005e-009   0.01517188
3.62000005e-009  0.004984376
3.64000005e-009   0.01576563
3.66000005e-009  0.007000001
3.68000005e-009        0.019
3.70000005e-009  0.005593751
3.72000005e-009   0.01528906
3.74000005e-009  0.006351563
3.76000005e-009   0.01628906
3.78000005e-009  0.005000001
3.80000005e-009        0.015
3.82000005e-009  0.005828126
3.84000005e-009   0.01478125
3.86000005e-009  0.005984376
3.88000005e-009   0.01523438
3.90000005e-009  0.005000001
3.92000005e-009   0.01625781
3.94000005e-009  0.005242188
3.96000005e-009   0.01466406
3.98000005e-009  0.005000001
4.00000005e-009        0.017
4.02000005e-009  0.005062501
4.04000005e-009   0.01425781
4.06000005e-009  0.005000001
4.08000005e-009   0.01502344
4.10000005e-009     0.002125
4.12000006e-009   0.01510156
4.14000006e-009  0.004726563
4.16000006e-009   0.01603906
4.18000006e-009  0.004445313
4.20000006e-009        0.015
4.22000006e-009  0.003046875
4.24000006e-009    0.0154375
4.26000006e-009  0.003203126
4.28000006e-009        0.013
4.30000006e-009        0.003
4.32000006e-009   0.01528125
4.34000006e-009  0.004203126
4.36000006e-009     0.012625
4.38000006e-009  0.003539063
4.40000006e-009   0.01295313
4.42000006e-009  0.002546875
4.44000006e-009   0.01460156
4.46000006e-009  0.002179688
4.48000006e-009   0.01297656
4.50000006e-009        0.003
4.52000006e-009   0.01176563
4.54000006e-009  0.002546875
4.56000006e-009   0.01261719
4.58000006e-009  0.004031251
4.60000006e-009   0.01315625
4.62000006e-009   0.00240625
4.64000006e-009    0.0133125
4.66000006e-009        0.001
4.68000006e-009        0.013
4.70000006e-009  0.001226563
4.72000006e-009   0.01271094
4.74000006e-009  0.002203125
4.76000006e-009   0.01171875
4.78000006e-009  0.001554688
4.80000006e-009        0.011
4.82000006e-009  0.001132813
4.84000006e-009   0.01308594
4.86000006e-009  0.002195313
4.88000007e-009        0.013
4.90000007e-009        0.001
4.92000007e-009   0.01292188
4.94000007e-009  0.002226563
4.96000007e-009   0.01239844
4.98000007e-009  0.002507813
5.00000007e-009     0.012875
