-1.24500002e-009 -0.001898437
-1.24000002e-009 -0.001945312
-1.23500002e-009 -0.002054687
-1.23000002e-009 -0.002132812
-1.22500002e-009  -0.00221875
-1.22000002e-009 -0.002335937
-1.21500002e-009 -0.002421875
-1.21000002e-009 -0.002546875
-1.20500002e-009 -0.002632812
-1.20000002e-009 -0.002710937
-1.19500002e-009 -0.002804687
-1.19000002e-009 -0.002867187
-1.18500002e-009 -0.002898437
-1.18000002e-009 -0.002921875
-1.17500002e-009 -0.002914062
-1.17000002e-009 -0.002898437
-1.16500002e-009    -0.002875
-1.16000002e-009 -0.002835937
-1.15500002e-009   -0.0028125
-1.15000002e-009  -0.00278125
-1.14500002e-009 -0.002734375
-1.14000002e-009   -0.0026875
-1.13500002e-009 -0.002679687
-1.13000002e-009 -0.002679687
-1.12500002e-009 -0.002679687
-1.12000001e-009 -0.002742187
-1.11500001e-009 -0.002804687
-1.11000001e-009    -0.002875
-1.10500001e-009 -0.002929687
-1.10000001e-009 -0.003023437
-1.09500001e-009 -0.003085937
-1.09000001e-009 -0.003171875
-1.08500001e-009 -0.003234375
-1.08000001e-009 -0.003304687
-1.07500001e-009   -0.0033125
-1.07000001e-009 -0.003335937
-1.06500001e-009 -0.003367187
-1.06000001e-009 -0.003328125
-1.05500001e-009   -0.0033125
-1.05000001e-009  -0.00328125
-1.04500001e-009 -0.003265625
-1.04000001e-009 -0.003203125
-1.03500001e-009 -0.003164062
-1.03000001e-009 -0.003109375
-1.02500001e-009 -0.003078125
-1.02000001e-009   -0.0030625
-1.01500001e-009  -0.00303125
-1.01000001e-009 -0.003070312
-1.00500001e-009 -0.003070312
-1.00000001e-009 -0.003085937
-9.95000013e-010 -0.003132812
-9.90000013e-010 -0.003179687
-9.85000013e-010 -0.003234375
-9.80000013e-010  -0.00328125
-9.75000013e-010   -0.0033125
-9.70000013e-010 -0.003367187
-9.65000013e-010   -0.0034375
-9.60000013e-010 -0.003492187
-9.55000013e-010 -0.003515625
-9.50000013e-010 -0.003554687
-9.45000013e-010 -0.003570312
-9.40000013e-010 -0.003609375
-9.35000012e-010 -0.003617187
-9.30000012e-010    -0.003625
-9.25000012e-010  -0.00365625
-9.20000012e-010  -0.00365625
-9.15000012e-010  -0.00365625
-9.10000012e-010 -0.003695312
-9.05000012e-010 -0.003695312
-9.00000012e-010  -0.00371875
-8.95000012e-010     -0.00375
-8.90000012e-010 -0.003757812
-8.85000012e-010  -0.00378125
-8.80000012e-010 -0.003820312
-8.75000012e-010 -0.003867187
-8.70000012e-010    -0.003875
-8.65000012e-010  -0.00396875
-8.60000011e-010 -0.003992187
-8.55000011e-010 -0.004078125
-8.50000011e-010 -0.004132812
-8.45000011e-010 -0.004203125
-8.40000011e-010 -0.004257812
-8.35000011e-010 -0.004359375
-8.30000011e-010 -0.004460937
-8.25000011e-010 -0.004539062
-8.20000011e-010 -0.004703125
-8.15000011e-010 -0.004820312
-8.10000011e-010 -0.005007812
-8.05000011e-010 -0.005171875
-8.00000011e-010 -0.005359375
-7.95000011e-010 -0.005523437
-7.90000011e-010 -0.005703125
-7.8500001e-010 -0.005882812
-7.8000001e-010    -0.006125
-7.7500001e-010 -0.006289062
-7.7000001e-010  -0.00646875
-7.6500001e-010 -0.006671875
-7.6000001e-010    -0.006875
-7.5500001e-010 -0.007054687
-7.5000001e-010 -0.007265625
-7.4500001e-010 -0.007445313
-7.4000001e-010 -0.007679688
-7.3500001e-010  -0.00790625
-7.3000001e-010 -0.008148438
-7.2500001e-010 -0.008398438
-7.2000001e-010 -0.008679688
-7.1500001e-010 -0.008992188
-7.10000009e-010 -0.009398438
-7.05000009e-010 -0.009796875
-7.00000009e-010  -0.01026563
-6.95000009e-010  -0.01078906
-6.90000009e-010   -0.0113125
-6.85000009e-010  -0.01189844
-6.80000009e-010  -0.01253906
-6.75000009e-010  -0.01319531
-6.70000009e-010   -0.0139375
-6.65000009e-010  -0.01470313
-6.60000009e-010  -0.01557813
-6.55000009e-010  -0.01652344
-6.50000009e-010  -0.01749219
-6.45000009e-010  -0.01853906
-6.40000009e-010  -0.01967188
-6.35000008e-010  -0.02089063
-6.30000008e-010  -0.02223438
-6.25000008e-010  -0.02360156
-6.20000008e-010  -0.02516406
-6.15000008e-010  -0.02676563
-6.10000008e-010  -0.02860938
-6.05000008e-010  -0.03053906
-6.00000008e-010  -0.03260156
-5.95000008e-010   -0.0348125
-5.90000008e-010    -0.037125
-5.85000008e-010    -0.039625
-5.80000008e-010  -0.04216406
-5.75000008e-010  -0.04491406
-5.70000008e-010  -0.04774219
-5.65000008e-010  -0.05072656
-5.60000007e-010  -0.05383594
-5.55000007e-010  -0.05703906
-5.50000007e-010  -0.06039844
-5.45000007e-010  -0.06384375
-5.40000007e-010  -0.06742969
-5.35000007e-010   -0.0710625
-5.30000007e-010  -0.07479688
-5.25000007e-010  -0.07864844
-5.20000007e-010  -0.08249219
-5.15000007e-010  -0.08644532
-5.10000007e-010  -0.09040625
-5.05000007e-010  -0.09441407
-5.00000007e-010   -0.0984375
-4.95000007e-010   -0.1024688
-4.90000007e-010   -0.1064453
-4.85000006e-010   -0.1103594
-4.80000006e-010   -0.1142656
-4.75000006e-010   -0.1180625
-4.70000006e-010   -0.1217813
-4.65000006e-010   -0.1253672
-4.60000006e-010   -0.1287891
-4.55000006e-010   -0.1320938
-4.50000006e-010   -0.1352891
-4.45000006e-010   -0.1383047
-4.40000006e-010   -0.1412031
-4.35000006e-010    -0.143875
-4.30000006e-010   -0.1464375
-4.25000006e-010   -0.1487578
-4.20000006e-010   -0.1509375
-4.15000006e-010   -0.1529219
-4.10000005e-010   -0.1546875
-4.05000005e-010   -0.1562891
-4.00000005e-010   -0.1577109
-3.95000005e-010   -0.1589531
-3.90000005e-010   -0.1600469
-3.85000005e-010       -0.161
-3.80000005e-010     -0.16175
-3.75000005e-010    -0.162375
-3.70000005e-010   -0.1628359
-3.65000005e-010   -0.1632031
-3.60000005e-010   -0.1633438
-3.55000005e-010   -0.1634453
-3.50000005e-010   -0.1634063
-3.45000005e-010   -0.1632734
-3.40000005e-010   -0.1631328
-3.35000004e-010   -0.1628672
-3.30000004e-010   -0.1625078
-3.25000004e-010   -0.1621016
-3.20000004e-010   -0.1616172
-3.15000004e-010   -0.1610859
-3.10000004e-010   -0.1604063
-3.05000004e-010   -0.1597266
-3.00000004e-010   -0.1590234
-2.95000004e-010   -0.1582344
-2.90000004e-010   -0.1574141
-2.85000004e-010   -0.1565547
-2.80000004e-010   -0.1556953
-2.75000004e-010   -0.1547656
-2.70000004e-010   -0.1538438
-2.65000004e-010   -0.1528594
-2.60000003e-010   -0.1517891
-2.55000003e-010   -0.1507578
-2.50000003e-010   -0.1496953
-2.45000003e-010   -0.1486172
-2.40000003e-010   -0.1475391
-2.35000003e-010   -0.1464219
-2.30000003e-010   -0.1452813
-2.25000003e-010   -0.1441406
-2.20000003e-010   -0.1429297
-2.15000003e-010   -0.1416406
-2.10000003e-010   -0.1402813
-2.05000003e-010   -0.1388125
-2.00000003e-010   -0.1372969
-1.95000003e-010   -0.1356719
-1.90000003e-010   -0.1339297
-1.85000002e-010   -0.1320859
-1.80000002e-010   -0.1300859
-1.75000002e-010   -0.1279766
-1.70000002e-010   -0.1257578
-1.65000002e-010   -0.1233438
-1.60000002e-010   -0.1207891
-1.55000002e-010   -0.1181016
-1.50000002e-010   -0.1152891
-1.45000002e-010    -0.112375
-1.40000002e-010   -0.1092734
-1.35000002e-010    -0.106125
-1.30000002e-010   -0.1028438
-1.25000002e-010  -0.09945313
-1.20000002e-010  -0.09596875
-1.15000002e-010  -0.09235157
-1.10000001e-010  -0.08866407
-1.05000001e-010  -0.08488282
-1.00000001e-010  -0.08101563
-9.50000013e-011  -0.07703125
-9.00000012e-011  -0.07300782
-8.50000011e-011  -0.06894532
-8.00000011e-011  -0.06478125
-7.5000001e-011  -0.06055469
-7.00000009e-011  -0.05630469
-6.50000009e-011  -0.05205469
-6.00000008e-011  -0.04779688
-5.50000007e-011  -0.04357031
-5.00000007e-011  -0.03939063
-4.50000006e-011  -0.03521094
-4.00000005e-011  -0.03115625
-3.50000005e-011  -0.02721094
-3.00000004e-011  -0.02335156
-2.50000003e-011  -0.01967188
-2.00000003e-011    -0.016125
-1.50000002e-011  -0.01273438
-1.00000001e-011   -0.0095625
-5.00000007e-012 -0.006546875
           0 -0.003726562
5.00000007e-012   -0.0010625
1.00000001e-011  0.001429688
1.50000002e-011  0.003742188
2.00000003e-011  0.005906251
2.50000003e-011  0.007882813
3.00000004e-011  0.009687501
3.50000005e-011   0.01134375
4.00000005e-011    0.0128125
4.50000006e-011    0.0141875
5.00000007e-011   0.01539844
5.50000007e-011   0.01646094
6.00000008e-011   0.01740625
6.50000009e-011   0.01819531
7.00000009e-011   0.01882813
7.5000001e-011   0.01935156
8.00000011e-011   0.01973438
8.50000011e-011   0.01994531
9.00000012e-011   0.02003125
9.50000013e-011   0.02004688
1.00000001e-010   0.01996094
1.05000001e-010   0.01977344
1.10000001e-010   0.01953906
1.15000002e-010      0.01925
1.20000002e-010   0.01892188
1.25000002e-010       0.0185
1.30000002e-010   0.01813281
1.35000002e-010   0.01774219
1.40000002e-010   0.01732813
1.45000002e-010    0.0169375
1.50000002e-010     0.016625
1.55000002e-010   0.01630469
1.60000002e-010    0.0160625
1.65000002e-010   0.01583594
1.70000002e-010   0.01564063
1.75000002e-010   0.01547656
1.80000002e-010   0.01538281
1.85000002e-010   0.01526563
1.90000003e-010   0.01520313
1.95000003e-010   0.01514063
2.00000003e-010    0.0151875
2.05000003e-010   0.01525781
2.10000003e-010   0.01535156
2.15000003e-010   0.01548438
2.20000003e-010   0.01570313
2.25000003e-010   0.01592188
2.30000003e-010   0.01621094
2.35000003e-010   0.01657031
2.40000003e-010   0.01694531
2.45000003e-010   0.01741406
2.50000003e-010   0.01790625
2.55000003e-010   0.01846875
2.60000003e-010   0.01907031
2.65000004e-010   0.01965625
2.70000004e-010   0.02036719
2.75000004e-010   0.02100781
2.80000004e-010    0.0216875
2.85000004e-010   0.02235938
2.90000004e-010   0.02299219
2.95000004e-010   0.02361719
3.00000004e-010   0.02420313
3.05000004e-010   0.02478125
3.10000004e-010   0.02528125
3.15000004e-010   0.02574219
3.20000004e-010   0.02611719
3.25000004e-010   0.02647656
3.30000004e-010      0.02675
3.35000004e-010   0.02698438
3.40000005e-010   0.02714844
3.45000005e-010   0.02728906
3.50000005e-010   0.02732813
3.55000005e-010   0.02736719
3.60000005e-010   0.02736719
3.65000005e-010   0.02728906
3.70000005e-010   0.02719531
3.75000005e-010   0.02704688
3.80000005e-010   0.02685156
3.85000005e-010   0.02667188
3.90000005e-010   0.02639063
3.95000005e-010   0.02610938
4.00000005e-010   0.02578125
4.05000005e-010   0.02547656
4.10000005e-010     0.025125
4.15000006e-010   0.02471875
4.20000006e-010   0.02432031
4.25000006e-010   0.02391406
4.30000006e-010   0.02351563
4.35000006e-010     0.023125
4.40000006e-010   0.02271875
4.45000006e-010   0.02235156
4.50000006e-010   0.02197656
4.55000006e-010   0.02164844
4.60000006e-010   0.02133594
4.65000006e-010   0.02108594
4.70000006e-010   0.02083594
4.75000006e-010   0.02061719
4.80000006e-010   0.02041406
4.85000006e-010      0.02025
4.90000007e-010   0.02010156
4.95000007e-010   0.01992969
5.00000007e-010   0.01984375
5.05000007e-010   0.01973438
5.10000007e-010   0.01964063
5.15000007e-010   0.01952344
5.20000007e-010   0.01939844
5.25000007e-010   0.01932031
5.30000007e-010    0.0191875
5.35000007e-010   0.01909375
5.40000007e-010   0.01896875
5.45000007e-010   0.01886719
5.50000007e-010   0.01876563
5.55000007e-010    0.0186875
5.60000007e-010   0.01857813
5.65000008e-010   0.01852344
5.70000008e-010       0.0185
5.75000008e-010   0.01844531
5.80000008e-010    0.0184375
5.85000008e-010   0.01848438
5.90000008e-010   0.01853125
5.95000008e-010   0.01857813
6.00000008e-010   0.01867969
6.05000008e-010      0.01875
6.10000008e-010    0.0188125
6.15000008e-010   0.01891406
6.20000008e-010   0.01895313
6.25000008e-010   0.01903125
6.30000008e-010    0.0190625
6.35000008e-010   0.01910938
6.40000009e-010    0.0190625
6.45000009e-010   0.01903906
6.50000009e-010   0.01898438
6.55000009e-010   0.01889063
6.60000009e-010   0.01877344
6.65000009e-010   0.01864844
6.70000009e-010   0.01854688
6.75000009e-010   0.01839844
6.80000009e-010   0.01830469
6.85000009e-010     0.018125
6.90000009e-010   0.01803906
6.95000009e-010   0.01796094
7.00000009e-010   0.01789844
7.05000009e-010   0.01778906
7.10000009e-010   0.01774219
7.1500001e-010   0.01773438
7.2000001e-010   0.01771094
7.2500001e-010   0.01764063
7.3000001e-010   0.01760938
7.3500001e-010   0.01753906
7.4000001e-010   0.01746094
7.4500001e-010   0.01735156
7.5000001e-010   0.01721094
7.5500001e-010   0.01707031
7.6000001e-010   0.01690625
7.6500001e-010   0.01669531
7.7000001e-010   0.01649219
7.7500001e-010   0.01629688
7.8000001e-010   0.01607813
7.8500001e-010   0.01589063
7.90000011e-010   0.01571094
7.95000011e-010   0.01552344
8.00000011e-010   0.01541406
8.05000011e-010    0.0153125
8.10000011e-010   0.01524219
8.15000011e-010   0.01514844
8.20000011e-010   0.01514063
8.25000011e-010   0.01513281
8.30000011e-010   0.01520313
8.35000011e-010   0.01523438
8.40000011e-010   0.01533594
8.45000011e-010   0.01539063
8.50000011e-010   0.01549219
8.55000011e-010   0.01560156
8.60000011e-010   0.01570313
8.65000012e-010   0.01580469
8.70000012e-010   0.01594531
8.75000012e-010   0.01609375
8.80000012e-010   0.01621875
8.85000012e-010   0.01635938
8.90000012e-010   0.01650781
8.95000012e-010    0.0166875
9.00000012e-010   0.01684375
9.05000012e-010   0.01698438
9.10000012e-010   0.01711719
9.15000012e-010   0.01728906
9.20000012e-010   0.01741406
9.25000012e-010   0.01757031
9.30000012e-010   0.01766406
9.35000012e-010   0.01780469
9.40000013e-010   0.01791406
9.45000013e-010   0.01799219
9.50000013e-010   0.01809375
9.55000013e-010    0.0181875
9.60000013e-010   0.01828906
9.65000013e-010   0.01838281
9.70000013e-010   0.01849219
9.75000013e-010   0.01864844
9.80000013e-010   0.01875781
9.85000013e-010   0.01889063
9.90000013e-010        0.019
9.95000013e-010   0.01913281
1.00000001e-009   0.01926563
1.00500001e-009     0.019375
1.01000001e-009   0.01950781
1.01500001e-009    0.0195625
1.02000001e-009   0.01961719
1.02500001e-009   0.01966406
1.03000001e-009   0.01963281
1.03500001e-009   0.01964844
1.04000001e-009   0.01959375
1.04500001e-009   0.01950781
1.05000001e-009   0.01944531
1.05500001e-009   0.01932031
1.06000001e-009   0.01923438
1.06500001e-009   0.01915625
1.07000001e-009   0.01907031
1.07500001e-009   0.01901563
1.08000001e-009   0.01894531
1.08500001e-009   0.01897656
1.09000001e-009   0.01899219
1.09500001e-009   0.01904688
1.10000001e-009   0.01910938
1.10500001e-009   0.01922656
1.11000001e-009   0.01934375
1.11500001e-009   0.01946094
1.12000001e-009   0.01964844
1.12500002e-009   0.01979688
1.13000002e-009   0.01994531
1.13500002e-009   0.02011719
1.14000002e-009   0.02025781
1.14500002e-009   0.02039063
1.15000002e-009   0.02055469
1.15500002e-009   0.02066406
1.16000002e-009   0.02078906
1.16500002e-009   0.02088281
1.17000002e-009   0.02098438
1.17500002e-009   0.02105469
1.18000002e-009   0.02115625
1.18500002e-009   0.02122656
1.19000002e-009    0.0213125
1.19500002e-009   0.02141406
1.20000002e-009   0.02146875
1.20500002e-009   0.02153906
1.21000002e-009     0.021625
1.21500002e-009   0.02169531
1.22000002e-009   0.02176563
1.22500002e-009   0.02189063
1.23000002e-009   0.02194531
1.23500002e-009   0.02205469
1.24000002e-009   0.02217188
1.24500002e-009   0.02226563
1.25000002e-009   0.02236719
