-1.24500002e-009       -0.007
-1.24000002e-009  0.004414063
-1.23500002e-009    -0.007375
-1.23000002e-009  0.004234376
-1.22500002e-009 -0.008367188
-1.22000002e-009  0.003281251
-1.21500002e-009 -0.008960938
-1.21000002e-009  0.001820313
-1.20500002e-009       -0.009
-1.20000002e-009   0.00253125
-1.19500002e-009 -0.008351563
-1.19000002e-009  0.003351563
-1.18500002e-009       -0.009
-1.18000002e-009  0.003351563
-1.17500002e-009  -0.00921875
-1.17000002e-009     0.002375
-1.16500002e-009       -0.009
-1.16000002e-009  0.001242188
-1.15500002e-009 -0.009210938
-1.15000002e-009  0.001328125
-1.14500002e-009 -0.008265625
-1.14000002e-009    0.0014375
-1.13500002e-009 -0.007164062
-1.13000002e-009  0.001859375
-1.12500002e-009       -0.007
-1.12000001e-009     0.002125
-1.11500001e-009 -0.007804688
-1.11000001e-009  0.001578125
-1.10500001e-009 -0.007773438
-1.10000001e-009  0.001234375
-1.09500001e-009 -0.007335937
-1.09000001e-009  0.001023438
-1.08500001e-009 -0.008523438
-1.08000001e-009        0.001
-1.07500001e-009 -0.009195313
-1.07000001e-009  0.001117188
-1.06500001e-009 -0.009234375
-1.06000001e-009 0.0005703129
-1.05500001e-009   -0.0085625
-1.05000001e-009     0.001375
-1.04500001e-009 -0.007984375
-1.04000001e-009  0.001828125
-1.03500001e-009       -0.009
-1.03000001e-009   0.00190625
-1.02500001e-009 -0.009515625
-1.02000001e-009    0.0016875
-1.01500001e-009 -0.009632813
-1.01000001e-009  0.002445313
-1.00500001e-009 -0.009484375
-1.00000001e-009        0.003
-9.95000013e-010 -0.009226563
-9.90000013e-010  0.002234375
-9.85000013e-010       -0.009
-9.80000013e-010  0.002085938
-9.75000013e-010   -0.0088125
-9.70000013e-010  0.001476563
-9.65000013e-010 -0.008679688
-9.60000013e-010        0.001
-9.55000013e-010   -0.0084375
-9.50000013e-010 0.0008359379
-9.45000013e-010 -0.007921875
-9.40000013e-010 0.0001640629
-9.35000012e-010       -0.009
-9.30000012e-010 0.0005468754
-9.25000012e-010   -0.0093125
-9.20000012e-010        0.001
-9.15000012e-010 -0.008421875
-9.10000012e-010  0.001265625
-9.05000012e-010 -0.008234375
-9.00000012e-010        0.001
-8.95000012e-010       -0.009
-8.90000012e-010 0.0001953129
-8.85000012e-010 -0.009140625
-8.80000012e-010 -0.0005468747
-8.75000012e-010       -0.009
-8.70000012e-010 0.0005703129
-8.65000012e-010 -0.009578125
-8.60000011e-010  0.001164063
-8.55000011e-010      -0.0095
-8.50000011e-010    0.0010625
-8.45000011e-010 -0.009640625
-8.40000011e-010 0.0003984379
-8.35000011e-010 -0.009585938
-8.30000011e-010 -0.0007265622
-8.25000011e-010  -0.01061719
-8.20000011e-010 -0.001132812
-8.15000011e-010       -0.011
-8.10000011e-010 -0.0009999997
-8.05000011e-010   -0.0115625
-8.00000011e-010   -0.0023125
-7.95000011e-010  -0.01203906
-7.90000011e-010       -0.003
-7.8500001e-010  -0.01170313
-7.8000001e-010 -0.003554687
-7.7500001e-010  -0.01203125
-7.7000001e-010   -0.0031875
-7.6500001e-010  -0.01277344
-7.6000001e-010       -0.003
-7.5500001e-010  -0.01332813
-7.5000001e-010 -0.004007812
-7.4500001e-010    -0.015875
-7.4000001e-010 -0.005492187
-7.3500001e-010  -0.01740625
-7.3000001e-010  -0.00665625
-7.2500001e-010  -0.01751563
-7.2000001e-010 -0.007257812
-7.1500001e-010  -0.01658594
-7.10000009e-010  -0.00746875
-7.05000009e-010  -0.01726563
-7.00000009e-010  -0.00928125
-6.95000009e-010  -0.01903906
-6.90000009e-010  -0.01014844
-6.85000009e-010  -0.02164063
-6.80000009e-010  -0.01142969
-6.75000009e-010       -0.023
-6.70000009e-010       -0.013
-6.65000009e-010  -0.02501563
-6.60000009e-010  -0.01589844
-6.55000009e-010  -0.02794531
-6.50000009e-010  -0.01802344
-6.45000009e-010  -0.03126563
-6.40000009e-010       -0.021
-6.35000008e-010  -0.03511719
-6.30000008e-010  -0.02597656
-6.25000008e-010    -0.039375
-6.20000008e-010  -0.03133594
-6.15000008e-010  -0.04424219
-6.10000008e-010  -0.03654688
-6.05000008e-010  -0.05010938
-6.00000008e-010  -0.04117969
-5.95000008e-010  -0.05642188
-5.90000008e-010  -0.04660938
-5.85000008e-010    -0.063125
-5.80000008e-010  -0.05310156
-5.75000008e-010  -0.07002344
-5.70000008e-010  -0.05969531
-5.65000008e-010  -0.07851563
-5.60000007e-010  -0.06596875
-5.55000007e-010  -0.08646094
-5.50000007e-010  -0.07310157
-5.45000007e-010  -0.09367969
-5.40000007e-010  -0.08116407
-5.35000007e-010    -0.100875
-5.30000007e-010  -0.09010157
-5.25000007e-010   -0.1081797
-5.20000007e-010  -0.09832032
-5.15000007e-010   -0.1157734
-5.10000007e-010   -0.1064141
-5.05000007e-010   -0.1233203
-5.00000007e-010   -0.1147188
-4.95000007e-010   -0.1329141
-4.90000007e-010   -0.1229766
-4.85000006e-010   -0.1401094
-4.80000006e-010   -0.1283281
-4.75000006e-010       -0.145
-4.70000006e-010   -0.1334531
-4.65000006e-010   -0.1506172
-4.60000006e-010       -0.139
-4.55000006e-010   -0.1552109
-4.50000006e-010   -0.1440703
-4.45000006e-010   -0.1587734
-4.40000006e-010   -0.1495234
-4.35000006e-010   -0.1618594
-4.30000006e-010   -0.1522813
-4.25000006e-010   -0.1646719
-4.20000006e-010   -0.1537188
-4.15000006e-010   -0.1671641
-4.10000005e-010   -0.1553984
-4.05000005e-010   -0.1690625
-4.00000005e-010   -0.1567969
-3.95000005e-010   -0.1701172
-3.90000005e-010   -0.1570391
-3.85000005e-010   -0.1703359
-3.80000005e-010   -0.1576641
-3.75000005e-010   -0.1708047
-3.70000005e-010   -0.1564453
-3.65000005e-010   -0.1700156
-3.60000005e-010   -0.1553906
-3.55000005e-010       -0.169
-3.50000005e-010   -0.1540156
-3.45000005e-010       -0.167
-3.40000005e-010   -0.1524766
-3.35000004e-010   -0.1653047
-3.30000004e-010   -0.1515313
-3.25000004e-010   -0.1638672
-3.20000004e-010   -0.1500156
-3.15000004e-010   -0.1616406
-3.10000004e-010   -0.1476719
-3.05000004e-010   -0.1598125
-3.00000004e-010   -0.1459609
-2.95000004e-010       -0.159
-2.90000004e-010   -0.1447656
-2.85000004e-010   -0.1559063
-2.80000004e-010   -0.1443047
-2.75000004e-010   -0.1541094
-2.70000004e-010   -0.1422891
-2.65000004e-010    -0.153375
-2.60000003e-010   -0.1401953
-2.55000003e-010   -0.1516563
-2.50000003e-010   -0.1374219
-2.45000003e-010   -0.1480703
-2.40000003e-010   -0.1347031
-2.35000003e-010       -0.145
-2.30000003e-010   -0.1324609
-2.25000003e-010   -0.1420313
-2.20000003e-010   -0.1301172
-2.15000003e-010   -0.1395391
-2.10000003e-010   -0.1258359
-2.05000003e-010   -0.1357266
-2.00000003e-010   -0.1209531
-1.95000003e-010   -0.1307969
-1.90000003e-010       -0.116
-1.85000002e-010   -0.1249609
-1.80000002e-010   -0.1106328
-1.75000002e-010   -0.1184453
-1.70000002e-010   -0.1047109
-1.65000002e-010       -0.113
-1.60000002e-010   -0.0980625
-1.55000002e-010   -0.1060781
-1.50000002e-010       -0.091
-1.45000002e-010  -0.09814063
-1.40000002e-010  -0.08246094
-1.35000002e-010  -0.09086719
-1.30000002e-010  -0.07422657
-1.25000002e-010  -0.08332813
-1.20000002e-010  -0.06650782
-1.15000002e-010       -0.075
-1.10000001e-010  -0.05734375
-1.05000001e-010  -0.06711719
-1.00000001e-010       -0.049
-9.50000013e-011  -0.05899219
-9.00000012e-011  -0.04199219
-8.50000011e-011  -0.05092969
-8.00000011e-011  -0.03469531
-7.5000001e-011  -0.04259375
-7.00000009e-011  -0.02626563
-6.50000009e-011  -0.03442188
-6.00000008e-011       -0.019
-5.50000007e-011  -0.02720313
-5.00000007e-011   -0.0113125
-4.50000006e-011  -0.02078125
-4.00000005e-011 -0.004820312
-3.50000005e-011  -0.01426563
-3.00000004e-011  0.002585938
-2.50000003e-011 -0.008101563
-2.00000003e-011  0.009000001
-1.50000002e-011 -0.002226562
-1.00000001e-011   0.01264063
-5.00000007e-012  0.002070313
           0   0.01485156
5.00000007e-012  0.005367188
1.00000001e-011        0.017
1.50000002e-011  0.008804688
2.00000003e-011        0.019
2.50000003e-011   0.01180469
3.00000004e-011   0.02185938
3.50000005e-011   0.01411719
4.00000005e-011   0.02451563
4.50000006e-011   0.01603125
5.00000007e-011   0.02636719
5.50000007e-011   0.01571875
6.00000008e-011   0.02710156
6.50000009e-011   0.01521875
7.00000009e-011   0.02613281
7.5000001e-011   0.01497656
8.00000011e-011   0.02421875
8.50000011e-011   0.01464844
9.00000012e-011   0.02319531
9.50000013e-011        0.014
1.00000001e-010      0.02225
1.05000001e-010   0.01304688
1.10000001e-010        0.021
1.15000002e-010   0.01184375
1.20000002e-010   0.02021094
1.25000002e-010        0.011
1.30000002e-010   0.02128906
1.35000002e-010     0.010125
1.40000002e-010   0.02146094
1.45000002e-010  0.009953126
1.50000002e-010   0.02110938
1.55000002e-010   0.01045313
1.60000002e-010   0.02036719
1.65000002e-010   0.01057813
1.70000002e-010   0.01945313
1.75000002e-010   0.01028125
1.80000002e-010   0.02003906
1.85000002e-010   0.01051563
1.90000003e-010   0.02026563
1.95000003e-010   0.01142969
2.00000003e-010       0.0215
2.05000003e-010   0.01255469
2.10000003e-010   0.02258594
2.15000003e-010   0.01258594
2.20000003e-010   0.02320313
2.25000003e-010   0.01308594
2.30000003e-010    0.0234375
2.35000003e-010   0.01419531
2.40000003e-010        0.025
2.45000003e-010    0.0159375
2.50000003e-010   0.02664844
2.55000003e-010   0.01744531
2.60000003e-010   0.02764063
2.65000004e-010   0.01705469
2.70000004e-010   0.02820313
2.75000004e-010   0.01748438
2.80000004e-010   0.03014844
2.85000004e-010        0.019
2.90000004e-010        0.031
2.95000004e-010   0.02149219
3.00000004e-010   0.03221094
3.05000004e-010     0.022625
3.10000004e-010   0.03238281
3.15000004e-010   0.02254688
3.20000004e-010   0.03439063
3.25000004e-010        0.023
3.30000004e-010   0.03519531
3.35000004e-010   0.02216406
3.40000005e-010   0.03428125
3.45000005e-010   0.02124219
3.50000005e-010   0.03354688
3.55000005e-010     0.020875
3.60000005e-010   0.03213281
3.65000005e-010   0.02104688
3.70000005e-010   0.03020313
3.75000005e-010    0.0209375
3.80000005e-010   0.03077344
3.85000005e-010   0.01992188
3.90000005e-010   0.03089063
3.95000005e-010   0.01888281
4.00000005e-010   0.03000781
4.05000005e-010   0.01852344
4.10000005e-010   0.02836719
4.15000006e-010   0.01889844
4.20000006e-010   0.02689844
4.25000006e-010   0.01755469
4.30000006e-010   0.02690625
4.35000006e-010        0.017
4.40000006e-010   0.02635156
4.45000006e-010   0.01678125
4.50000006e-010   0.02529688
4.55000006e-010   0.01655469
4.60000006e-010   0.02650781
4.65000006e-010   0.01671094
4.70000006e-010   0.02721094
4.75000006e-010   0.01574219
4.80000006e-010   0.02694531
4.85000006e-010   0.01482031
4.90000007e-010        0.027
4.95000007e-010   0.01346875
5.00000007e-010   0.02614063
5.05000007e-010   0.01272656
5.10000007e-010    0.0248125
5.15000007e-010   0.01271094
5.20000007e-010   0.02492969
5.25000007e-010   0.01336719
5.30000007e-010   0.02432813
5.35000007e-010   0.01307813
5.40000007e-010        0.025
5.45000007e-010   0.01271875
5.50000007e-010   0.02474219
5.55000007e-010   0.01347656
5.60000007e-010    0.0243125
5.65000008e-010   0.01213281
5.70000008e-010   0.02551563
5.75000008e-010     0.011125
5.80000008e-010   0.02599219
5.85000008e-010   0.01110938
5.90000008e-010   0.02560938
5.95000008e-010     0.012125
6.00000008e-010   0.02464063
6.05000008e-010   0.01410938
6.10000008e-010   0.02479688
6.15000008e-010   0.01346094
6.20000008e-010   0.02642188
6.25000008e-010   0.01179688
6.30000008e-010   0.02708594
6.35000008e-010   0.01094531
6.40000009e-010   0.02659375
6.45000009e-010   0.01145313
6.50000009e-010   0.02501563
6.55000009e-010   0.01246875
6.60000009e-010   0.02272656
6.65000009e-010   0.01230469
6.70000009e-010   0.02234375
6.75000009e-010   0.01264844
6.80000009e-010   0.02310156
6.85000009e-010   0.01288281
6.90000009e-010   0.02321094
6.95000009e-010   0.01282813
7.00000009e-010   0.02284375
7.05000009e-010   0.01286719
7.10000009e-010   0.02302344
7.1500001e-010        0.013
7.2000001e-010   0.02248438
7.2500001e-010   0.01261719
7.3000001e-010        0.023
7.3500001e-010   0.01214844
7.4000001e-010   0.02328906
7.4500001e-010   0.01166406
7.5000001e-010     0.022625
7.5500001e-010   0.01124219
7.6000001e-010        0.023
7.6500001e-010        0.011
7.7000001e-010   0.02241406
7.7500001e-010   0.01113281
7.8000001e-010   0.02102344
7.8500001e-010   0.01149219
7.90000011e-010   0.02090625
7.95000011e-010        0.011
8.00000011e-010        0.021
8.05000011e-010   0.01124219
8.10000011e-010   0.02017188
8.15000011e-010   0.01189844
8.20000011e-010   0.01946875
8.25000011e-010   0.01152344
8.30000011e-010   0.01928125
8.35000011e-010   0.01164844
8.40000011e-010   0.01929688
8.45000011e-010   0.01239063
8.50000011e-010       0.0205
8.55000011e-010   0.01249219
8.60000011e-010   0.02267969
8.65000012e-010    0.0120625
8.70000012e-010   0.02428125
8.75000012e-010   0.01235156
8.80000012e-010        0.025
8.85000012e-010   0.01270313
8.90000012e-010   0.02472656
8.95000012e-010   0.01267188
9.00000012e-010   0.02359375
9.05000012e-010      0.01275
9.10000012e-010   0.02283594
9.15000012e-010   0.01291406
9.20000012e-010   0.02305469
9.25000012e-010   0.01328906
9.30000012e-010      0.02325
9.35000012e-010   0.01285156
9.40000013e-010   0.02333594
9.45000013e-010   0.01271875
9.50000013e-010   0.02338281
9.55000013e-010   0.01354688
9.60000013e-010   0.02301563
9.65000013e-010   0.01439844
9.70000013e-010   0.02317969
9.75000013e-010   0.01397656
9.80000013e-010   0.02382031
9.85000013e-010   0.01386719
9.90000013e-010        0.025
9.95000013e-010    0.0141875
1.00000001e-009   0.02535156
1.00500001e-009   0.01315625
1.01000001e-009   0.02517188
1.01500001e-009   0.01319531
1.02000001e-009   0.02504688
1.02500001e-009   0.01446875
1.03000001e-009   0.02482031
1.03500001e-009     0.014875
1.04000001e-009      0.02425
1.04500001e-009      0.01475
1.05000001e-009    0.0234375
1.05500001e-009   0.01497656
1.06000001e-009   0.02384375
1.06500001e-009   0.01529688
1.07000001e-009   0.02482031
1.07500001e-009   0.01478125
1.08000001e-009   0.02514844
1.08500001e-009   0.01471094
1.09000001e-009        0.025
1.09500001e-009   0.01503125
1.10000001e-009   0.02480469
1.10500001e-009   0.01574219
1.11000001e-009   0.02567969
1.11500001e-009   0.01633594
1.12000001e-009   0.02644531
1.12500002e-009       0.0165
1.13000002e-009   0.02648438
1.13500002e-009   0.01665625
1.14000002e-009   0.02602344
1.14500002e-009   0.01684375
1.15000002e-009   0.02611719
1.15500002e-009   0.01735156
1.16000002e-009    0.0274375
1.16500002e-009        0.017
1.17000002e-009   0.02792969
1.17500002e-009   0.01689844
1.18000002e-009   0.02752344
1.18500002e-009   0.01742188
1.19000002e-009   0.02707031
1.19500002e-009   0.01711719
1.20000002e-009   0.02721094
1.20500002e-009   0.01688281
1.21000002e-009   0.02694531
1.21500002e-009   0.01691406
1.22000002e-009   0.02800781
1.22500002e-009   0.01644531
1.23000002e-009   0.02846875
1.23500002e-009        0.017
1.24000002e-009   0.02810156
1.24500002e-009   0.01814063
1.25000002e-009   0.02790625
