-2.49000003e-009 -0.008101563
-2.48000003e-009 -0.008148438
-2.47000003e-009 -0.008210938
-2.46000003e-009 -0.008296875
-2.45000003e-009 -0.008382813
-2.44000003e-009 -0.008484375
-2.43000003e-009 -0.008523438
-2.42000003e-009 -0.008515625
-2.41000003e-009 -0.008476563
-2.40000003e-009 -0.008390625
-2.39000003e-009 -0.008273438
-2.38000003e-009  -0.00809375
-2.37000003e-009  -0.00790625
-2.36000003e-009   -0.0076875
-2.35000003e-009 -0.007453125
-2.34000003e-009 -0.007289062
-2.33000003e-009 -0.007132812
-2.32000003e-009 -0.007007812
-2.31000003e-009 -0.006921875
-2.30000003e-009   -0.0068125
-2.29000003e-009  -0.00678125
-2.28000003e-009 -0.006773437
-2.27000003e-009  -0.00678125
-2.26000003e-009 -0.006734375
-2.25000003e-009 -0.006695312
-2.24000003e-009 -0.006640625
-2.23000003e-009   -0.0065625
-2.22000003e-009 -0.006484375
-2.21000003e-009 -0.006359375
-2.20000003e-009 -0.006210937
-2.19000003e-009  -0.00609375
-2.18000003e-009  -0.00596875
-2.17000003e-009 -0.005835937
-2.16000003e-009 -0.005773437
-2.15000003e-009  -0.00571875
-2.14000003e-009 -0.005679687
-2.13000003e-009 -0.005632812
-2.12000003e-009  -0.00553125
-2.11000003e-009 -0.005460937
-2.10000003e-009 -0.005320312
-2.09000003e-009 -0.005132812
-2.08000003e-009 -0.004984375
-2.07000003e-009    -0.004875
-2.06000003e-009 -0.004773437
-2.05000003e-009 -0.004773437
-2.04000003e-009 -0.004765625
-2.03000003e-009 -0.004804687
-2.02000003e-009  -0.00484375
-2.01000003e-009 -0.004835937
-2.00000003e-009 -0.004804687
-1.99000003e-009 -0.004726562
-1.98000003e-009 -0.004546875
-1.97000003e-009    -0.004375
-1.96000003e-009   -0.0041875
-1.95000003e-009 -0.003992187
-1.94000003e-009 -0.003882812
-1.93000003e-009     -0.00375
-1.92000003e-009 -0.003726562
-1.91000003e-009 -0.003710937
-1.90000003e-009 -0.003734375
-1.89000003e-009 -0.003742187
-1.88000003e-009 -0.003773437
-1.87000002e-009 -0.003765625
-1.86000002e-009 -0.003726562
-1.85000002e-009  -0.00365625
-1.84000002e-009 -0.003546875
-1.83000002e-009 -0.003476562
-1.82000002e-009 -0.003414062
-1.81000002e-009 -0.003398437
-1.80000002e-009 -0.003421875
-1.79000002e-009 -0.003460937
-1.78000002e-009  -0.00353125
-1.77000002e-009 -0.003585937
-1.76000002e-009   -0.0035625
-1.75000002e-009      -0.0035
-1.74000002e-009 -0.003335937
-1.73000002e-009    -0.003125
-1.72000002e-009 -0.002859375
-1.71000002e-009 -0.002632812
-1.70000002e-009 -0.002453125
-1.69000002e-009 -0.002390625
-1.68000002e-009 -0.002429687
-1.67000002e-009 -0.002570312
-1.66000002e-009  -0.00278125
-1.65000002e-009 -0.002953125
-1.64000002e-009 -0.003078125
-1.63000002e-009 -0.003117187
-1.62000002e-009 -0.003007812
-1.61000002e-009 -0.002820312
-1.60000002e-009 -0.002609375
-1.59000002e-009 -0.002382812
-1.58000002e-009 -0.002195312
-1.57000002e-009    -0.002125
-1.56000002e-009 -0.002140625
-1.55000002e-009 -0.002210937
-1.54000002e-009 -0.002367187
-1.53000002e-009 -0.002515625
-1.52000002e-009 -0.002640625
-1.51000002e-009  -0.00265625
-1.50000002e-009 -0.002601562
-1.49000002e-009 -0.002523437
-1.48000002e-009 -0.002390625
-1.47000002e-009 -0.002289062
-1.46000002e-009 -0.002210937
-1.45000002e-009 -0.002164062
-1.44000002e-009 -0.002171875
-1.43000002e-009     -0.00225
-1.42000002e-009 -0.002335937
-1.41000002e-009    -0.002375
-1.40000002e-009 -0.002421875
-1.39000002e-009 -0.002421875
-1.38000002e-009 -0.002453125
-1.37000002e-009 -0.002453125
-1.36000002e-009  -0.00246875
-1.35000002e-009 -0.002421875
-1.34000002e-009 -0.002398437
-1.33000002e-009 -0.002382812
-1.32000002e-009 -0.002320312
-1.31000002e-009 -0.002273437
-1.30000002e-009 -0.002210937
-1.29000002e-009 -0.002203125
-1.28000002e-009  -0.00221875
-1.27000002e-009 -0.002242187
-1.26000002e-009 -0.002351562
-1.25000002e-009 -0.002390625
-1.24000002e-009 -0.002460937
-1.23000002e-009 -0.002507812
-1.22000002e-009   -0.0025625
-1.21000002e-009 -0.002617187
-1.20000002e-009 -0.002695312
-1.19000002e-009 -0.002773437
-1.18000002e-009 -0.002867187
-1.17000002e-009   -0.0029375
-1.16000002e-009 -0.003023437
-1.15000002e-009 -0.003015625
-1.14000002e-009       -0.003
-1.13000002e-009 -0.002953125
-1.12000001e-009 -0.002921875
-1.11000001e-009 -0.002898437
-1.10000001e-009 -0.002960937
-1.09000001e-009   -0.0030625
-1.08000001e-009 -0.003171875
-1.07000001e-009 -0.003351562
-1.06000001e-009 -0.003484375
-1.05000001e-009 -0.003570312
-1.04000001e-009 -0.003648437
-1.03000001e-009  -0.00365625
-1.02000001e-009 -0.003640625
-1.01000001e-009 -0.003617187
-1.00000001e-009  -0.00359375
-9.90000013e-010 -0.003632812
-9.80000013e-010   -0.0036875
-9.70000013e-010  -0.00371875
-9.60000013e-010 -0.003796875
-9.50000013e-010 -0.003835937
-9.40000013e-010 -0.003867187
-9.30000012e-010 -0.003882812
-9.20000012e-010 -0.003890625
-9.10000012e-010  -0.00390625
-9.00000012e-010 -0.003945312
-8.90000012e-010 -0.003984375
-8.80000012e-010 -0.004007812
-8.70000012e-010 -0.004070312
-8.60000011e-010 -0.004132812
-8.50000011e-010 -0.004210937
-8.40000011e-010 -0.004328125
-8.30000011e-010 -0.004492187
-8.20000011e-010 -0.004695312
-8.10000011e-010   -0.0049375
-8.00000011e-010 -0.005195312
-7.90000011e-010 -0.005421875
-7.8000001e-010 -0.005710937
-7.7000001e-010 -0.006039062
-7.6000001e-010 -0.006335937
-7.5000001e-010 -0.006679687
-7.4000001e-010 -0.007078125
-7.3000001e-010  -0.00759375
-7.2000001e-010 -0.008273438
-7.10000009e-010  -0.00903125
-7.00000009e-010 -0.009882813
-6.90000009e-010  -0.01082813
-6.80000009e-010  -0.01195313
-6.70000009e-010     -0.01325
-6.60000009e-010  -0.01471875
-6.50000009e-010  -0.01644531
-6.40000009e-010  -0.01845313
-6.30000008e-010  -0.02092969
-6.20000008e-010  -0.02392188
-6.10000008e-010  -0.02739844
-6.00000008e-010  -0.03142188
-5.90000008e-010  -0.03586719
-5.80000008e-010  -0.04092188
-5.70000008e-010  -0.04644531
-5.60000007e-010  -0.05242188
-5.50000007e-010  -0.05888281
-5.40000007e-010  -0.06578907
-5.30000007e-010  -0.07316407
-5.20000007e-010  -0.08100782
-5.10000007e-010  -0.08917969
-5.00000007e-010  -0.09758594
-4.90000007e-010   -0.1060313
-4.80000006e-010   -0.1142734
-4.70000006e-010   -0.1221953
-4.60000006e-010   -0.1295703
-4.50000006e-010   -0.1362578
-4.40000006e-010   -0.1422109
-4.30000006e-010   -0.1473359
-4.20000006e-010   -0.1516797
-4.10000005e-010   -0.1553438
-4.00000005e-010   -0.1583359
-3.90000005e-010   -0.1606484
-3.80000005e-010   -0.1622344
-3.70000005e-010   -0.1632031
-3.60000005e-010   -0.1635859
-3.50000005e-010   -0.1634688
-3.40000005e-010   -0.1629766
-3.30000004e-010   -0.1620469
-3.20000004e-010   -0.1608125
-3.10000004e-010   -0.1595391
-3.00000004e-010   -0.1582266
-2.90000004e-010   -0.1569766
-2.80000004e-010   -0.1554922
-2.70000004e-010   -0.1539453
-2.60000003e-010   -0.1523125
-2.50000003e-010   -0.1505625
-2.40000003e-010   -0.1486797
-2.30000003e-010   -0.1464609
-2.20000003e-010   -0.1439922
-2.10000003e-010   -0.1412891
-2.00000003e-010   -0.1382813
-1.90000003e-010   -0.1349531
-1.80000002e-010   -0.1311328
-1.70000002e-010   -0.1267891
-1.60000002e-010   -0.1219063
-1.50000002e-010   -0.1164766
-1.40000002e-010   -0.1105547
-1.30000002e-010   -0.1040156
-1.20000002e-010  -0.09696875
-1.10000001e-010  -0.08947657
-1.00000001e-010  -0.08158594
-9.00000012e-011  -0.07346094
-8.00000011e-011  -0.06511719
-7.00000009e-011    -0.056625
-6.00000008e-011  -0.04810156
-5.00000007e-011  -0.03969531
-4.00000005e-011   -0.0315625
-3.00000004e-011  -0.02383594
-2.00000003e-011  -0.01657031
-1.00000001e-011 -0.009835938
           0 -0.003742187
1.00000001e-011    0.0016875
2.00000003e-011  0.006335938
3.00000004e-011   0.01021875
4.00000005e-011   0.01332031
5.00000007e-011      0.01575
6.00000008e-011       0.0175
7.00000009e-011   0.01854688
8.00000011e-011   0.01905469
9.00000012e-011   0.01915625
1.00000001e-010   0.01892969
1.10000001e-010   0.01844531
1.20000002e-010   0.01771094
1.30000002e-010   0.01689844
1.40000002e-010   0.01601563
1.50000002e-010   0.01522656
1.60000002e-010   0.01455469
1.70000002e-010    0.0139375
1.80000002e-010   0.01360156
1.90000003e-010   0.01347656
2.00000003e-010   0.01360156
2.10000003e-010   0.01397656
2.20000003e-010    0.0145625
2.30000003e-010     0.015375
2.40000003e-010   0.01638281
2.50000003e-010   0.01758594
2.60000003e-010   0.01896094
2.70000004e-010   0.02039844
2.80000004e-010   0.02184375
2.90000004e-010   0.02330469
3.00000004e-010   0.02463281
3.10000004e-010   0.02576563
3.20000004e-010   0.02665625
3.30000004e-010   0.02725781
3.40000005e-010   0.02759375
3.50000005e-010   0.02770313
3.60000005e-010   0.02759375
3.70000005e-010   0.02732031
3.80000005e-010    0.0269375
3.90000005e-010   0.02640625
4.00000005e-010   0.02583594
4.10000005e-010   0.02519531
4.20000006e-010   0.02454688
4.30000006e-010     0.023875
4.40000006e-010   0.02323438
4.50000006e-010   0.02260938
4.60000006e-010   0.02205469
4.70000006e-010   0.02155469
4.80000006e-010   0.02109375
4.90000007e-010   0.02070313
5.00000007e-010   0.02032031
5.10000007e-010   0.02001563
5.20000007e-010    0.0196875
5.30000007e-010   0.01946094
5.40000007e-010   0.01925781
5.50000007e-010     0.019125
5.60000007e-010   0.01904688
5.70000008e-010   0.01905469
5.80000008e-010   0.01908594
5.90000008e-010   0.01910938
6.00000008e-010   0.01917188
6.10000008e-010   0.01921875
6.20000008e-010   0.01926563
6.30000008e-010   0.01925781
6.40000009e-010   0.01926563
6.50000009e-010   0.01921875
6.60000009e-010   0.01916406
6.70000009e-010   0.01911719
6.80000009e-010   0.01897656
6.90000009e-010   0.01882031
7.00000009e-010   0.01863281
7.10000009e-010   0.01838281
7.2000001e-010   0.01810156
7.3000001e-010   0.01778906
7.4000001e-010   0.01739063
7.5000001e-010   0.01696094
7.6000001e-010   0.01657031
7.7000001e-010   0.01617969
7.8000001e-010   0.01579688
7.90000011e-010   0.01549219
8.00000011e-010   0.01527344
8.10000011e-010   0.01514844
8.20000011e-010   0.01510156
8.30000011e-010    0.0151875
8.40000011e-010   0.01535156
8.50000011e-010   0.01553906
8.60000011e-010   0.01574219
8.70000012e-010   0.01590625
8.80000012e-010   0.01607813
8.90000012e-010   0.01624219
9.00000012e-010   0.01642969
9.10000012e-010   0.01661719
9.20000012e-010    0.0169375
9.30000012e-010   0.01725781
9.40000013e-010   0.01766406
9.50000013e-010   0.01801563
9.60000013e-010   0.01832031
9.70000013e-010   0.01857031
9.80000013e-010    0.0186875
9.90000013e-010   0.01877344
1.00000001e-009   0.01872656
1.01000001e-009   0.01864844
1.02000001e-009   0.01855469
1.03000001e-009   0.01850781
1.04000001e-009   0.01846875
1.05000001e-009   0.01853125
1.06000001e-009   0.01860156
1.07000001e-009   0.01877344
1.08000001e-009   0.01892969
1.09000001e-009   0.01911719
1.10000001e-009   0.01936719
1.11000001e-009    0.0195625
1.12000001e-009   0.01978906
1.13000002e-009         0.02
1.14000002e-009   0.02017969
1.15000002e-009   0.02033594
1.16000002e-009   0.02049219
1.17000002e-009   0.02064063
1.18000002e-009   0.02083594
1.19000002e-009   0.02107813
1.20000002e-009   0.02136719
1.21000002e-009   0.02170313
1.22000002e-009   0.02207031
1.23000002e-009   0.02239063
1.24000002e-009   0.02267188
1.25000002e-009   0.02285938
1.26000002e-009   0.02299219
1.27000002e-009   0.02303906
1.28000002e-009   0.02304688
1.29000002e-009   0.02304688
1.30000002e-009   0.02309375
1.31000002e-009   0.02316406
1.32000002e-009   0.02328906
1.33000002e-009   0.02340625
1.34000002e-009   0.02353125
1.35000002e-009   0.02363281
1.36000002e-009   0.02370313
1.37000002e-009   0.02371875
1.38000002e-009   0.02372656
1.39000002e-009    0.0236875
1.40000002e-009   0.02364844
1.41000002e-009   0.02359375
1.42000002e-009       0.0235
1.43000002e-009   0.02339063
1.44000002e-009   0.02326563
1.45000002e-009    0.0230625
1.46000002e-009   0.02285938
1.47000002e-009   0.02263281
1.48000002e-009   0.02240625
1.49000002e-009   0.02214063
1.50000002e-009    0.0219375
1.51000002e-009   0.02174219
1.52000002e-009   0.02150781
1.53000002e-009    0.0213125
1.54000002e-009   0.02109375
1.55000002e-009   0.02078906
1.56000002e-009   0.02052344
1.57000002e-009      0.02025
1.58000002e-009   0.01994531
1.59000002e-009      0.01975
1.60000002e-009    0.0195625
1.61000002e-009   0.01945313
1.62000002e-009   0.01939844
1.63000002e-009   0.01928906
1.64000002e-009    0.0191875
1.65000002e-009   0.01900781
1.66000002e-009   0.01872656
1.67000002e-009   0.01842969
1.68000002e-009   0.01807813
1.69000002e-009   0.01778125
1.70000002e-009   0.01746094
1.71000002e-009   0.01728125
1.72000002e-009   0.01714844
1.73000002e-009   0.01703906
1.74000002e-009   0.01695313
1.75000002e-009   0.01688281
1.76000002e-009   0.01674219
1.77000002e-009   0.01657813
1.78000002e-009   0.01641406
1.79000002e-009   0.01627344
1.80000002e-009   0.01608594
1.81000002e-009   0.01603125
1.82000002e-009   0.01604688
1.83000002e-009   0.01610938
1.84000002e-009   0.01617969
1.85000002e-009   0.01624219
1.86000002e-009   0.01634375
1.87000002e-009     0.016375
1.88000003e-009   0.01635156
1.89000003e-009   0.01635938
1.90000003e-009   0.01634375
1.91000003e-009   0.01632813
1.92000003e-009   0.01635156
1.93000003e-009   0.01638281
1.94000003e-009   0.01648438
1.95000003e-009   0.01657031
1.96000003e-009   0.01664063
1.97000003e-009   0.01667969
1.98000003e-009   0.01671875
1.99000003e-009   0.01671094
2.00000003e-009   0.01670313
2.01000003e-009   0.01670313
2.02000003e-009   0.01673438
2.03000003e-009   0.01678906
2.04000003e-009   0.01692969
2.05000003e-009   0.01704688
2.06000003e-009   0.01715625
2.07000003e-009   0.01724219
2.08000003e-009   0.01729688
2.09000003e-009   0.01732031
2.10000003e-009   0.01730469
2.11000003e-009   0.01726563
2.12000003e-009      0.01725
2.13000003e-009      0.01725
2.14000003e-009      0.01725
2.15000003e-009   0.01729688
2.16000003e-009   0.01734375
2.17000003e-009     0.017375
2.18000003e-009   0.01744531
2.19000003e-009   0.01746875
2.20000003e-009   0.01752344
2.21000003e-009   0.01757813
2.22000003e-009   0.01764844
2.23000003e-009   0.01776563
2.24000003e-009   0.01789844
2.25000003e-009    0.0180625
2.26000003e-009   0.01824219
2.27000003e-009   0.01832031
2.28000003e-009     0.018375
2.29000003e-009     0.018375
2.30000003e-009   0.01828125
2.31000003e-009   0.01815625
2.32000003e-009   0.01796094
2.33000003e-009   0.01783594
2.34000003e-009    0.0176875
2.35000003e-009   0.01760156
2.36000003e-009       0.0175
2.37000003e-009   0.01744531
2.38000003e-009   0.01732813
2.39000003e-009      0.01725
2.40000003e-009   0.01714063
2.41000003e-009   0.01703906
2.42000003e-009   0.01696094
2.43000003e-009   0.01694531
2.44000003e-009   0.01699219
2.45000003e-009   0.01697656
2.46000003e-009        0.017
2.47000003e-009   0.01700781
2.48000003e-009   0.01690625
2.49000003e-009   0.01674219
2.50000003e-009   0.01652344
