-4.98000007e-009 -0.0003828122
-4.96000007e-009 -0.0004296872
-4.94000007e-009 -0.0003359372
-4.92000007e-009 -0.0001562497
-4.90000007e-009 -7.812465e-005
-4.88000007e-009 -7.812465e-005
-4.86000006e-009 -0.0001874997
-4.84000006e-009 -0.0002343747
-4.82000006e-009 -0.0002109372
-4.80000006e-009 -0.0001484372
-4.78000006e-009 -4.687465e-005
-4.76000006e-009 -0.0001015622
-4.74000006e-009 -0.0002734372
-4.72000006e-009 -0.0004062497
-4.70000006e-009 -0.0004062497
-4.68000006e-009 -0.0002656247
-4.66000006e-009 -0.0002421872
-4.64000006e-009 -0.0003437497
-4.62000006e-009 -0.0004843747
-4.60000006e-009 -0.0003437497
-4.58000006e-009 -4.687465e-005
-4.56000006e-009 0.0001718754
-4.54000006e-009 7.031285e-005
-4.52000006e-009 -0.0002421872
-4.50000006e-009 -0.0004296872
-4.48000006e-009 -0.0003203122
-4.46000006e-009 -9.374966e-005
-4.44000006e-009 -1.562465e-005
-4.42000006e-009 -7.031215e-005
-4.40000006e-009 -0.0001874997
-4.38000006e-009 -0.0002656247
-4.36000006e-009 -0.0004062497
-4.34000006e-009 -0.0005859372
-4.32000006e-009 -0.0007499997
-4.30000006e-009 -0.0006796872
-4.28000006e-009 -0.0003906247
-4.26000006e-009 -0.0002187497
-4.24000006e-009 -0.0002031247
-4.22000006e-009 -0.0003124997
-4.20000006e-009 -0.0003593747
-4.18000006e-009 -0.0002968747
-4.16000006e-009 -0.0002265622
-4.14000006e-009 -0.0003203122
-4.12000006e-009 -0.0004609372
-4.10000005e-009 -0.0004687497
-4.08000005e-009 -0.0004296872
-4.06000005e-009 -0.0003203122
-4.04000005e-009 -0.0002734372
-4.02000005e-009 -0.0002812497
-4.00000005e-009 -0.0002421872
-3.98000005e-009 -0.0001718747
-3.96000005e-009 -0.0002421872
-3.94000005e-009 -0.0005703122
-3.92000005e-009 -0.0008906247
-3.90000005e-009 -0.0009140622
-3.88000005e-009 -0.0005546872
-3.86000005e-009 -8.593715e-005
-3.84000005e-009 7.031285e-005
-3.82000005e-009 -0.0001796872
-3.80000005e-009 -0.0006406247
-3.78000005e-009 -0.0009999997
-3.76000005e-009 -0.001164062
-3.74000005e-009  -0.00134375
-3.72000005e-009 -0.001578125
-3.70000005e-009    -0.001875
-3.68000005e-009 -0.002054687
-3.66000005e-009 -0.002078125
-3.64000005e-009 -0.002085937
-3.62000005e-009  -0.00234375
-3.60000005e-009 -0.002773437
-3.58000005e-009     -0.00325
-3.56000005e-009 -0.003617187
-3.54000005e-009   -0.0038125
-3.52000005e-009  -0.00396875
-3.50000005e-009   -0.0041875
-3.48000005e-009 -0.004507812
-3.46000005e-009 -0.004984375
-3.44000005e-009 -0.005445312
-3.42000005e-009 -0.005796875
-3.40000005e-009 -0.005914062
-3.38000005e-009 -0.006015625
-3.36000004e-009     -0.00625
-3.34000004e-009     -0.00675
-3.32000004e-009 -0.007320312
-3.30000004e-009 -0.007695313
-3.28000004e-009 -0.007679688
-3.26000004e-009  -0.00759375
-3.24000004e-009 -0.007671875
-3.22000004e-009 -0.007945313
-3.20000004e-009 -0.008148438
-3.18000004e-009 -0.008195313
-3.16000004e-009  -0.00828125
-3.14000004e-009 -0.008632813
-3.12000004e-009 -0.009179688
-3.10000004e-009 -0.009546875
-3.08000004e-009 -0.009445313
-3.06000004e-009   -0.0091875
-3.04000004e-009   -0.0090625
-3.02000004e-009   -0.0093125
-3.00000004e-009 -0.009648438
-2.98000004e-009 -0.009882813
-2.96000004e-009  -0.00984375
-2.94000004e-009   -0.0096875
-2.92000004e-009    -0.009625
-2.90000004e-009 -0.009570313
-2.88000004e-009      -0.0095
-2.86000004e-009 -0.009421875
-2.84000004e-009 -0.009429688
-2.82000004e-009 -0.009476563
-2.80000004e-009 -0.009609375
-2.78000004e-009 -0.009664063
-2.76000004e-009 -0.009726563
-2.74000004e-009 -0.009671875
-2.72000004e-009 -0.009609375
-2.70000004e-009 -0.009546875
-2.68000004e-009  -0.00953125
-2.66000004e-009 -0.009445313
-2.64000004e-009 -0.009398438
-2.62000003e-009 -0.009265625
-2.60000003e-009 -0.009195313
-2.58000003e-009 -0.009140625
-2.56000003e-009 -0.009179688
-2.54000003e-009  -0.00921875
-2.52000003e-009 -0.009210938
-2.50000003e-009 -0.009109375
-2.48000003e-009 -0.008953125
-2.46000003e-009 -0.008835938
-2.44000003e-009 -0.008695313
-2.42000003e-009 -0.008570313
-2.40000003e-009 -0.008414063
-2.38000003e-009 -0.008296875
-2.36000003e-009 -0.008148438
-2.34000003e-009 -0.008015625
-2.32000003e-009    -0.007875
-2.30000003e-009   -0.0078125
-2.28000003e-009 -0.007734375
-2.26000003e-009 -0.007523438
-2.24000003e-009 -0.007195312
-2.22000003e-009  -0.00690625
-2.20000003e-009 -0.006765625
-2.18000003e-009 -0.006757812
-2.16000003e-009 -0.006789062
-2.14000003e-009 -0.006640625
-2.12000003e-009 -0.006242187
-2.10000003e-009 -0.005773437
-2.08000003e-009 -0.005484375
-2.06000003e-009 -0.005492187
-2.04000003e-009  -0.00559375
-2.02000003e-009  -0.00559375
-2.00000003e-009 -0.005335937
-1.98000003e-009 -0.004953125
-1.96000003e-009 -0.004546875
-1.94000003e-009 -0.004320312
-1.92000003e-009 -0.004078125
-1.90000003e-009 -0.003929687
-1.88000003e-009 -0.003828125
-1.86000002e-009 -0.003804687
-1.84000002e-009 -0.003796875
-1.82000002e-009  -0.00378125
-1.80000002e-009   -0.0036875
-1.78000002e-009 -0.003632812
-1.76000002e-009 -0.003601562
-1.74000002e-009      -0.0035
-1.72000002e-009 -0.003335937
-1.70000002e-009 -0.003203125
-1.68000002e-009 -0.003078125
-1.66000002e-009       -0.003
-1.64000002e-009 -0.002835937
-1.62000002e-009 -0.002578125
-1.60000002e-009 -0.002351562
-1.58000002e-009 -0.002320312
-1.56000002e-009 -0.002398437
-1.54000002e-009      -0.0025
-1.52000002e-009 -0.002453125
-1.50000002e-009    -0.002375
-1.48000002e-009   -0.0023125
-1.46000002e-009 -0.002320312
-1.44000002e-009 -0.002523437
-1.42000002e-009 -0.002679687
-1.40000002e-009 -0.002726562
-1.38000002e-009 -0.002726562
-1.36000002e-009 -0.002671875
-1.34000002e-009 -0.002609375
-1.32000002e-009  -0.00246875
-1.30000002e-009 -0.002328125
-1.28000002e-009 -0.002328125
-1.26000002e-009  -0.00246875
-1.24000002e-009 -0.002554687
-1.22000002e-009 -0.002539062
-1.20000002e-009 -0.002414062
-1.18000002e-009 -0.002382812
-1.16000002e-009 -0.002492187
-1.14000002e-009 -0.002617187
-1.12000001e-009 -0.002640625
-1.10000001e-009  -0.00265625
-1.08000001e-009  -0.00278125
-1.06000001e-009 -0.002929687
-1.04000001e-009   -0.0030625
-1.02000001e-009 -0.003203125
-1.00000001e-009 -0.003359375
-9.80000013e-010 -0.003585937
-9.60000013e-010 -0.003757812
-9.40000013e-010  -0.00371875
-9.20000012e-010 -0.003609375
-9.00000012e-010   -0.0035625
-8.80000012e-010 -0.003757812
-8.60000011e-010 -0.004054687
-8.40000011e-010     -0.00425
-8.20000011e-010 -0.004367187
-8.00000011e-010 -0.004492187
-7.8000001e-010  -0.00490625
-7.6000001e-010 -0.005476562
-7.4000001e-010  -0.00628125
-7.2000001e-010 -0.007101562
-7.00000009e-010 -0.007992188
-6.80000009e-010  -0.00934375
-6.60000009e-010  -0.01095313
-6.40000009e-010  -0.01335156
-6.20000008e-010  -0.01694531
-6.00000008e-010  -0.02196094
-5.80000008e-010  -0.02884375
-5.60000007e-010  -0.03724219
-5.40000007e-010  -0.04746094
-5.20000007e-010  -0.05992188
-5.00000007e-010   -0.0744375
-4.80000006e-010  -0.09039844
-4.60000006e-010   -0.1066719
-4.40000006e-010   -0.1219453
-4.20000006e-010   -0.1355078
-4.00000005e-010   -0.1468125
-3.80000005e-010   -0.1550781
-3.60000005e-010   -0.1606641
-3.40000005e-010   -0.1632344
-3.20000004e-010   -0.1634531
-3.00000004e-010       -0.162
-2.80000004e-010    -0.159125
-2.60000003e-010   -0.1560781
-2.40000003e-010   -0.1525547
-2.20000003e-010   -0.1486641
-2.00000003e-010   -0.1442031
-1.80000002e-010   -0.1382656
-1.60000002e-010   -0.1310313
-1.40000002e-010   -0.1216719
-1.20000002e-010   -0.1100859
-1.00000001e-010  -0.09665625
-8.00000011e-011  -0.08151563
-6.00000008e-011  -0.06540625
-4.00000005e-011  -0.04879688
-2.00000003e-011  -0.03247656
           0   -0.0175625
2.00000003e-011 -0.005039062
4.00000005e-011  0.005132813
6.00000008e-011   0.01242188
8.00000011e-011   0.01716406
1.00000001e-010   0.01939063
1.20000002e-010   0.01942969
1.40000002e-010   0.01846875
1.60000002e-010    0.0168125
1.80000002e-010   0.01534375
2.00000003e-010   0.01449219
2.20000003e-010   0.01440625
2.40000003e-010   0.01530469
2.60000003e-010   0.01685938
2.80000004e-010   0.01888281
3.00000004e-010   0.02133594
3.20000004e-010   0.02388281
3.40000005e-010   0.02610938
3.60000005e-010   0.02740625
3.80000005e-010   0.02761719
4.00000005e-010   0.02689844
4.20000006e-010   0.02567969
4.40000006e-010   0.02436719
4.60000006e-010   0.02302344
4.80000006e-010   0.02171875
5.00000007e-010   0.02069531
5.20000007e-010   0.01985938
5.40000007e-010   0.01921875
5.60000007e-010   0.01871875
5.80000008e-010   0.01817969
6.00000008e-010     0.017875
6.20000008e-010   0.01783594
6.40000009e-010   0.01799219
6.60000009e-010   0.01814844
6.80000009e-010   0.01810938
7.00000009e-010   0.01796094
7.2000001e-010   0.01779688
7.4000001e-010   0.01758594
7.6000001e-010   0.01728906
7.8000001e-010   0.01666406
8.00000011e-010   0.01589063
8.20000011e-010   0.01521094
8.40000011e-010   0.01485156
8.60000011e-010   0.01489844
8.80000012e-010   0.01521875
9.00000012e-010   0.01564063
9.20000012e-010    0.0161875
9.40000013e-010   0.01678125
9.60000013e-010   0.01739844
9.80000013e-010    0.0179375
1.00000001e-009   0.01836719
1.02000001e-009   0.01860938
1.04000001e-009   0.01871094
1.06000001e-009   0.01874219
1.08000001e-009   0.01882031
1.10000001e-009   0.01889844
1.12000001e-009    0.0190625
1.14000002e-009   0.01938281
1.16000002e-009   0.01986719
1.18000002e-009   0.02050781
1.20000002e-009   0.02108594
1.22000002e-009   0.02159375
1.24000002e-009   0.02185156
1.26000002e-009   0.02196094
1.28000002e-009   0.02207813
1.30000002e-009    0.0223125
1.32000002e-009    0.0226875
1.34000002e-009   0.02308594
1.36000002e-009   0.02334375
1.38000002e-009   0.02334375
1.40000002e-009   0.02322656
1.42000002e-009   0.02307813
1.44000002e-009   0.02296094
1.46000002e-009   0.02277344
1.48000002e-009   0.02250781
1.50000002e-009   0.02219531
1.52000002e-009   0.02191406
1.54000002e-009   0.02160156
1.56000002e-009   0.02119531
1.58000002e-009   0.02061719
1.60000002e-009   0.02000781
1.62000002e-009   0.01947656
1.64000002e-009    0.0189375
1.66000002e-009   0.01827344
1.68000002e-009   0.01760938
1.70000002e-009   0.01705469
1.72000002e-009   0.01672656
1.74000002e-009   0.01648438
1.76000002e-009   0.01621094
1.78000002e-009   0.01591406
1.80000002e-009   0.01577344
1.82000002e-009   0.01592188
1.84000002e-009   0.01613281
1.86000002e-009   0.01619531
1.88000003e-009   0.01610156
1.90000003e-009   0.01607031
1.92000003e-009   0.01622656
1.94000003e-009   0.01636719
1.96000003e-009   0.01641406
1.98000003e-009   0.01641406
2.00000003e-009   0.01653906
2.02000003e-009   0.01669531
2.04000003e-009   0.01673438
2.06000003e-009   0.01667188
2.08000003e-009   0.01667188
2.10000003e-009   0.01695313
2.12000003e-009   0.01736719
2.14000003e-009   0.01757813
2.16000003e-009     0.017375
2.18000003e-009    0.0170625
2.20000003e-009   0.01696094
2.22000003e-009    0.0171875
2.24000003e-009   0.01760156
2.26000003e-009   0.01779688
2.28000003e-009   0.01780469
2.30000003e-009   0.01779688
2.32000003e-009    0.0178125
2.34000003e-009   0.01782031
2.36000003e-009   0.01771094
2.38000003e-009   0.01740625
2.40000003e-009   0.01708594
2.42000003e-009   0.01677344
2.44000003e-009   0.01654688
2.46000003e-009    0.0164375
2.48000003e-009   0.01630469
2.50000003e-009   0.01628125
2.52000003e-009   0.01622656
2.54000003e-009   0.01609375
2.56000003e-009   0.01590625
2.58000003e-009   0.01560156
2.60000003e-009   0.01525781
2.62000003e-009   0.01504688
2.64000004e-009   0.01504688
2.66000004e-009   0.01521094
2.68000004e-009   0.01526563
2.70000004e-009   0.01508594
2.72000004e-009   0.01471094
2.74000004e-009   0.01435938
2.76000004e-009   0.01425781
2.78000004e-009   0.01436719
2.80000004e-009   0.01442188
2.82000004e-009   0.01430469
2.84000004e-009   0.01396875
2.86000004e-009     0.013625
2.88000004e-009   0.01341406
2.90000004e-009     0.013375
2.92000004e-009   0.01342188
2.94000004e-009   0.01345313
2.96000004e-009   0.01344531
2.98000004e-009   0.01334375
3.00000004e-009   0.01321094
3.02000004e-009   0.01315625
3.04000004e-009    0.0133125
3.06000004e-009   0.01348438
3.08000004e-009   0.01360156
3.10000004e-009   0.01354688
3.12000004e-009    0.0133125
3.14000004e-009   0.01305469
3.16000004e-009   0.01300781
3.18000004e-009   0.01307031
3.20000004e-009   0.01313281
3.22000004e-009   0.01303906
3.24000004e-009   0.01285156
3.26000004e-009   0.01260938
3.28000004e-009   0.01255469
3.30000004e-009   0.01267188
3.32000004e-009   0.01278906
3.34000004e-009   0.01277344
3.36000004e-009   0.01260156
3.38000005e-009   0.01242969
3.40000005e-009   0.01239844
3.42000005e-009   0.01238281
3.44000005e-009   0.01221875
3.46000005e-009   0.01180469
3.48000005e-009   0.01133594
3.50000005e-009   0.01107813
3.52000005e-009   0.01110156
3.54000005e-009   0.01116406
3.56000005e-009   0.01110938
3.58000005e-009   0.01088281
3.60000005e-009   0.01065625
3.62000005e-009   0.01064844
3.64000005e-009   0.01083594
3.66000005e-009        0.011
3.68000005e-009   0.01092188
3.70000005e-009   0.01059375
3.72000005e-009    0.0103125
3.74000005e-009   0.01016406
3.76000005e-009   0.01021875
3.78000005e-009   0.01022656
3.80000005e-009     0.010125
3.82000005e-009  0.009968751
3.84000005e-009  0.009906251
3.86000005e-009  0.009937501
3.88000005e-009  0.009921876
3.90000005e-009   0.01008594
3.92000005e-009   0.01035156
3.94000005e-009   0.01067188
3.96000005e-009   0.01071094
3.98000005e-009   0.01038281
4.00000005e-009  0.009953126
4.02000005e-009  0.009750001
4.04000005e-009  0.009960938
4.06000005e-009   0.01028906
4.08000005e-009   0.01028125
4.10000005e-009  0.009796876
4.12000006e-009  0.009179688
4.14000006e-009  0.008859376
4.16000006e-009  0.008968751
4.18000006e-009  0.009226563
4.20000006e-009  0.009210938
4.22000006e-009  0.008984376
4.24000006e-009  0.008648438
4.26000006e-009  0.008492188
4.28000006e-009  0.008398438
4.30000006e-009  0.008265626
4.32000006e-009  0.008093751
4.34000006e-009  0.008007813
4.36000006e-009  0.008078126
4.38000006e-009  0.008195313
4.40000006e-009  0.008195313
4.42000006e-009  0.008039063
4.44000006e-009  0.007820313
4.46000006e-009  0.007687501
4.48000006e-009  0.007710938
4.50000006e-009  0.007656251
4.52000006e-009  0.007546876
4.54000006e-009  0.007257813
4.56000006e-009  0.007039063
4.58000006e-009  0.006960938
4.60000006e-009  0.007101563
4.62000006e-009  0.007296876
4.64000006e-009  0.007406251
4.66000006e-009  0.007398438
4.68000006e-009  0.007320313
4.70000006e-009  0.007273438
4.72000006e-009  0.007218751
4.74000006e-009  0.007070313
4.76000006e-009  0.006921876
4.78000006e-009  0.006945313
4.80000006e-009  0.007187501
4.82000006e-009  0.007460938
4.84000006e-009  0.007460938
4.86000006e-009  0.007156251
4.88000007e-009  0.006796876
4.90000007e-009  0.006625001
4.92000007e-009  0.006695313
4.94000007e-009  0.006828126
4.96000007e-009  0.006859376
4.98000007e-009  0.006734376
5.00000007e-009  0.006570313
