-1.24500002e-009 -0.002601562
-1.24000002e-009 -0.002523437
-1.23500002e-009 -0.002445312
-1.23000002e-009 -0.002390625
-1.22500002e-009 -0.002359375
-1.22000002e-009 -0.002289062
-1.21500002e-009 -0.002242187
-1.21000002e-009 -0.002226562
-1.20500002e-009 -0.002226562
-1.20000002e-009   -0.0021875
-1.19500002e-009 -0.002226562
-1.19000002e-009 -0.002210937
-1.18500002e-009  -0.00228125
-1.18000002e-009 -0.002320312
-1.17500002e-009    -0.002375
-1.17000002e-009 -0.002414062
-1.16500002e-009 -0.002429687
-1.16000002e-009 -0.002460937
-1.15500002e-009  -0.00253125
-1.15000002e-009 -0.002539062
-1.14500002e-009  -0.00253125
-1.14000002e-009 -0.002546875
-1.13500002e-009 -0.002554687
-1.13000002e-009 -0.002539062
-1.12500002e-009 -0.002539062
-1.12000001e-009 -0.002507812
-1.11500001e-009  -0.00253125
-1.11000001e-009 -0.002523437
-1.10500001e-009  -0.00253125
-1.10000001e-009 -0.002539062
-1.09500001e-009 -0.002570312
-1.09000001e-009 -0.002609375
-1.08500001e-009  -0.00265625
-1.08000001e-009 -0.002703125
-1.07500001e-009 -0.002765625
-1.07000001e-009   -0.0028125
-1.06500001e-009 -0.002851562
-1.06000001e-009 -0.002921875
-1.05500001e-009 -0.002984375
-1.05000001e-009 -0.003054687
-1.04500001e-009 -0.003054687
-1.04000001e-009 -0.003117187
-1.03500001e-009 -0.003132812
-1.03000001e-009   -0.0031875
-1.02500001e-009 -0.003203125
-1.02000001e-009     -0.00325
-1.01500001e-009     -0.00325
-1.01000001e-009  -0.00328125
-1.00500001e-009 -0.003296875
-1.00000001e-009 -0.003335937
-9.95000013e-010 -0.003335937
-9.90000013e-010 -0.003351562
-9.85000013e-010  -0.00340625
-9.80000013e-010  -0.00340625
-9.75000013e-010   -0.0034375
-9.70000013e-010 -0.003453125
-9.65000013e-010 -0.003484375
-9.60000013e-010 -0.003546875
-9.55000013e-010 -0.003617187
-9.50000013e-010 -0.003648437
-9.45000013e-010 -0.003726562
-9.40000013e-010 -0.003804687
-9.35000012e-010 -0.003859375
-9.30000012e-010 -0.003945312
-9.25000012e-010 -0.004015625
-9.20000012e-010  -0.00409375
-9.15000012e-010 -0.004171875
-9.10000012e-010     -0.00425
-9.05000012e-010   -0.0043125
-9.00000012e-010 -0.004390625
-8.95000012e-010 -0.004445312
-8.90000012e-010 -0.004523437
-8.85000012e-010 -0.004539062
-8.80000012e-010   -0.0045625
-8.75000012e-010 -0.004578125
-8.70000012e-010 -0.004664062
-8.65000012e-010 -0.004695312
-8.60000011e-010 -0.004734375
-8.55000011e-010 -0.004835937
-8.50000011e-010 -0.004898437
-8.45000011e-010 -0.005007812
-8.40000011e-010 -0.005148437
-8.35000011e-010 -0.005242187
-8.30000011e-010 -0.005382812
-8.25000011e-010 -0.005507812
-8.20000011e-010   -0.0056875
-8.15000011e-010 -0.005828125
-8.10000011e-010 -0.006007812
-8.05000011e-010 -0.006132812
-8.00000011e-010 -0.006328125
-7.95000011e-010 -0.006523437
-7.90000011e-010 -0.006664062
-7.8500001e-010 -0.006828125
-7.8000001e-010 -0.006984375
-7.7500001e-010 -0.007148437
-7.7000001e-010 -0.007328125
-7.6500001e-010 -0.007585938
-7.6000001e-010 -0.007820313
-7.5500001e-010    -0.008125
-7.5000001e-010 -0.008445313
-7.4500001e-010 -0.008867188
-7.4000001e-010   -0.0093125
-7.3500001e-010 -0.009804688
-7.3000001e-010  -0.01033594
-7.2500001e-010  -0.01090625
-7.2000001e-010  -0.01152344
-7.1500001e-010  -0.01224219
-7.10000009e-010  -0.01297656
-7.05000009e-010  -0.01382813
-7.00000009e-010  -0.01472656
-6.95000009e-010  -0.01571094
-6.90000009e-010     -0.01675
-6.85000009e-010  -0.01783594
-6.80000009e-010  -0.01900781
-6.75000009e-010  -0.02030469
-6.70000009e-010  -0.02167188
-6.65000009e-010  -0.02317969
-6.60000009e-010   -0.0248125
-6.55000009e-010  -0.02653125
-6.50000009e-010  -0.02842969
-6.45000009e-010  -0.03050781
-6.40000009e-010  -0.03269531
-6.35000008e-010  -0.03503125
-6.30000008e-010  -0.03746875
-6.25000008e-010  -0.04001563
-6.20000008e-010  -0.04271094
-6.15000008e-010  -0.04553125
-6.10000008e-010  -0.04845313
-6.05000008e-010  -0.05152344
-6.00000008e-010  -0.05469531
-5.95000008e-010  -0.05796094
-5.90000008e-010  -0.06132813
-5.85000008e-010  -0.06483594
-5.80000008e-010  -0.06836719
-5.75000008e-010       -0.072
-5.70000008e-010  -0.07571875
-5.65000008e-010  -0.07950782
-5.60000007e-010    -0.083375
-5.55000007e-010  -0.08727344
-5.50000007e-010  -0.09124219
-5.45000007e-010     -0.09525
-5.40000007e-010     -0.09925
-5.35000007e-010     -0.10325
-5.30000007e-010   -0.1072266
-5.25000007e-010   -0.1111328
-5.20000007e-010       -0.115
-5.15000007e-010   -0.1187109
-5.10000007e-010   -0.1223125
-5.05000007e-010   -0.1257734
-5.00000007e-010   -0.1290313
-4.95000007e-010   -0.1321484
-4.90000007e-010   -0.1350781
-4.85000006e-010   -0.1378359
-4.80000006e-010   -0.1404531
-4.75000006e-010   -0.1428047
-4.70000006e-010   -0.1449297
-4.65000006e-010   -0.1468828
-4.60000006e-010   -0.1486094
-4.55000006e-010   -0.1501719
-4.50000006e-010   -0.1515313
-4.45000006e-010   -0.1527188
-4.40000006e-010   -0.1537109
-4.35000006e-010   -0.1546016
-4.30000006e-010   -0.1553281
-4.25000006e-010   -0.1558828
-4.20000006e-010   -0.1563047
-4.15000006e-010   -0.1565078
-4.10000005e-010   -0.1566016
-4.05000005e-010   -0.1565391
-4.00000005e-010   -0.1564063
-3.95000005e-010   -0.1560938
-3.90000005e-010   -0.1557578
-3.85000005e-010   -0.1553359
-3.80000005e-010   -0.1548672
-3.75000005e-010   -0.1543672
-3.70000005e-010   -0.1537891
-3.65000005e-010   -0.1531563
-3.60000005e-010   -0.1525156
-3.55000005e-010   -0.1518516
-3.50000005e-010   -0.1511797
-3.45000005e-010   -0.1504844
-3.40000005e-010   -0.1498516
-3.35000004e-010   -0.1492031
-3.30000004e-010   -0.1485859
-3.25000004e-010   -0.1479922
-3.20000004e-010   -0.1473984
-3.15000004e-010   -0.1467891
-3.10000004e-010   -0.1461563
-3.05000004e-010   -0.1454688
-3.00000004e-010   -0.1448047
-2.95000004e-010   -0.1440938
-2.90000004e-010    -0.143375
-2.85000004e-010   -0.1426172
-2.80000004e-010    -0.141875
-2.75000004e-010   -0.1411328
-2.70000004e-010   -0.1403125
-2.65000004e-010   -0.1393984
-2.60000003e-010   -0.1384609
-2.55000003e-010   -0.1374688
-2.50000003e-010   -0.1363906
-2.45000003e-010   -0.1352344
-2.40000003e-010       -0.134
-2.35000003e-010   -0.1327188
-2.30000003e-010   -0.1313516
-2.25000003e-010   -0.1298672
-2.20000003e-010   -0.1282969
-2.15000003e-010   -0.1265781
-2.10000003e-010   -0.1247422
-2.05000003e-010   -0.1227344
-2.00000003e-010    -0.120625
-1.95000003e-010   -0.1184063
-1.90000003e-010   -0.1160391
-1.85000002e-010   -0.1135313
-1.80000002e-010   -0.1108984
-1.75000002e-010   -0.1082031
-1.70000002e-010   -0.1053281
-1.65000002e-010   -0.1023984
-1.60000002e-010  -0.09932813
-1.55000002e-010  -0.09616407
-1.50000002e-010  -0.09292969
-1.45000002e-010  -0.08961719
-1.40000002e-010   -0.0861875
-1.35000002e-010  -0.08270313
-1.30000002e-010  -0.07916407
-1.25000002e-010  -0.07553907
-1.20000002e-010  -0.07189063
-1.15000002e-010  -0.06817188
-1.10000001e-010  -0.06439844
-1.05000001e-010  -0.06063282
-1.00000001e-010  -0.05683594
-9.50000013e-011       -0.053
-9.00000012e-011  -0.04915625
-8.50000011e-011  -0.04534375
-8.00000011e-011  -0.04155469
-7.5000001e-011   -0.0378125
-7.00000009e-011  -0.03417188
-6.50000009e-011  -0.03060938
-6.00000008e-011   -0.0271875
-5.50000007e-011  -0.02385938
-5.00000007e-011  -0.02069531
-4.50000006e-011  -0.01764063
-4.00000005e-011     -0.01475
-3.50000005e-011   -0.0120625
-3.00000004e-011 -0.009492188
-2.50000003e-011 -0.007117187
-2.00000003e-011  -0.00496875
-1.50000002e-011 -0.002945312
-1.00000001e-011 -0.001140625
-5.00000007e-012 0.0005078129
           0   0.00196875
5.00000007e-012  0.003273438
1.00000001e-011  0.004468751
1.50000002e-011  0.005500001
2.00000003e-011  0.006429688
2.50000003e-011  0.007187501
3.00000004e-011  0.007812501
3.50000005e-011  0.008304688
4.00000005e-011  0.008671876
4.50000006e-011  0.008968751
5.00000007e-011  0.009148438
5.50000007e-011  0.009226563
6.00000008e-011  0.009250001
6.50000009e-011  0.009187501
7.00000009e-011  0.009085938
7.5000001e-011  0.008937501
8.00000011e-011  0.008664063
8.50000011e-011  0.008390626
9.00000012e-011  0.008132813
9.50000013e-011  0.007804688
1.00000001e-010  0.007507813
1.05000001e-010  0.007203126
1.10000001e-010  0.006914063
1.15000002e-010  0.006687501
1.20000002e-010  0.006484376
1.25000002e-010  0.006359376
1.30000002e-010  0.006234376
1.35000002e-010  0.006203126
1.40000002e-010  0.006226563
1.45000002e-010  0.006273438
1.50000002e-010  0.006406251
1.55000002e-010  0.006625001
1.60000002e-010  0.006914063
1.65000002e-010  0.007257813
1.70000002e-010  0.007679688
1.75000002e-010  0.008140626
1.80000002e-010  0.008679688
1.85000002e-010  0.009281251
1.90000003e-010  0.009921876
1.95000003e-010   0.01063281
2.00000003e-010   0.01138281
2.05000003e-010   0.01219531
2.10000003e-010   0.01304688
2.15000003e-010   0.01397656
2.20000003e-010   0.01495313
2.25000003e-010   0.01596875
2.30000003e-010        0.017
2.35000003e-010   0.01804688
2.40000003e-010   0.01919531
2.45000003e-010    0.0203125
2.50000003e-010   0.02142188
2.55000003e-010   0.02252344
2.60000003e-010   0.02364844
2.65000004e-010   0.02474219
2.70000004e-010   0.02578125
2.75000004e-010   0.02677344
2.80000004e-010   0.02771875
2.85000004e-010   0.02861719
2.90000004e-010   0.02944531
2.95000004e-010   0.03016406
3.00000004e-010    0.0308125
3.05000004e-010   0.03139063
3.10000004e-010   0.03189844
3.15000004e-010   0.03229688
3.20000004e-010   0.03264844
3.25000004e-010   0.03289063
3.30000004e-010   0.03307031
3.35000004e-010   0.03321094
3.40000005e-010   0.03328906
3.45000005e-010   0.03327344
3.50000005e-010   0.03326563
3.55000005e-010   0.03322656
3.60000005e-010   0.03314844
3.65000005e-010   0.03307031
3.70000005e-010        0.033
3.75000005e-010   0.03289844
3.80000005e-010   0.03276563
3.85000005e-010   0.03266406
3.90000005e-010   0.03260156
3.95000005e-010   0.03249219
4.00000005e-010   0.03244531
4.05000005e-010   0.03232813
4.10000005e-010   0.03228125
4.15000006e-010   0.03221875
4.20000006e-010   0.03220313
4.25000006e-010   0.03215625
4.30000006e-010   0.03213281
4.35000006e-010   0.03208594
4.40000006e-010   0.03205469
4.45000006e-010   0.03199219
4.50000006e-010   0.03196094
4.55000006e-010   0.03190625
4.60000006e-010   0.03182031
4.65000006e-010   0.03174219
4.70000006e-010   0.03169531
4.75000006e-010   0.03157813
4.80000006e-010   0.03149219
4.85000006e-010   0.03138281
4.90000007e-010   0.03126563
4.95000007e-010   0.03111719
5.00000007e-010   0.03099219
5.05000007e-010   0.03082031
5.10000007e-010   0.03063281
5.15000007e-010   0.03047656
5.20000007e-010    0.0303125
5.25000007e-010   0.03011719
5.30000007e-010    0.0299375
5.35000007e-010   0.02967969
5.40000007e-010   0.02946875
5.45000007e-010   0.02925781
5.50000007e-010   0.02897656
5.55000007e-010   0.02871875
5.60000007e-010   0.02845313
5.65000008e-010   0.02817969
5.70000008e-010   0.02789063
5.75000008e-010   0.02760938
5.80000008e-010   0.02730469
5.85000008e-010        0.027
5.90000008e-010   0.02667188
5.95000008e-010   0.02634375
6.00000008e-010   0.02598438
6.05000008e-010   0.02563281
6.10000008e-010   0.02521875
6.15000008e-010   0.02482031
6.20000008e-010   0.02439844
6.25000008e-010    0.0239375
6.30000008e-010   0.02346875
6.35000008e-010   0.02301563
6.40000009e-010   0.02249219
6.45000009e-010   0.02202344
6.50000009e-010       0.0215
6.55000009e-010   0.02096875
6.60000009e-010   0.02047656
6.65000009e-010   0.01996875
6.70000009e-010   0.01951563
6.75000009e-010   0.01903125
6.80000009e-010   0.01860938
6.85000009e-010   0.01819531
6.90000009e-010   0.01777344
6.95000009e-010   0.01742188
7.00000009e-010   0.01703906
7.05000009e-010   0.01665625
7.10000009e-010   0.01628906
7.1500001e-010    0.0159375
7.2000001e-010    0.0155625
7.2500001e-010   0.01515625
7.3000001e-010   0.01480469
7.3500001e-010   0.01439063
7.4000001e-010   0.01396875
7.4500001e-010   0.01357031
7.5000001e-010     0.013125
7.5500001e-010   0.01271094
7.6000001e-010   0.01229688
7.6500001e-010   0.01189844
7.7000001e-010   0.01148438
7.7500001e-010   0.01113281
7.8000001e-010   0.01076563
7.8500001e-010   0.01049219
7.90000011e-010   0.01023438
7.95000011e-010   0.01001563
8.00000011e-010  0.009820313
8.05000011e-010  0.009656251
8.10000011e-010  0.009531251
8.15000011e-010  0.009437501
8.20000011e-010  0.009382813
8.25000011e-010  0.009320313
8.30000011e-010  0.009312501
8.35000011e-010  0.009320313
8.40000011e-010  0.009328126
8.45000011e-010  0.009367188
8.50000011e-010  0.009367188
8.55000011e-010  0.009468751
8.60000011e-010  0.009539063
8.65000012e-010  0.009562501
8.70000012e-010  0.009671876
8.75000012e-010  0.009734376
8.80000012e-010  0.009828126
8.85000012e-010  0.009921876
8.90000012e-010   0.01003906
8.95000012e-010   0.01016406
9.00000012e-010   0.01028906
9.05000012e-010   0.01046094
9.10000012e-010   0.01061719
9.15000012e-010   0.01076563
9.20000012e-010   0.01092969
9.25000012e-010   0.01111719
9.30000012e-010   0.01128906
9.35000012e-010   0.01149219
9.40000013e-010   0.01171094
9.45000013e-010   0.01192188
9.50000013e-010   0.01217969
9.55000013e-010   0.01238281
9.60000013e-010   0.01264063
9.65000013e-010   0.01285156
9.70000013e-010   0.01310938
9.75000013e-010   0.01335938
9.80000013e-010   0.01360938
9.85000013e-010   0.01389844
9.90000013e-010   0.01415625
9.95000013e-010    0.0144375
1.00000001e-009   0.01471094
1.00500001e-009   0.01496875
1.01000001e-009      0.01525
1.01500001e-009   0.01553125
1.02000001e-009   0.01584375
1.02500001e-009   0.01610938
1.03000001e-009   0.01641406
1.03500001e-009   0.01671094
1.04000001e-009   0.01703125
1.04500001e-009   0.01736719
1.05000001e-009   0.01766406
1.05500001e-009   0.01802344
1.06000001e-009   0.01832813
1.06500001e-009   0.01870313
1.07000001e-009   0.01905469
1.07500001e-009   0.01944531
1.08000001e-009   0.01979688
1.08500001e-009   0.02017188
1.09000001e-009   0.02052344
1.09500001e-009   0.02094531
1.10000001e-009   0.02132813
1.10500001e-009   0.02171094
1.11000001e-009   0.02214063
1.11500001e-009   0.02253125
1.12000001e-009   0.02292969
1.12500002e-009    0.0233125
1.13000002e-009   0.02374219
1.13500002e-009   0.02414063
1.14000002e-009   0.02452344
1.14500002e-009   0.02494531
1.15000002e-009    0.0253125
1.15500002e-009   0.02574219
1.16000002e-009   0.02608594
1.16500002e-009   0.02647656
1.17000002e-009   0.02685156
1.17500002e-009   0.02721875
1.18000002e-009   0.02754688
1.18500002e-009   0.02788281
1.19000002e-009   0.02820313
1.19500002e-009   0.02847656
1.20000002e-009      0.02875
1.20500002e-009   0.02900781
1.21000002e-009   0.02920313
1.21500002e-009   0.02939063
1.22000002e-009   0.02954688
1.22500002e-009   0.02971094
1.23000002e-009   0.02985938
1.23500002e-009   0.02996094
1.24000002e-009   0.03004688
1.24500002e-009   0.03014063
1.25000002e-009   0.03021875
