-1.24500002e-009 -0.002054687
-1.24000002e-009 -0.002117187
-1.23500002e-009 -0.002101562
-1.23000002e-009 -0.002132812
-1.22500002e-009  -0.00215625
-1.22000002e-009 -0.002148437
-1.21500002e-009 -0.002140625
-1.21000002e-009 -0.002132812
-1.20500002e-009  -0.00215625
-1.20000002e-009 -0.002117187
-1.19500002e-009 -0.002132812
-1.19000002e-009 -0.002085937
-1.18500002e-009 -0.002109375
-1.18000002e-009 -0.002140625
-1.17500002e-009    -0.002125
-1.17000002e-009 -0.002140625
-1.16500002e-009   -0.0021875
-1.16000002e-009  -0.00221875
-1.15500002e-009 -0.002257812
-1.15000002e-009 -0.002304687
-1.14500002e-009 -0.002367187
-1.14000002e-009  -0.00240625
-1.13500002e-009 -0.002476562
-1.13000002e-009 -0.002507812
-1.12500002e-009 -0.002507812
-1.12000001e-009 -0.002554687
-1.11500001e-009 -0.002570312
-1.11000001e-009 -0.002539062
-1.10500001e-009 -0.002523437
-1.10000001e-009 -0.002507812
-1.09500001e-009 -0.002484375
-1.09000001e-009 -0.002445312
-1.08500001e-009  -0.00246875
-1.08000001e-009   -0.0024375
-1.07500001e-009 -0.002429687
-1.07000001e-009 -0.002398437
-1.06500001e-009 -0.002445312
-1.06000001e-009 -0.002492187
-1.05500001e-009 -0.002515625
-1.05000001e-009 -0.002546875
-1.04500001e-009 -0.002617187
-1.04000001e-009 -0.002679687
-1.03500001e-009     -0.00275
-1.03000001e-009 -0.002835937
-1.02500001e-009 -0.002929687
-1.02000001e-009 -0.002960937
-1.01500001e-009  -0.00303125
-1.01000001e-009 -0.003085937
-1.00500001e-009  -0.00315625
-1.00000001e-009 -0.003179687
-9.95000013e-010 -0.003226562
-9.90000013e-010     -0.00325
-9.85000013e-010     -0.00325
-9.80000013e-010 -0.003273437
-9.75000013e-010 -0.003265625
-9.70000013e-010 -0.003273437
-9.65000013e-010 -0.003265625
-9.60000013e-010 -0.003273437
-9.55000013e-010     -0.00325
-9.50000013e-010 -0.003265625
-9.45000013e-010 -0.003273437
-9.40000013e-010 -0.003296875
-9.35000012e-010 -0.003367187
-9.30000012e-010 -0.003359375
-9.25000012e-010 -0.003429687
-9.20000012e-010 -0.003492187
-9.15000012e-010 -0.003546875
-9.10000012e-010 -0.003640625
-9.05000012e-010 -0.003695312
-9.00000012e-010 -0.003796875
-8.95000012e-010 -0.003867187
-8.90000012e-010 -0.003953125
-8.85000012e-010 -0.004007812
-8.80000012e-010   -0.0040625
-8.75000012e-010 -0.004132812
-8.70000012e-010 -0.004164062
-8.65000012e-010 -0.004226562
-8.60000011e-010 -0.004296875
-8.55000011e-010   -0.0043125
-8.50000011e-010   -0.0043125
-8.45000011e-010    -0.004375
-8.40000011e-010  -0.00440625
-8.35000011e-010   -0.0044375
-8.30000011e-010 -0.004453125
-8.25000011e-010      -0.0045
-8.20000011e-010 -0.004554687
-8.15000011e-010 -0.004601562
-8.10000011e-010 -0.004703125
-8.05000011e-010 -0.004789062
-8.00000011e-010  -0.00490625
-7.95000011e-010 -0.004984375
-7.90000011e-010 -0.005117187
-7.8500001e-010 -0.005226562
-7.8000001e-010  -0.00534375
-7.7500001e-010 -0.005476562
-7.7000001e-010 -0.005640625
-7.6500001e-010 -0.005820312
-7.6000001e-010 -0.006023437
-7.5500001e-010  -0.00628125
-7.5000001e-010  -0.00646875
-7.4500001e-010 -0.006726562
-7.4000001e-010 -0.006992187
-7.3500001e-010 -0.007273437
-7.3000001e-010 -0.007546875
-7.2500001e-010    -0.007875
-7.2000001e-010 -0.008234375
-7.1500001e-010 -0.008671875
-7.10000009e-010 -0.009101563
-7.05000009e-010 -0.009570313
-7.00000009e-010  -0.01005469
-6.95000009e-010  -0.01054688
-6.90000009e-010  -0.01110938
-6.85000009e-010  -0.01165625
-6.80000009e-010  -0.01227344
-6.75000009e-010   -0.0129375
-6.70000009e-010  -0.01367969
-6.65000009e-010   -0.0145625
-6.60000009e-010  -0.01547656
-6.55000009e-010  -0.01653125
-6.50000009e-010    -0.017625
-6.45000009e-010  -0.01888281
-6.40000009e-010  -0.02024219
-6.35000008e-010  -0.02173438
-6.30000008e-010  -0.02328906
-6.25000008e-010  -0.02507813
-6.20000008e-010  -0.02695313
-6.15000008e-010  -0.02903125
-6.10000008e-010  -0.03123438
-6.05000008e-010  -0.03355469
-6.00000008e-010  -0.03600781
-5.95000008e-010  -0.03857031
-5.90000008e-010  -0.04125781
-5.85000008e-010  -0.04407031
-5.80000008e-010  -0.04696875
-5.75000008e-010  -0.04998438
-5.70000008e-010  -0.05315625
-5.65000008e-010   -0.0564375
-5.60000007e-010  -0.05986719
-5.55000007e-010  -0.06339844
-5.50000007e-010  -0.06705469
-5.45000007e-010  -0.07083594
-5.40000007e-010  -0.07473438
-5.35000007e-010  -0.07871875
-5.30000007e-010  -0.08279688
-5.25000007e-010  -0.08694532
-5.20000007e-010  -0.09119532
-5.15000007e-010  -0.09546875
-5.10000007e-010  -0.09975782
-5.05000007e-010   -0.1040938
-5.00000007e-010   -0.1083438
-4.95000007e-010   -0.1125781
-4.90000007e-010     -0.11675
-4.85000006e-010   -0.1207734
-4.80000006e-010   -0.1247578
-4.75000006e-010   -0.1285234
-4.70000006e-010   -0.1321484
-4.65000006e-010   -0.1355781
-4.60000006e-010   -0.1387891
-4.55000006e-010   -0.1418516
-4.50000006e-010   -0.1447266
-4.45000006e-010   -0.1474297
-4.40000006e-010   -0.1498594
-4.35000006e-010   -0.1521328
-4.30000006e-010   -0.1542188
-4.25000006e-010   -0.1560859
-4.20000006e-010   -0.1576484
-4.15000006e-010   -0.1590391
-4.10000005e-010     -0.16025
-4.05000005e-010     -0.16125
-4.00000005e-010   -0.1621016
-3.95000005e-010     -0.16275
-3.90000005e-010   -0.1632656
-3.85000005e-010   -0.1636016
-3.80000005e-010   -0.1638047
-3.75000005e-010   -0.1638359
-3.70000005e-010   -0.1636719
-3.65000005e-010   -0.1633828
-3.60000005e-010   -0.1630078
-3.55000005e-010   -0.1625781
-3.50000005e-010   -0.1621094
-3.45000005e-010   -0.1615938
-3.40000005e-010   -0.1610547
-3.35000004e-010   -0.1604531
-3.30000004e-010    -0.159875
-3.25000004e-010     -0.15925
-3.20000004e-010   -0.1585859
-3.15000004e-010   -0.1578984
-3.10000004e-010   -0.1571953
-3.05000004e-010   -0.1564766
-3.00000004e-010   -0.1557656
-2.95000004e-010   -0.1550547
-2.90000004e-010   -0.1543438
-2.85000004e-010   -0.1535938
-2.80000004e-010   -0.1528516
-2.75000004e-010   -0.1520547
-2.70000004e-010   -0.1511953
-2.65000004e-010   -0.1502891
-2.60000003e-010   -0.1493125
-2.55000003e-010   -0.1483359
-2.50000003e-010   -0.1473594
-2.45000003e-010   -0.1463438
-2.40000003e-010   -0.1453125
-2.35000003e-010   -0.1442656
-2.30000003e-010   -0.1431719
-2.25000003e-010   -0.1420781
-2.20000003e-010   -0.1408984
-2.15000003e-010   -0.1396016
-2.10000003e-010     -0.13825
-2.05000003e-010   -0.1368281
-2.00000003e-010   -0.1353203
-1.95000003e-010   -0.1337578
-1.90000003e-010   -0.1320391
-1.85000002e-010   -0.1302266
-1.80000002e-010   -0.1283281
-1.75000002e-010   -0.1262578
-1.70000002e-010   -0.1239922
-1.65000002e-010   -0.1216328
-1.60000002e-010   -0.1190469
-1.55000002e-010    -0.116375
-1.50000002e-010   -0.1135313
-1.45000002e-010   -0.1105234
-1.40000002e-010   -0.1074141
-1.35000002e-010   -0.1041797
-1.30000002e-010   -0.1008125
-1.25000002e-010  -0.09734375
-1.20000002e-010  -0.09373438
-1.15000002e-010  -0.09005469
-1.10000001e-010  -0.08627344
-1.05000001e-010  -0.08235157
-1.00000001e-010    -0.078375
-9.50000013e-011  -0.07435157
-9.00000012e-011  -0.07024219
-8.50000011e-011  -0.06610157
-8.00000011e-011  -0.06196094
-7.5000001e-011  -0.05773438
-7.00000009e-011  -0.05350781
-6.50000009e-011  -0.04927344
-6.00000008e-011  -0.04503906
-5.50000007e-011  -0.04080469
-5.00000007e-011  -0.03657813
-4.50000006e-011   -0.0324375
-4.00000005e-011  -0.02835156
-3.50000005e-011  -0.02434375
-3.00000004e-011  -0.02041406
-2.50000003e-011  -0.01661719
-2.00000003e-011  -0.01296094
-1.50000002e-011 -0.009492188
-1.00000001e-011 -0.006164062
-5.00000007e-012 -0.003039062
           0 -8.593715e-005
5.00000007e-012  0.002703125
1.00000001e-011  0.005273438
1.50000002e-011  0.007648438
2.00000003e-011  0.009820313
2.50000003e-011   0.01175781
3.00000004e-011       0.0135
3.50000005e-011   0.01498438
4.00000005e-011   0.01630469
4.50000006e-011   0.01745313
5.00000007e-011   0.01846094
5.50000007e-011   0.01930469
6.00000008e-011   0.02000781
6.50000009e-011   0.02053906
7.00000009e-011        0.021
7.5000001e-011   0.02132031
8.00000011e-011   0.02153906
8.50000011e-011   0.02157813
9.00000012e-011    0.0215625
9.50000013e-011   0.02148438
1.00000001e-010   0.02135938
1.05000001e-010   0.02113281
1.10000001e-010     0.020875
1.15000002e-010   0.02055469
1.20000002e-010   0.02022656
1.25000002e-010   0.01978906
1.30000002e-010   0.01935156
1.35000002e-010   0.01889063
1.40000002e-010   0.01841406
1.45000002e-010   0.01792188
1.50000002e-010       0.0175
1.55000002e-010   0.01709375
1.60000002e-010   0.01673438
1.65000002e-010   0.01639063
1.70000002e-010   0.01607813
1.75000002e-010   0.01583594
1.80000002e-010   0.01564063
1.85000002e-010   0.01549219
1.90000003e-010   0.01538281
1.95000003e-010     0.015375
2.00000003e-010    0.0154375
2.05000003e-010   0.01555469
2.10000003e-010      0.01575
2.15000003e-010   0.01597656
2.20000003e-010   0.01632031
2.25000003e-010   0.01667969
2.30000003e-010   0.01710156
2.35000003e-010   0.01760156
2.40000003e-010   0.01817188
2.45000003e-010      0.01875
2.50000003e-010   0.01939844
2.55000003e-010   0.02013281
2.60000003e-010   0.02084375
2.65000004e-010     0.021625
2.70000004e-010   0.02238281
2.75000004e-010   0.02314063
2.80000004e-010   0.02390625
2.85000004e-010   0.02464063
2.90000004e-010    0.0253125
2.95000004e-010    0.0259375
3.00000004e-010   0.02651563
3.05000004e-010   0.02700781
3.10000004e-010   0.02746094
3.15000004e-010   0.02779688
3.20000004e-010    0.0280625
3.25000004e-010   0.02830469
3.30000004e-010    0.0284375
3.35000004e-010   0.02853125
3.40000005e-010   0.02853906
3.45000005e-010   0.02850781
3.50000005e-010    0.0284375
3.55000005e-010   0.02835156
3.60000005e-010   0.02821094
3.65000005e-010   0.02807031
3.70000005e-010   0.02789063
3.75000005e-010   0.02767188
3.80000005e-010   0.02746875
3.85000005e-010    0.0271875
3.90000005e-010   0.02692188
3.95000005e-010   0.02665625
4.00000005e-010   0.02635938
4.05000005e-010   0.02602344
4.10000005e-010   0.02567188
4.15000006e-010    0.0253125
4.20000006e-010    0.0249375
4.25000006e-010   0.02457813
4.30000006e-010   0.02416406
4.35000006e-010   0.02376563
4.40000006e-010   0.02341406
4.45000006e-010   0.02307031
4.50000006e-010   0.02275781
4.55000006e-010   0.02245313
4.60000006e-010   0.02217969
4.65000006e-010   0.02198438
4.70000006e-010    0.0218125
4.75000006e-010   0.02169531
4.80000006e-010   0.02160938
4.85000006e-010   0.02153906
4.90000007e-010   0.02150781
4.95000007e-010   0.02150781
5.00000007e-010   0.02153906
5.05000007e-010   0.02152344
5.10000007e-010   0.02155469
5.15000007e-010    0.0215625
5.20000007e-010   0.02154688
5.25000007e-010   0.02153125
5.30000007e-010   0.02150781
5.35000007e-010   0.02142969
5.40000007e-010   0.02132813
5.45000007e-010      0.02125
5.50000007e-010   0.02111719
5.55000007e-010   0.02099219
5.60000007e-010   0.02085156
5.65000008e-010   0.02071875
5.70000008e-010   0.02058594
5.75000008e-010   0.02046094
5.80000008e-010   0.02035938
5.85000008e-010   0.02028906
5.90000008e-010   0.02022656
5.95000008e-010    0.0201875
6.00000008e-010   0.02019531
6.05000008e-010   0.02019531
6.10000008e-010   0.02023438
6.15000008e-010   0.02026563
6.20000008e-010   0.02035156
6.25000008e-010   0.02040625
6.30000008e-010   0.02045313
6.35000008e-010   0.02051563
6.40000009e-010   0.02060156
6.45000009e-010   0.02058594
6.50000009e-010     0.020625
6.55000009e-010   0.02063281
6.60000009e-010   0.02058594
6.65000009e-010   0.02055469
6.70000009e-010   0.02048438
6.75000009e-010   0.02039844
6.80000009e-010   0.02027344
6.85000009e-010   0.02014063
6.90000009e-010         0.02
6.95000009e-010   0.01985938
7.00000009e-010   0.01970313
7.05000009e-010   0.01954688
7.10000009e-010     0.019375
7.1500001e-010   0.01919531
7.2000001e-010   0.01902344
7.2500001e-010     0.018875
7.3000001e-010   0.01871875
7.3500001e-010   0.01853125
7.4000001e-010     0.018375
7.4500001e-010   0.01825781
7.5000001e-010     0.018125
7.5500001e-010        0.018
7.6000001e-010   0.01786719
7.6500001e-010   0.01771875
7.7000001e-010   0.01758594
7.7500001e-010   0.01747656
7.8000001e-010   0.01734375
7.8500001e-010   0.01726563
7.90000011e-010   0.01717969
7.95000011e-010   0.01707813
8.00000011e-010   0.01699219
8.05000011e-010   0.01695313
8.10000011e-010   0.01692188
8.15000011e-010   0.01689063
8.20000011e-010   0.01683594
8.25000011e-010   0.01683594
8.30000011e-010   0.01686719
8.35000011e-010   0.01682031
8.40000011e-010   0.01683594
8.45000011e-010   0.01686719
8.50000011e-010   0.01692188
8.55000011e-010    0.0169375
8.60000011e-010        0.017
8.65000012e-010   0.01702344
8.70000012e-010   0.01708594
8.75000012e-010   0.01715625
8.80000012e-010   0.01721875
8.85000012e-010    0.0173125
8.90000012e-010   0.01741406
8.95000012e-010   0.01753125
9.00000012e-010   0.01765625
9.05000012e-010   0.01783594
9.10000012e-010   0.01796094
9.15000012e-010   0.01810156
9.20000012e-010   0.01824219
9.25000012e-010   0.01838281
9.30000012e-010   0.01855469
9.35000012e-010   0.01870313
9.40000013e-010    0.0188125
9.45000013e-010   0.01892969
9.50000013e-010   0.01907813
9.55000013e-010   0.01914063
9.60000013e-010   0.01926563
9.65000013e-010   0.01934375
9.70000013e-010   0.01941406
9.75000013e-010   0.01946094
9.80000013e-010   0.01950781
9.85000013e-010   0.01954688
9.90000013e-010   0.01960938
9.95000013e-010   0.01966406
1.00000001e-009   0.01972656
1.00500001e-009   0.01974219
1.01000001e-009   0.01980469
1.01500001e-009   0.01984375
1.02000001e-009   0.01991406
1.02500001e-009   0.01996094
1.03000001e-009   0.02000781
1.03500001e-009   0.02009375
1.04000001e-009   0.02014063
1.04500001e-009   0.02015625
1.05000001e-009   0.02022656
1.05500001e-009   0.02028125
1.06000001e-009   0.02032813
1.06500001e-009   0.02038281
1.07000001e-009   0.02042188
1.07500001e-009   0.02047656
1.08000001e-009   0.02051563
1.08500001e-009   0.02055469
1.09000001e-009   0.02064063
1.09500001e-009   0.02067188
1.10000001e-009   0.02076563
1.10500001e-009   0.02082031
1.11000001e-009     0.020875
1.11500001e-009   0.02097656
1.12000001e-009   0.02107031
1.12500002e-009   0.02114844
1.13000002e-009   0.02121094
1.13500002e-009   0.02135156
1.14000002e-009   0.02145313
1.14500002e-009    0.0215625
1.15000002e-009   0.02166406
1.15500002e-009   0.02176563
1.16000002e-009   0.02188281
1.16500002e-009   0.02200781
1.17000002e-009   0.02214063
1.17500002e-009   0.02225781
1.18000002e-009   0.02238281
1.18500002e-009   0.02252344
1.19000002e-009   0.02264063
1.19500002e-009   0.02272656
1.20000002e-009   0.02284375
1.20500002e-009   0.02295313
1.21000002e-009   0.02304688
1.21500002e-009   0.02314844
1.22000002e-009   0.02322656
1.22500002e-009   0.02328906
1.23000002e-009   0.02335938
1.23500002e-009   0.02339063
1.24000002e-009   0.02346094
1.24500002e-009   0.02350781
1.25000002e-009   0.02352344
