-2.49000003e-009     -0.00925
-2.48000003e-009 -0.009289063
-2.47000003e-009   -0.0093125
-2.46000003e-009 -0.009234375
-2.45000003e-009 -0.009171875
-2.44000003e-009 -0.009078125
-2.43000003e-009 -0.009046875
-2.42000003e-009 -0.009046875
-2.41000003e-009  -0.00903125
-2.40000003e-009 -0.009046875
-2.39000003e-009 -0.009054688
-2.38000003e-009 -0.009015625
-2.37000003e-009 -0.008960938
-2.36000003e-009 -0.008867188
-2.35000003e-009 -0.008757813
-2.34000003e-009 -0.008632813
-2.33000003e-009 -0.008539063
-2.32000003e-009 -0.008445313
-2.31000003e-009 -0.008398438
-2.30000003e-009 -0.008320313
-2.29000003e-009 -0.008273438
-2.28000003e-009 -0.008195313
-2.27000003e-009 -0.008109375
-2.26000003e-009 -0.007976563
-2.25000003e-009 -0.007859375
-2.24000003e-009 -0.007742188
-2.23000003e-009 -0.007640625
-2.22000003e-009 -0.007523438
-2.21000003e-009 -0.007453125
-2.20000003e-009 -0.007429688
-2.19000003e-009    -0.007375
-2.18000003e-009  -0.00734375
-2.17000003e-009 -0.007296875
-2.16000003e-009 -0.007234375
-2.15000003e-009 -0.007148437
-2.14000003e-009 -0.007015625
-2.13000003e-009  -0.00690625
-2.12000003e-009 -0.006765625
-2.11000003e-009 -0.006648437
-2.10000003e-009 -0.006523437
-2.09000003e-009 -0.006445312
-2.08000003e-009 -0.006398437
-2.07000003e-009 -0.006351562
-2.06000003e-009 -0.006328125
-2.05000003e-009 -0.006234375
-2.04000003e-009 -0.006203125
-2.03000003e-009 -0.006101562
-2.02000003e-009 -0.005992187
-2.01000003e-009 -0.005882812
-2.00000003e-009 -0.005796875
-1.99000003e-009  -0.00571875
-1.98000003e-009  -0.00565625
-1.97000003e-009 -0.005617187
-1.96000003e-009  -0.00559375
-1.95000003e-009 -0.005492187
-1.94000003e-009 -0.005445312
-1.93000003e-009 -0.005359375
-1.92000003e-009 -0.005289062
-1.91000003e-009  -0.00521875
-1.90000003e-009 -0.005164062
-1.89000003e-009 -0.005101562
-1.88000003e-009 -0.005054687
-1.87000002e-009 -0.004976562
-1.86000002e-009  -0.00490625
-1.85000002e-009 -0.004796875
-1.84000002e-009 -0.004632812
-1.83000002e-009 -0.004484375
-1.82000002e-009 -0.004296875
-1.81000002e-009 -0.004164062
-1.80000002e-009 -0.004039062
-1.79000002e-009 -0.003953125
-1.78000002e-009 -0.003898437
-1.77000002e-009 -0.003867187
-1.76000002e-009 -0.003828125
-1.75000002e-009 -0.003757812
-1.74000002e-009     -0.00375
-1.73000002e-009 -0.003742187
-1.72000002e-009 -0.003695312
-1.71000002e-009 -0.003648437
-1.70000002e-009 -0.003640625
-1.69000002e-009   -0.0035625
-1.68000002e-009      -0.0035
-1.67000002e-009 -0.003421875
-1.66000002e-009    -0.003375
-1.65000002e-009     -0.00325
-1.64000002e-009 -0.003171875
-1.63000002e-009 -0.003085937
-1.62000002e-009 -0.003054687
-1.61000002e-009 -0.003046875
-1.60000002e-009 -0.003085937
-1.59000002e-009 -0.003117187
-1.58000002e-009 -0.003179687
-1.57000002e-009 -0.003234375
-1.56000002e-009 -0.003203125
-1.55000002e-009 -0.003164062
-1.54000002e-009 -0.003101562
-1.53000002e-009 -0.002992187
-1.52000002e-009 -0.002867187
-1.51000002e-009 -0.002671875
-1.50000002e-009 -0.002507812
-1.49000002e-009 -0.002390625
-1.48000002e-009 -0.002257812
-1.47000002e-009 -0.002210937
-1.46000002e-009 -0.002210937
-1.45000002e-009 -0.002289062
-1.44000002e-009 -0.002359375
-1.43000002e-009   -0.0024375
-1.42000002e-009 -0.002554687
-1.41000002e-009 -0.002632812
-1.40000002e-009 -0.002664062
-1.39000002e-009 -0.002671875
-1.38000002e-009 -0.002632812
-1.37000002e-009   -0.0025625
-1.36000002e-009  -0.00240625
-1.35000002e-009 -0.002304687
-1.34000002e-009 -0.002132812
-1.33000002e-009  -0.00203125
-1.32000002e-009 -0.001945312
-1.31000002e-009 -0.001929687
-1.30000002e-009  -0.00196875
-1.29000002e-009 -0.002015625
-1.28000002e-009 -0.002132812
-1.27000002e-009     -0.00225
-1.26000002e-009 -0.002335937
-1.25000002e-009 -0.002453125
-1.24000002e-009 -0.002476562
-1.23000002e-009 -0.002476562
-1.22000002e-009   -0.0024375
-1.21000002e-009    -0.002375
-1.20000002e-009 -0.002320312
-1.19000002e-009  -0.00228125
-1.18000002e-009 -0.002289062
-1.17000002e-009 -0.002351562
-1.16000002e-009 -0.002453125
-1.15000002e-009 -0.002539062
-1.14000002e-009 -0.002609375
-1.13000002e-009 -0.002632812
-1.12000001e-009 -0.002632812
-1.11000001e-009 -0.002570312
-1.10000001e-009 -0.002523437
-1.09000001e-009 -0.002445312
-1.08000001e-009 -0.002414062
-1.07000001e-009 -0.002492187
-1.06000001e-009 -0.002601562
-1.05000001e-009     -0.00275
-1.04000001e-009 -0.002898437
-1.03000001e-009   -0.0030625
-1.02000001e-009 -0.003171875
-1.01000001e-009 -0.003203125
-1.00000001e-009 -0.003234375
-9.90000013e-010  -0.00321875
-9.80000013e-010  -0.00328125
-9.70000013e-010 -0.003304687
-9.60000013e-010 -0.003351562
-9.50000013e-010 -0.003390625
-9.40000013e-010 -0.003460937
-9.30000012e-010 -0.003492187
-9.20000012e-010  -0.00353125
-9.10000012e-010 -0.003554687
-9.00000012e-010 -0.003585937
-8.90000012e-010 -0.003617187
-8.80000012e-010   -0.0036875
-8.70000012e-010   -0.0038125
-8.60000011e-010 -0.003960937
-8.50000011e-010 -0.004132812
-8.40000011e-010 -0.004289062
-8.30000011e-010   -0.0044375
-8.20000011e-010 -0.004578125
-8.10000011e-010   -0.0046875
-8.00000011e-010 -0.004773437
-7.90000011e-010 -0.004945312
-7.8000001e-010    -0.005125
-7.7000001e-010 -0.005398437
-7.6000001e-010 -0.005710937
-7.5000001e-010 -0.006078125
-7.4000001e-010      -0.0065
-7.3000001e-010 -0.006960937
-7.2000001e-010 -0.007585938
-7.10000009e-010 -0.008257813
-7.00000009e-010 -0.009078125
-6.90000009e-010  -0.01001563
-6.80000009e-010  -0.01110156
-6.70000009e-010  -0.01253125
-6.60000009e-010  -0.01417969
-6.50000009e-010  -0.01614844
-6.40000009e-010  -0.01850781
-6.30000008e-010  -0.02119531
-6.20000008e-010  -0.02445313
-6.10000008e-010  -0.02821094
-6.00000008e-010      -0.0325
-5.90000008e-010  -0.03735938
-5.80000008e-010  -0.04271094
-5.70000008e-010  -0.04864844
-5.60000007e-010  -0.05511719
-5.50000007e-010  -0.06203907
-5.40000007e-010  -0.06939063
-5.30000007e-010    -0.077125
-5.20000007e-010  -0.08521094
-5.10000007e-010  -0.09360938
-5.00000007e-010   -0.1020938
-4.90000007e-010   -0.1105391
-4.80000006e-010   -0.1187656
-4.70000006e-010   -0.1265313
-4.60000006e-010   -0.1337344
-4.50000006e-010   -0.1402422
-4.40000006e-010   -0.1459297
-4.30000006e-010   -0.1507969
-4.20000006e-010   -0.1547422
-4.10000005e-010   -0.1579375
-4.00000005e-010   -0.1604375
-3.90000005e-010   -0.1622578
-3.80000005e-010   -0.1634922
-3.70000005e-010   -0.1638828
-3.60000005e-010   -0.1638125
-3.50000005e-010   -0.1632422
-3.40000005e-010   -0.1622578
-3.30000004e-010       -0.161
-3.20000004e-010   -0.1594375
-3.10000004e-010   -0.1578906
-3.00000004e-010   -0.1564141
-2.90000004e-010   -0.1549453
-2.80000004e-010   -0.1536328
-2.70000004e-010   -0.1521641
-2.60000003e-010   -0.1506094
-2.50000003e-010   -0.1489609
-2.40000003e-010   -0.1471016
-2.30000003e-010   -0.1450313
-2.20000003e-010   -0.1426484
-2.10000003e-010   -0.1400469
-2.00000003e-010   -0.1372266
-1.90000003e-010   -0.1341094
-1.80000002e-010   -0.1307109
-1.70000002e-010   -0.1267969
-1.60000002e-010   -0.1223672
-1.50000002e-010   -0.1173906
-1.40000002e-010   -0.1118594
-1.30000002e-010   -0.1057422
-1.20000002e-010  -0.09901563
-1.10000001e-010  -0.09184375
-1.00000001e-010  -0.08427344
-9.00000012e-011  -0.07622657
-8.00000011e-011       -0.068
-7.00000009e-011  -0.05957031
-6.00000008e-011       -0.051
-5.00000007e-011  -0.04245313
-4.00000005e-011  -0.03409375
-3.00000004e-011  -0.02601563
-2.00000003e-011   -0.0184375
-1.00000001e-011  -0.01132031
           0 -0.004820312
1.00000001e-011 0.0009609379
2.00000003e-011  0.006093751
3.00000004e-011   0.01036719
4.00000005e-011   0.01396094
5.00000007e-011   0.01684375
6.00000008e-011   0.01901563
7.00000009e-011   0.02053906
8.00000011e-011   0.02135938
9.00000012e-011   0.02171094
1.00000001e-010   0.02166406
1.10000001e-010      0.02125
1.20000002e-010     0.020625
1.30000002e-010   0.01977344
1.40000002e-010   0.01883594
1.50000002e-010   0.01796094
1.60000002e-010   0.01710156
1.70000002e-010     0.016375
1.80000002e-010   0.01578906
1.90000003e-010   0.01542969
2.00000003e-010   0.01535156
2.10000003e-010   0.01549219
2.20000003e-010   0.01595313
2.30000003e-010   0.01663281
2.40000003e-010   0.01755469
2.50000003e-010   0.01871875
2.60000003e-010   0.02003906
2.70000004e-010   0.02148438
2.80000004e-010   0.02295313
2.90000004e-010   0.02439844
3.00000004e-010   0.02571875
3.10000004e-010   0.02685156
3.20000004e-010   0.02771875
3.30000004e-010   0.02827344
3.40000005e-010   0.02854688
3.50000005e-010   0.02860938
3.60000005e-010   0.02839063
3.70000005e-010   0.02809375
3.80000005e-010   0.02764844
3.90000005e-010   0.02708594
4.00000005e-010   0.02651563
4.10000005e-010   0.02590625
4.20000006e-010   0.02521094
4.30000006e-010   0.02448438
4.40000006e-010   0.02379688
4.50000006e-010   0.02314063
4.60000006e-010   0.02258594
4.70000006e-010   0.02217188
4.80000006e-010   0.02189063
4.90000007e-010   0.02173438
5.00000007e-010    0.0216875
5.10000007e-010   0.02166406
5.20000007e-010   0.02164063
5.30000007e-010   0.02158594
5.40000007e-010   0.02139844
5.50000007e-010   0.02121094
5.60000007e-010   0.02096094
5.70000008e-010   0.02074219
5.80000008e-010   0.02060156
5.90000008e-010   0.02051563
6.00000008e-010   0.02044531
6.10000008e-010   0.02046094
6.20000008e-010    0.0205625
6.30000008e-010   0.02064063
6.40000009e-010   0.02071875
6.50000009e-010   0.02073438
6.60000009e-010   0.02070313
6.70000009e-010   0.02060938
6.80000009e-010   0.02040625
6.90000009e-010   0.02016406
7.00000009e-010   0.01985938
7.10000009e-010   0.01952344
7.2000001e-010   0.01920313
7.3000001e-010    0.0188125
7.4000001e-010    0.0185625
7.5000001e-010   0.01828125
7.6000001e-010   0.01807031
7.7000001e-010   0.01790625
7.8000001e-010   0.01776563
7.90000011e-010   0.01760156
8.00000011e-010    0.0174375
8.10000011e-010    0.0173125
8.20000011e-010   0.01714844
8.30000011e-010   0.01701563
8.40000011e-010   0.01692969
8.50000011e-010   0.01682813
8.60000011e-010   0.01684375
8.70000012e-010   0.01691406
8.80000012e-010   0.01710156
8.90000012e-010   0.01732031
9.00000012e-010     0.017625
9.10000012e-010   0.01797656
9.20000012e-010   0.01825781
9.30000012e-010   0.01858594
9.40000013e-010   0.01884375
9.50000013e-010   0.01903906
9.60000013e-010   0.01917188
9.70000013e-010   0.01930469
9.80000013e-010   0.01939844
9.90000013e-010   0.01952344
1.00000001e-009   0.01967188
1.01000001e-009   0.01986719
1.02000001e-009   0.02004688
1.03000001e-009   0.02019531
1.04000001e-009   0.02032031
1.05000001e-009   0.02044531
1.06000001e-009   0.02046094
1.07000001e-009   0.02048438
1.08000001e-009    0.0204375
1.09000001e-009   0.02041406
1.10000001e-009   0.02044531
1.11000001e-009   0.02050781
1.12000001e-009   0.02059375
1.13000002e-009   0.02067188
1.14000002e-009   0.02085156
1.15000002e-009   0.02103906
1.16000002e-009   0.02126563
1.17000002e-009   0.02153125
1.18000002e-009   0.02182031
1.19000002e-009   0.02214844
1.20000002e-009   0.02248438
1.21000002e-009   0.02280469
1.22000002e-009   0.02308594
1.23000002e-009   0.02330469
1.24000002e-009   0.02344531
1.25000002e-009       0.0235
1.26000002e-009   0.02350781
1.27000002e-009   0.02348438
1.28000002e-009   0.02345313
1.29000002e-009   0.02347656
1.30000002e-009   0.02357813
1.31000002e-009   0.02371875
1.32000002e-009   0.02388281
1.33000002e-009    0.0240625
1.34000002e-009    0.0241875
1.35000002e-009   0.02428125
1.36000002e-009   0.02427344
1.37000002e-009   0.02428125
1.38000002e-009   0.02423438
1.39000002e-009   0.02423438
1.40000002e-009   0.02426563
1.41000002e-009    0.0243125
1.42000002e-009   0.02438281
1.43000002e-009   0.02442188
1.44000002e-009   0.02441406
1.45000002e-009   0.02432813
1.46000002e-009   0.02415625
1.47000002e-009   0.02390625
1.48000002e-009   0.02364063
1.49000002e-009    0.0233125
1.50000002e-009   0.02304688
1.51000002e-009   0.02279688
1.52000002e-009   0.02258594
1.53000002e-009   0.02239844
1.54000002e-009      0.02225
1.55000002e-009   0.02207031
1.56000002e-009   0.02183594
1.57000002e-009   0.02158594
1.58000002e-009   0.02126563
1.59000002e-009   0.02096094
1.60000002e-009   0.02063281
1.61000002e-009   0.02028906
1.62000002e-009   0.02001563
1.63000002e-009   0.01976563
1.64000002e-009   0.01952344
1.65000002e-009   0.01933594
1.66000002e-009    0.0191875
1.67000002e-009   0.01897656
1.68000002e-009   0.01879688
1.69000002e-009   0.01860938
1.70000002e-009     0.018375
1.71000002e-009    0.0181875
1.72000002e-009   0.01797656
1.73000002e-009   0.01782031
1.74000002e-009   0.01774219
1.75000002e-009   0.01765625
1.76000002e-009   0.01763281
1.77000002e-009   0.01759375
1.78000002e-009   0.01755469
1.79000002e-009   0.01746094
1.80000002e-009   0.01738281
1.81000002e-009    0.0173125
1.82000002e-009   0.01725781
1.83000002e-009   0.01727344
1.84000002e-009   0.01735156
1.85000002e-009   0.01742188
1.86000002e-009   0.01753125
1.87000002e-009   0.01764063
1.88000003e-009   0.01767188
1.89000003e-009   0.01765625
1.90000003e-009   0.01754688
1.91000003e-009   0.01747656
1.92000003e-009   0.01732813
1.93000003e-009   0.01725781
1.94000003e-009   0.01723438
1.95000003e-009   0.01723438
1.96000003e-009   0.01729688
1.97000003e-009   0.01740625
1.98000003e-009   0.01752344
1.99000003e-009     0.017625
2.00000003e-009   0.01771875
2.01000003e-009   0.01773438
2.02000003e-009   0.01773438
2.03000003e-009   0.01769531
2.04000003e-009   0.01769531
2.05000003e-009   0.01770313
2.06000003e-009   0.01775781
2.07000003e-009   0.01782813
2.08000003e-009   0.01789844
2.09000003e-009   0.01800781
2.10000003e-009   0.01810938
2.11000003e-009   0.01821094
2.12000003e-009   0.01830469
2.13000003e-009   0.01835938
2.14000003e-009   0.01839844
2.15000003e-009   0.01839844
2.16000003e-009    0.0184375
2.17000003e-009   0.01840625
2.18000003e-009   0.01839844
2.19000003e-009   0.01839844
2.20000003e-009     0.018375
2.21000003e-009   0.01839844
2.22000003e-009   0.01849219
2.23000003e-009   0.01858594
2.24000003e-009   0.01874219
2.25000003e-009   0.01886719
2.26000003e-009   0.01901563
2.27000003e-009   0.01910938
2.28000003e-009   0.01913281
2.29000003e-009   0.01910156
2.30000003e-009   0.01901563
2.31000003e-009   0.01885156
2.32000003e-009   0.01871094
2.33000003e-009   0.01857813
2.34000003e-009   0.01846094
2.35000003e-009   0.01836719
2.36000003e-009   0.01832031
2.37000003e-009      0.01825
2.38000003e-009   0.01820313
2.39000003e-009   0.01811719
2.40000003e-009        0.018
2.41000003e-009   0.01785938
2.42000003e-009   0.01773438
2.43000003e-009   0.01758594
2.44000003e-009   0.01745313
2.45000003e-009   0.01736719
2.46000003e-009   0.01728125
2.47000003e-009   0.01719531
2.48000003e-009   0.01715625
2.49000003e-009   0.01708594
2.50000003e-009   0.01703906
