-2.49000003e-009   -0.0135625
-2.48000003e-009 -0.004015625
-2.47000003e-009  -0.01524219
-2.46000003e-009 -0.004421875
-2.45000003e-009  -0.01339063
-2.44000003e-009   -0.0041875
-2.43000003e-009       -0.013
-2.42000003e-009   -0.0048125
-2.41000003e-009  -0.01353906
-2.40000003e-009     -0.00425
-2.39000003e-009  -0.01353906
-2.38000003e-009  -0.00446875
-2.37000003e-009       -0.013
-2.36000003e-009 -0.004203125
-2.35000003e-009  -0.01278906
-2.34000003e-009       -0.003
-2.33000003e-009  -0.01221875
-2.32000003e-009 -0.003570312
-2.31000003e-009  -0.01279688
-2.30000003e-009 -0.003304687
-2.29000003e-009       -0.013
-2.28000003e-009    -0.004625
-2.27000003e-009       -0.013
-2.26000003e-009     -0.00475
-2.25000003e-009  -0.01184375
-2.24000003e-009 -0.004242187
-2.23000003e-009  -0.01275781
-2.22000003e-009 -0.002992187
-2.21000003e-009  -0.01328125
-2.20000003e-009 -0.002382812
-2.19000003e-009       -0.013
-2.18000003e-009 -0.0009999997
-2.17000003e-009  -0.01102344
-2.16000003e-009 0.0002968754
-2.15000003e-009  -0.01115625
-2.14000003e-009 -0.0003671872
-2.13000003e-009       -0.011
-2.12000003e-009 -0.001664062
-2.11000003e-009       -0.011
-2.10000003e-009 -0.002203125
-2.09000003e-009  -0.01117188
-2.08000003e-009 -0.001679687
-2.07000003e-009  -0.01021875
-2.06000003e-009 -0.002828125
-2.05000003e-009  -0.01138281
-2.04000003e-009 -0.001421875
-2.03000003e-009  -0.01047656
-2.02000003e-009   -0.0013125
-2.01000003e-009 -0.009921875
-2.00000003e-009 -0.0004218747
-1.99000003e-009  -0.01042969
-1.98000003e-009 -0.0009999997
-1.97000003e-009  -0.01064063
-1.96000003e-009 -0.0005390622
-1.95000003e-009       -0.011
-1.94000003e-009 -0.0008359372
-1.93000003e-009 -0.009007813
-1.92000003e-009 -0.0006796872
-1.91000003e-009       -0.011
-1.90000003e-009 -0.0004531247
-1.89000003e-009  -0.01188281
-1.88000003e-009 -0.0006171872
-1.87000002e-009  -0.01046875
-1.86000002e-009 -0.0001640622
-1.85000002e-009 -0.008671875
-1.84000002e-009 -0.0006484372
-1.83000002e-009 -0.008734375
-1.82000002e-009 0.0004218754
-1.81000002e-009 -0.008164063
-1.80000002e-009 0.0002968754
-1.79000002e-009  -0.00884375
-1.78000002e-009 0.0009531254
-1.77000002e-009 -0.008335938
-1.76000002e-009    0.0013125
-1.75000002e-009       -0.007
-1.74000002e-009  0.001796875
-1.73000002e-009 -0.007882813
-1.72000002e-009 0.0003984379
-1.71000002e-009       -0.009
-1.70000002e-009        0.003
-1.69000002e-009  -0.00884375
-1.68000002e-009  0.001671875
-1.67000002e-009  -0.00953125
-1.66000002e-009  0.001898438
-1.65000002e-009 -0.009242188
-1.64000002e-009   0.00203125
-1.63000002e-009 -0.008539063
-1.62000002e-009  0.001507813
-1.61000002e-009       -0.007
-1.60000002e-009    0.0013125
-1.59000002e-009    -0.007625
-1.58000002e-009  0.001273438
-1.57000002e-009 -0.007632813
-1.56000002e-009  0.002804688
-1.55000002e-009 -0.007289062
-1.54000002e-009        0.003
-1.53000002e-009 -0.006570312
-1.52000002e-009    0.0018125
-1.51000002e-009  -0.00671875
-1.50000002e-009        0.003
-1.49000002e-009 -0.007835938
-1.48000002e-009  0.002664063
-1.47000002e-009 -0.006070312
-1.46000002e-009        0.003
-1.45000002e-009       -0.007
-1.44000002e-009      0.00225
-1.43000002e-009   -0.0074375
-1.42000002e-009        0.003
-1.41000002e-009  -0.00765625
-1.40000002e-009  0.003507813
-1.39000002e-009 -0.007242187
-1.38000002e-009        0.003
-1.37000002e-009  -0.00721875
-1.36000002e-009  0.003492188
-1.35000002e-009 -0.006835937
-1.34000002e-009  0.002632813
-1.33000002e-009 -0.006304687
-1.32000002e-009  0.004257813
-1.31000002e-009       -0.007
-1.30000002e-009        0.003
-1.29000002e-009 -0.007273437
-1.28000002e-009  0.005000001
-1.27000002e-009       -0.007
-1.26000002e-009  0.004109376
-1.25000002e-009  -0.00715625
-1.24000002e-009        0.003
-1.23000002e-009 -0.006882812
-1.22000002e-009  0.003023438
-1.21000002e-009 -0.007070312
-1.20000002e-009  0.001851563
-1.19000002e-009 -0.006695312
-1.18000002e-009        0.003
-1.17000002e-009 -0.007484375
-1.16000002e-009  0.001890625
-1.15000002e-009 -0.007835938
-1.14000002e-009  0.003117188
-1.13000002e-009 -0.007515625
-1.12000001e-009      0.00175
-1.11000001e-009 -0.009867188
-1.10000001e-009    0.0011875
-1.09000001e-009 -0.008820313
-1.08000001e-009        0.001
-1.07000001e-009   -0.0074375
-1.06000001e-009  0.001578125
-1.05000001e-009       -0.007
-1.04000001e-009  0.001976563
-1.03000001e-009 -0.008507813
-1.02000001e-009        0.003
-1.01000001e-009 -0.009140625
-1.00000001e-009   0.00221875
-9.90000013e-010 -0.009179688
-9.80000013e-010  0.001234375
-9.70000013e-010 -0.009039063
-9.60000013e-010 0.0006562504
-9.50000013e-010  -0.01035156
-9.40000013e-010 0.0005000004
-9.30000012e-010  -0.01059375
-9.20000012e-010  0.002335938
-9.10000012e-010 -0.008507813
-9.00000012e-010  0.002359375
-8.90000012e-010 -0.008695313
-8.80000012e-010        0.001
-8.70000012e-010 -0.009210938
-8.60000011e-010 -7.812151e-006
-8.50000011e-010 -0.008984375
-8.40000011e-010 -0.001507812
-8.30000011e-010 -0.009859375
-8.20000011e-010 -0.0009999997
-8.10000011e-010  -0.01035938
-8.00000011e-010       -0.003
-7.90000011e-010    -0.011875
-7.8000001e-010       -0.003
-7.7000001e-010  -0.01194531
-7.6000001e-010 -0.004859375
-7.5000001e-010  -0.01471094
-7.4000001e-010 -0.006710937
-7.3000001e-010  -0.01746094
-7.2000001e-010  -0.01046094
-7.10000009e-010  -0.02148438
-7.00000009e-010       -0.013
-6.90000009e-010  -0.02813281
-6.80000009e-010       -0.017
-6.70000009e-010       -0.035
-6.60000009e-010       -0.025
-6.50000009e-010  -0.04453125
-6.40000009e-010  -0.03641406
-6.30000008e-010  -0.05834375
-6.20000008e-010      -0.0475
-6.10000008e-010  -0.07153907
-6.00000008e-010  -0.05976563
-5.90000008e-010    -0.086375
-5.80000008e-010    -0.074875
-5.70000008e-010       -0.101
-5.60000007e-010       -0.089
-5.50000007e-010   -0.1162656
-5.40000007e-010   -0.1077344
-5.30000007e-010       -0.131
-5.20000007e-010    -0.122625
-5.10000007e-010   -0.1428125
-5.00000007e-010   -0.1335703
-4.90000007e-010   -0.1523828
-4.80000006e-010   -0.1418516
-4.70000006e-010   -0.1584922
-4.60000006e-010   -0.1473906
-4.50000006e-010   -0.1622813
-4.40000006e-010   -0.1501563
-4.30000006e-010       -0.163
-4.20000006e-010   -0.1499375
-4.10000005e-010       -0.163
-4.00000005e-010   -0.1506328
-3.90000005e-010   -0.1600781
-3.80000005e-010   -0.1477891
-3.70000005e-010   -0.1564844
-3.60000005e-010   -0.1453281
-3.50000005e-010       -0.155
-3.40000005e-010   -0.1425078
-3.30000004e-010       -0.151
-3.20000004e-010   -0.1376719
-3.10000004e-010       -0.149
-3.00000004e-010   -0.1355234
-2.90000004e-010   -0.1439453
-2.80000004e-010       -0.133
-2.70000004e-010   -0.1400156
-2.60000003e-010       -0.127
-2.50000003e-010   -0.1354219
-2.40000003e-010   -0.1202656
-2.30000003e-010   -0.1297734
-2.20000003e-010       -0.111
-2.10000003e-010   -0.1231641
-2.00000003e-010   -0.1026328
-1.90000003e-010       -0.113
-1.80000002e-010  -0.09034375
-1.70000002e-010   -0.1009766
-1.60000002e-010       -0.077
-1.50000002e-010       -0.087
-1.40000002e-010  -0.06267969
-1.30000002e-010  -0.07221094
-1.20000002e-010  -0.04602344
-1.10000001e-010  -0.05690625
-1.00000001e-010       -0.031
-9.00000012e-011  -0.04217188
-8.00000011e-011  -0.01923438
-7.00000009e-011  -0.02939844
-6.00000008e-011 -0.008171875
-5.00000007e-011  -0.01805469
-4.00000005e-011    0.0010625
-3.00000004e-011       -0.007
-2.00000003e-011  0.007289063
-1.00000001e-011 -0.001210937
           0        0.011
1.00000001e-011  0.003101563
2.00000003e-011        0.015
3.00000004e-011  0.004351563
4.00000005e-011      0.01325
5.00000007e-011  0.004226563
6.00000008e-011   0.01283594
7.00000009e-011  0.003234376
8.00000011e-011        0.013
9.00000012e-011  0.001023438
1.00000001e-010   0.01117969
1.10000001e-010 0.0003515629
1.20000002e-010   0.01121094
1.30000002e-010 0.0008046879
1.40000002e-010   0.01101563
1.50000002e-010 0.0009687504
1.60000002e-010   0.01549219
1.70000002e-010  0.003835938
1.80000002e-010   0.01766406
1.90000003e-010  0.008570313
2.00000003e-010   0.01960156
2.10000003e-010   0.01282031
2.20000003e-010        0.025
2.30000003e-010   0.01746094
2.40000003e-010   0.02939063
2.50000003e-010   0.02053125
2.60000003e-010        0.033
2.70000004e-010   0.02400781
2.80000004e-010   0.03685938
2.90000004e-010        0.027
3.00000004e-010   0.03815625
3.10000004e-010   0.02740625
3.20000004e-010        0.039
3.30000004e-010   0.02849219
3.40000005e-010    0.0380625
3.50000005e-010   0.02867188
3.60000005e-010   0.03758594
3.70000005e-010        0.029
3.80000005e-010        0.039
3.90000005e-010   0.02592188
4.00000005e-010      0.03875
4.10000005e-010   0.02610938
4.20000006e-010   0.03813281
4.30000006e-010    0.0278125
4.40000006e-010   0.03716406
4.50000006e-010   0.02675781
4.60000006e-010        0.037
4.70000006e-010        0.027
4.80000006e-010   0.03709375
4.90000007e-010   0.02539844
5.00000007e-010   0.03544531
5.10000007e-010   0.02470313
5.20000007e-010   0.03501563
5.30000007e-010   0.02301563
5.40000007e-010   0.03336719
5.50000007e-010   0.02267188
5.60000007e-010   0.03210938
5.70000008e-010   0.02116406
5.80000008e-010        0.031
5.90000008e-010   0.01973438
6.00000008e-010        0.029
6.10000008e-010   0.01829688
6.20000008e-010   0.02880469
6.30000008e-010   0.01578125
6.40000009e-010   0.02871094
6.50000009e-010   0.01495313
6.60000009e-010   0.02628125
6.70000009e-010        0.011
6.80000009e-010   0.02685938
6.90000009e-010   0.01055469
7.00000009e-010   0.02401563
7.10000009e-010  0.009406251
7.2000001e-010        0.019
7.3000001e-010  0.007414063
7.4000001e-010        0.017
7.5000001e-010  0.007000001
7.6000001e-010   0.01535938
7.7000001e-010  0.005320313
7.8000001e-010   0.01532813
7.90000011e-010  0.004648438
8.00000011e-010      0.01425
8.10000011e-010  0.004937501
8.20000011e-010     0.013125
8.30000011e-010  0.004890626
8.40000011e-010        0.013
8.50000011e-010  0.005000001
8.60000011e-010   0.01367188
8.70000012e-010  0.004265626
8.80000012e-010   0.01451563
8.90000012e-010  0.004484376
9.00000012e-010   0.01539063
9.10000012e-010  0.006039063
9.20000012e-010   0.02029688
9.30000012e-010  0.006304688
9.40000013e-010   0.02038281
9.50000013e-010  0.007000001
9.60000013e-010        0.019
9.70000013e-010  0.009015626
9.80000013e-010      0.02025
9.90000013e-010  0.008843751
1.00000001e-009        0.021
1.01000001e-009   0.01029688
1.02000001e-009   0.02182813
1.03000001e-009   0.01194531
1.04000001e-009        0.025
1.05000001e-009   0.01435156
1.06000001e-009        0.027
1.07000001e-009   0.01578906
1.08000001e-009   0.02782813
1.09000001e-009    0.0183125
1.10000001e-009   0.02936719
1.11000001e-009      0.01925
1.12000001e-009   0.02949219
1.13000002e-009   0.01948438
1.14000002e-009        0.031
1.15000002e-009   0.02211719
1.16000002e-009   0.03219531
1.17000002e-009        0.023
1.18000002e-009        0.033
1.19000002e-009   0.02263281
1.20000002e-009   0.03471094
1.21000002e-009   0.02383594
1.22000002e-009    0.0345625
1.23000002e-009   0.02485938
1.24000002e-009   0.03560156
1.25000002e-009   0.02571875
1.26000002e-009   0.03555469
1.27000002e-009   0.02499219
1.28000002e-009   0.03663281
1.29000002e-009        0.027
1.30000002e-009   0.03667188
1.31000002e-009   0.02535938
1.32000002e-009   0.03503906
1.33000002e-009   0.02489844
1.34000002e-009   0.03505469
1.35000002e-009        0.025
1.36000002e-009   0.03422656
1.37000002e-009   0.02275781
1.38000002e-009   0.03390625
1.39000002e-009        0.023
1.40000002e-009   0.03169531
1.41000002e-009   0.02005469
1.42000002e-009   0.03150781
1.43000002e-009    0.0185625
1.44000002e-009   0.02932031
1.45000002e-009   0.01859375
1.46000002e-009   0.02822656
1.47000002e-009   0.01846094
1.48000002e-009   0.02726563
1.49000002e-009   0.01611719
1.50000002e-009        0.027
1.51000002e-009   0.01359375
1.52000002e-009   0.02575781
1.53000002e-009      0.01275
1.54000002e-009   0.02621094
1.55000002e-009   0.01060938
1.56000002e-009   0.02325781
1.57000002e-009   0.01136719
1.58000002e-009     0.023875
1.59000002e-009   0.01005469
1.60000002e-009   0.02129688
1.61000002e-009  0.008750001
1.62000002e-009   0.01841406
1.63000002e-009  0.008687501
1.64000002e-009   0.01920313
1.65000002e-009  0.008500001
1.66000002e-009    0.0183125
1.67000002e-009  0.007734376
1.68000002e-009   0.01903906
1.69000002e-009  0.008437501
1.70000002e-009   0.01714063
1.71000002e-009  0.006968751
1.72000002e-009   0.01728125
1.73000002e-009  0.007976563
1.74000002e-009   0.01698438
1.75000002e-009  0.007843751
1.76000002e-009        0.019
1.77000002e-009  0.007421876
1.78000002e-009   0.01950781
1.79000002e-009  0.008656251
1.80000002e-009   0.02117188
1.81000002e-009   0.01038281
1.82000002e-009   0.02133594
1.83000002e-009   0.01074219
1.84000002e-009   0.02190625
1.85000002e-009        0.011
1.86000002e-009   0.02213281
1.87000002e-009   0.01142188
1.88000003e-009        0.023
1.89000003e-009   0.01266406
1.90000003e-009        0.023
1.91000003e-009   0.01469531
1.92000003e-009   0.02407031
1.93000003e-009   0.01455469
1.94000003e-009   0.02514063
1.95000003e-009        0.015
1.96000003e-009   0.02503906
1.97000003e-009   0.01371094
1.98000003e-009   0.02563281
1.99000003e-009        0.015
2.00000003e-009   0.02582813
2.01000003e-009   0.01810156
2.02000003e-009        0.029
2.03000003e-009   0.01657813
2.04000003e-009   0.02849219
2.05000003e-009   0.01671875
2.06000003e-009        0.027
2.07000003e-009   0.01746094
2.08000003e-009   0.02848438
2.09000003e-009        0.017
2.10000003e-009   0.02838281
2.11000003e-009   0.01790625
2.12000003e-009   0.02916406
2.13000003e-009        0.017
2.14000003e-009    0.0274375
2.15000003e-009   0.01770313
2.16000003e-009   0.02860156
2.17000003e-009        0.017
2.18000003e-009   0.02796094
2.19000003e-009   0.01530469
2.20000003e-009   0.02591406
2.21000003e-009   0.01591406
2.22000003e-009    0.0248125
2.23000003e-009   0.01540625
2.24000003e-009   0.02599219
2.25000003e-009   0.01236719
2.26000003e-009   0.02721094
2.27000003e-009        0.011
2.28000003e-009   0.02535156
2.29000003e-009   0.01166406
2.30000003e-009   0.02323438
2.31000003e-009        0.011
2.32000003e-009   0.02270313
2.33000003e-009   0.01104688
2.34000003e-009        0.021
2.35000003e-009    0.0105625
2.36000003e-009   0.02057031
2.37000003e-009     0.010875
2.38000003e-009   0.01999219
2.39000003e-009  0.009000001
2.40000003e-009   0.01989063
2.41000003e-009  0.009000001
2.42000003e-009        0.019
2.43000003e-009  0.009453126
2.44000003e-009        0.017
2.45000003e-009  0.006820313
2.46000003e-009   0.01691406
2.47000003e-009  0.007000001
2.48000003e-009   0.01749219
2.49000003e-009  0.009125001
2.50000003e-009        0.019
