-1.24500002e-009       -0.007
-1.24000002e-009  0.002335938
-1.23500002e-009  -0.00628125
-1.23000002e-009    0.0019375
-1.22500002e-009 -0.006179687
-1.22000002e-009  0.002179688
-1.21500002e-009       -0.007
-1.21000002e-009  0.002015625
-1.20500002e-009 -0.007070312
-1.20000002e-009  0.001429688
-1.19500002e-009 -0.006476562
-1.19000002e-009   0.00128125
-1.18500002e-009 -0.006039062
-1.18000002e-009  0.001289063
-1.17500002e-009 -0.005953125
-1.17000002e-009   0.00115625
-1.16500002e-009 -0.005429687
-1.16000002e-009  0.001257813
-1.15500002e-009 -0.005390625
-1.15000002e-009  0.001054688
-1.14500002e-009 -0.005429687
-1.14000002e-009   0.00190625
-1.13500002e-009 -0.005789062
-1.13000002e-009  0.002859375
-1.12500002e-009 -0.006578125
-1.12000001e-009  0.002820313
-1.11500001e-009 -0.007328125
-1.11000001e-009  0.001742188
-1.10500001e-009   -0.0074375
-1.10000001e-009  0.001226563
-1.09500001e-009 -0.008203125
-1.09000001e-009  0.001328125
-1.08500001e-009 -0.009476563
-1.08000001e-009  0.001117188
-1.07500001e-009  -0.00959375
-1.07000001e-009  0.001367188
-1.06500001e-009 -0.008757813
-1.06000001e-009  0.001507813
-1.05500001e-009 -0.008757813
-1.05000001e-009  0.002734375
-1.04500001e-009       -0.009
-1.04000001e-009  0.003148438
-1.03500001e-009       -0.009
-1.03000001e-009        0.003
-1.02500001e-009 -0.009953125
-1.02000001e-009  0.002492188
-1.01500001e-009  -0.01089063
-1.01000001e-009    0.0013125
-1.00500001e-009       -0.011
-1.00000001e-009 0.0009375004
-9.95000013e-010  -0.01039063
-9.90000013e-010        0.001
-9.85000013e-010 -0.008726563
-9.80000013e-010  0.001335938
-9.75000013e-010 -0.008929688
-9.70000013e-010        0.001
-9.65000013e-010  -0.00909375
-9.60000013e-010 -3.906215e-005
-9.55000013e-010 -0.008804688
-9.50000013e-010 -3.124965e-005
-9.45000013e-010 -0.008179688
-9.40000013e-010  0.001234375
-9.35000012e-010 -0.007320312
-9.30000012e-010   0.00153125
-9.25000012e-010   -0.0073125
-9.20000012e-010 0.0009609379
-9.15000012e-010 -0.007578125
-9.10000012e-010 -0.0002499997
-9.05000012e-010  -0.00778125
-9.00000012e-010 -0.0004765622
-8.95000012e-010 -0.008328125
-8.90000012e-010 -0.0006718747
-8.85000012e-010 -0.009203125
-8.80000012e-010 -0.0008828122
-8.75000012e-010 -0.009296875
-8.70000012e-010 -0.0009609372
-8.65000012e-010  -0.00984375
-8.60000011e-010 -0.0006015622
-8.55000011e-010  -0.01042188
-8.50000011e-010 -0.0009609372
-8.45000011e-010  -0.01079688
-8.40000011e-010 -0.001945312
-8.35000011e-010  -0.01122656
-8.30000011e-010      -0.0025
-8.25000011e-010       -0.011
-8.20000011e-010 -0.002804687
-8.15000011e-010  -0.01077344
-8.10000011e-010 -0.002984375
-8.05000011e-010  -0.01074219
-8.00000011e-010 -0.002867187
-7.95000011e-010  -0.01174219
-7.90000011e-010 -0.003015625
-7.8500001e-010  -0.01271094
-7.8000001e-010 -0.003398437
-7.7500001e-010       -0.013
-7.7000001e-010   -0.0048125
-7.6500001e-010  -0.01402344
-7.6000001e-010 -0.006203125
-7.5500001e-010  -0.01554688
-7.5000001e-010       -0.007
-7.4500001e-010  -0.01701563
-7.4000001e-010       -0.007
-7.3500001e-010  -0.01810938
-7.3000001e-010 -0.008546875
-7.2500001e-010  -0.01885938
-7.2000001e-010  -0.01092188
-7.1500001e-010  -0.02057813
-7.10000009e-010  -0.01252344
-7.05000009e-010    -0.023125
-7.00000009e-010  -0.01424219
-6.95000009e-010  -0.02723438
-6.90000009e-010       -0.017
-6.85000009e-010  -0.03138281
-6.80000009e-010  -0.02125781
-6.75000009e-010       -0.035
-6.70000009e-010  -0.02385156
-6.65000009e-010  -0.03970313
-6.60000009e-010       -0.027
-6.55000009e-010  -0.04492188
-6.50000009e-010  -0.03202344
-6.45000009e-010  -0.05089844
-6.40000009e-010       -0.037
-6.35000008e-010  -0.05828906
-6.30000008e-010  -0.04321094
-6.25000008e-010       -0.065
-6.20000008e-010  -0.05015625
-6.15000008e-010     -0.07125
-6.10000008e-010  -0.05805469
-6.05000008e-010  -0.07916407
-6.00000008e-010  -0.06658594
-5.95000008e-010   -0.0866875
-5.90000008e-010       -0.073
-5.85000008e-010  -0.09548438
-5.80000008e-010  -0.08089844
-5.75000008e-010   -0.1048203
-5.70000008e-010  -0.08917188
-5.65000008e-010   -0.1125703
-5.60000007e-010  -0.09667969
-5.55000007e-010       -0.119
-5.50000007e-010   -0.1046563
-5.45000007e-010   -0.1252578
-5.40000007e-010   -0.1128828
-5.35000007e-010   -0.1321484
-5.30000007e-010   -0.1201719
-5.25000007e-010       -0.139
-5.20000007e-010   -0.1267188
-5.15000007e-010   -0.1444219
-5.10000007e-010   -0.1317031
-5.05000007e-010   -0.1485234
-5.00000007e-010   -0.1365859
-4.95000007e-010   -0.1531875
-4.90000007e-010   -0.1404922
-4.85000006e-010   -0.1558281
-4.80000006e-010   -0.1436719
-4.75000006e-010   -0.1581719
-4.70000006e-010   -0.1470781
-4.65000006e-010   -0.1598203
-4.60000006e-010   -0.1497422
-4.55000006e-010       -0.161
-4.50000006e-010   -0.1513516
-4.45000006e-010   -0.1616406
-4.40000006e-010   -0.1522578
-4.35000006e-010   -0.1622188
-4.30000006e-010   -0.1514453
-4.25000006e-010       -0.163
-4.20000006e-010       -0.151
-4.15000006e-010   -0.1610234
-4.10000005e-010   -0.1492578
-4.05000005e-010   -0.1600547
-4.00000005e-010   -0.1476484
-3.95000005e-010       -0.159
-3.90000005e-010    -0.146125
-3.85000005e-010       -0.159
-3.80000005e-010   -0.1448984
-3.75000005e-010   -0.1576172
-3.70000005e-010   -0.1449922
-3.65000005e-010   -0.1559688
-3.60000005e-010   -0.1434297
-3.55000005e-010   -0.1542266
-3.50000005e-010   -0.1421719
-3.45000005e-010   -0.1530938
-3.40000005e-010   -0.1412266
-3.35000004e-010   -0.1527578
-3.30000004e-010   -0.1397109
-3.25000004e-010   -0.1517891
-3.20000004e-010   -0.1377656
-3.15000004e-010   -0.1493203
-3.10000004e-010   -0.1356406
-3.05000004e-010   -0.1453125
-3.00000004e-010   -0.1338984
-2.95000004e-010   -0.1435313
-2.90000004e-010   -0.1325625
-2.85000004e-010   -0.1417656
-2.80000004e-010   -0.1315078
-2.75000004e-010   -0.1399141
-2.70000004e-010       -0.129
-2.65000004e-010   -0.1374844
-2.60000003e-010   -0.1246094
-2.55000003e-010   -0.1346641
-2.50000003e-010   -0.1201016
-2.45000003e-010       -0.133
-2.40000003e-010       -0.116
-2.35000003e-010   -0.1295938
-2.30000003e-010   -0.1122656
-2.25000003e-010   -0.1263906
-2.20000003e-010     -0.10875
-2.15000003e-010   -0.1224297
-2.10000003e-010   -0.1033125
-2.05000003e-010   -0.1176719
-2.00000003e-010  -0.09622657
-1.95000003e-010   -0.1120703
-1.90000003e-010  -0.08910157
-1.85000002e-010   -0.1053125
-1.80000002e-010     -0.08225
-1.75000002e-010  -0.09767188
-1.70000002e-010  -0.07577344
-1.65000002e-010  -0.09053125
-1.60000002e-010  -0.06949219
-1.55000002e-010  -0.08433594
-1.50000002e-010   -0.0626875
-1.45000002e-010  -0.07734375
-1.40000002e-010       -0.055
-1.35000002e-010  -0.06970313
-1.30000002e-010  -0.04839844
-1.25000002e-010  -0.06280469
-1.20000002e-010  -0.04234375
-1.15000002e-010  -0.05501563
-1.10000001e-010  -0.03627344
-1.05000001e-010  -0.04704688
-1.00000001e-010   -0.0285625
-9.50000013e-011  -0.03897656
-9.00000012e-011  -0.02178125
-8.50000011e-011    -0.031375
-8.00000011e-011  -0.01439063
-7.5000001e-011  -0.02410156
-7.00000009e-011 -0.008335938
-6.50000009e-011  -0.01802344
-6.00000008e-011 -0.003914062
-5.50000007e-011  -0.01246094
-5.00000007e-011 -0.0005156247
-4.50000006e-011  -0.00734375
-4.00000005e-011  0.004156251
-3.50000005e-011 -0.004265625
-3.00000004e-011  0.008054688
-2.50000003e-011 -0.002109375
-2.00000003e-011   0.01038281
-1.50000002e-011 -5.468715e-005
-1.00000001e-011   0.01155469
-5.00000007e-012  0.001742188
           0   0.01176563
5.00000007e-012  0.003390626
1.00000001e-011   0.01326563
1.50000002e-011  0.005000001
2.00000003e-011   0.01373438
2.50000003e-011  0.004359376
3.00000004e-011   0.01314063
3.50000005e-011  0.003226563
4.00000005e-011   0.01366406
4.50000006e-011  0.002757813
5.00000007e-011   0.01371875
5.50000007e-011  0.002429688
6.00000008e-011        0.013
6.50000009e-011   0.00140625
7.00000009e-011   0.01201563
7.5000001e-011 0.0006328129
8.00000011e-011   0.01116406
8.50000011e-011 0.0009843754
9.00000012e-011        0.011
9.50000013e-011 0.0007421879
1.00000001e-010   0.01099219
1.05000001e-010 0.0006171879
1.10000001e-010   0.01065625
1.15000002e-010 0.0004453129
1.20000002e-010         0.01
1.25000002e-010        0.001
1.30000002e-010   0.01114844
1.35000002e-010  0.002023438
1.40000002e-010        0.013
1.45000002e-010  0.003437501
1.50000002e-010   0.01405469
1.55000002e-010  0.004242188
1.60000002e-010   0.01471875
1.65000002e-010  0.004882813
1.70000002e-010   0.01585156
1.75000002e-010  0.006101563
1.80000002e-010   0.01746875
1.85000002e-010  0.008101563
1.90000003e-010   0.02035156
1.95000003e-010     0.010875
2.00000003e-010   0.02267188
2.05000003e-010   0.01321094
2.10000003e-010   0.02442969
2.15000003e-010   0.01563281
2.20000003e-010   0.02624219
2.25000003e-010   0.01746094
2.30000003e-010   0.02802344
2.35000003e-010   0.01914844
2.40000003e-010     0.029875
2.45000003e-010        0.021
2.50000003e-010     0.031625
2.55000003e-010   0.02297656
2.60000003e-010   0.03415625
2.65000004e-010   0.02507813
2.70000004e-010   0.03642969
2.75000004e-010        0.027
2.80000004e-010   0.03704688
2.85000004e-010   0.02717188
2.90000004e-010        0.037
2.95000004e-010   0.02710938
3.00000004e-010     0.037375
3.05000004e-010   0.02708594
3.10000004e-010   0.03732813
3.15000004e-010     0.026625
3.20000004e-010   0.03829688
3.25000004e-010      0.02525
3.30000004e-010   0.03902344
3.35000004e-010   0.02457031
3.40000005e-010   0.03852344
3.45000005e-010        0.025
3.50000005e-010   0.03757813
3.55000005e-010   0.02652344
3.60000005e-010   0.03703125
3.65000005e-010   0.02785156
3.70000005e-010   0.03709375
3.75000005e-010   0.02678906
3.80000005e-010   0.03748438
3.85000005e-010   0.02646094
3.90000005e-010   0.03796875
3.95000005e-010        0.027
4.00000005e-010   0.03776563
4.05000005e-010        0.027
4.10000005e-010        0.037
4.15000006e-010   0.02620313
4.20000006e-010   0.03628906
4.25000006e-010   0.02592188
4.30000006e-010   0.03573438
4.35000006e-010   0.02454688
4.40000006e-010   0.03657813
4.45000006e-010   0.02400781
4.50000006e-010   0.03699219
4.55000006e-010    0.0244375
4.60000006e-010   0.03689844
4.65000006e-010   0.02385938
4.70000006e-010   0.03615625
4.75000006e-010        0.023
4.80000006e-010   0.03492188
4.85000006e-010   0.02330469
4.90000007e-010        0.035
4.95000007e-010   0.02283594
5.00000007e-010   0.03403906
5.05000007e-010   0.02345313
5.10000007e-010   0.03371094
5.15000007e-010   0.02371094
5.20000007e-010   0.03466406
5.25000007e-010   0.02305469
5.30000007e-010        0.035
5.35000007e-010        0.023
5.40000007e-010    0.0341875
5.45000007e-010   0.02266406
5.50000007e-010   0.03251563
5.55000007e-010   0.02297656
5.60000007e-010   0.03172656
5.65000008e-010   0.02164844
5.70000008e-010        0.031
5.75000008e-010   0.02030469
5.80000008e-010   0.02972656
5.85000008e-010   0.01938281
5.90000008e-010   0.02860156
5.95000008e-010   0.01891406
6.00000008e-010   0.02777344
6.05000008e-010   0.01814063
6.10000008e-010   0.02739844
6.15000008e-010   0.01726563
6.20000008e-010   0.02735938
6.25000008e-010   0.01622656
6.30000008e-010   0.02629688
6.35000008e-010   0.01466406
6.40000009e-010   0.02411719
6.45000009e-010   0.01345313
6.50000009e-010   0.02344531
6.55000009e-010   0.01269531
6.60000009e-010   0.02285938
6.65000009e-010   0.01120313
6.70000009e-010   0.02219531
6.75000009e-010  0.009984376
6.80000009e-010        0.021
6.85000009e-010  0.009257813
6.90000009e-010   0.01935938
6.95000009e-010  0.009000001
7.00000009e-010   0.01925781
7.05000009e-010  0.009257813
7.10000009e-010   0.01925781
7.1500001e-010  0.008375001
7.2000001e-010   0.01889844
7.2500001e-010  0.007515626
7.3000001e-010   0.01800781
7.3500001e-010  0.006476563
7.4000001e-010   0.01772656
7.4500001e-010  0.005890626
7.5000001e-010        0.017
7.5500001e-010  0.005835938
7.6000001e-010   0.01580469
7.6500001e-010  0.005000001
7.7000001e-010   0.01415625
7.7500001e-010  0.004132813
7.8000001e-010   0.01409375
7.8500001e-010        0.003
7.90000011e-010   0.01403125
7.95000011e-010  0.002992188
8.00000011e-010   0.01346875
8.05000011e-010   0.00303125
8.10000011e-010   0.01336719
8.15000011e-010  0.003359376
8.20000011e-010   0.01325781
8.25000011e-010  0.004460938
8.30000011e-010   0.01510938
8.35000011e-010  0.004578126
8.40000011e-010   0.01644531
8.45000011e-010  0.005335938
8.50000011e-010        0.017
8.55000011e-010  0.005695313
8.60000011e-010   0.01677344
8.65000012e-010  0.004757813
8.70000012e-010   0.01578125
8.75000012e-010  0.004656251
8.80000012e-010        0.015
8.85000012e-010  0.005750001
8.90000012e-010   0.01589063
8.95000012e-010  0.006976563
9.00000012e-010   0.01622656
9.05000012e-010  0.007406251
9.10000012e-010   0.01627344
9.15000012e-010  0.007000001
9.20000012e-010   0.01722656
9.25000012e-010  0.007679688
9.30000012e-010        0.019
9.35000012e-010  0.008937501
9.40000013e-010   0.01965625
9.45000013e-010  0.008648438
9.50000013e-010   0.01920313
9.55000013e-010  0.008312501
9.60000013e-010    0.0189375
9.65000013e-010  0.008203126
9.70000013e-010   0.02030469
9.75000013e-010  0.008570313
9.80000013e-010        0.021
9.85000013e-010  0.009671876
9.90000013e-010   0.02073438
9.95000013e-010   0.01082031
1.00000001e-009   0.02004688
1.00500001e-009   0.01078906
1.01000001e-009   0.02153906
1.01500001e-009   0.01105469
1.02000001e-009        0.023
1.02500001e-009   0.01175781
1.03000001e-009   0.02380469
1.03500001e-009        0.013
1.04000001e-009        0.024
1.04500001e-009   0.01482813
1.05000001e-009   0.02407031
1.05500001e-009   0.01478906
1.06000001e-009        0.025
1.06500001e-009   0.01538281
1.07000001e-009   0.02622656
1.07500001e-009     0.016625
1.08000001e-009   0.02744531
1.08500001e-009   0.01809375
1.09000001e-009   0.02813281
1.09500001e-009   0.01766406
1.10000001e-009   0.02942188
1.10500001e-009   0.01824219
1.11000001e-009     0.029875
1.11500001e-009   0.01890625
1.12000001e-009   0.03057813
1.12500002e-009   0.02016406
1.13000002e-009   0.03122656
1.13500002e-009   0.02123438
1.14000002e-009   0.03247656
1.14500002e-009   0.02180469
1.15000002e-009   0.03414063
1.15500002e-009   0.02267969
1.16000002e-009   0.03496094
1.16500002e-009   0.02324219
1.17000002e-009   0.03467969
1.17500002e-009   0.02422656
1.18000002e-009   0.03345313
1.18500002e-009   0.02478906
1.19000002e-009   0.03436719
1.19500002e-009   0.02522656
1.20000002e-009   0.03540625
1.20500002e-009   0.02526563
1.21000002e-009   0.03614844
1.21500002e-009   0.02480469
1.22000002e-009   0.03666406
1.22500002e-009   0.02478906
1.23000002e-009        0.037
1.23500002e-009   0.02476563
1.24000002e-009   0.03692188
1.24500002e-009   0.02507031
1.25000002e-009   0.03671875
