-2.49000003e-009 -0.008789063
-2.48000003e-009     -0.00875
-2.47000003e-009 -0.008726563
-2.46000003e-009 -0.008742188
-2.45000003e-009     -0.00875
-2.44000003e-009 -0.008804688
-2.43000003e-009   -0.0088125
-2.42000003e-009   -0.0088125
-2.41000003e-009 -0.008804688
-2.40000003e-009 -0.008703125
-2.39000003e-009 -0.008632813
-2.38000003e-009 -0.008484375
-2.37000003e-009 -0.008382813
-2.36000003e-009 -0.008289063
-2.35000003e-009 -0.008210938
-2.34000003e-009 -0.008171875
-2.33000003e-009 -0.008164063
-2.32000003e-009  -0.00815625
-2.31000003e-009 -0.008148438
-2.30000003e-009 -0.008148438
-2.29000003e-009 -0.008140625
-2.28000003e-009 -0.008070313
-2.27000003e-009 -0.008054688
-2.26000003e-009 -0.008015625
-2.25000003e-009  -0.00796875
-2.24000003e-009 -0.007898438
-2.23000003e-009  -0.00778125
-2.22000003e-009 -0.007679688
-2.21000003e-009   -0.0075625
-2.20000003e-009 -0.007414063
-2.19000003e-009 -0.007296875
-2.18000003e-009  -0.00715625
-2.17000003e-009 -0.007039062
-2.16000003e-009 -0.006914062
-2.15000003e-009 -0.006789062
-2.14000003e-009 -0.006679687
-2.13000003e-009   -0.0065625
-2.12000003e-009 -0.006414062
-2.11000003e-009  -0.00628125
-2.10000003e-009 -0.006179687
-2.09000003e-009 -0.006117187
-2.08000003e-009 -0.006039062
-2.07000003e-009 -0.005992187
-2.06000003e-009 -0.005945312
-2.05000003e-009 -0.005921875
-2.04000003e-009  -0.00590625
-2.03000003e-009 -0.005882812
-2.02000003e-009 -0.005890625
-2.01000003e-009    -0.005875
-2.00000003e-009    -0.005875
-1.99000003e-009 -0.005835937
-1.98000003e-009   -0.0058125
-1.97000003e-009  -0.00571875
-1.96000003e-009 -0.005570312
-1.95000003e-009  -0.00540625
-1.94000003e-009 -0.005179687
-1.93000003e-009 -0.004960937
-1.92000003e-009 -0.004804687
-1.91000003e-009 -0.004632812
-1.90000003e-009 -0.004601562
-1.89000003e-009 -0.004601562
-1.88000003e-009    -0.004625
-1.87000002e-009 -0.004703125
-1.86000002e-009  -0.00478125
-1.85000002e-009  -0.00471875
-1.84000002e-009  -0.00465625
-1.83000002e-009 -0.004539062
-1.82000002e-009  -0.00434375
-1.81000002e-009 -0.004132812
-1.80000002e-009  -0.00396875
-1.79000002e-009 -0.003859375
-1.78000002e-009  -0.00378125
-1.77000002e-009 -0.003765625
-1.76000002e-009 -0.003789062
-1.75000002e-009 -0.003828125
-1.74000002e-009 -0.003851562
-1.73000002e-009 -0.003851562
-1.72000002e-009 -0.003796875
-1.71000002e-009 -0.003726562
-1.70000002e-009 -0.003609375
-1.69000002e-009 -0.003554687
-1.68000002e-009 -0.003484375
-1.67000002e-009 -0.003445312
-1.66000002e-009    -0.003375
-1.65000002e-009 -0.003320312
-1.64000002e-009 -0.003234375
-1.63000002e-009  -0.00315625
-1.62000002e-009 -0.003007812
-1.61000002e-009 -0.002851562
-1.60000002e-009 -0.002773437
-1.59000002e-009 -0.002671875
-1.58000002e-009    -0.002625
-1.57000002e-009 -0.002648437
-1.56000002e-009 -0.002664062
-1.55000002e-009 -0.002710937
-1.54000002e-009     -0.00275
-1.53000002e-009 -0.002765625
-1.52000002e-009 -0.002765625
-1.51000002e-009  -0.00271875
-1.50000002e-009 -0.002671875
-1.49000002e-009 -0.002570312
-1.48000002e-009 -0.002492187
-1.47000002e-009  -0.00240625
-1.46000002e-009 -0.002335937
-1.45000002e-009 -0.002296875
-1.44000002e-009 -0.002265625
-1.43000002e-009  -0.00221875
-1.42000002e-009 -0.002210937
-1.41000002e-009  -0.00221875
-1.40000002e-009 -0.002257812
-1.39000002e-009 -0.002320312
-1.38000002e-009 -0.002367187
-1.37000002e-009 -0.002476562
-1.36000002e-009  -0.00253125
-1.35000002e-009  -0.00259375
-1.34000002e-009 -0.002585937
-1.33000002e-009   -0.0025625
-1.32000002e-009 -0.002492187
-1.31000002e-009    -0.002375
-1.30000002e-009     -0.00225
-1.29000002e-009 -0.002132812
-1.28000002e-009  -0.00203125
-1.27000002e-009 -0.002015625
-1.26000002e-009 -0.002007812
-1.25000002e-009 -0.002085937
-1.24000002e-009 -0.002210937
-1.23000002e-009 -0.002367187
-1.22000002e-009 -0.002484375
-1.21000002e-009  -0.00259375
-1.20000002e-009  -0.00265625
-1.19000002e-009 -0.002632812
-1.18000002e-009 -0.002546875
-1.17000002e-009 -0.002476562
-1.16000002e-009 -0.002335937
-1.15000002e-009 -0.002195312
-1.14000002e-009 -0.002101562
-1.13000002e-009 -0.002085937
-1.12000001e-009  -0.00215625
-1.11000001e-009  -0.00228125
-1.10000001e-009 -0.002429687
-1.09000001e-009 -0.002578125
-1.08000001e-009 -0.002765625
-1.07000001e-009  -0.00290625
-1.06000001e-009 -0.003046875
-1.05000001e-009 -0.003132812
-1.04000001e-009   -0.0031875
-1.03000001e-009 -0.003226562
-1.02000001e-009 -0.003296875
-1.01000001e-009 -0.003320312
-1.00000001e-009 -0.003390625
-9.90000013e-010 -0.003414062
-9.80000013e-010 -0.003476562
-9.70000013e-010 -0.003539062
-9.60000013e-010 -0.003539062
-9.50000013e-010 -0.003539062
-9.40000013e-010 -0.003570312
-9.30000012e-010 -0.003601562
-9.20000012e-010 -0.003640625
-9.10000012e-010 -0.003703125
-9.00000012e-010 -0.003804687
-8.90000012e-010   -0.0039375
-8.80000012e-010 -0.004039062
-8.70000012e-010 -0.004265625
-8.60000011e-010 -0.004476562
-8.50000011e-010 -0.004742187
-8.40000011e-010 -0.005015625
-8.30000011e-010 -0.005242187
-8.20000011e-010 -0.005507812
-8.10000011e-010     -0.00575
-8.00000011e-010 -0.006015625
-7.90000011e-010 -0.006210937
-7.8000001e-010 -0.006429687
-7.7000001e-010  -0.00671875
-7.6000001e-010    -0.007125
-7.5000001e-010 -0.007671875
-7.4000001e-010 -0.008351563
-7.3000001e-010  -0.00921875
-7.2000001e-010  -0.01035938
-7.10000009e-010  -0.01171875
-7.00000009e-010  -0.01334375
-6.90000009e-010  -0.01507813
-6.80000009e-010    -0.017125
-6.70000009e-010  -0.01952344
-6.60000009e-010   -0.0223125
-6.50000009e-010  -0.02564063
-6.40000009e-010  -0.02940625
-6.30000008e-010  -0.03375781
-6.20000008e-010   -0.0386875
-6.10000008e-010  -0.04421094
-6.00000008e-010  -0.05027344
-5.90000008e-010  -0.05680469
-5.80000008e-010  -0.06370313
-5.70000008e-010  -0.07102344
-5.60000007e-010    -0.078625
-5.50000007e-010  -0.08645313
-5.40000007e-010  -0.09435938
-5.30000007e-010   -0.1022031
-5.20000007e-010   -0.1098359
-5.10000007e-010   -0.1171875
-5.00000007e-010   -0.1240547
-4.90000007e-010   -0.1304609
-4.80000006e-010   -0.1361797
-4.70000006e-010   -0.1412266
-4.60000006e-010   -0.1455234
-4.50000006e-010   -0.1490781
-4.40000006e-010   -0.1520078
-4.30000006e-010   -0.1540938
-4.20000006e-010   -0.1554063
-4.10000005e-010   -0.1560781
-4.00000005e-010   -0.1561719
-3.90000005e-010   -0.1559609
-3.80000005e-010   -0.1553203
-3.70000005e-010   -0.1544141
-3.60000005e-010   -0.1533359
-3.50000005e-010   -0.1521719
-3.40000005e-010   -0.1510391
-3.30000004e-010   -0.1498125
-3.20000004e-010   -0.1484063
-3.10000004e-010   -0.1469688
-3.00000004e-010   -0.1454531
-2.90000004e-010   -0.1439844
-2.80000004e-010   -0.1424531
-2.70000004e-010   -0.1407813
-2.60000003e-010   -0.1390859
-2.50000003e-010   -0.1372031
-2.40000003e-010   -0.1352266
-2.30000003e-010   -0.1329531
-2.20000003e-010   -0.1302734
-2.10000003e-010   -0.1271406
-2.00000003e-010   -0.1234063
-1.90000003e-010   -0.1192266
-1.80000002e-010   -0.1144141
-1.70000002e-010   -0.1090703
-1.60000002e-010   -0.1032031
-1.50000002e-010  -0.09695313
-1.40000002e-010  -0.09033594
-1.30000002e-010  -0.08345313
-1.20000002e-010    -0.076375
-1.10000001e-010  -0.06907813
-1.00000001e-010  -0.06160938
-9.00000012e-011  -0.05407813
-8.00000011e-011  -0.04653125
-7.00000009e-011  -0.03910938
-6.00000008e-011  -0.03188281
-5.00000007e-011   -0.0250625
-4.00000005e-011  -0.01866406
-3.00000004e-011  -0.01294531
-2.00000003e-011 -0.007960938
-1.00000001e-011 -0.003664062
           0 -0.0001171872
1.00000001e-011  0.002859375
2.00000003e-011  0.005187501
3.00000004e-011  0.006890626
4.00000005e-011  0.008117188
5.00000007e-011  0.008851563
6.00000008e-011  0.009250001
7.00000009e-011  0.009250001
8.00000011e-011  0.008921876
9.00000012e-011  0.008429688
1.00000001e-010  0.007843751
1.10000001e-010  0.007335938
1.20000002e-010  0.006867188
1.30000002e-010  0.006546876
1.40000002e-010  0.006406251
1.50000002e-010  0.006476563
1.60000002e-010  0.006750001
1.70000002e-010  0.007210938
1.80000002e-010  0.007890626
1.90000003e-010  0.008812501
2.00000003e-010   0.01004688
2.10000003e-010   0.01159375
2.20000003e-010   0.01344531
2.30000003e-010   0.01555469
2.40000003e-010   0.01786719
2.50000003e-010   0.02026563
2.60000003e-010     0.022625
2.70000004e-010   0.02483594
2.80000004e-010   0.02683594
2.90000004e-010   0.02853906
3.00000004e-010   0.02995313
3.10000004e-010   0.03113281
3.20000004e-010   0.03199219
3.30000004e-010   0.03267188
3.40000005e-010   0.03310156
3.50000005e-010   0.03335156
3.60000005e-010   0.03347656
3.70000005e-010   0.03346875
3.80000005e-010   0.03328906
3.90000005e-010   0.03308594
4.00000005e-010   0.03283594
4.10000005e-010   0.03263281
4.20000006e-010   0.03242188
4.30000006e-010   0.03222656
4.40000006e-010   0.03209375
4.50000006e-010   0.03196875
4.60000006e-010     0.031875
4.70000006e-010   0.03174219
4.80000006e-010   0.03157031
4.90000007e-010   0.03138281
5.00000007e-010     0.031125
5.10000007e-010   0.03085156
5.20000007e-010   0.03054688
5.30000007e-010   0.03015625
5.40000007e-010   0.02979688
5.50000007e-010   0.02935156
5.60000007e-010   0.02888281
5.70000008e-010   0.02836719
5.80000008e-010   0.02783594
5.90000008e-010   0.02722656
6.00000008e-010   0.02648438
6.10000008e-010   0.02569531
6.20000008e-010    0.0248125
6.30000008e-010   0.02390625
6.40000009e-010   0.02296094
6.50000009e-010   0.02202344
6.60000009e-010   0.02117969
6.70000009e-010     0.020375
6.80000009e-010   0.01963281
6.90000009e-010   0.01892969
7.00000009e-010   0.01821875
7.10000009e-010    0.0174375
7.2000001e-010   0.01658594
7.3000001e-010   0.01558594
7.4000001e-010   0.01452344
7.5000001e-010   0.01341406
7.6000001e-010   0.01236719
7.7000001e-010   0.01144531
7.8000001e-010   0.01069531
7.90000011e-010   0.01014844
8.00000011e-010  0.009828126
8.10000011e-010  0.009609376
8.20000011e-010  0.009484376
8.30000011e-010  0.009445313
8.40000011e-010  0.009398438
8.50000011e-010  0.009382813
8.60000011e-010  0.009414063
8.70000012e-010  0.009500001
8.80000012e-010  0.009687501
8.90000012e-010  0.009953126
9.00000012e-010   0.01030469
9.10000012e-010   0.01065625
9.20000012e-010   0.01102344
9.30000012e-010   0.01141406
9.40000013e-010   0.01171875
9.50000013e-010   0.01207813
9.60000013e-010   0.01236719
9.70000013e-010   0.01277344
9.80000013e-010   0.01324219
9.90000013e-010   0.01378125
1.00000001e-009   0.01441406
1.01000001e-009   0.01509375
1.02000001e-009   0.01571875
1.03000001e-009   0.01633594
1.04000001e-009   0.01692188
1.05000001e-009   0.01748438
1.06000001e-009   0.01804688
1.07000001e-009    0.0186875
1.08000001e-009   0.01939844
1.09000001e-009   0.02017188
1.10000001e-009   0.02107031
1.11000001e-009   0.02198438
1.12000001e-009   0.02290625
1.13000002e-009   0.02376563
1.14000002e-009     0.024625
1.15000002e-009   0.02534375
1.16000002e-009   0.02597656
1.17000002e-009   0.02657031
1.18000002e-009   0.02717188
1.19000002e-009   0.02774219
1.20000002e-009   0.02838281
1.21000002e-009   0.02896875
1.22000002e-009   0.02959375
1.23000002e-009   0.03011719
1.24000002e-009   0.03055469
1.25000002e-009   0.03080469
1.26000002e-009   0.03094531
1.27000002e-009        0.031
1.28000002e-009   0.03091406
1.29000002e-009   0.03084375
1.30000002e-009   0.03078125
1.31000002e-009   0.03071094
1.32000002e-009   0.03075781
1.33000002e-009   0.03071875
1.34000002e-009   0.03075781
1.35000002e-009    0.0306875
1.36000002e-009   0.03048438
1.37000002e-009   0.03021875
1.38000002e-009    0.0298125
1.39000002e-009   0.02932031
1.40000002e-009   0.02876563
1.41000002e-009   0.02824219
1.42000002e-009   0.02771875
1.43000002e-009    0.0271875
1.44000002e-009   0.02664844
1.45000002e-009     0.026125
1.46000002e-009   0.02548438
1.47000002e-009   0.02483594
1.48000002e-009   0.02417188
1.49000002e-009   0.02341406
1.50000002e-009   0.02265625
1.51000002e-009   0.02186719
1.52000002e-009   0.02114844
1.53000002e-009   0.02039063
1.54000002e-009   0.01972656
1.55000002e-009   0.01908594
1.56000002e-009   0.01844531
1.57000002e-009   0.01775781
1.58000002e-009   0.01710156
1.59000002e-009   0.01645313
1.60000002e-009   0.01586719
1.61000002e-009   0.01529688
1.62000002e-009    0.0148125
1.63000002e-009   0.01440625
1.64000002e-009   0.01403125
1.65000002e-009   0.01376563
1.66000002e-009   0.01342188
1.67000002e-009   0.01309375
1.68000002e-009   0.01276563
1.69000002e-009   0.01242969
1.70000002e-009   0.01210156
1.71000002e-009   0.01191406
1.72000002e-009   0.01183594
1.73000002e-009   0.01189063
1.74000002e-009   0.01203906
1.75000002e-009    0.0123125
1.76000002e-009   0.01258594
1.77000002e-009   0.01288281
1.78000002e-009   0.01310938
1.79000002e-009   0.01329688
1.80000002e-009   0.01342188
1.81000002e-009    0.0135625
1.82000002e-009    0.0136875
1.83000002e-009   0.01392188
1.84000002e-009   0.01421094
1.85000002e-009   0.01460156
1.86000002e-009   0.01502344
1.87000002e-009   0.01547656
1.88000003e-009   0.01594531
1.89000003e-009   0.01639844
1.90000003e-009   0.01678125
1.91000003e-009     0.017125
1.92000003e-009   0.01749219
1.93000003e-009   0.01785156
1.94000003e-009   0.01827344
1.95000003e-009   0.01870313
1.96000003e-009   0.01915625
1.97000003e-009   0.01960156
1.98000003e-009    0.0200625
1.99000003e-009   0.02048438
2.00000003e-009   0.02086719
2.01000003e-009    0.0211875
2.02000003e-009   0.02149219
2.03000003e-009   0.02170313
2.04000003e-009   0.02188281
2.05000003e-009   0.02203125
2.06000003e-009   0.02217969
2.07000003e-009   0.02230469
2.08000003e-009   0.02238281
2.09000003e-009   0.02248438
2.10000003e-009   0.02254688
2.11000003e-009   0.02260938
2.12000003e-009   0.02260156
2.13000003e-009   0.02258594
2.14000003e-009   0.02254688
2.15000003e-009   0.02249219
2.16000003e-009   0.02245313
2.17000003e-009   0.02232813
2.18000003e-009    0.0221875
2.19000003e-009   0.02203125
2.20000003e-009   0.02180469
2.21000003e-009   0.02155469
2.22000003e-009   0.02122656
2.23000003e-009   0.02084375
2.24000003e-009   0.02053125
2.25000003e-009   0.02020313
2.26000003e-009   0.01995313
2.27000003e-009   0.01975781
2.28000003e-009   0.01961719
2.29000003e-009   0.01947656
2.30000003e-009   0.01928906
2.31000003e-009    0.0190625
2.32000003e-009   0.01871875
2.33000003e-009   0.01824219
2.34000003e-009   0.01771094
2.35000003e-009   0.01708594
2.36000003e-009   0.01654688
2.37000003e-009   0.01598438
2.38000003e-009   0.01555469
2.39000003e-009   0.01517188
2.40000003e-009     0.014875
2.41000003e-009   0.01464844
2.42000003e-009   0.01440625
2.43000003e-009   0.01426563
2.44000003e-009   0.01407031
2.45000003e-009   0.01389063
2.46000003e-009   0.01367188
2.47000003e-009   0.01346875
2.48000003e-009   0.01327344
2.49000003e-009    0.0130625
2.50000003e-009   0.01292969
