-1.24500002e-009      -0.0075
-1.24000002e-009    0.0010625
-1.23500002e-009 -0.006335938
-1.23000002e-009  0.001195313
-1.22500002e-009  -0.00709375
-1.22000002e-009 0.0009609375
-1.21500002e-009 -0.007867188
-1.21000002e-009        0.002
-1.20500002e-009 -0.008101563
-1.20000002e-009  0.001710938
-1.19500002e-009       -0.008
-1.19000002e-009      0.00075
-1.18500002e-009 -0.007945313
-1.18000002e-009    0.0003125
-1.17500002e-009 -0.007421875
-1.17000002e-009  0.000765625
-1.16500002e-009 -0.007734375
-1.16000002e-009  0.001898438
-1.15500002e-009 -0.008148438
-1.15000002e-009  0.002382813
-1.14500002e-009  -0.00821875
-1.14000002e-009        0.002
-1.13500002e-009 -0.008171875
-1.13000002e-009 0.0006484375
-1.12500002e-009 -0.008335938
-1.12000001e-009 8.59375e-005
-1.11500001e-009 -0.008421875
-1.11000001e-009   0.00134375
-1.10500001e-009        -0.01
-1.10000001e-009        0.002
-1.09500001e-009  -0.01044531
-1.09000001e-009   0.00178125
-1.08500001e-009 -0.009890625
-1.08000001e-009 0.0009609375
-1.07500001e-009 -0.008664063
-1.07000001e-009  0.001484375
-1.06500001e-009 -0.008445313
-1.06000001e-009   0.00203125
-1.05500001e-009 -0.008867188
-1.05000001e-009    0.0016875
-1.04500001e-009 -0.008796875
-1.04000001e-009 0.0004921875
-1.03500001e-009 -0.008226563
-1.03000001e-009   0.00059375
-1.02500001e-009   -0.0083125
-1.02000001e-009 0.0005234375
-1.01500001e-009  -0.00784375
-1.01000001e-009 0.0004453125
-1.00500001e-009 -0.008203125
-1.00000001e-009   0.00028125
-9.95000013e-010   -0.0084375
-9.90000013e-010  0.000578125
-9.85000013e-010 -0.008359375
-9.80000013e-010 0.0006328125
-9.75000013e-010 -0.009671875
-9.70000013e-010 0.0001640625
-9.65000013e-010  -0.01010938
-9.60000013e-010 -0.0001796875
-9.55000013e-010 -0.009640625
-9.50000013e-010 -0.001101563
-9.45000013e-010 -0.008390625
-9.40000013e-010 -0.0009609375
-9.35000012e-010  -0.00828125
-9.30000012e-010            0
-9.25000012e-010 -0.008460938
-9.20000012e-010 -0.0001953125
-9.15000012e-010 -0.009015625
-9.10000012e-010  4.6875e-005
-9.05000012e-010 -0.009898438
-9.00000012e-010 -0.0003984375
-8.95000012e-010  -0.01034375
-8.90000012e-010 -0.001570313
-8.85000012e-010    -0.010375
-8.80000012e-010 -0.002507813
-8.75000012e-010  -0.01111719
-8.70000012e-010       -0.002
-8.65000012e-010  -0.01159375
-8.60000011e-010 -0.001953125
-8.55000011e-010  -0.01146875
-8.50000011e-010       -0.002
-8.45000011e-010  -0.01107031
-8.40000011e-010       -0.002
-8.35000011e-010       -0.012
-8.30000011e-010     -0.00275
-8.25000011e-010  -0.01309375
-8.20000011e-010  -0.00421875
-8.15000011e-010  -0.01379688
-8.10000011e-010 -0.004492188
-8.05000011e-010  -0.01564063
-8.00000011e-010       -0.004
-7.95000011e-010  -0.01723438
-7.90000011e-010 -0.005335938
-7.8500001e-010  -0.01803906
-7.8000001e-010 -0.007234375
-7.7500001e-010  -0.01871094
-7.7000001e-010 -0.008335938
-7.6500001e-010  -0.02034375
-7.6000001e-010 -0.009453125
-7.5500001e-010   -0.0215625
-7.5000001e-010  -0.01103125
-7.4500001e-010  -0.02269531
-7.4000001e-010  -0.01358594
-7.3500001e-010  -0.02410156
-7.3000001e-010  -0.01502344
-7.2500001e-010  -0.02765625
-7.2000001e-010   -0.0178125
-7.1500001e-010  -0.03082031
-7.10000009e-010  -0.02071875
-7.05000009e-010  -0.03430469
-7.00000009e-010       -0.024
-6.95000009e-010  -0.03922656
-6.90000009e-010  -0.02817188
-6.85000009e-010       -0.044
-6.80000009e-010    -0.033375
-6.75000009e-010  -0.04917969
-6.70000009e-010  -0.03896875
-6.65000009e-010  -0.05491407
-6.60000009e-010  -0.04435938
-6.55000009e-010  -0.06053125
-6.50000009e-010  -0.04930469
-6.45000009e-010       -0.066
-6.40000009e-010  -0.05511719
-6.35000008e-010  -0.07244532
-6.30000008e-010  -0.06214844
-6.25000008e-010        -0.08
-6.20000008e-010  -0.07021875
-6.15000008e-010  -0.08721094
-6.10000008e-010       -0.078
-6.05000008e-010  -0.09702344
-6.00000008e-010  -0.08614844
-5.95000008e-010   -0.1061953
-5.90000008e-010  -0.09348438
-5.85000008e-010       -0.114
-5.80000008e-010   -0.1008359
-5.75000008e-010   -0.1220313
-5.70000008e-010   -0.1085938
-5.65000008e-010   -0.1293281
-5.60000007e-010      -0.1165
-5.55000007e-010   -0.1356406
-5.50000007e-010   -0.1227813
-5.45000007e-010   -0.1410859
-5.40000007e-010   -0.1286484
-5.35000007e-010   -0.1458359
-5.30000007e-010   -0.1347969
-5.25000007e-010   -0.1505625
-5.20000007e-010   -0.1408906
-5.15000007e-010   -0.1558906
-5.10000007e-010   -0.1457188
-5.05000007e-010        -0.16
-5.00000007e-010   -0.1483047
-4.95000007e-010       -0.164
-4.90000007e-010   -0.1508984
-4.85000006e-010   -0.1670156
-4.80000006e-010   -0.1538281
-4.75000006e-010   -0.1678359
-4.70000006e-010   -0.1563438
-4.65000006e-010        -0.17
-4.60000006e-010       -0.158
-4.55000006e-010   -0.1704063
-4.50000006e-010   -0.1594609
-4.45000006e-010   -0.1697422
-4.40000006e-010   -0.1592109
-4.35000006e-010   -0.1684922
-4.30000006e-010   -0.1582969
-4.25000006e-010   -0.1674922
-4.20000006e-010   -0.1577109
-4.15000006e-010   -0.1664531
-4.10000005e-010   -0.1562734
-4.05000005e-010   -0.1665703
-4.00000005e-010   -0.1554766
-3.95000005e-010       -0.166
-3.90000005e-010   -0.1545781
-3.85000005e-010      -0.1655
-3.80000005e-010   -0.1536875
-3.75000005e-010      -0.1655
-3.70000005e-010   -0.1514688
-3.65000005e-010   -0.1634766
-3.60000005e-010   -0.1496484
-3.55000005e-010   -0.1621328
-3.50000005e-010   -0.1484531
-3.45000005e-010   -0.1610703
-3.40000005e-010       -0.148
-3.35000004e-010   -0.1602188
-3.30000004e-010   -0.1470313
-3.25000004e-010    -0.158875
-3.20000004e-010   -0.1447734
-3.15000004e-010   -0.1564141
-3.10000004e-010   -0.1429453
-3.05000004e-010   -0.1546875
-3.00000004e-010   -0.1414219
-2.95000004e-010   -0.1528125
-2.90000004e-010   -0.1406016
-2.85000004e-010   -0.1515781
-2.80000004e-010   -0.1388281
-2.75000004e-010   -0.1500703
-2.70000004e-010   -0.1367656
-2.65000004e-010       -0.148
-2.60000003e-010   -0.1344609
-2.55000003e-010   -0.1440547
-2.50000003e-010   -0.1317891
-2.45000003e-010   -0.1412891
-2.40000003e-010   -0.1284297
-2.35000003e-010   -0.1380156
-2.30000003e-010       -0.126
-2.25000003e-010   -0.1353047
-2.20000003e-010   -0.1234453
-2.15000003e-010   -0.1333281
-2.10000003e-010   -0.1200938
-2.05000003e-010        -0.13
-2.00000003e-010   -0.1146875
-1.95000003e-010   -0.1262031
-1.90000003e-010   -0.1094297
-1.85000002e-010   -0.1212891
-1.80000002e-010   -0.1044219
-1.75000002e-010   -0.1151328
-1.70000002e-010  -0.09934375
-1.65000002e-010   -0.1091094
-1.60000002e-010  -0.09335938
-1.55000002e-010   -0.1030078
-1.50000002e-010    -0.086875
-1.45000002e-010  -0.09676563
-1.40000002e-010  -0.07974219
-1.35000002e-010        -0.09
-1.30000002e-010  -0.07164063
-1.25000002e-010     -0.08225
-1.20000002e-010       -0.064
-1.15000002e-010  -0.07453907
-1.10000001e-010  -0.05680469
-1.05000001e-010  -0.06670313
-1.00000001e-010  -0.04769531
-9.50000013e-011  -0.05835157
-9.00000012e-011  -0.03849219
-8.50000011e-011  -0.04961719
-8.00000011e-011        -0.03
-7.5000001e-011  -0.04041406
-7.00000009e-011  -0.02210938
-6.50000009e-011  -0.03173438
-6.00000008e-011  -0.01447656
-5.50000007e-011    -0.023375
-5.00000007e-011 -0.007679688
-4.50000006e-011  -0.01589844
-4.00000005e-011   -0.0010625
-3.50000005e-011 -0.008734375
-3.00000004e-011  0.005171875
-2.50000003e-011 -0.002296875
-2.00000003e-011     0.010625
-1.50000002e-011  0.003148438
-1.00000001e-011   0.01610938
-5.00000007e-012  0.006421875
           0   0.01994531
5.00000007e-012  0.009195313
1.00000001e-011        0.022
1.50000002e-011   0.01205469
2.00000003e-011        0.024
2.50000003e-011   0.01449219
3.00000004e-011   0.02504688
3.50000005e-011   0.01559375
4.00000005e-011   0.02692969
4.50000006e-011   0.01664063
5.00000007e-011        0.028
5.50000007e-011        0.018
6.00000008e-011   0.02785938
6.50000009e-011   0.01770313
7.00000009e-011   0.02815625
7.5000001e-011   0.01778906
8.00000011e-011   0.02717969
8.50000011e-011    0.0169375
9.00000012e-011   0.02539063
9.50000013e-011   0.01642969
1.00000001e-010   0.02404688
1.05000001e-010   0.01525781
1.10000001e-010   0.02342188
1.15000002e-010      0.01425
1.20000002e-010        0.022
1.25000002e-010   0.01367969
1.30000002e-010        0.022
1.35000002e-010   0.01292188
1.40000002e-010   0.02172656
1.45000002e-010   0.01191406
1.50000002e-010   0.02157031
1.55000002e-010   0.01152344
1.60000002e-010   0.02154688
1.65000002e-010   0.01157031
1.70000002e-010   0.02169531
1.75000002e-010        0.012
1.80000002e-010      0.02225
1.85000002e-010   0.01189844
1.90000003e-010   0.02272656
1.95000003e-010   0.01230469
2.00000003e-010        0.024
2.05000003e-010   0.01300781
2.10000003e-010      0.02475
2.15000003e-010   0.01415625
2.20000003e-010   0.02528125
2.25000003e-010        0.016
2.30000003e-010   0.02564063
2.35000003e-010   0.01802344
2.40000003e-010   0.02639844
2.45000003e-010        0.018
2.50000003e-010   0.02835938
2.55000003e-010        0.018
2.60000003e-010         0.03
2.65000004e-010   0.01907031
2.70000004e-010   0.03070313
2.75000004e-010   0.02096094
2.80000004e-010    0.0316875
2.85000004e-010   0.02217969
2.90000004e-010    0.0328125
2.95000004e-010    0.0226875
3.00000004e-010        0.034
3.05000004e-010   0.02203906
3.10000004e-010   0.03413281
3.15000004e-010   0.02219531
3.20000004e-010   0.03435156
3.25000004e-010   0.02314063
3.30000004e-010   0.03444531
3.35000004e-010   0.02336719
3.40000005e-010   0.03403906
3.45000005e-010   0.02395313
3.50000005e-010   0.03345313
3.55000005e-010    0.0236875
3.60000005e-010   0.03214063
3.65000005e-010   0.02285938
3.70000005e-010   0.03124219
3.75000005e-010   0.02169531
3.80000005e-010   0.03107813
3.85000005e-010   0.02133594
3.90000005e-010   0.03046875
3.95000005e-010   0.02110938
4.00000005e-010         0.03
4.05000005e-010   0.02030469
4.10000005e-010         0.03
4.15000006e-010   0.01971094
4.20000006e-010   0.03021875
4.25000006e-010   0.01924219
4.30000006e-010   0.02979688
4.35000006e-010   0.01896094
4.40000006e-010   0.02882031
4.45000006e-010        0.018
4.50000006e-010        0.028
4.55000006e-010   0.01796094
4.60000006e-010   0.02779688
4.65000006e-010   0.01853125
4.70000006e-010     0.028125
4.75000006e-010   0.01766406
4.80000006e-010   0.02761719
4.85000006e-010   0.01753906
4.90000007e-010   0.02885938
4.95000007e-010   0.01664063
5.00000007e-010   0.02990625
5.05000007e-010        0.016
5.10000007e-010   0.02972656
5.15000007e-010   0.01642969
5.20000007e-010    0.0283125
5.25000007e-010   0.01652344
5.30000007e-010   0.02638281
5.35000007e-010   0.01592969
5.40000007e-010   0.02585938
5.45000007e-010   0.01588281
5.50000007e-010   0.02590625
5.55000007e-010        0.016
5.60000007e-010        0.026
5.65000008e-010   0.01617188
5.70000008e-010   0.02610938
5.75000008e-010   0.01688281
5.80000008e-010   0.02623438
5.85000008e-010      0.01775
5.90000008e-010   0.02771094
5.95000008e-010   0.01835938
6.00000008e-010   0.02885156
6.05000008e-010        0.018
6.10000008e-010   0.02927344
6.15000008e-010   0.01772656
6.20000008e-010   0.02895313
6.25000008e-010    0.0176875
6.30000008e-010      0.02975
6.35000008e-010   0.01788281
6.40000009e-010   0.03150781
6.45000009e-010   0.01796875
6.50000009e-010        0.032
6.55000009e-010        0.018
6.60000009e-010   0.03085938
6.65000009e-010   0.01742969
6.70000009e-010   0.02848438
6.75000009e-010   0.01719531
6.80000009e-010   0.02719531
6.85000009e-010   0.01595313
6.90000009e-010        0.026
6.95000009e-010   0.01541406
7.00000009e-010   0.02584375
7.05000009e-010     0.015625
7.10000009e-010   0.02489063
7.1500001e-010   0.01454688
7.2000001e-010   0.02459375
7.2500001e-010   0.01347656
7.3000001e-010   0.02424219
7.3500001e-010   0.01325781
7.4000001e-010   0.02370313
7.4500001e-010   0.01296875
7.5000001e-010   0.02303125
7.5500001e-010   0.01289063
7.6000001e-010   0.02276563
7.6500001e-010   0.01347656
7.7000001e-010   0.02266406
7.7500001e-010    0.0128125
7.8000001e-010     0.022875
7.8500001e-010   0.01267969
7.90000011e-010   0.02296094
7.95000011e-010   0.01335938
8.00000011e-010   0.02267969
8.05000011e-010   0.01360938
8.10000011e-010   0.02417969
8.15000011e-010   0.01335156
8.20000011e-010   0.02535156
8.25000011e-010   0.01364844
8.30000011e-010   0.02594531
8.35000011e-010   0.01411719
8.40000011e-010     0.025875
8.45000011e-010   0.01378125
8.50000011e-010   0.02524219
8.55000011e-010   0.01382031
8.60000011e-010   0.02441406
8.65000012e-010    0.0138125
8.70000012e-010   0.02460156
8.75000012e-010   0.01394531
8.80000012e-010   0.02453125
8.85000012e-010   0.01439063
8.90000012e-010   0.02463281
8.95000012e-010   0.01509375
9.00000012e-010   0.02564844
9.05000012e-010   0.01576563
9.10000012e-010   0.02715625
9.15000012e-010        0.016
9.20000012e-010        0.028
9.25000012e-010   0.01657031
9.30000012e-010    0.0279375
9.35000012e-010   0.01763281
9.40000013e-010   0.02711719
9.45000013e-010   0.01791406
9.50000013e-010   0.02751563
9.55000013e-010   0.01666406
9.60000013e-010        0.028
9.65000013e-010        0.016
9.70000013e-010   0.02807031
9.75000013e-010   0.01625781
9.80000013e-010   0.02785938
9.85000013e-010    0.0173125
9.90000013e-010   0.02739844
9.95000013e-010   0.01763281
1.00000001e-009   0.02675781
1.00500001e-009   0.01772656
1.01000001e-009        0.026
1.01500001e-009   0.01746875
1.02000001e-009    0.0261875
1.02500001e-009   0.01753125
1.03000001e-009   0.02622656
1.03500001e-009   0.01721094
1.04000001e-009   0.02623438
1.04500001e-009   0.01616406
1.05000001e-009   0.02614063
1.05500001e-009   0.01540625
1.06000001e-009   0.02613281
1.06500001e-009   0.01554688
1.07000001e-009   0.02590625
1.07500001e-009   0.01671875
1.08000001e-009   0.02589844
1.08500001e-009     0.017125
1.09000001e-009   0.02596875
1.09500001e-009   0.01761719
1.10000001e-009   0.02650781
1.10500001e-009    0.0178125
1.11000001e-009   0.02691406
1.11500001e-009   0.01783594
1.12000001e-009   0.02721094
1.12500002e-009   0.01828906
1.13000002e-009   0.02842188
1.13500002e-009   0.01909375
1.14000002e-009         0.03
1.14500002e-009   0.01966406
1.15000002e-009   0.03048438
1.15500002e-009   0.01971094
1.16000002e-009   0.03038281
1.16500002e-009   0.01913281
1.17000002e-009   0.03007813
1.17500002e-009   0.01885938
1.18000002e-009   0.03016406
1.18500002e-009   0.01936719
1.19000002e-009   0.03014063
1.19500002e-009   0.02025781
1.20000002e-009   0.03003125
1.20500002e-009   0.01941406
1.21000002e-009         0.03
1.21500002e-009    0.0194375
1.22000002e-009   0.02996094
1.22500002e-009   0.02064063
1.23000002e-009   0.03049219
1.23500002e-009   0.02014844
1.24000002e-009   0.03101563
1.24500002e-009   0.01997656
1.25000002e-009   0.03099219
