-4.98000007e-009 9.375035e-005
-4.96000007e-009 -7.812465e-005
-4.94000007e-009 -0.0002890622
-4.92000007e-009 -0.0004062497
-4.90000007e-009 -0.0004062497
-4.88000007e-009 -0.0003749997
-4.86000006e-009 -0.0003593747
-4.84000006e-009 -0.0003203122
-4.82000006e-009 -0.0001406247
-4.80000006e-009 7.031285e-005
-4.78000006e-009 0.0001015629
-4.76000006e-009 1.562535e-005
-4.74000006e-009 -0.0001562497
-4.72000006e-009 -0.0002031247
-4.70000006e-009 -0.0002343747
-4.68000006e-009 -0.0002734372
-4.66000006e-009 -0.0003671872
-4.64000006e-009 -0.0003515622
-4.62000006e-009 -0.0001171872
-4.60000006e-009 0.0001171879
-4.58000006e-009 0.0002109379
-4.56000006e-009 2.343785e-005
-4.54000006e-009 -0.0004296872
-4.52000006e-009 -0.0007968747
-4.50000006e-009 -0.0008359372
-4.48000006e-009 -0.0006171872
-4.46000006e-009 -0.0002734372
-4.44000006e-009 -0.0001406247
-4.42000006e-009 -0.0001562497
-4.40000006e-009 -0.0001953122
-4.38000006e-009 -0.0001484372
-4.36000006e-009 -7.812151e-006
-4.34000006e-009 8.593785e-005
-4.32000006e-009 2.343785e-005
-4.30000006e-009 -8.593715e-005
-4.28000006e-009 -0.0001874997
-4.26000006e-009 -0.0001406247
-4.24000006e-009 7.812535e-005
-4.22000006e-009 0.0002109379
-4.20000006e-009 0.0002343754
-4.18000006e-009 8.593785e-005
-4.16000006e-009 -7.812465e-005
-4.14000006e-009 -0.0002421872
-4.12000006e-009 -0.0004531247
-4.10000005e-009 -0.0006171872
-4.08000005e-009 -0.0005859372
-4.06000005e-009 -0.0004218747
-4.04000005e-009 -0.0002499997
-4.02000005e-009 -0.0001874997
-4.00000005e-009 -0.0001796872
-3.98000005e-009 -0.0001406247
-3.96000005e-009 1.562535e-005
-3.94000005e-009 0.0001093754
-3.92000005e-009 3.49246e-010
-3.90000005e-009 -0.0002187497
-3.88000005e-009 -0.0005078122
-3.86000005e-009 -0.0006718747
-3.84000005e-009 -0.0006093747
-3.82000005e-009 -0.0004531247
-3.80000005e-009 -0.0002968747
-3.78000005e-009 -0.0003984372
-3.76000005e-009 -0.0007031247
-3.74000005e-009 -0.001109375
-3.72000005e-009 -0.001359375
-3.70000005e-009 -0.001296875
-3.68000005e-009  -0.00115625
-3.66000005e-009 -0.001171875
-3.64000005e-009 -0.001484375
-3.62000005e-009  -0.00196875
-3.60000005e-009   -0.0023125
-3.58000005e-009 -0.002460937
-3.56000005e-009  -0.00246875
-3.54000005e-009 -0.002664062
-3.52000005e-009  -0.00315625
-3.50000005e-009 -0.003921875
-3.48000005e-009 -0.004601562
-3.46000005e-009 -0.005046875
-3.44000005e-009 -0.005226562
-3.42000005e-009 -0.005335937
-3.40000005e-009 -0.005515625
-3.38000005e-009   -0.0058125
-3.36000004e-009 -0.006140625
-3.34000004e-009  -0.00640625
-3.32000004e-009 -0.006726562
-3.30000004e-009 -0.007007812
-3.28000004e-009  -0.00734375
-3.26000004e-009 -0.007710938
-3.24000004e-009  -0.00809375
-3.22000004e-009 -0.008421875
-3.20000004e-009  -0.00865625
-3.18000004e-009  -0.00878125
-3.16000004e-009   -0.0088125
-3.14000004e-009 -0.008976563
-3.12000004e-009 -0.009273438
-3.10000004e-009 -0.009601563
-3.08000004e-009  -0.00978125
-3.06000004e-009 -0.009835938
-3.04000004e-009 -0.009773438
-3.02000004e-009 -0.009820313
-3.00000004e-009 -0.009960938
-2.98000004e-009  -0.01008594
-2.96000004e-009  -0.01010938
-2.94000004e-009  -0.01011719
-2.92000004e-009  -0.01028125
-2.90000004e-009  -0.01054688
-2.88000004e-009  -0.01077344
-2.86000004e-009  -0.01082031
-2.84000004e-009  -0.01080469
-2.82000004e-009  -0.01078125
-2.80000004e-009  -0.01073438
-2.78000004e-009    -0.010625
-2.76000004e-009  -0.01035156
-2.74000004e-009    -0.010125
-2.72000004e-009  -0.01007813
-2.70000004e-009  -0.01029688
-2.68000004e-009  -0.01059375
-2.66000004e-009  -0.01066406
-2.64000004e-009  -0.01039844
-2.62000003e-009  -0.01001563
-2.60000003e-009 -0.009789063
-2.58000003e-009 -0.009742188
-2.56000003e-009 -0.009835938
-2.54000003e-009 -0.009820313
-2.52000003e-009 -0.009679688
-2.50000003e-009 -0.009390625
-2.48000003e-009 -0.009132813
-2.46000003e-009 -0.009007813
-2.44000003e-009  -0.00903125
-2.42000003e-009 -0.008953125
-2.40000003e-009 -0.008671875
-2.38000003e-009   -0.0083125
-2.36000003e-009 -0.008015625
-2.34000003e-009 -0.007984375
-2.32000003e-009  -0.00803125
-2.30000003e-009 -0.007992188
-2.28000003e-009 -0.007796875
-2.26000003e-009  -0.00759375
-2.24000003e-009   -0.0074375
-2.22000003e-009 -0.007335937
-2.20000003e-009 -0.007109375
-2.18000003e-009 -0.006742187
-2.16000003e-009  -0.00646875
-2.14000003e-009 -0.006382812
-2.12000003e-009 -0.006289062
-2.10000003e-009 -0.006015625
-2.08000003e-009 -0.005585937
-2.06000003e-009  -0.00521875
-2.04000003e-009  -0.00509375
-2.02000003e-009  -0.00515625
-2.00000003e-009 -0.005195312
-1.98000003e-009 -0.004992187
-1.96000003e-009  -0.00453125
-1.94000003e-009 -0.004164062
-1.92000003e-009 -0.004023437
-1.90000003e-009   -0.0041875
-1.88000003e-009 -0.004382812
-1.86000002e-009 -0.004429687
-1.84000002e-009   -0.0041875
-1.82000002e-009 -0.003820312
-1.80000002e-009 -0.003453125
-1.78000002e-009   -0.0031875
-1.76000002e-009 -0.003078125
-1.74000002e-009 -0.003085937
-1.72000002e-009    -0.003125
-1.70000002e-009 -0.003039062
-1.68000002e-009 -0.002867187
-1.66000002e-009 -0.002664062
-1.64000002e-009  -0.00259375
-1.62000002e-009     -0.00275
-1.60000002e-009 -0.002890625
-1.58000002e-009   -0.0028125
-1.56000002e-009 -0.002507812
-1.54000002e-009  -0.00215625
-1.52000002e-009 -0.002054687
-1.50000002e-009 -0.002257812
-1.48000002e-009 -0.002460937
-1.46000002e-009  -0.00240625
-1.44000002e-009  -0.00221875
-1.42000002e-009 -0.002054687
-1.40000002e-009   -0.0020625
-1.38000002e-009 -0.002289062
-1.36000002e-009 -0.002554687
-1.34000002e-009 -0.002679687
-1.32000002e-009 -0.002679687
-1.30000002e-009    -0.002625
-1.28000002e-009 -0.002523437
-1.26000002e-009   -0.0024375
-1.24000002e-009 -0.002429687
-1.22000002e-009 -0.002453125
-1.20000002e-009 -0.002523437
-1.18000002e-009 -0.002617187
-1.16000002e-009 -0.002773437
-1.14000002e-009 -0.002882812
-1.12000001e-009 -0.002960937
-1.10000001e-009  -0.00296875
-1.08000001e-009  -0.00296875
-1.06000001e-009 -0.003109375
-1.04000001e-009 -0.003328125
-1.02000001e-009 -0.003546875
-1.00000001e-009 -0.003546875
-9.80000013e-010 -0.003398437
-9.60000013e-010 -0.003382812
-9.40000013e-010 -0.003570312
-9.20000012e-010 -0.004007812
-9.00000012e-010  -0.00446875
-8.80000012e-010 -0.004789062
-8.60000011e-010  -0.00496875
-8.40000011e-010 -0.005101562
-8.20000011e-010 -0.005421875
-8.00000011e-010 -0.006070312
-7.8000001e-010  -0.00709375
-7.6000001e-010   -0.0083125
-7.4000001e-010 -0.009765625
-7.2000001e-010  -0.01175781
-7.00000009e-010  -0.01452344
-6.80000009e-010  -0.01855469
-6.60000009e-010  -0.02397656
-6.40000009e-010  -0.03095313
-6.20000008e-010  -0.03988281
-6.00000008e-010   -0.0508125
-5.80000008e-010  -0.06396094
-5.60000007e-010  -0.07902344
-5.40000007e-010  -0.09532032
-5.20000007e-010   -0.1116875
-5.00000007e-010   -0.1267656
-4.80000006e-010   -0.1394922
-4.60000006e-010   -0.1495547
-4.40000006e-010   -0.1567656
-4.20000006e-010   -0.1611875
-4.00000005e-010   -0.1632031
-3.80000005e-010   -0.1631875
-3.60000005e-010   -0.1620859
-3.40000005e-010   -0.1603359
-3.20000004e-010   -0.1582656
-3.00000004e-010   -0.1561797
-2.80000004e-010   -0.1538047
-2.60000003e-010   -0.1512031
-2.40000003e-010   -0.1479375
-2.20000003e-010   -0.1436875
-2.00000003e-010   -0.1385781
-1.80000002e-010   -0.1324141
-1.60000002e-010   -0.1251172
-1.40000002e-010   -0.1162109
-1.20000002e-010    -0.105125
-1.00000001e-010  -0.09177344
-8.00000011e-011  -0.07628907
-6.00000008e-011  -0.05927344
-4.00000005e-011   -0.0415625
-2.00000003e-011    -0.024375
           0  -0.00921875
2.00000003e-011     0.002875
4.00000005e-011   0.01190625
6.00000008e-011   0.01778125
8.00000011e-011   0.02089063
1.00000001e-010   0.02177344
1.20000002e-010   0.02086719
1.40000002e-010   0.01917969
1.60000002e-010   0.01739063
1.80000002e-010   0.01611719
2.00000003e-010   0.01583594
2.20000003e-010   0.01645313
2.40000003e-010   0.01797656
2.60000003e-010   0.02014844
2.80000004e-010   0.02286719
3.00000004e-010   0.02569531
3.20000004e-010   0.02797656
3.40000005e-010      0.02925
3.60000005e-010   0.02939063
3.80000005e-010   0.02873438
4.00000005e-010   0.02777344
4.20000006e-010   0.02669531
4.40000006e-010   0.02564063
4.60000006e-010    0.0246875
4.80000006e-010   0.02390625
5.00000007e-010   0.02320313
5.20000007e-010   0.02239844
5.40000007e-010   0.02160938
5.60000007e-010   0.02101563
5.80000008e-010   0.02094531
6.00000008e-010   0.02141406
6.20000008e-010   0.02204688
6.40000009e-010   0.02250781
6.60000009e-010   0.02265625
6.80000009e-010   0.02246875
7.00000009e-010   0.02213281
7.2000001e-010   0.02174219
7.4000001e-010   0.02115625
7.6000001e-010     0.020375
7.8000001e-010   0.01929688
8.00000011e-010   0.01821094
8.20000011e-010   0.01754688
8.40000011e-010   0.01751563
8.60000011e-010   0.01807031
8.80000012e-010   0.01877344
9.00000012e-010   0.01924219
9.20000012e-010   0.01952344
9.40000013e-010   0.01985156
9.60000013e-010   0.02039063
9.80000013e-010   0.02089844
1.00000001e-009    0.0211875
1.02000001e-009   0.02113281
1.04000001e-009   0.02099219
1.06000001e-009   0.02107031
1.08000001e-009   0.02139844
1.10000001e-009   0.02189063
1.12000001e-009   0.02229688
1.14000002e-009   0.02279688
1.16000002e-009   0.02332813
1.18000002e-009    0.0238125
1.20000002e-009   0.02402344
1.22000002e-009   0.02399219
1.24000002e-009   0.02396875
1.26000002e-009   0.02427344
1.28000002e-009   0.02489844
1.30000002e-009   0.02536719
1.32000002e-009   0.02560156
1.34000002e-009   0.02555469
1.36000002e-009   0.02565625
1.38000002e-009   0.02585938
1.40000002e-009    0.0259375
1.42000002e-009   0.02558594
1.44000002e-009   0.02495313
1.46000002e-009   0.02442188
1.48000002e-009   0.02428125
1.50000002e-009   0.02423438
1.52000002e-009   0.02402344
1.54000002e-009   0.02352344
1.56000002e-009   0.02298438
1.58000002e-009   0.02259375
1.60000002e-009   0.02232813
1.62000002e-009   0.02185938
1.64000002e-009   0.02115625
1.66000002e-009   0.02033594
1.68000002e-009   0.01963281
1.70000002e-009   0.01916406
1.72000002e-009   0.01889844
1.74000002e-009   0.01880469
1.76000002e-009   0.01869531
1.78000002e-009   0.01857031
1.80000002e-009   0.01839063
1.82000002e-009   0.01816406
1.84000002e-009   0.01775781
1.86000002e-009   0.01735156
1.88000003e-009   0.01705469
1.90000003e-009   0.01697656
1.92000003e-009   0.01717969
1.94000003e-009   0.01724219
1.96000003e-009   0.01710938
1.98000003e-009   0.01692969
2.00000003e-009   0.01694531
2.02000003e-009   0.01722656
2.04000003e-009   0.01748438
2.06000003e-009   0.01752344
2.08000003e-009   0.01733594
2.10000003e-009   0.01722656
2.12000003e-009   0.01734375
2.14000003e-009   0.01758594
2.16000003e-009   0.01775781
2.18000003e-009   0.01777344
2.20000003e-009   0.01784375
2.22000003e-009   0.01804688
2.24000003e-009   0.01832813
2.26000003e-009   0.01846875
2.28000003e-009   0.01840625
2.30000003e-009   0.01832031
2.32000003e-009   0.01832813
2.34000003e-009     0.018375
2.36000003e-009   0.01842188
2.38000003e-009    0.0183125
2.40000003e-009   0.01821875
2.42000003e-009   0.01816406
2.44000003e-009   0.01814844
2.46000003e-009    0.0180625
2.48000003e-009    0.0178125
2.50000003e-009   0.01746875
2.52000003e-009   0.01719531
2.54000003e-009        0.017
2.56000003e-009   0.01691406
2.58000003e-009   0.01686719
2.60000003e-009   0.01685156
2.62000003e-009   0.01677344
2.64000004e-009    0.0165625
2.66000004e-009    0.0161875
2.68000004e-009   0.01588281
2.70000004e-009   0.01571875
2.72000004e-009   0.01574219
2.74000004e-009   0.01565625
2.76000004e-009   0.01545313
2.78000004e-009   0.01516406
2.80000004e-009    0.0149375
2.82000004e-009   0.01492969
2.84000004e-009   0.01502344
2.86000004e-009   0.01510156
2.88000004e-009   0.01508594
2.90000004e-009   0.01489063
2.92000004e-009   0.01464844
2.94000004e-009   0.01449219
2.96000004e-009   0.01455469
2.98000004e-009   0.01484375
3.00000004e-009   0.01510938
3.02000004e-009   0.01520313
3.04000004e-009   0.01504688
3.06000004e-009   0.01478906
3.08000004e-009    0.0146875
3.10000004e-009   0.01475781
3.12000004e-009   0.01480469
3.14000004e-009   0.01465625
3.16000004e-009   0.01432031
3.18000004e-009   0.01414063
3.20000004e-009   0.01411719
3.22000004e-009   0.01415625
3.24000004e-009    0.0141875
3.26000004e-009   0.01417969
3.28000004e-009   0.01416406
3.30000004e-009   0.01415625
3.32000004e-009    0.0140625
3.34000004e-009   0.01389844
3.36000004e-009   0.01379688
3.38000005e-009   0.01386719
3.40000005e-009   0.01403906
3.42000005e-009   0.01403906
3.44000005e-009      0.01375
3.46000005e-009      0.01325
3.48000005e-009   0.01278906
3.50000005e-009   0.01252344
3.52000005e-009   0.01246094
3.54000005e-009   0.01249219
3.56000005e-009   0.01240625
3.58000005e-009   0.01217969
3.60000005e-009   0.01191406
3.62000005e-009   0.01177344
3.64000005e-009     0.011875
3.66000005e-009   0.01214063
3.68000005e-009   0.01233594
3.70000005e-009   0.01228125
3.72000005e-009   0.01203906
3.74000005e-009   0.01175781
3.76000005e-009   0.01151563
3.78000005e-009   0.01145313
3.80000005e-009   0.01150781
3.82000005e-009   0.01163281
3.84000005e-009   0.01154688
3.86000005e-009   0.01129688
3.88000005e-009   0.01104688
3.90000005e-009   0.01097656
3.92000005e-009   0.01124219
3.94000005e-009   0.01163281
3.96000005e-009   0.01194531
3.98000005e-009   0.01199219
4.00000005e-009   0.01165625
4.02000005e-009   0.01126563
4.04000005e-009   0.01092969
4.06000005e-009   0.01082031
4.08000005e-009   0.01085938
4.10000005e-009   0.01085938
4.12000006e-009   0.01070313
4.14000006e-009   0.01046094
4.16000006e-009      0.01025
4.18000006e-009   0.01019531
4.20000006e-009     0.010375
4.22000006e-009   0.01059375
4.24000006e-009   0.01069531
4.26000006e-009   0.01053906
4.28000006e-009   0.01029688
4.30000006e-009   0.01013281
4.32000006e-009   0.01010156
4.34000006e-009   0.01002344
4.36000006e-009  0.009820313
4.38000006e-009  0.009414063
4.40000006e-009  0.008968751
4.42000006e-009  0.008679688
4.44000006e-009  0.008625001
4.46000006e-009  0.008812501
4.48000006e-009  0.009117188
4.50000006e-009  0.009257813
4.52000006e-009  0.009109376
4.54000006e-009  0.008828126
4.56000006e-009  0.008617188
4.58000006e-009  0.008585938
4.60000006e-009  0.008679688
4.62000006e-009  0.008718751
4.64000006e-009  0.008671876
4.66000006e-009  0.008578126
4.68000006e-009  0.008539063
4.70000006e-009  0.008515626
4.72000006e-009  0.008453126
4.74000006e-009  0.008335938
4.76000006e-009  0.008210938
4.78000006e-009  0.008023438
4.80000006e-009  0.007937501
4.82000006e-009  0.007968751
4.84000006e-009  0.008070313
4.86000006e-009  0.008195313
4.88000007e-009  0.008226563
4.90000007e-009  0.008164063
4.92000007e-009  0.008015626
4.94000007e-009  0.007843751
4.96000007e-009  0.007742188
4.98000007e-009  0.007734376
5.00000007e-009  0.007828126
