-4.98000007e-009  -0.00478125
-4.96000007e-009  0.006609375
-4.94000007e-009 -0.005226563
-4.92000007e-009        0.004
-4.90000007e-009 -0.004421875
-4.88000007e-009     0.004875
-4.86000006e-009   -0.0053125
-4.84000006e-009  0.003890625
-4.82000006e-009  -0.00478125
-4.80000006e-009        0.006
-4.78000006e-009  -0.00440625
-4.76000006e-009      0.00625
-4.74000006e-009 -0.004210938
-4.72000006e-009        0.004
-4.70000006e-009 -0.004359375
-4.68000006e-009  0.004070313
-4.66000006e-009 -0.003859375
-4.64000006e-009        0.004
-4.62000006e-009       -0.004
-4.60000006e-009        0.006
-4.58000006e-009 -0.005015625
-4.56000006e-009   0.00484375
-4.54000006e-009 -0.004601563
-4.52000006e-009  0.006023438
-4.50000006e-009       -0.004
-4.48000006e-009  0.004765625
-4.46000006e-009 -0.005820313
-4.44000006e-009  0.005664063
-4.42000006e-009 -0.005734375
-4.40000006e-009        0.006
-4.38000006e-009 -0.004460938
-4.36000006e-009  0.004015625
-4.34000006e-009 -0.007039063
-4.32000006e-009   0.00421875
-4.30000006e-009       -0.004
-4.28000006e-009  0.005359375
-4.26000006e-009 -0.004570313
-4.24000006e-009  0.004679688
-4.22000006e-009 -0.004828125
-4.20000006e-009        0.004
-4.18000006e-009   -0.0065625
-4.16000006e-009  0.004984375
-4.14000006e-009   -0.0045625
-4.12000006e-009        0.004
-4.10000005e-009       -0.004
-4.08000005e-009  0.004835938
-4.06000005e-009 -0.004695313
-4.04000005e-009   0.00403125
-4.02000005e-009    -0.005625
-4.00000005e-009  0.003835938
-3.98000005e-009   -0.0044375
-3.96000005e-009  0.004273438
-3.94000005e-009  -0.00453125
-3.92000005e-009  0.005039063
-3.90000005e-009 -0.004242188
-3.88000005e-009  0.003734375
-3.86000005e-009 -0.005640625
-3.84000005e-009  0.003117188
-3.82000005e-009 -0.006476563
-3.80000005e-009        0.004
-3.78000005e-009 -0.006265625
-3.76000005e-009  0.002960938
-3.74000005e-009 -0.006304688
-3.72000005e-009  0.002046875
-3.70000005e-009 -0.006554688
-3.68000005e-009  0.001929688
-3.66000005e-009 -0.008109375
-3.64000005e-009  0.001945313
-3.62000005e-009        -0.01
-3.60000005e-009        0.002
-3.58000005e-009  -0.01101563
-3.56000005e-009 0.0008828125
-3.54000005e-009 -0.009445313
-3.52000005e-009 -0.000515625
-3.50000005e-009  -0.01009375
-3.48000005e-009 -0.0003203125
-3.46000005e-009  -0.01176563
-3.44000005e-009 -0.002429688
-3.42000005e-009       -0.012
-3.40000005e-009       -0.002
-3.38000005e-009  -0.01129688
-3.36000004e-009 -0.001992188
-3.34000004e-009  -0.01610938
-3.32000004e-009 -0.002671875
-3.30000004e-009       -0.016
-3.28000004e-009 -0.003640625
-3.26000004e-009  -0.01521094
-3.24000004e-009  -0.00171875
-3.22000004e-009       -0.014
-3.20000004e-009       -0.004
-3.18000004e-009  -0.01597656
-3.16000004e-009 -0.003484375
-3.14000004e-009  -0.01445313
-3.12000004e-009 -0.005328125
-3.10000004e-009  -0.01569531
-3.08000004e-009 -0.004789063
-3.06000004e-009  -0.01709375
-3.04000004e-009 -0.004820313
-3.02000004e-009  -0.01401563
-3.00000004e-009       -0.004
-2.98000004e-009  -0.01522656
-2.96000004e-009 -0.005320313
-2.94000004e-009  -0.01535156
-2.92000004e-009       -0.004
-2.90000004e-009  -0.01430469
-2.88000004e-009 -0.005296875
-2.86000004e-009   -0.0154375
-2.84000004e-009   -0.0054375
-2.82000004e-009  -0.01621094
-2.80000004e-009       -0.006
-2.78000004e-009  -0.01524219
-2.76000004e-009 -0.005976563
-2.74000004e-009       -0.014
-2.72000004e-009 -0.006054688
-2.70000004e-009       -0.014
-2.68000004e-009 -0.004421875
-2.66000004e-009  -0.01391406
-2.64000004e-009 -0.005945313
-2.62000003e-009  -0.01446094
-2.60000003e-009       -0.005
-2.58000003e-009  -0.01425781
-2.56000003e-009  -0.00290625
-2.54000003e-009  -0.01514844
-2.52000003e-009 -0.002960938
-2.50000003e-009       -0.014
-2.48000003e-009  -0.00409375
-2.46000003e-009  -0.01385156
-2.44000003e-009   -0.0035625
-2.42000003e-009   -0.0120625
-2.40000003e-009       -0.004
-2.38000003e-009  -0.01292188
-2.36000003e-009 -0.002085938
-2.34000003e-009  -0.01252344
-2.32000003e-009       -0.002
-2.30000003e-009       -0.014
-2.28000003e-009 -0.001828125
-2.26000003e-009  -0.01057031
-2.24000003e-009 -0.001101563
-2.22000003e-009       -0.012
-2.20000003e-009            0
-2.18000003e-009    -0.010875
-2.16000003e-009 -0.001351563
-2.14000003e-009        -0.01
-2.12000003e-009            0
-2.10000003e-009        -0.01
-2.08000003e-009  0.000390625
-2.06000003e-009 -0.009914063
-2.04000003e-009  0.002453125
-2.02000003e-009       -0.012
-2.00000003e-009  0.002492188
-1.98000003e-009 -0.008867188
-1.96000003e-009  0.002367188
-1.94000003e-009 -0.009796875
-1.92000003e-009        0.002
-1.90000003e-009 -0.009890625
-1.88000003e-009   0.00121875
-1.86000002e-009 -0.008945313
-1.84000002e-009  0.002382813
-1.82000002e-009       -0.008
-1.80000002e-009        0.002
-1.78000002e-009 -0.005882813
-1.76000002e-009    0.0021875
-1.74000002e-009 -0.007476563
-1.72000002e-009  0.004101563
-1.70000002e-009       -0.008
-1.68000002e-009    0.0035625
-1.66000002e-009 -0.006515625
-1.64000002e-009  0.001523438
-1.62000002e-009       -0.008
-1.60000002e-009        0.004
-1.58000002e-009 -0.006414063
-1.56000002e-009   0.00284375
-1.54000002e-009 -0.005804688
-1.52000002e-009        0.002
-1.50000002e-009 -0.006335938
-1.48000002e-009  0.002546875
-1.46000002e-009 -0.008132813
-1.44000002e-009  0.002515625
-1.42000002e-009       -0.008
-1.40000002e-009  0.003132813
-1.38000002e-009 -0.007140625
-1.36000002e-009  0.002507813
-1.34000002e-009 -0.006742188
-1.32000002e-009        0.004
-1.30000002e-009       -0.008
-1.28000002e-009  0.002078125
-1.26000002e-009 -0.006953125
-1.24000002e-009  0.003273438
-1.22000002e-009 -0.007296875
-1.20000002e-009  0.002476563
-1.18000002e-009 -0.006210938
-1.16000002e-009  0.001296875
-1.14000002e-009 -0.008210938
-1.12000001e-009  0.001804688
-1.10000001e-009     -0.00775
-1.08000001e-009 -7.03125e-005
-1.06000001e-009  -0.00890625
-1.04000001e-009  0.001304688
-1.02000001e-009 -0.008273438
-1.00000001e-009            0
-9.80000013e-010 -0.008445313
-9.60000013e-010  0.002570313
-9.40000013e-010  -0.00903125
-9.20000012e-010            0
-9.00000012e-010        -0.01
-8.80000012e-010 -0.000578125
-8.60000011e-010  -0.01028125
-8.40000011e-010 -0.0008828125
-8.20000011e-010  -0.01239844
-8.00000011e-010 -0.004367188
-7.8000001e-010  -0.01421094
-7.6000001e-010   -0.0068125
-7.4000001e-010        -0.02
-7.2000001e-010       -0.012
-7.00000009e-010        -0.03
-6.80000009e-010  -0.02326563
-6.60000009e-010      -0.0475
-6.40000009e-010  -0.03921875
-6.20000008e-010  -0.07211719
-6.00000008e-010       -0.066
-5.80000008e-010   -0.1039688
-5.60000007e-010  -0.09629688
-5.40000007e-010   -0.1341953
-5.20000007e-010   -0.1254609
-5.00000007e-010       -0.156
-4.80000006e-010   -0.1470156
-4.60000006e-010   -0.1674766
-4.40000006e-010   -0.1561641
-4.20000006e-010        -0.17
-4.00000005e-010       -0.156
-3.80000005e-010   -0.1665391
-3.60000005e-010   -0.1530781
-3.40000005e-010   -0.1627656
-3.20000004e-010   -0.1502969
-3.00000004e-010       -0.162
-2.80000004e-010   -0.1420234
-2.60000003e-010   -0.1549063
-2.40000003e-010   -0.1330859
-2.20000003e-010       -0.144
-2.00000003e-010        -0.12
-1.80000002e-010    -0.131375
-1.60000002e-010   -0.1046484
-1.40000002e-010   -0.1143438
-1.20000002e-010  -0.07585938
-1.00000001e-010       -0.084
-8.00000011e-011  -0.04376563
-6.00000008e-011    -0.050375
-4.00000005e-011       -0.012
-2.00000003e-011  -0.01653906
           0        0.012
2.00000003e-011  0.005703125
4.00000005e-011   0.02576563
6.00000008e-011   0.01557813
8.00000011e-011   0.02682813
1.00000001e-010   0.01578906
1.20000002e-010   0.02514063
1.40000002e-010   0.01239844
1.60000002e-010   0.02328906
1.80000002e-010   0.01114063
2.00000003e-010        0.024
2.20000003e-010   0.01184375
2.40000003e-010   0.02659375
2.60000003e-010   0.01853125
2.80000004e-010   0.03170313
3.00000004e-010        0.022
3.20000004e-010   0.03471094
3.40000005e-010   0.02363281
3.60000005e-010   0.03453906
3.80000005e-010   0.02213281
4.00000005e-010        0.032
4.20000006e-010   0.02035156
4.40000006e-010   0.03219531
4.60000006e-010   0.01892188
4.80000006e-010   0.02899219
5.00000007e-010        0.018
5.20000007e-010     0.027875
5.40000007e-010   0.01714844
5.60000007e-010   0.02692188
5.80000008e-010   0.01830469
6.00000008e-010        0.028
6.20000008e-010   0.01849219
6.40000009e-010   0.02960938
6.60000009e-010   0.01875781
6.80000009e-010         0.03
7.00000009e-010        0.016
7.2000001e-010   0.02579688
7.4000001e-010   0.01340625
7.6000001e-010    0.0254375
7.8000001e-010   0.01336719
8.00000011e-010        0.024
8.20000011e-010   0.01303906
8.40000011e-010   0.02380469
8.60000011e-010   0.01407813
8.80000012e-010   0.02340625
9.00000012e-010   0.01327344
9.20000012e-010   0.02420313
9.40000013e-010    0.0136875
9.60000013e-010   0.02659375
9.80000013e-010        0.014
1.00000001e-009   0.02765625
1.02000001e-009   0.01695313
1.04000001e-009   0.02742188
1.06000001e-009        0.018
1.08000001e-009        0.028
1.10000001e-009        0.016
1.12000001e-009   0.02895313
1.14000002e-009   0.01882813
1.16000002e-009    0.0284375
1.18000002e-009   0.01938281
1.20000002e-009   0.02983594
1.22000002e-009   0.01897656
1.24000002e-009   0.02945313
1.26000002e-009   0.01900781
1.28000002e-009         0.03
1.30000002e-009        0.022
1.32000002e-009   0.03123438
1.34000002e-009   0.01853906
1.36000002e-009   0.03134375
1.38000002e-009   0.02119531
1.40000002e-009   0.03296094
1.42000002e-009   0.02116406
1.44000002e-009   0.03014063
1.46000002e-009   0.01960938
1.48000002e-009   0.02969531
1.50000002e-009      0.01925
1.52000002e-009   0.02852344
1.54000002e-009    0.0175625
1.56000002e-009   0.03035938
1.58000002e-009   0.01772656
1.60000002e-009   0.02673438
1.62000002e-009   0.01597656
1.64000002e-009   0.02642188
1.66000002e-009        0.016
1.68000002e-009        0.024
1.70000002e-009   0.01388281
1.72000002e-009      0.02325
1.74000002e-009   0.01535156
1.76000002e-009   0.02353125
1.78000002e-009   0.01398438
1.80000002e-009   0.02291406
1.82000002e-009   0.01417188
1.84000002e-009   0.02285156
1.86000002e-009   0.01178125
1.88000003e-009        0.022
1.90000003e-009        0.012
1.92000003e-009   0.02341406
1.94000003e-009   0.01361719
1.96000003e-009       0.0225
1.98000003e-009        0.012
2.00000003e-009        0.024
2.02000003e-009   0.01360938
2.04000003e-009      0.02375
2.06000003e-009   0.01177344
2.08000003e-009        0.022
2.10000003e-009        0.012
2.12000003e-009   0.02217969
2.14000003e-009   0.01132813
2.16000003e-009   0.02279688
2.18000003e-009   0.01339844
2.20000003e-009        0.024
2.22000003e-009   0.01369531
2.24000003e-009   0.02296875
2.26000003e-009        0.012
2.28000003e-009        0.024
2.30000003e-009   0.01277344
2.32000003e-009   0.02367188
2.34000003e-009   0.01397656
2.36000003e-009        0.022
2.38000003e-009   0.01132813
2.40000003e-009        0.024
2.42000003e-009   0.01448438
2.44000003e-009   0.02416406
2.46000003e-009   0.01345313
2.48000003e-009        0.022
2.50000003e-009   0.01372656
2.52000003e-009   0.02519531
2.54000003e-009   0.01080469
2.56000003e-009   0.02264844
2.58000003e-009        0.012
2.60000003e-009        0.022
2.62000003e-009   0.01111719
2.64000004e-009    0.0210625
2.66000004e-009   0.01149219
2.68000004e-009   0.02263281
2.70000004e-009         0.01
2.72000004e-009       0.0215
2.74000004e-009   0.01104688
2.76000004e-009   0.02002344
2.78000004e-009   0.00903125
2.80000004e-009   0.02078125
2.82000004e-009   0.01078906
2.84000004e-009   0.01888281
2.86000004e-009   0.00940625
2.88000004e-009         0.02
2.90000004e-009         0.01
2.92000004e-009   0.01889063
2.94000004e-009   0.01010938
2.96000004e-009   0.02148438
2.98000004e-009         0.01
3.00000004e-009        0.022
3.02000004e-009   0.01065625
3.04000004e-009   0.02059375
3.06000004e-009  0.009640625
3.08000004e-009   0.01802344
3.10000004e-009   0.01021094
3.12000004e-009   0.01922656
3.14000004e-009    0.0103125
3.16000004e-009   0.01936719
3.18000004e-009   0.00865625
3.20000004e-009        0.018
3.22000004e-009  0.009578125
3.24000004e-009   0.01960156
3.26000004e-009     0.008125
3.28000004e-009   0.01835938
3.30000004e-009         0.01
3.32000004e-009      0.01875
3.34000004e-009  0.008015625
3.36000004e-009   0.01865625
3.38000005e-009        0.008
3.40000005e-009   0.01861719
3.42000005e-009  0.008257813
3.44000005e-009   0.01926563
3.46000005e-009     0.006375
3.48000005e-009         0.02
3.50000005e-009  0.007460938
3.52000005e-009    0.0170625
3.54000005e-009      0.00725
3.56000005e-009        0.018
3.58000005e-009        0.006
3.60000005e-009        0.018
3.62000005e-009   0.00796875
3.64000005e-009   0.01775781
3.66000005e-009  0.007085938
3.68000005e-009   0.01611719
3.70000005e-009        0.006
3.72000005e-009   0.01713281
3.74000005e-009  0.005882813
3.76000005e-009   0.01745313
3.78000005e-009        0.008
3.80000005e-009         0.02
3.82000005e-009  0.006203125
3.84000005e-009   0.01684375
3.86000005e-009  0.007382813
3.88000005e-009        0.016
3.90000005e-009  0.007609375
3.92000005e-009   0.01727344
3.94000005e-009  0.007367188
3.96000005e-009   0.01851563
3.98000005e-009  0.006390625
4.00000005e-009        0.018
4.02000005e-009  0.005523438
4.04000005e-009   0.01521094
4.06000005e-009  0.006117188
4.08000005e-009        0.016
4.10000005e-009  0.006226563
4.12000006e-009   0.01480469
4.14000006e-009    0.0054375
4.16000006e-009   0.01578125
4.18000006e-009        0.006
4.20000006e-009   0.01589844
4.22000006e-009  0.005515625
4.24000006e-009   0.01449219
4.26000006e-009  0.005421875
4.28000006e-009        0.016
4.30000006e-009  0.005734375
4.32000006e-009   0.01571875
4.34000006e-009  0.003570313
4.36000006e-009   0.01483594
4.38000006e-009  0.002554688
4.40000006e-009        0.014
4.42000006e-009  0.004492188
4.44000006e-009   0.01582031
4.46000006e-009  0.005140625
4.48000006e-009   0.01458594
4.50000006e-009  0.003359375
4.52000006e-009   0.01496094
4.54000006e-009  0.003609375
4.56000006e-009    0.0151875
4.58000006e-009        0.002
4.60000006e-009        0.014
4.62000006e-009  0.003984375
4.64000006e-009   0.01242969
4.66000006e-009  0.002257813
4.68000006e-009   0.01550781
4.70000006e-009        0.004
4.72000006e-009   0.01402344
4.74000006e-009   0.00359375
4.76000006e-009        0.014
4.78000006e-009    0.0020625
4.80000006e-009   0.01289844
4.82000006e-009  0.003242188
4.84000006e-009   0.01277344
4.86000006e-009  0.003351563
4.88000007e-009   0.01403906
4.90000007e-009        0.002
4.92000007e-009   0.01321875
4.94000007e-009  0.003414063
4.96000007e-009   0.01453906
4.98000007e-009  0.003242188
5.00000007e-009        0.014
