-4.98000007e-009 -0.004492188
-4.96000007e-009  0.004851563
-4.94000007e-009 -0.006273438
-4.92000007e-009        0.004
-4.90000007e-009       -0.004
-4.88000007e-009    0.0056875
-4.86000006e-009 -0.004078125
-4.84000006e-009   0.00490625
-4.82000006e-009       -0.006
-4.80000006e-009  0.005179688
-4.78000006e-009  -0.00540625
-4.76000006e-009  0.004453125
-4.74000006e-009 -0.006210938
-4.72000006e-009        0.004
-4.70000006e-009       -0.006
-4.68000006e-009   0.00796875
-4.66000006e-009 -0.004984375
-4.64000006e-009  0.006351563
-4.62000006e-009       -0.006
-4.60000006e-009  0.004523438
-4.58000006e-009 -0.005976563
-4.56000006e-009  0.004085938
-4.54000006e-009       -0.004
-4.52000006e-009  0.005054688
-4.50000006e-009       -0.006
-4.48000006e-009  0.005039063
-4.46000006e-009 -0.005328125
-4.44000006e-009        0.006
-4.42000006e-009       -0.006
-4.40000006e-009        0.006
-4.38000006e-009  -0.00390625
-4.36000006e-009  0.004882813
-4.34000006e-009 -0.004578125
-4.32000006e-009        0.004
-4.30000006e-009       -0.006
-4.28000006e-009  0.004171875
-4.26000006e-009 -0.004289063
-4.24000006e-009        0.004
-4.22000006e-009 -0.004460938
-4.20000006e-009   0.00459375
-4.18000006e-009 -0.005242188
-4.16000006e-009  0.004703125
-4.14000006e-009 -0.005820313
-4.12000006e-009  0.007476563
-4.10000005e-009  -0.00578125
-4.08000005e-009  0.004117188
-4.06000005e-009    -0.004625
-4.04000005e-009   0.00378125
-4.02000005e-009       -0.004
-4.00000005e-009   0.00565625
-3.98000005e-009 -0.004953125
-3.96000005e-009  0.004515625
-3.94000005e-009 -0.004742188
-3.92000005e-009        0.004
-3.90000005e-009       -0.006
-3.88000005e-009   0.00540625
-3.86000005e-009 -0.005226563
-3.84000005e-009   0.00540625
-3.82000005e-009 -0.005304688
-3.80000005e-009  0.004367188
-3.78000005e-009 -0.006179688
-3.76000005e-009    0.0034375
-3.74000005e-009       -0.008
-3.72000005e-009        0.002
-3.70000005e-009 -0.006726563
-3.68000005e-009 0.0002578125
-3.66000005e-009       -0.008
-3.64000005e-009        0.002
-3.62000005e-009 -0.008492188
-3.60000005e-009 0.0003359375
-3.58000005e-009  -0.00928125
-3.56000005e-009 -0.000921875
-3.54000005e-009 -0.009429688
-3.52000005e-009            0
-3.50000005e-009  -0.00928125
-3.48000005e-009 -0.001429688
-3.46000005e-009  -0.01023438
-3.44000005e-009       -0.002
-3.42000005e-009  -0.01007813
-3.40000005e-009       -0.002
-3.38000005e-009   -0.0125625
-3.36000004e-009  -0.00371875
-3.34000004e-009       -0.012
-3.32000004e-009  -0.00309375
-3.30000004e-009       -0.014
-3.28000004e-009 -0.002671875
-3.26000004e-009  -0.01308594
-3.24000004e-009       -0.004
-3.22000004e-009  -0.01429688
-3.20000004e-009       -0.004
-3.18000004e-009  -0.01472656
-3.16000004e-009 -0.003296875
-3.14000004e-009       -0.014
-3.12000004e-009       -0.004
-3.10000004e-009  -0.01446094
-3.08000004e-009 -0.004789063
-3.06000004e-009  -0.01600781
-3.04000004e-009 -0.005359375
-3.02000004e-009  -0.01499219
-3.00000004e-009 -0.006117188
-2.98000004e-009  -0.01607031
-2.96000004e-009 -0.005109375
-2.94000004e-009       -0.018
-2.92000004e-009 -0.004257813
-2.90000004e-009  -0.01478906
-2.88000004e-009 -0.005320313
-2.86000004e-009  -0.01775781
-2.84000004e-009       -0.004
-2.82000004e-009  -0.01428906
-2.80000004e-009 -0.004289063
-2.78000004e-009  -0.01485156
-2.76000004e-009   -0.0054375
-2.74000004e-009  -0.01544531
-2.72000004e-009 -0.005320313
-2.70000004e-009  -0.01415625
-2.68000004e-009 -0.004984375
-2.66000004e-009  -0.01350781
-2.64000004e-009 -0.003984375
-2.62000003e-009  -0.01426563
-2.60000003e-009 -0.005632813
-2.58000003e-009  -0.01491406
-2.56000003e-009 -0.004929688
-2.54000003e-009  -0.01432813
-2.52000003e-009       -0.004
-2.50000003e-009   -0.0145625
-2.48000003e-009  -0.00503125
-2.46000003e-009   -0.0136875
-2.44000003e-009     -0.00275
-2.42000003e-009  -0.01291406
-2.40000003e-009 -0.003945313
-2.38000003e-009   -0.0124375
-2.36000003e-009 -0.003515625
-2.34000003e-009       -0.014
-2.32000003e-009 -0.003015625
-2.30000003e-009       -0.014
-2.28000003e-009 -0.002148438
-2.26000003e-009  -0.01289844
-2.24000003e-009   -0.0018125
-2.22000003e-009       -0.012
-2.20000003e-009       -0.002
-2.18000003e-009  -0.01024219
-2.16000003e-009 -0.0008984375
-2.14000003e-009        -0.01
-2.12000003e-009 -0.0008203125
-2.10000003e-009        -0.01
-2.08000003e-009 -0.0005078125
-2.06000003e-009  -0.00796875
-2.04000003e-009 0.0005703125
-2.02000003e-009        -0.01
-2.00000003e-009        0.002
-1.98000003e-009 -0.009242188
-1.96000003e-009      0.00025
-1.94000003e-009        -0.01
-1.92000003e-009            0
-1.90000003e-009   -0.0070625
-1.88000003e-009  0.002453125
-1.86000002e-009 -0.007835938
-1.84000002e-009  0.002859375
-1.82000002e-009       -0.008
-1.80000002e-009        0.002
-1.78000002e-009 -0.008117188
-1.76000002e-009  0.001273438
-1.74000002e-009 -0.008304688
-1.72000002e-009        0.002
-1.70000002e-009       -0.008
-1.68000002e-009    0.0030625
-1.66000002e-009 -0.007960938
-1.64000002e-009        0.002
-1.62000002e-009 -0.009539063
-1.60000002e-009      0.00175
-1.58000002e-009 -0.007570313
-1.56000002e-009  0.002539063
-1.54000002e-009 -0.007640625
-1.52000002e-009        0.002
-1.50000002e-009       -0.006
-1.48000002e-009    0.0023125
-1.46000002e-009 -0.006484375
-1.44000002e-009        0.004
-1.42000002e-009       -0.006
-1.40000002e-009  0.002546875
-1.38000002e-009 -0.006960938
-1.36000002e-009  0.003117188
-1.34000002e-009 -0.008179688
-1.32000002e-009        0.002
-1.30000002e-009       -0.008
-1.28000002e-009 0.0003828125
-1.26000002e-009 -0.006390625
-1.24000002e-009  0.001546875
-1.22000002e-009 -0.006421875
-1.20000002e-009  0.001445313
-1.18000002e-009   -0.0088125
-1.16000002e-009  0.002257813
-1.14000002e-009 -0.006929688
-1.12000001e-009        0.004
-1.10000001e-009 -0.008351563
-1.08000001e-009  0.001007813
-1.06000001e-009 -0.008585938
-1.04000001e-009   0.00053125
-1.02000001e-009 -0.008328125
-1.00000001e-009            0
-9.80000013e-010  -0.00878125
-9.60000013e-010  4.6875e-005
-9.40000013e-010  -0.01013281
-9.20000012e-010            0
-9.00000012e-010  -0.01271875
-8.80000012e-010     0.000375
-8.60000011e-010  -0.01222656
-8.40000011e-010       -0.002
-8.20000011e-010     -0.01225
-8.00000011e-010       -0.004
-7.8000001e-010     -0.01525
-7.6000001e-010 -0.005351563
-7.4000001e-010       -0.022
-7.2000001e-010       -0.014
-7.00000009e-010  -0.03094531
-6.80000009e-010  -0.02103125
-6.60000009e-010  -0.04965625
-6.40000009e-010  -0.03921875
-6.20000008e-010  -0.07252344
-6.00000008e-010  -0.06657032
-5.80000008e-010   -0.1052578
-5.60000007e-010  -0.09438282
-5.40000007e-010   -0.1348828
-5.20000007e-010       -0.126
-5.00000007e-010   -0.1543203
-4.80000006e-010   -0.1481406
-4.60000006e-010   -0.1679453
-4.40000006e-010   -0.1577422
-4.20000006e-010   -0.1707422
-4.00000005e-010   -0.1578281
-3.80000005e-010   -0.1677344
-3.60000005e-010   -0.1540938
-3.40000005e-010   -0.1624844
-3.20000004e-010   -0.1450938
-3.00000004e-010       -0.158
-2.80000004e-010   -0.1408906
-2.60000003e-010        -0.15
-2.40000003e-010   -0.1341797
-2.20000003e-010   -0.1432266
-2.00000003e-010   -0.1218906
-1.80000002e-010   -0.1292344
-1.60000002e-010   -0.1046094
-1.40000002e-010   -0.1101484
-1.20000002e-010    -0.077875
-1.00000001e-010  -0.08592188
-8.00000011e-011     -0.04525
-6.00000008e-011  -0.05171875
-4.00000005e-011       -0.012
-2.00000003e-011  -0.01780469
           0   0.01160938
2.00000003e-011   0.00371875
4.00000005e-011   0.02332031
6.00000008e-011        0.016
8.00000011e-011         0.03
1.00000001e-010   0.01671875
1.20000002e-010    0.0263125
1.40000002e-010   0.01399219
1.60000002e-010   0.02072656
1.80000002e-010         0.01
2.00000003e-010   0.02115625
2.20000003e-010   0.01207031
2.40000003e-010   0.02598438
2.60000003e-010   0.01835156
2.80000004e-010   0.03030469
3.00000004e-010    0.0218125
3.20000004e-010   0.03321094
3.40000005e-010   0.02235156
3.60000005e-010   0.03392188
3.80000005e-010        0.022
4.00000005e-010   0.03186719
4.20000006e-010   0.01942969
4.40000006e-010    0.0284375
4.60000006e-010   0.01858594
4.80000006e-010   0.02769531
5.00000007e-010   0.01653125
5.20000007e-010   0.02897656
5.40000007e-010    0.0170625
5.60000007e-010        0.028
5.80000008e-010   0.01711719
6.00000008e-010        0.026
6.20000008e-010   0.01761719
6.40000009e-010   0.02854688
6.60000009e-010        0.018
6.80000009e-010   0.02613281
7.00000009e-010   0.01483594
7.2000001e-010   0.02682031
7.4000001e-010   0.01342969
7.6000001e-010        0.024
7.8000001e-010   0.01317188
8.00000011e-010       0.0235
8.20000011e-010   0.01347656
8.40000011e-010   0.02357031
8.60000011e-010        0.014
8.80000012e-010        0.024
9.00000012e-010   0.01647656
9.20000012e-010   0.02523438
9.40000013e-010   0.01655469
9.60000013e-010   0.02602344
9.80000013e-010   0.01639063
1.00000001e-009   0.02596875
1.02000001e-009   0.01648438
1.04000001e-009   0.02674219
1.06000001e-009   0.01770313
1.08000001e-009    0.0270625
1.10000001e-009   0.01642188
1.12000001e-009   0.02682813
1.14000002e-009   0.01866406
1.16000002e-009   0.02814844
1.18000002e-009   0.01965625
1.20000002e-009   0.02959375
1.22000002e-009   0.02048438
1.24000002e-009   0.02928906
1.26000002e-009   0.02150781
1.28000002e-009        0.032
1.30000002e-009   0.02082813
1.32000002e-009   0.03107813
1.34000002e-009   0.02075781
1.36000002e-009         0.03
1.38000002e-009   0.02073438
1.40000002e-009   0.03186719
1.42000002e-009    0.0198125
1.44000002e-009    0.0313125
1.46000002e-009         0.02
1.48000002e-009   0.03019531
1.50000002e-009   0.01821094
1.52000002e-009   0.02839063
1.54000002e-009   0.01739844
1.56000002e-009        0.028
1.58000002e-009   0.01773438
1.60000002e-009        0.026
1.62000002e-009   0.01549219
1.64000002e-009   0.02522656
1.66000002e-009   0.01510156
1.68000002e-009        0.024
1.70000002e-009      0.01475
1.72000002e-009   0.02403906
1.74000002e-009   0.01316406
1.76000002e-009   0.02376563
1.78000002e-009        0.014
1.80000002e-009        0.024
1.82000002e-009   0.01149219
1.84000002e-009   0.02486719
1.86000002e-009   0.01284375
1.88000003e-009   0.02292969
1.90000003e-009   0.01117969
1.92000003e-009   0.02260156
1.94000003e-009   0.01294531
1.96000003e-009     0.022625
1.98000003e-009   0.01273438
2.00000003e-009   0.02251563
2.02000003e-009      0.01175
2.04000003e-009   0.02182031
2.06000003e-009        0.012
2.08000003e-009   0.02321094
2.10000003e-009   0.01241406
2.12000003e-009       0.0245
2.14000003e-009   0.01310938
2.16000003e-009        0.024
2.18000003e-009        0.014
2.20000003e-009   0.02196094
2.22000003e-009   0.01242188
2.24000003e-009   0.02288281
2.26000003e-009   0.01490625
2.28000003e-009   0.02228125
2.30000003e-009        0.014
2.32000003e-009   0.02267969
2.34000003e-009   0.01430469
2.36000003e-009        0.024
2.38000003e-009        0.014
2.40000003e-009     0.024625
2.42000003e-009   0.01311719
2.44000003e-009   0.02369531
2.46000003e-009    0.0133125
2.48000003e-009        0.022
2.50000003e-009        0.012
2.52000003e-009   0.02199219
2.54000003e-009    0.0115625
2.56000003e-009        0.022
2.58000003e-009   0.01282813
2.60000003e-009   0.02184375
2.62000003e-009   0.01134375
2.64000004e-009   0.02153906
2.66000004e-009   0.01176563
2.68000004e-009        0.022
2.70000004e-009        0.012
2.72000004e-009   0.02032813
2.74000004e-009   0.01166406
2.76000004e-009   0.02047656
2.78000004e-009         0.01
2.80000004e-009   0.02057813
2.82000004e-009  0.009507813
2.84000004e-009   0.02016406
2.86000004e-009         0.01
2.88000004e-009         0.02
2.90000004e-009         0.01
2.92000004e-009   0.02039063
2.94000004e-009   0.01067969
2.96000004e-009    0.0185625
2.98000004e-009         0.01
3.00000004e-009   0.02039844
3.02000004e-009  0.009929688
3.04000004e-009         0.02
3.06000004e-009   0.00934375
3.08000004e-009        0.022
3.10000004e-009  0.009570313
3.12000004e-009   0.01974219
3.14000004e-009  0.008117188
3.16000004e-009     0.020125
3.18000004e-009  0.009585938
3.20000004e-009   0.01813281
3.22000004e-009  0.008710938
3.24000004e-009   0.01935938
3.26000004e-009   0.01021094
3.28000004e-009   0.01871875
3.30000004e-009        0.008
3.32000004e-009   0.01891406
3.34000004e-009  0.009382813
3.36000004e-009   0.02007813
3.38000005e-009   0.00884375
3.40000005e-009        0.018
3.42000005e-009  0.006398438
3.44000005e-009   0.01785938
3.46000005e-009  0.007757813
3.48000005e-009        0.018
3.50000005e-009        0.008
3.52000005e-009   0.01642188
3.54000005e-009  0.007460938
3.56000005e-009     0.016375
3.58000005e-009  0.006867188
3.60000005e-009   0.01967188
3.62000005e-009  0.007335938
3.64000005e-009   0.01671094
3.66000005e-009        0.006
3.68000005e-009        0.018
3.70000005e-009   0.00721875
3.72000005e-009   0.01621094
3.74000005e-009  0.006085938
3.76000005e-009   0.01630469
3.78000005e-009      0.00675
3.80000005e-009   0.01646094
3.82000005e-009   0.00609375
3.84000005e-009   0.01680469
3.86000005e-009  0.006015625
3.88000005e-009   0.01683594
3.90000005e-009        0.006
3.92000005e-009   0.01703125
3.94000005e-009  0.006015625
3.96000005e-009   0.01764063
3.98000005e-009  0.007789063
4.00000005e-009   0.01610938
4.02000005e-009  0.006148438
4.04000005e-009   0.01526563
4.06000005e-009        0.006
4.08000005e-009   0.01645313
4.10000005e-009  0.005054688
4.12000006e-009   0.01724219
4.14000006e-009  0.005554688
4.16000006e-009   0.01453125
4.18000006e-009        0.006
4.20000006e-009        0.016
4.22000006e-009  0.005007813
4.24000006e-009   0.01875781
4.26000006e-009  0.003976563
4.28000006e-009        0.014
4.30000006e-009   0.00421875
4.32000006e-009   0.01467188
4.34000006e-009  0.003734375
4.36000006e-009   0.01460156
4.38000006e-009        0.002
4.40000006e-009   0.01567188
4.42000006e-009    0.0046875
4.44000006e-009   0.01359375
4.46000006e-009        0.004
4.48000006e-009   0.01399219
4.50000006e-009   0.00259375
4.52000006e-009   0.01332813
4.54000006e-009  0.003601563
4.56000006e-009   0.01235938
4.58000006e-009  0.003507813
4.60000006e-009        0.016
4.62000006e-009 0.0007890625
4.64000006e-009   0.01329688
4.66000006e-009        0.002
4.68000006e-009        0.014
4.70000006e-009        0.002
4.72000006e-009   0.01435938
4.74000006e-009  0.001890625
4.76000006e-009        0.014
4.78000006e-009        0.004
4.80000006e-009    0.0138125
4.82000006e-009    0.0033125
4.84000006e-009   0.01232031
4.86000006e-009        0.002
4.88000007e-009   0.01305469
4.90000007e-009        0.002
4.92000007e-009    0.0123125
4.94000007e-009      0.00325
4.96000007e-009   0.01239063
4.98000007e-009  0.003015625
5.00000007e-009   0.01382031
