-1.24500002e-009     -0.00625
-1.24000002e-009  0.002476563
-1.23500002e-009 -0.006210938
-1.23000002e-009   0.00246875
-1.22500002e-009     -0.00625
-1.22000002e-009        0.002
-1.21500002e-009       -0.006
-1.21000002e-009  0.001890625
-1.20500002e-009 -0.005835938
-1.20000002e-009     0.002125
-1.19500002e-009  -0.00659375
-1.19000002e-009   0.00228125
-1.18500002e-009   -0.0075625
-1.18000002e-009  0.003601563
-1.17500002e-009 -0.008023438
-1.17000002e-009  0.004109375
-1.16500002e-009 -0.007757813
-1.16000002e-009    0.0035625
-1.15500002e-009 -0.007992188
-1.15000002e-009  0.002070313
-1.14500002e-009       -0.008
-1.14000002e-009  0.002148438
-1.13500002e-009  -0.00784375
-1.13000002e-009   0.00190625
-1.12500002e-009 -0.007101563
-1.12000001e-009  0.001046875
-1.11500001e-009 -0.007195313
-1.11000001e-009 0.0005859375
-1.10500001e-009 -0.007429688
-1.10000001e-009        0.002
-1.09500001e-009 -0.007359375
-1.09000001e-009   0.00240625
-1.08500001e-009   -0.0070625
-1.08000001e-009        0.002
-1.07500001e-009 -0.007523438
-1.07000001e-009  0.002242188
-1.06500001e-009   -0.0078125
-1.06000001e-009   0.00228125
-1.05500001e-009  -0.00796875
-1.05000001e-009   0.00215625
-1.04500001e-009       -0.008
-1.04000001e-009  0.001242188
-1.03500001e-009   -0.0078125
-1.03000001e-009            0
-1.02500001e-009 -0.007984375
-1.02000001e-009   0.00078125
-1.01500001e-009       -0.008
-1.01000001e-009  0.001234375
-1.00500001e-009 -0.008148438
-1.00000001e-009  0.001257813
-9.95000013e-010       -0.008
-9.90000013e-010  0.000828125
-9.85000013e-010       -0.008
-9.80000013e-010  0.000484375
-9.75000013e-010 -0.008523438
-9.70000013e-010  0.000390625
-9.65000013e-010    -0.009125
-9.60000013e-010    0.0003125
-9.55000013e-010 -0.009585938
-9.50000013e-010      0.00025
-9.45000013e-010  -0.01029688
-9.40000013e-010            0
-9.35000012e-010  -0.01028906
-9.30000012e-010 -0.000453125
-9.25000012e-010  -0.01010156
-9.20000012e-010   -0.0011875
-9.15000012e-010  -0.01023438
-9.10000012e-010 -0.0008046875
-9.05000012e-010        -0.01
-9.00000012e-010 -0.0008203125
-8.95000012e-010  -0.01019531
-8.90000012e-010   -0.0014375
-8.85000012e-010  -0.01027344
-8.80000012e-010 -0.001890625
-8.75000012e-010  -0.01121094
-8.70000012e-010 -0.001914063
-8.65000012e-010  -0.01222656
-8.60000011e-010 -0.001257813
-8.55000011e-010  -0.01252344
-8.50000011e-010            0
-8.45000011e-010       -0.012
-8.40000011e-010 -7.8125e-006
-8.35000011e-010       -0.012
-8.30000011e-010 -0.0006484375
-8.25000011e-010     -0.01275
-8.20000011e-010 -0.001703125
-8.15000011e-010  -0.01291406
-8.10000011e-010 -0.002804688
-8.05000011e-010  -0.01386719
-8.00000011e-010       -0.004
-7.95000011e-010  -0.01448438
-7.90000011e-010 -0.004859375
-7.8500001e-010  -0.01586719
-7.8000001e-010 -0.006195313
-7.7500001e-010  -0.01777344
-7.7000001e-010 -0.007117188
-7.6500001e-010  -0.01919531
-7.6000001e-010 -0.009703125
-7.5500001e-010       -0.021
-7.5000001e-010       -0.012
-7.4500001e-010   -0.0231875
-7.4000001e-010  -0.01338281
-7.3500001e-010  -0.02508594
-7.3000001e-010  -0.01536719
-7.2500001e-010  -0.02785156
-7.2000001e-010  -0.01844531
-7.1500001e-010  -0.03167188
-7.10000009e-010  -0.02039063
-7.05000009e-010  -0.03522656
-7.00000009e-010  -0.02288281
-6.95000009e-010  -0.03846875
-6.90000009e-010       -0.026
-6.85000009e-010  -0.04202344
-6.80000009e-010  -0.03078125
-6.75000009e-010  -0.04769531
-6.70000009e-010   -0.0364375
-6.65000009e-010  -0.05472657
-6.60000009e-010  -0.04269531
-6.55000009e-010   -0.0616875
-6.50000009e-010  -0.04927344
-6.45000009e-010  -0.06811719
-6.40000009e-010       -0.056
-6.35000008e-010       -0.074
-6.30000008e-010  -0.06334375
-6.25000008e-010  -0.07988282
-6.20000008e-010  -0.07102344
-6.15000008e-010  -0.08809375
-6.10000008e-010  -0.07844532
-6.05000008e-010  -0.09632032
-6.00000008e-010  -0.08582032
-5.95000008e-010      -0.1045
-5.90000008e-010       -0.094
-5.85000008e-010   -0.1136328
-5.80000008e-010   -0.1022344
-5.75000008e-010   -0.1236797
-5.70000008e-010   -0.1110859
-5.65000008e-010   -0.1323594
-5.60000007e-010   -0.1191328
-5.55000007e-010   -0.1387344
-5.50000007e-010       -0.126
-5.45000007e-010   -0.1428672
-5.40000007e-010   -0.1316328
-5.35000007e-010   -0.1464531
-5.30000007e-010   -0.1372969
-5.25000007e-010   -0.1519063
-5.20000007e-010   -0.1420391
-5.15000007e-010   -0.1571172
-5.10000007e-010   -0.1461328
-5.05000007e-010       -0.162
-5.00000007e-010   -0.1499766
-4.95000007e-010   -0.1639922
-4.90000007e-010   -0.1529609
-4.85000006e-010       -0.166
-4.80000006e-010   -0.1553516
-4.75000006e-010      -0.1665
-4.70000006e-010   -0.1557734
-4.65000006e-010   -0.1669297
-4.60000006e-010   -0.1562031
-4.55000006e-010    -0.168125
-4.50000006e-010   -0.1572422
-4.45000006e-010        -0.17
-4.40000006e-010   -0.1583203
-4.35000006e-010   -0.1699922
-4.30000006e-010   -0.1585469
-4.25000006e-010   -0.1691641
-4.20000006e-010   -0.1574609
-4.15000006e-010       -0.168
-4.10000005e-010   -0.1563359
-4.05000005e-010   -0.1660625
-4.00000005e-010   -0.1558047
-3.95000005e-010   -0.1658906
-3.90000005e-010   -0.1545781
-3.85000005e-010   -0.1653203
-3.80000005e-010   -0.1537578
-3.75000005e-010   -0.1636875
-3.70000005e-010   -0.1529453
-3.65000005e-010   -0.1623203
-3.60000005e-010   -0.1508906
-3.55000005e-010   -0.1620391
-3.50000005e-010   -0.1498672
-3.45000005e-010   -0.1612969
-3.40000005e-010      -0.1485
-3.35000004e-010        -0.16
-3.30000004e-010   -0.1467656
-3.25000004e-010   -0.1573359
-3.20000004e-010   -0.1459531
-3.15000004e-010       -0.156
-3.10000004e-010   -0.1449375
-3.05000004e-010   -0.1554297
-3.00000004e-010   -0.1431016
-2.95000004e-010   -0.1546797
-2.90000004e-010   -0.1412734
-2.85000004e-010   -0.1524766
-2.80000004e-010   -0.1386406
-2.75000004e-010   -0.1486406
-2.70000004e-010       -0.136
-2.65000004e-010   -0.1464922
-2.60000003e-010   -0.1336016
-2.55000003e-010   -0.1444453
-2.50000003e-010   -0.1304375
-2.45000003e-010       -0.142
-2.40000003e-010   -0.1278125
-2.35000003e-010   -0.1394844
-2.30000003e-010   -0.1259609
-2.25000003e-010   -0.1357422
-2.20000003e-010   -0.1237891
-2.15000003e-010   -0.1333516
-2.10000003e-010        -0.12
-2.05000003e-010   -0.1299531
-2.00000003e-010   -0.1165703
-1.95000003e-010   -0.1250234
-1.90000003e-010   -0.1117031
-1.85000002e-010   -0.1199844
-1.80000002e-010       -0.106
-1.75000002e-010   -0.1150781
-1.70000002e-010  -0.09988282
-1.65000002e-010   -0.1093594
-1.60000002e-010  -0.09369532
-1.55000002e-010   -0.1033203
-1.50000002e-010  -0.08597657
-1.45000002e-010  -0.09642188
-1.40000002e-010  -0.07803125
-1.35000002e-010  -0.08976563
-1.30000002e-010  -0.07026563
-1.25000002e-010  -0.08217969
-1.20000002e-010  -0.06267188
-1.15000002e-010  -0.07342969
-1.10000001e-010   -0.0551875
-1.05000001e-010  -0.06438282
-1.00000001e-010  -0.04773438
-9.50000013e-011       -0.056
-9.00000012e-011        -0.04
-8.50000011e-011  -0.04690625
-8.00000011e-011  -0.03029688
-7.5000001e-011  -0.03891406
-7.00000009e-011  -0.02148438
-6.50000009e-011  -0.03139844
-6.00000008e-011  -0.01376563
-5.50000007e-011  -0.02382031
-5.00000007e-011 -0.006789063
-4.50000006e-011  -0.01644531
-4.00000005e-011      0.00075
-3.50000005e-011 -0.009148438
-3.00000004e-011  0.006421875
-2.50000003e-011 -0.003226563
-2.00000003e-011   0.01135938
-1.50000002e-011  0.001226563
-1.00000001e-011   0.01608594
-5.00000007e-012        0.006
           0   0.01910938
5.00000007e-012  0.009242188
1.00000001e-011        0.022
1.50000002e-011   0.01235156
2.00000003e-011        0.024
2.50000003e-011   0.01367188
3.00000004e-011   0.02446875
3.50000005e-011   0.01442969
4.00000005e-011        0.026
4.50000006e-011   0.01542188
5.00000007e-011   0.02657813
5.50000007e-011        0.016
6.00000008e-011        0.028
6.50000009e-011   0.01621875
7.00000009e-011   0.02760938
7.5000001e-011   0.01632813
8.00000011e-011    0.0266875
8.50000011e-011   0.01494531
9.00000012e-011   0.02535156
9.50000013e-011   0.01326563
1.00000001e-010        0.024
1.05000001e-010   0.01224219
1.10000001e-010       0.0225
1.15000002e-010   0.01182813
1.20000002e-010        0.022
1.25000002e-010   0.01159375
1.30000002e-010   0.02095313
1.35000002e-010   0.01123438
1.40000002e-010   0.02179688
1.45000002e-010   0.01049219
1.50000002e-010   0.02175781
1.55000002e-010     0.010125
1.60000002e-010   0.02091406
1.65000002e-010   0.01078125
1.70000002e-010        0.022
1.75000002e-010   0.01153906
1.80000002e-010   0.02299219
1.85000002e-010        0.012
1.90000003e-010   0.02507813
1.95000003e-010    0.0116875
2.00000003e-010   0.02663281
2.05000003e-010   0.01214063
2.10000003e-010   0.02753125
2.15000003e-010   0.01339844
2.20000003e-010   0.02797656
2.25000003e-010   0.01539844
2.30000003e-010   0.02827344
2.35000003e-010        0.018
2.40000003e-010   0.02939844
2.45000003e-010   0.01984375
2.50000003e-010    0.0304375
2.55000003e-010   0.01953125
2.60000003e-010   0.03307031
2.65000004e-010   0.01971094
2.70000004e-010   0.03402344
2.75000004e-010   0.02041406
2.80000004e-010   0.03357813
2.85000004e-010   0.02159375
2.90000004e-010   0.03328125
2.95000004e-010   0.02317188
3.00000004e-010   0.03394531
3.05000004e-010   0.02446094
3.10000004e-010   0.03400781
3.15000004e-010        0.024
3.20000004e-010   0.03430469
3.25000004e-010   0.02390625
3.30000004e-010   0.03485938
3.35000004e-010   0.02353125
3.40000005e-010   0.03451563
3.45000005e-010     0.023125
3.50000005e-010   0.03358594
3.55000005e-010    0.0233125
3.60000005e-010        0.034
3.65000005e-010   0.02250781
3.70000005e-010     0.033375
3.75000005e-010        0.022
3.80000005e-010        0.032
3.85000005e-010   0.02151563
3.90000005e-010   0.03071094
3.95000005e-010   0.02098438
4.00000005e-010         0.03
4.05000005e-010   0.02097656
4.10000005e-010   0.03000781
4.15000006e-010   0.02035156
4.20000006e-010   0.03036719
4.25000006e-010   0.02005469
4.30000006e-010   0.03025781
4.35000006e-010   0.01996875
4.40000006e-010   0.02970313
4.45000006e-010   0.01983594
4.50000006e-010   0.02998438
4.55000006e-010         0.02
4.60000006e-010         0.03
4.65000006e-010    0.0179375
4.70000006e-010   0.02882031
4.75000006e-010    0.0164375
4.80000006e-010   0.02846875
4.85000006e-010     0.015625
4.90000007e-010   0.02820313
4.95000007e-010       0.0155
5.00000007e-010   0.02774219
5.05000007e-010   0.01549219
5.10000007e-010        0.028
5.15000007e-010    0.0156875
5.20000007e-010   0.02713281
5.25000007e-010   0.01658594
5.30000007e-010   0.02582031
5.35000007e-010   0.01664063
5.40000007e-010   0.02613281
5.45000007e-010   0.01575781
5.50000007e-010   0.02583594
5.55000007e-010        0.016
5.60000007e-010   0.02660156
5.65000008e-010   0.01702344
5.70000008e-010   0.02779688
5.75000008e-010    0.0168125
5.80000008e-010   0.02816406
5.85000008e-010   0.01708594
5.90000008e-010   0.02939063
5.95000008e-010   0.01732813
6.00000008e-010    0.0303125
6.05000008e-010   0.01704688
6.10000008e-010   0.03021094
6.15000008e-010   0.01748438
6.20000008e-010   0.02929688
6.25000008e-010   0.01871875
6.30000008e-010   0.02795313
6.35000008e-010   0.01880469
6.40000009e-010   0.02685938
6.45000009e-010   0.01722656
6.50000009e-010   0.02910156
6.55000009e-010   0.01619531
6.60000009e-010   0.03009375
6.65000009e-010        0.016
6.70000009e-010   0.02941406
6.75000009e-010   0.01573438
6.80000009e-010   0.02772656
6.85000009e-010        0.014
6.90000009e-010     0.027875
6.95000009e-010   0.01328906
7.00000009e-010   0.02817969
7.05000009e-010   0.01357031
7.10000009e-010        0.028
7.1500001e-010   0.01466406
7.2000001e-010   0.02711719
7.2500001e-010   0.01482813
7.3000001e-010   0.02569531
7.3500001e-010   0.01432813
7.4000001e-010   0.02389844
7.4500001e-010        0.014
7.5000001e-010   0.02424219
7.5500001e-010        0.014
7.6000001e-010        0.024
7.6500001e-010   0.01397656
7.7000001e-010   0.02295313
7.7500001e-010   0.01307031
7.8000001e-010        0.022
7.8500001e-010   0.01272656
7.90000011e-010   0.02224219
7.95000011e-010   0.01275781
8.00000011e-010   0.02335156
8.05000011e-010      0.01325
8.10000011e-010        0.024
8.15000011e-010     0.013375
8.20000011e-010    0.0243125
8.25000011e-010      0.01325
8.30000011e-010   0.02426563
8.35000011e-010   0.01384375
8.40000011e-010   0.02345313
8.45000011e-010   0.01402344
8.50000011e-010    0.0233125
8.55000011e-010   0.01340625
8.60000011e-010     0.023625
8.65000012e-010   0.01353125
8.70000012e-010   0.02428906
8.75000012e-010   0.01478125
8.80000012e-010   0.02441406
8.85000012e-010   0.01571875
8.90000012e-010   0.02541406
8.95000012e-010   0.01529688
9.00000012e-010        0.026
9.05000012e-010   0.01425781
9.10000012e-010   0.02592188
9.15000012e-010        0.014
9.20000012e-010   0.02528906
9.25000012e-010   0.01474219
9.30000012e-010   0.02499219
9.35000012e-010   0.01610156
9.40000013e-010   0.02521875
9.45000013e-010   0.01670313
9.50000013e-010   0.02583594
9.55000013e-010   0.01641406
9.60000013e-010   0.02604688
9.65000013e-010   0.01666406
9.70000013e-010        0.026
9.75000013e-010    0.0174375
9.80000013e-010   0.02614844
9.85000013e-010   0.01669531
9.90000013e-010   0.02580469
9.95000013e-010   0.01596094
1.00000001e-009   0.02608594
1.00500001e-009        0.016
1.01000001e-009   0.02744531
1.01500001e-009   0.01620313
1.02000001e-009        0.028
1.02500001e-009     0.017125
1.03000001e-009   0.02783594
1.03500001e-009   0.01744531
1.04000001e-009   0.02734375
1.04500001e-009        0.016
1.05000001e-009   0.02848438
1.05500001e-009   0.01542969
1.06000001e-009   0.02909375
1.06500001e-009   0.01572656
1.07000001e-009   0.02923438
1.07500001e-009   0.01603125
1.08000001e-009   0.02895313
1.08500001e-009   0.01704688
1.09000001e-009   0.02852344
1.09500001e-009   0.01899219
1.10000001e-009   0.02879688
1.10500001e-009   0.01966406
1.11000001e-009         0.03
1.11500001e-009   0.01957813
1.12000001e-009   0.03036719
1.12500002e-009   0.01964844
1.13000002e-009   0.02997656
1.13500002e-009   0.01973438
1.14000002e-009   0.02896875
1.14500002e-009    0.0194375
1.15000002e-009   0.02833594
1.15500002e-009   0.01953906
1.16000002e-009        0.028
1.16500002e-009   0.01977344
1.17000002e-009   0.02922656
1.17500002e-009    0.0198125
1.18000002e-009   0.03013281
1.18500002e-009         0.02
1.19000002e-009   0.03039844
1.19500002e-009   0.02077344
1.20000002e-009    0.0300625
1.20500002e-009   0.02149219
1.21000002e-009   0.02984375
1.21500002e-009   0.02154688
1.22000002e-009         0.03
1.22500002e-009   0.02151563
1.23000002e-009   0.03032031
1.23500002e-009   0.02039844
1.24000002e-009     0.030625
1.24500002e-009   0.01964844
1.25000002e-009   0.03157813
