-2.49000003e-009 -0.009171875
-2.48000003e-009 -0.008992188
-2.47000003e-009 -0.008867188
-2.46000003e-009   -0.0086875
-2.45000003e-009   -0.0085625
-2.44000003e-009 -0.008484375
-2.43000003e-009 -0.008429688
-2.42000003e-009 -0.008335938
-2.41000003e-009 -0.008273438
-2.40000003e-009 -0.008179688
-2.39000003e-009  -0.00809375
-2.38000003e-009       -0.008
-2.37000003e-009 -0.007921875
-2.36000003e-009 -0.007820313
-2.35000003e-009 -0.007796875
-2.34000003e-009  -0.00771875
-2.33000003e-009 -0.007640625
-2.32000003e-009 -0.007554688
-2.31000003e-009 -0.007460938
-2.30000003e-009 -0.007320313
-2.29000003e-009  -0.00715625
-2.28000003e-009 -0.006984375
-2.27000003e-009  -0.00684375
-2.26000003e-009 -0.006695313
-2.25000003e-009 -0.006585938
-2.24000003e-009 -0.006460938
-2.23000003e-009 -0.006421875
-2.22000003e-009 -0.006398438
-2.21000003e-009 -0.006390625
-2.20000003e-009  -0.00634375
-2.19000003e-009 -0.006296875
-2.18000003e-009 -0.006234375
-2.17000003e-009 -0.006117188
-2.16000003e-009 -0.006007813
-2.15000003e-009  -0.00584375
-2.14000003e-009 -0.005726563
-2.13000003e-009   -0.0055625
-2.12000003e-009 -0.005390625
-2.11000003e-009 -0.005296875
-2.10000003e-009   -0.0051875
-2.09000003e-009 -0.005117188
-2.08000003e-009 -0.005054688
-2.07000003e-009 -0.005007813
-2.06000003e-009   -0.0049375
-2.05000003e-009 -0.004867188
-2.04000003e-009 -0.004765625
-2.03000003e-009 -0.004703125
-2.02000003e-009 -0.004609375
-2.01000003e-009  -0.00453125
-2.00000003e-009 -0.004484375
-1.99000003e-009 -0.004421875
-1.98000003e-009 -0.004351563
-1.97000003e-009 -0.004335938
-1.96000003e-009  -0.00428125
-1.95000003e-009 -0.004242188
-1.94000003e-009  -0.00421875
-1.93000003e-009 -0.004195313
-1.92000003e-009 -0.004195313
-1.91000003e-009   -0.0041875
-1.90000003e-009  -0.00415625
-1.89000003e-009 -0.004085938
-1.88000003e-009       -0.004
-1.87000002e-009 -0.003890625
-1.86000002e-009 -0.003765625
-1.85000002e-009    -0.003625
-1.84000002e-009  -0.00353125
-1.83000002e-009   -0.0034375
-1.82000002e-009 -0.003382813
-1.81000002e-009    -0.003375
-1.80000002e-009 -0.003351563
-1.79000002e-009 -0.003335938
-1.78000002e-009 -0.003335938
-1.77000002e-009 -0.003257813
-1.76000002e-009 -0.003179688
-1.75000002e-009   -0.0030625
-1.74000002e-009 -0.002984375
-1.73000002e-009 -0.002914063
-1.72000002e-009  -0.00284375
-1.71000002e-009  -0.00278125
-1.70000002e-009 -0.002757813
-1.69000002e-009 -0.002773438
-1.68000002e-009 -0.002710938
-1.67000002e-009 -0.002726563
-1.66000002e-009 -0.002726563
-1.65000002e-009 -0.002695313
-1.64000002e-009 -0.002640625
-1.63000002e-009 -0.002601563
-1.62000002e-009  -0.00253125
-1.61000002e-009 -0.002460938
-1.60000002e-009  -0.00240625
-1.59000002e-009 -0.002382813
-1.58000002e-009 -0.002429688
-1.57000002e-009 -0.002507813
-1.56000002e-009  -0.00265625
-1.55000002e-009 -0.002726563
-1.54000002e-009 -0.002804688
-1.53000002e-009   -0.0028125
-1.52000002e-009 -0.002820313
-1.51000002e-009 -0.002734375
-1.50000002e-009 -0.002601563
-1.49000002e-009 -0.002476563
-1.48000002e-009 -0.002335938
-1.47000002e-009  -0.00228125
-1.46000002e-009 -0.002257813
-1.45000002e-009  -0.00228125
-1.44000002e-009 -0.002289063
-1.43000002e-009   -0.0023125
-1.42000002e-009  -0.00228125
-1.41000002e-009 -0.002210938
-1.40000002e-009    -0.002125
-1.39000002e-009 -0.002078125
-1.38000002e-009 -0.002054688
-1.37000002e-009   -0.0020625
-1.36000002e-009 -0.002164063
-1.35000002e-009 -0.002296875
-1.34000002e-009 -0.002421875
-1.33000002e-009 -0.002507813
-1.32000002e-009 -0.002585938
-1.31000002e-009 -0.002507813
-1.30000002e-009   -0.0024375
-1.29000002e-009 -0.002335938
-1.28000002e-009 -0.002257813
-1.27000002e-009 -0.002179688
-1.26000002e-009  -0.00221875
-1.25000002e-009 -0.002296875
-1.24000002e-009  -0.00240625
-1.23000002e-009  -0.00253125
-1.22000002e-009 -0.002695313
-1.21000002e-009 -0.002835938
-1.20000002e-009 -0.002929688
-1.19000002e-009 -0.002945313
-1.18000002e-009 -0.002945313
-1.17000002e-009  -0.00296875
-1.16000002e-009 -0.002976563
-1.15000002e-009 -0.002945313
-1.14000002e-009   -0.0029375
-1.13000002e-009 -0.003007813
-1.12000001e-009 -0.003046875
-1.11000001e-009 -0.003101563
-1.10000001e-009 -0.003195313
-1.09000001e-009 -0.003226563
-1.08000001e-009 -0.003289063
-1.07000001e-009 -0.003273438
-1.06000001e-009 -0.003289063
-1.05000001e-009 -0.003273438
-1.04000001e-009     -0.00325
-1.03000001e-009 -0.003273438
-1.02000001e-009 -0.003234375
-1.01000001e-009  -0.00328125
-1.00000001e-009 -0.003320313
-9.90000013e-010 -0.003421875
-9.80000013e-010 -0.003523438
-9.70000013e-010  -0.00371875
-9.60000013e-010    -0.003875
-9.50000013e-010 -0.004054688
-9.40000013e-010 -0.004203125
-9.30000012e-010 -0.004328125
-9.20000012e-010 -0.004476563
-9.10000012e-010 -0.004546875
-9.00000012e-010 -0.004671875
-8.90000012e-010 -0.004742188
-8.80000012e-010 -0.004867188
-8.70000012e-010 -0.005039063
-8.60000011e-010 -0.005328125
-8.50000011e-010 -0.005664063
-8.40000011e-010 -0.006023438
-8.30000011e-010 -0.006382813
-8.20000011e-010  -0.00684375
-8.10000011e-010 -0.007328125
-8.00000011e-010 -0.007835938
-7.90000011e-010 -0.008398438
-7.8000001e-010 -0.008984375
-7.7000001e-010  -0.00971875
-7.6000001e-010  -0.01064844
-7.5000001e-010  -0.01173438
-7.4000001e-010  -0.01288281
-7.3000001e-010  -0.01423438
-7.2000001e-010  -0.01585156
-7.10000009e-010  -0.01778906
-7.00000009e-010  -0.01998438
-6.90000009e-010  -0.02249219
-6.80000009e-010    -0.025375
-6.70000009e-010  -0.02874219
-6.60000009e-010  -0.03264063
-6.50000009e-010  -0.03702344
-6.40000009e-010  -0.04188281
-6.30000008e-010  -0.04721875
-6.20000008e-010  -0.05296875
-6.10000008e-010  -0.05929688
-6.00000008e-010  -0.06608594
-5.90000008e-010  -0.07324219
-5.80000008e-010  -0.08070313
-5.70000008e-010  -0.08845313
-5.60000007e-010  -0.09638282
-5.50000007e-010   -0.1043047
-5.40000007e-010   -0.1121406
-5.30000007e-010   -0.1196172
-5.20000007e-010   -0.1266875
-5.10000007e-010   -0.1331406
-5.00000007e-010   -0.1390078
-4.90000007e-010   -0.1443047
-4.80000006e-010   -0.1489297
-4.70000006e-010   -0.1528203
-4.60000006e-010   -0.1560078
-4.50000006e-010   -0.1586563
-4.40000006e-010   -0.1608047
-4.30000006e-010   -0.1623594
-4.20000006e-010   -0.1633047
-4.10000005e-010   -0.1636406
-4.00000005e-010   -0.1635859
-3.90000005e-010   -0.1632344
-3.80000005e-010   -0.1626094
-3.70000005e-010   -0.1616641
-3.60000005e-010   -0.1605547
-3.50000005e-010   -0.1593984
-3.40000005e-010   -0.1583438
-3.30000004e-010   -0.1572031
-3.20000004e-010   -0.1560156
-3.10000004e-010   -0.1547188
-3.00000004e-010   -0.1533984
-2.90000004e-010   -0.1521016
-2.80000004e-010   -0.1506875
-2.70000004e-010   -0.1491016
-2.60000003e-010   -0.1473281
-2.50000003e-010   -0.1454766
-2.40000003e-010   -0.1435625
-2.30000003e-010   -0.1415625
-2.20000003e-010   -0.1393672
-2.10000003e-010   -0.1368828
-2.00000003e-010   -0.1341406
-1.90000003e-010   -0.1311875
-1.80000002e-010   -0.1278438
-1.70000002e-010   -0.1240391
-1.60000002e-010   -0.1196875
-1.50000002e-010   -0.1147813
-1.40000002e-010   -0.1094609
-1.30000002e-010   -0.1036797
-1.20000002e-010  -0.09742188
-1.10000001e-010   -0.0906875
-1.00000001e-010  -0.08347657
-9.00000012e-011  -0.07585938
-8.00000011e-011  -0.06786719
-7.00000009e-011  -0.05953125
-6.00000008e-011  -0.05099219
-5.00000007e-011  -0.04232813
-4.00000005e-011  -0.03367969
-3.00000004e-011  -0.02541406
-2.00000003e-011  -0.01760938
-1.00000001e-011  -0.01046875
           0  -0.00403125
1.00000001e-011  0.001703125
2.00000003e-011  0.006601563
3.00000004e-011   0.01075781
4.00000005e-011   0.01414844
5.00000007e-011   0.01698438
6.00000008e-011   0.01928125
7.00000009e-011   0.02092188
8.00000011e-011        0.022
9.00000012e-011   0.02249219
1.00000001e-010   0.02257031
1.10000001e-010   0.02225781
1.20000002e-010   0.02160938
1.30000002e-010   0.02066406
1.40000002e-010   0.01957813
1.50000002e-010   0.01852344
1.60000002e-010   0.01760156
1.70000002e-010   0.01674219
1.80000002e-010     0.016125
1.90000003e-010   0.01567188
2.00000003e-010   0.01560938
2.10000003e-010   0.01586719
2.20000003e-010   0.01642188
2.30000003e-010   0.01727344
2.40000003e-010   0.01828906
2.50000003e-010   0.01953125
2.60000003e-010   0.02083594
2.70000004e-010   0.02217188
2.80000004e-010    0.0234375
2.90000004e-010   0.02460938
3.00000004e-010   0.02564063
3.10000004e-010   0.02653125
3.20000004e-010   0.02728125
3.30000004e-010   0.02784375
3.40000005e-010    0.0281875
3.50000005e-010   0.02834375
3.60000005e-010   0.02830469
3.70000005e-010   0.02809375
3.80000005e-010   0.02773438
3.90000005e-010   0.02727344
4.00000005e-010      0.02675
4.10000005e-010   0.02627344
4.20000006e-010   0.02579688
4.30000006e-010   0.02538281
4.40000006e-010        0.025
4.50000006e-010   0.02467969
4.60000006e-010   0.02435938
4.70000006e-010   0.02403906
4.80000006e-010      0.02375
4.90000007e-010   0.02340625
5.00000007e-010   0.02304688
5.10000007e-010   0.02271094
5.20000007e-010     0.022375
5.30000007e-010   0.02202344
5.40000007e-010   0.02174219
5.50000007e-010   0.02144531
5.60000007e-010   0.02119531
5.70000008e-010   0.02108594
5.80000008e-010   0.02107031
5.90000008e-010   0.02119531
6.00000008e-010   0.02141406
6.10000008e-010   0.02171094
6.20000008e-010   0.02207031
6.30000008e-010    0.0224375
6.40000009e-010   0.02266406
6.50000009e-010   0.02277344
6.60000009e-010   0.02277344
6.70000009e-010   0.02264844
6.80000009e-010   0.02245313
6.90000009e-010    0.0221875
7.00000009e-010   0.02189063
7.10000009e-010   0.02161719
7.2000001e-010   0.02129688
7.3000001e-010   0.02096094
7.4000001e-010   0.02059375
7.5000001e-010   0.02017188
7.6000001e-010   0.01973438
7.7000001e-010   0.01925781
7.8000001e-010    0.0188125
7.90000011e-010   0.01840625
8.00000011e-010   0.01817188
8.10000011e-010   0.01804688
8.20000011e-010   0.01799219
8.30000011e-010   0.01804688
8.40000011e-010   0.01817188
8.50000011e-010   0.01835156
8.60000011e-010   0.01852344
8.70000012e-010   0.01874219
8.80000012e-010   0.01900781
8.90000012e-010   0.01926563
9.00000012e-010   0.01960938
9.10000012e-010   0.01990625
9.20000012e-010   0.02020313
9.30000012e-010   0.02046875
9.40000013e-010   0.02071094
9.50000013e-010   0.02089063
9.60000013e-010   0.02102344
9.70000013e-010   0.02114063
9.80000013e-010   0.02124219
9.90000013e-010   0.02136719
1.00000001e-009   0.02146875
1.01000001e-009   0.02155469
1.02000001e-009   0.02161719
1.03000001e-009   0.02167969
1.04000001e-009   0.02171875
1.05000001e-009   0.02174219
1.06000001e-009   0.02179688
1.07000001e-009     0.021875
1.08000001e-009   0.02199219
1.09000001e-009     0.022125
1.10000001e-009   0.02228906
1.11000001e-009   0.02245313
1.12000001e-009   0.02260938
1.13000002e-009   0.02277344
1.14000002e-009   0.02291406
1.15000002e-009     0.023125
1.16000002e-009   0.02332031
1.17000002e-009   0.02355469
1.18000002e-009   0.02378906
1.19000002e-009   0.02401563
1.20000002e-009   0.02424219
1.21000002e-009   0.02442969
1.22000002e-009   0.02460938
1.23000002e-009      0.02475
1.24000002e-009   0.02491406
1.25000002e-009   0.02507813
1.26000002e-009   0.02523438
1.27000002e-009   0.02540625
1.28000002e-009   0.02557031
1.29000002e-009   0.02567969
1.30000002e-009   0.02578125
1.31000002e-009   0.02585156
1.32000002e-009   0.02586719
1.33000002e-009   0.02588281
1.34000002e-009   0.02585156
1.35000002e-009   0.02584375
1.36000002e-009    0.0258125
1.37000002e-009   0.02577344
1.38000002e-009   0.02569531
1.39000002e-009   0.02561719
1.40000002e-009   0.02553125
1.41000002e-009   0.02542188
1.42000002e-009    0.0253125
1.43000002e-009   0.02515625
1.44000002e-009   0.02503125
1.45000002e-009   0.02491406
1.46000002e-009   0.02477344
1.47000002e-009   0.02466406
1.48000002e-009   0.02453125
1.49000002e-009   0.02440625
1.50000002e-009   0.02429688
1.51000002e-009   0.02417969
1.52000002e-009   0.02402344
1.53000002e-009   0.02389063
1.54000002e-009   0.02366406
1.55000002e-009   0.02339063
1.56000002e-009   0.02314063
1.57000002e-009   0.02284375
1.58000002e-009   0.02253906
1.59000002e-009   0.02221875
1.60000002e-009   0.02190625
1.61000002e-009   0.02165625
1.62000002e-009   0.02139844
1.63000002e-009   0.02114063
1.64000002e-009   0.02086719
1.65000002e-009   0.02059375
1.66000002e-009    0.0203125
1.67000002e-009   0.01999219
1.68000002e-009   0.01970313
1.69000002e-009   0.01941406
1.70000002e-009   0.01917188
1.71000002e-009   0.01892969
1.72000002e-009   0.01872656
1.73000002e-009   0.01852344
1.74000002e-009   0.01834375
1.75000002e-009   0.01816406
1.76000002e-009   0.01798438
1.77000002e-009   0.01785938
1.78000002e-009   0.01776563
1.79000002e-009   0.01773438
1.80000002e-009   0.01773438
1.81000002e-009   0.01776563
1.82000002e-009   0.01784375
1.83000002e-009   0.01792969
1.84000002e-009   0.01798438
1.85000002e-009   0.01799219
1.86000002e-009   0.01794531
1.87000002e-009   0.01786719
1.88000003e-009   0.01777344
1.89000003e-009     0.017625
1.90000003e-009       0.0175
1.91000003e-009   0.01733594
1.92000003e-009    0.0171875
1.93000003e-009     0.017125
1.94000003e-009   0.01703906
1.95000003e-009   0.01702344
1.96000003e-009   0.01707031
1.97000003e-009    0.0171875
1.98000003e-009   0.01730469
1.99000003e-009    0.0174375
2.00000003e-009    0.0175625
2.01000003e-009   0.01760156
2.02000003e-009   0.01763281
2.03000003e-009   0.01754688
2.04000003e-009    0.0174375
2.05000003e-009    0.0173125
2.06000003e-009   0.01720313
2.07000003e-009   0.01713281
2.08000003e-009   0.01709375
2.09000003e-009   0.01714063
2.10000003e-009      0.01725
2.11000003e-009   0.01738281
2.12000003e-009       0.0175
2.13000003e-009   0.01760938
2.14000003e-009   0.01772656
2.15000003e-009   0.01777344
2.16000003e-009   0.01784375
2.17000003e-009    0.0179375
2.18000003e-009   0.01807031
2.19000003e-009   0.01821094
2.20000003e-009   0.01836719
2.21000003e-009   0.01848438
2.22000003e-009   0.01859375
2.23000003e-009    0.0186875
2.24000003e-009   0.01871875
2.25000003e-009      0.01875
2.26000003e-009      0.01875
2.27000003e-009   0.01873438
2.28000003e-009   0.01867188
2.29000003e-009   0.01860938
2.30000003e-009   0.01855469
2.31000003e-009   0.01846875
2.32000003e-009   0.01836719
2.33000003e-009   0.01825781
2.34000003e-009   0.01821094
2.35000003e-009   0.01817969
2.36000003e-009    0.0181875
2.37000003e-009   0.01820313
2.38000003e-009   0.01823438
2.39000003e-009   0.01820313
2.40000003e-009    0.0181875
2.41000003e-009   0.01814063
2.42000003e-009   0.01803125
2.43000003e-009   0.01795313
2.44000003e-009   0.01783594
2.45000003e-009      0.01775
2.46000003e-009   0.01773438
2.47000003e-009   0.01774219
2.48000003e-009   0.01774219
2.49000003e-009   0.01775781
2.50000003e-009   0.01773438
