-2.49000003e-009 -0.009289063
-2.48000003e-009 -0.009320313
-2.47000003e-009 -0.009296875
-2.46000003e-009 -0.009203125
-2.45000003e-009 -0.009117188
-2.44000003e-009 -0.009023438
-2.43000003e-009  -0.00890625
-2.42000003e-009 -0.008773438
-2.41000003e-009 -0.008710938
-2.40000003e-009  -0.00865625
-2.39000003e-009   -0.0085625
-2.38000003e-009 -0.008507813
-2.37000003e-009 -0.008414063
-2.36000003e-009  -0.00828125
-2.35000003e-009 -0.008140625
-2.34000003e-009   -0.0079375
-2.33000003e-009 -0.007710938
-2.32000003e-009 -0.007539063
-2.31000003e-009 -0.007359375
-2.30000003e-009 -0.007265625
-2.29000003e-009 -0.007234375
-2.28000003e-009 -0.007203125
-2.27000003e-009 -0.007265625
-2.26000003e-009 -0.007273437
-2.25000003e-009 -0.007265625
-2.24000003e-009 -0.007148437
-2.23000003e-009 -0.007039062
-2.22000003e-009 -0.006835937
-2.21000003e-009   -0.0066875
-2.20000003e-009 -0.006484375
-2.19000003e-009    -0.006375
-2.18000003e-009 -0.006296875
-2.17000003e-009 -0.006242187
-2.16000003e-009 -0.006242187
-2.15000003e-009  -0.00628125
-2.14000003e-009 -0.006296875
-2.13000003e-009  -0.00628125
-2.12000003e-009 -0.006195312
-2.11000003e-009    -0.006125
-2.10000003e-009 -0.005960937
-2.09000003e-009 -0.005765625
-2.08000003e-009 -0.005609375
-2.07000003e-009 -0.005421875
-2.06000003e-009   -0.0053125
-2.05000003e-009 -0.005210937
-2.04000003e-009   -0.0051875
-2.03000003e-009 -0.005195312
-2.02000003e-009 -0.005234375
-2.01000003e-009 -0.005242187
-2.00000003e-009 -0.005273437
-1.99000003e-009 -0.005195312
-1.98000003e-009 -0.005078125
-1.97000003e-009 -0.004859375
-1.96000003e-009 -0.004601562
-1.95000003e-009 -0.004359375
-1.94000003e-009 -0.004117187
-1.93000003e-009 -0.003929687
-1.92000003e-009 -0.003867187
-1.91000003e-009    -0.003875
-1.90000003e-009   -0.0039375
-1.89000003e-009 -0.004070312
-1.88000003e-009 -0.004164062
-1.87000002e-009 -0.004257812
-1.86000002e-009 -0.004273437
-1.85000002e-009 -0.004226562
-1.84000002e-009    -0.004125
-1.83000002e-009 -0.003992187
-1.82000002e-009 -0.003820312
-1.81000002e-009 -0.003695312
-1.80000002e-009 -0.003554687
-1.79000002e-009 -0.003460937
-1.78000002e-009 -0.003351562
-1.77000002e-009 -0.003273437
-1.76000002e-009 -0.003226562
-1.75000002e-009  -0.00315625
-1.74000002e-009    -0.003125
-1.73000002e-009 -0.003070312
-1.72000002e-009  -0.00303125
-1.71000002e-009 -0.002976562
-1.70000002e-009   -0.0029375
-1.69000002e-009 -0.002929687
-1.68000002e-009 -0.002867187
-1.67000002e-009 -0.002867187
-1.66000002e-009 -0.002835937
-1.65000002e-009   -0.0028125
-1.64000002e-009 -0.002742187
-1.63000002e-009  -0.00271875
-1.62000002e-009 -0.002648437
-1.61000002e-009    -0.002625
-1.60000002e-009 -0.002609375
-1.59000002e-009 -0.002617187
-1.58000002e-009  -0.00259375
-1.57000002e-009 -0.002632812
-1.56000002e-009    -0.002625
-1.55000002e-009  -0.00259375
-1.54000002e-009  -0.00253125
-1.53000002e-009 -0.002476562
-1.52000002e-009   -0.0024375
-1.51000002e-009 -0.002398437
-1.50000002e-009 -0.002390625
-1.49000002e-009 -0.002421875
-1.48000002e-009 -0.002476562
-1.47000002e-009 -0.002539062
-1.46000002e-009 -0.002539062
-1.45000002e-009   -0.0025625
-1.44000002e-009  -0.00253125
-1.43000002e-009  -0.00246875
-1.42000002e-009    -0.002375
-1.41000002e-009 -0.002257812
-1.40000002e-009     -0.00225
-1.39000002e-009 -0.002195312
-1.38000002e-009 -0.002203125
-1.37000002e-009 -0.002234375
-1.36000002e-009 -0.002234375
-1.35000002e-009 -0.002265625
-1.34000002e-009 -0.002210937
-1.33000002e-009  -0.00215625
-1.32000002e-009 -0.002078125
-1.31000002e-009 -0.002015625
-1.30000002e-009  -0.00196875
-1.29000002e-009 -0.002015625
-1.28000002e-009 -0.002078125
-1.27000002e-009 -0.002140625
-1.26000002e-009  -0.00221875
-1.25000002e-009 -0.002296875
-1.24000002e-009 -0.002328125
-1.23000002e-009  -0.00234375
-1.22000002e-009 -0.002359375
-1.21000002e-009 -0.002398437
-1.20000002e-009 -0.002429687
-1.19000002e-009 -0.002554687
-1.18000002e-009 -0.002679687
-1.17000002e-009 -0.002835937
-1.16000002e-009 -0.002953125
-1.15000002e-009 -0.003054687
-1.14000002e-009 -0.003046875
-1.13000002e-009 -0.003023437
-1.12000001e-009 -0.002945312
-1.11000001e-009 -0.002835937
-1.10000001e-009 -0.002796875
-1.09000001e-009 -0.002734375
-1.08000001e-009 -0.002742187
-1.07000001e-009   -0.0028125
-1.06000001e-009 -0.002898437
-1.05000001e-009 -0.003039062
-1.04000001e-009 -0.003195312
-1.03000001e-009 -0.003320312
-1.02000001e-009 -0.003414062
-1.01000001e-009      -0.0035
-1.00000001e-009   -0.0035625
-9.90000013e-010 -0.003546875
-9.80000013e-010 -0.003507812
-9.70000013e-010 -0.003445312
-9.60000013e-010 -0.003367187
-9.50000013e-010 -0.003328125
-9.40000013e-010   -0.0033125
-9.30000012e-010 -0.003320312
-9.20000012e-010 -0.003390625
-9.10000012e-010 -0.003515625
-9.00000012e-010 -0.003648437
-8.90000012e-010  -0.00378125
-8.80000012e-010 -0.003929687
-8.70000012e-010 -0.003992187
-8.60000011e-010   -0.0040625
-8.50000011e-010 -0.004085937
-8.40000011e-010 -0.004164062
-8.30000011e-010 -0.004265625
-8.20000011e-010 -0.004453125
-8.10000011e-010   -0.0046875
-8.00000011e-010  -0.00503125
-7.90000011e-010 -0.005421875
-7.8000001e-010 -0.005796875
-7.7000001e-010 -0.006171875
-7.6000001e-010      -0.0065
-7.5000001e-010 -0.006789062
-7.4000001e-010    -0.007125
-7.3000001e-010  -0.00753125
-7.2000001e-010 -0.007992188
-7.10000009e-010    -0.008625
-7.00000009e-010    -0.009375
-6.90000009e-010  -0.01032813
-6.80000009e-010      -0.0115
-6.70000009e-010   -0.0128125
-6.60000009e-010  -0.01430469
-6.50000009e-010   -0.0160625
-6.40000009e-010  -0.01810156
-6.30000008e-010  -0.02039844
-6.20000008e-010  -0.02309375
-6.10000008e-010  -0.02619531
-6.00000008e-010  -0.02979688
-5.90000008e-010  -0.03390625
-5.80000008e-010  -0.03858594
-5.70000008e-010  -0.04375781
-5.60000007e-010  -0.04954688
-5.50000007e-010    -0.055875
-5.40000007e-010  -0.06275782
-5.30000007e-010  -0.07014063
-5.20000007e-010       -0.078
-5.10000007e-010  -0.08616407
-5.00000007e-010  -0.09457032
-4.90000007e-010   -0.1030156
-4.80000006e-010   -0.1114219
-4.70000006e-010   -0.1196172
-4.60000006e-010   -0.1273828
-4.50000006e-010   -0.1346563
-4.40000006e-010   -0.1413047
-4.30000006e-010   -0.1472109
-4.20000006e-010   -0.1523281
-4.10000005e-010   -0.1565781
-4.00000005e-010   -0.1599688
-3.90000005e-010   -0.1624766
-3.80000005e-010   -0.1641563
-3.70000005e-010   -0.1651172
-3.60000005e-010   -0.1654609
-3.50000005e-010     -0.16525
-3.40000005e-010   -0.1645781
-3.30000004e-010   -0.1636484
-3.20000004e-010   -0.1625781
-3.10000004e-010   -0.1613438
-3.00000004e-010   -0.1600078
-2.90000004e-010   -0.1585703
-2.80000004e-010   -0.1570313
-2.70000004e-010   -0.1554844
-2.60000003e-010   -0.1537969
-2.50000003e-010   -0.1519688
-2.40000003e-010   -0.1499219
-2.30000003e-010   -0.1476563
-2.20000003e-010   -0.1451641
-2.10000003e-010   -0.1423125
-2.00000003e-010   -0.1390859
-1.90000003e-010   -0.1353516
-1.80000002e-010   -0.1310781
-1.70000002e-010   -0.1263828
-1.60000002e-010   -0.1211094
-1.50000002e-010   -0.1153438
-1.40000002e-010   -0.1090391
-1.30000002e-010   -0.1022188
-1.20000002e-010  -0.09500782
-1.10000001e-010    -0.087375
-1.00000001e-010  -0.07940625
-9.00000012e-011  -0.07117969
-8.00000011e-011  -0.06278125
-7.00000009e-011   -0.0543125
-6.00000008e-011  -0.04589844
-5.00000007e-011  -0.03763281
-4.00000005e-011     -0.02975
-3.00000004e-011  -0.02225781
-2.00000003e-011  -0.01529688
-1.00000001e-011 -0.008914063
           0 -0.003195312
1.00000001e-011  0.001851563
2.00000003e-011  0.006226563
3.00000004e-011  0.009992188
4.00000005e-011   0.01309375
5.00000007e-011   0.01555469
6.00000008e-011     0.017375
7.00000009e-011   0.01866406
8.00000011e-011   0.01945313
9.00000012e-011   0.01977344
1.00000001e-010      0.01975
1.10000001e-010   0.01936719
1.20000002e-010   0.01883594
1.30000002e-010   0.01823438
1.40000002e-010   0.01765625
1.50000002e-010     0.017125
1.60000002e-010   0.01670313
1.70000002e-010   0.01642969
1.80000002e-010   0.01635156
1.90000003e-010   0.01647656
2.00000003e-010   0.01672656
2.10000003e-010     0.017125
2.20000003e-010   0.01769531
2.30000003e-010   0.01840625
2.40000003e-010   0.01929688
2.50000003e-010   0.02025781
2.60000003e-010   0.02136719
2.70000004e-010   0.02257813
2.80000004e-010   0.02379688
2.90000004e-010   0.02503125
3.00000004e-010   0.02619531
3.10000004e-010   0.02717969
3.20000004e-010        0.028
3.30000004e-010   0.02853125
3.40000005e-010   0.02874219
3.50000005e-010    0.0286875
3.60000005e-010   0.02832813
3.70000005e-010   0.02780469
3.80000005e-010   0.02717969
3.90000005e-010   0.02646875
4.00000005e-010   0.02586719
4.10000005e-010   0.02530469
4.20000006e-010   0.02485156
4.30000006e-010       0.0245
4.40000006e-010   0.02421875
4.50000006e-010   0.02403906
4.60000006e-010   0.02383594
4.70000006e-010   0.02366406
4.80000006e-010   0.02346875
4.90000007e-010   0.02321094
5.00000007e-010   0.02296094
5.10000007e-010   0.02263281
5.20000007e-010   0.02228125
5.30000007e-010     0.021875
5.40000007e-010   0.02146875
5.50000007e-010   0.02104688
5.60000007e-010   0.02067969
5.70000008e-010   0.02032813
5.80000008e-010   0.01999219
5.90000008e-010   0.01975781
6.00000008e-010   0.01957031
6.10000008e-010    0.0194375
6.20000008e-010   0.01929688
6.30000008e-010   0.01917969
6.40000009e-010   0.01904688
6.50000009e-010   0.01890625
6.60000009e-010   0.01872656
6.70000009e-010   0.01853125
6.80000009e-010   0.01828906
6.90000009e-010   0.01808594
7.00000009e-010   0.01785156
7.10000009e-010    0.0176875
7.2000001e-010   0.01752344
7.3000001e-010   0.01738281
7.4000001e-010   0.01728125
7.5000001e-010   0.01721094
7.6000001e-010   0.01715625
7.7000001e-010    0.0170625
7.8000001e-010   0.01703125
7.90000011e-010   0.01699219
8.00000011e-010   0.01692969
8.10000011e-010   0.01685938
8.20000011e-010   0.01684375
8.30000011e-010   0.01677344
8.40000011e-010   0.01671875
8.50000011e-010   0.01664844
8.60000011e-010     0.016625
8.70000012e-010   0.01659375
8.80000012e-010   0.01658594
8.90000012e-010   0.01664063
9.00000012e-010   0.01671094
9.10000012e-010   0.01686719
9.20000012e-010    0.0170625
9.30000012e-010   0.01725781
9.40000013e-010   0.01751563
9.50000013e-010      0.01775
9.60000013e-010   0.01797656
9.70000013e-010   0.01823438
9.80000013e-010   0.01846094
9.90000013e-010   0.01866406
1.00000001e-009   0.01885156
1.01000001e-009   0.01902344
1.02000001e-009   0.01917969
1.03000001e-009   0.01935156
1.04000001e-009   0.01950781
1.05000001e-009   0.01966406
1.06000001e-009    0.0198125
1.07000001e-009   0.02003125
1.08000001e-009   0.02023438
1.09000001e-009   0.02044531
1.10000001e-009   0.02063281
1.11000001e-009   0.02079688
1.12000001e-009   0.02094531
1.13000002e-009   0.02108594
1.14000002e-009   0.02121875
1.15000002e-009   0.02136719
1.16000002e-009   0.02151563
1.17000002e-009    0.0216875
1.18000002e-009   0.02191406
1.19000002e-009     0.022125
1.20000002e-009    0.0223125
1.21000002e-009   0.02247656
1.22000002e-009   0.02259375
1.23000002e-009   0.02266406
1.24000002e-009   0.02269531
1.25000002e-009   0.02273438
1.26000002e-009   0.02279688
1.27000002e-009   0.02285938
1.28000002e-009   0.02296875
1.29000002e-009     0.023125
1.30000002e-009   0.02330469
1.31000002e-009   0.02353906
1.32000002e-009   0.02373438
1.33000002e-009   0.02392969
1.34000002e-009   0.02408594
1.35000002e-009   0.02426563
1.36000002e-009   0.02436719
1.37000002e-009   0.02446094
1.38000002e-009   0.02453125
1.39000002e-009   0.02458594
1.40000002e-009   0.02460938
1.41000002e-009   0.02461719
1.42000002e-009   0.02458594
1.43000002e-009       0.0245
1.44000002e-009   0.02434375
1.45000002e-009   0.02411719
1.46000002e-009   0.02379688
1.47000002e-009   0.02349219
1.48000002e-009   0.02307813
1.49000002e-009      0.02275
1.50000002e-009   0.02240625
1.51000002e-009     0.022125
1.52000002e-009   0.02185938
1.53000002e-009   0.02164844
1.54000002e-009   0.02142188
1.55000002e-009   0.02114844
1.56000002e-009   0.02090625
1.57000002e-009   0.02059375
1.58000002e-009   0.02028125
1.59000002e-009         0.02
1.60000002e-009   0.01974219
1.61000002e-009   0.01953125
1.62000002e-009   0.01936719
1.63000002e-009   0.01920313
1.64000002e-009   0.01904688
1.65000002e-009   0.01891406
1.66000002e-009   0.01870313
1.67000002e-009   0.01850781
1.68000002e-009   0.01834375
1.69000002e-009   0.01817188
1.70000002e-009   0.01803906
1.71000002e-009   0.01797656
1.72000002e-009   0.01785156
1.73000002e-009   0.01772656
1.74000002e-009   0.01759375
1.75000002e-009   0.01740625
1.76000002e-009   0.01717188
1.77000002e-009   0.01689063
1.78000002e-009   0.01664844
1.79000002e-009    0.0164375
1.80000002e-009   0.01628125
1.81000002e-009   0.01622656
1.82000002e-009   0.01621094
1.83000002e-009   0.01625781
1.84000002e-009     0.016375
1.85000002e-009   0.01640625
1.86000002e-009   0.01646094
1.87000002e-009   0.01644531
1.88000003e-009   0.01642969
1.89000003e-009   0.01639844
1.90000003e-009   0.01639063
1.91000003e-009   0.01646875
1.92000003e-009   0.01659375
1.93000003e-009   0.01671094
1.94000003e-009     0.016875
1.95000003e-009        0.017
1.96000003e-009   0.01709375
1.97000003e-009   0.01714844
1.98000003e-009   0.01721875
1.99000003e-009   0.01721094
2.00000003e-009   0.01723438
2.01000003e-009   0.01728125
2.02000003e-009   0.01739063
2.03000003e-009    0.0175625
2.04000003e-009   0.01778125
2.05000003e-009   0.01799219
2.06000003e-009   0.01816406
2.07000003e-009   0.01827344
2.08000003e-009   0.01832031
2.09000003e-009   0.01828125
2.10000003e-009    0.0181875
2.11000003e-009   0.01805469
2.12000003e-009   0.01796875
2.13000003e-009   0.01785938
2.14000003e-009   0.01783594
2.15000003e-009    0.0178125
2.16000003e-009   0.01785156
2.17000003e-009   0.01791406
2.18000003e-009   0.01796094
2.19000003e-009   0.01797656
2.20000003e-009   0.01799219
2.21000003e-009   0.01801563
2.22000003e-009   0.01805469
2.23000003e-009   0.01803125
2.24000003e-009   0.01802344
2.25000003e-009   0.01804688
2.26000003e-009   0.01801563
2.27000003e-009   0.01800781
2.28000003e-009   0.01800781
2.29000003e-009   0.01799219
2.30000003e-009   0.01800781
2.31000003e-009   0.01804688
2.32000003e-009   0.01807031
2.33000003e-009   0.01809375
2.34000003e-009   0.01810938
2.35000003e-009   0.01805469
2.36000003e-009   0.01799219
2.37000003e-009   0.01789844
2.38000003e-009   0.01777344
2.39000003e-009   0.01764063
2.40000003e-009   0.01753125
2.41000003e-009   0.01739063
2.42000003e-009   0.01728125
2.43000003e-009   0.01717969
2.44000003e-009   0.01708594
2.45000003e-009   0.01703125
2.46000003e-009    0.0169375
2.47000003e-009   0.01685938
2.48000003e-009   0.01674219
2.49000003e-009   0.01660938
2.50000003e-009   0.01646875
