-1.24500002e-009 -0.002898437
-1.24000002e-009 -0.002914062
-1.23500002e-009 -0.002867187
-1.23000002e-009 -0.002867187
-1.22500002e-009 -0.002820312
-1.22000002e-009 -0.002789062
-1.21500002e-009 -0.002742187
-1.21000002e-009 -0.002734375
-1.20500002e-009 -0.002757812
-1.20000002e-009 -0.002703125
-1.19500002e-009 -0.002757812
-1.19000002e-009     -0.00275
-1.18500002e-009  -0.00278125
-1.18000002e-009 -0.002804687
-1.17500002e-009 -0.002867187
-1.17000002e-009 -0.002898437
-1.16500002e-009 -0.002960937
-1.16000002e-009 -0.003015625
-1.15500002e-009 -0.003046875
-1.15000002e-009 -0.003070312
-1.14500002e-009 -0.003109375
-1.14000002e-009 -0.003148437
-1.13500002e-009 -0.003164062
-1.13000002e-009   -0.0031875
-1.12500002e-009   -0.0031875
-1.12000001e-009 -0.003226562
-1.11500001e-009 -0.003203125
-1.11000001e-009     -0.00325
-1.10500001e-009 -0.003234375
-1.10000001e-009 -0.003265625
-1.09500001e-009     -0.00325
-1.09000001e-009 -0.003257812
-1.08500001e-009 -0.003273437
-1.08000001e-009 -0.003328125
-1.07500001e-009 -0.003320312
-1.07000001e-009 -0.003335937
-1.06500001e-009 -0.003367187
-1.06000001e-009 -0.003390625
-1.05500001e-009 -0.003414062
-1.05000001e-009 -0.003460937
-1.04500001e-009 -0.003492187
-1.04000001e-009 -0.003507812
-1.03500001e-009   -0.0035625
-1.03000001e-009  -0.00359375
-1.02500001e-009 -0.003664062
-1.02000001e-009  -0.00371875
-1.01500001e-009 -0.003757812
-1.01000001e-009 -0.003796875
-1.00500001e-009 -0.003835937
-1.00000001e-009 -0.003882812
-9.95000013e-010 -0.003945312
-9.90000013e-010 -0.003953125
-9.85000013e-010 -0.003976562
-9.80000013e-010 -0.003976562
-9.75000013e-010 -0.003992187
-9.70000013e-010 -0.003960937
-9.65000013e-010   -0.0039375
-9.60000013e-010 -0.003929687
-9.55000013e-010 -0.003851562
-9.50000013e-010 -0.003820312
-9.45000013e-010 -0.003742187
-9.40000013e-010 -0.003710937
-9.35000012e-010 -0.003664062
-9.30000012e-010 -0.003640625
-9.25000012e-010 -0.003648437
-9.20000012e-010 -0.003632812
-9.15000012e-010  -0.00365625
-9.10000012e-010 -0.003734375
-9.05000012e-010  -0.00378125
-9.00000012e-010 -0.003882812
-8.95000012e-010 -0.004007812
-8.90000012e-010 -0.004148437
-8.85000012e-010  -0.00428125
-8.80000012e-010 -0.004429687
-8.75000012e-010   -0.0045625
-8.70000012e-010 -0.004703125
-8.65000012e-010  -0.00484375
-8.60000011e-010 -0.004960937
-8.55000011e-010 -0.005046875
-8.50000011e-010    -0.005125
-8.45000011e-010   -0.0051875
-8.40000011e-010 -0.005273437
-8.35000011e-010 -0.005320312
-8.30000011e-010 -0.005390625
-8.25000011e-010 -0.005429687
-8.20000011e-010 -0.005507812
-8.15000011e-010 -0.005632812
-8.10000011e-010 -0.005703125
-8.05000011e-010 -0.005804687
-8.00000011e-010 -0.005953125
-7.95000011e-010 -0.006109375
-7.90000011e-010 -0.006304687
-7.8500001e-010      -0.0065
-7.8000001e-010   -0.0066875
-7.7500001e-010 -0.006929687
-7.7000001e-010 -0.007171875
-7.6500001e-010 -0.007429688
-7.6000001e-010   -0.0076875
-7.5500001e-010 -0.007945313
-7.5000001e-010  -0.00821875
-7.4500001e-010 -0.008515625
-7.4000001e-010 -0.008789063
-7.3500001e-010 -0.009070313
-7.3000001e-010  -0.00934375
-7.2500001e-010  -0.00965625
-7.2000001e-010 -0.009984375
-7.1500001e-010  -0.01035156
-7.10000009e-010  -0.01071875
-7.05000009e-010  -0.01108594
-7.00000009e-010      -0.0115
-6.95000009e-010  -0.01199219
-6.90000009e-010  -0.01247656
-6.85000009e-010  -0.01303906
-6.80000009e-010  -0.01364844
-6.75000009e-010   -0.0143125
-6.70000009e-010   -0.0150625
-6.65000009e-010  -0.01589844
-6.60000009e-010  -0.01678906
-6.55000009e-010  -0.01779688
-6.50000009e-010  -0.01889844
-6.45000009e-010   -0.0200625
-6.40000009e-010  -0.02135156
-6.35000008e-010  -0.02271875
-6.30000008e-010  -0.02421875
-6.25000008e-010  -0.02582813
-6.20000008e-010  -0.02758594
-6.15000008e-010  -0.02949219
-6.10000008e-010  -0.03142188
-6.05000008e-010  -0.03353125
-6.00000008e-010  -0.03572656
-5.95000008e-010  -0.03807031
-5.90000008e-010  -0.04051563
-5.85000008e-010  -0.04309375
-5.80000008e-010   -0.0458125
-5.75000008e-010    -0.048625
-5.70000008e-010   -0.0515625
-5.65000008e-010  -0.05461719
-5.60000007e-010  -0.05783594
-5.55000007e-010  -0.06114063
-5.50000007e-010  -0.06459375
-5.45000007e-010  -0.06810157
-5.40000007e-010  -0.07174219
-5.35000007e-010  -0.07548438
-5.30000007e-010  -0.07933594
-5.25000007e-010  -0.08326563
-5.20000007e-010     -0.08725
-5.15000007e-010  -0.09128125
-5.10000007e-010  -0.09536719
-5.05000007e-010  -0.09948438
-5.00000007e-010   -0.1035547
-4.95000007e-010    -0.107625
-4.90000007e-010   -0.1116797
-4.85000006e-010   -0.1156484
-4.80000006e-010   -0.1195625
-4.75000006e-010   -0.1234063
-4.70000006e-010   -0.1271172
-4.65000006e-010   -0.1307031
-4.60000006e-010   -0.1341719
-4.55000006e-010   -0.1375156
-4.50000006e-010   -0.1406875
-4.45000006e-010   -0.1436797
-4.40000006e-010   -0.1465313
-4.35000006e-010   -0.1491953
-4.30000006e-010    -0.151625
-4.25000006e-010   -0.1539297
-4.20000006e-010   -0.1559688
-4.15000006e-010   -0.1578359
-4.10000005e-010   -0.1595078
-4.05000005e-010   -0.1609844
-4.00000005e-010   -0.1622969
-3.95000005e-010   -0.1633672
-3.90000005e-010   -0.1642969
-3.85000005e-010   -0.1650313
-3.80000005e-010   -0.1655938
-3.75000005e-010   -0.1659688
-3.70000005e-010   -0.1662109
-3.65000005e-010   -0.1662891
-3.60000005e-010   -0.1662813
-3.55000005e-010   -0.1661563
-3.50000005e-010   -0.1659063
-3.45000005e-010   -0.1655547
-3.40000005e-010   -0.1651484
-3.35000004e-010   -0.1646328
-3.30000004e-010   -0.1640859
-3.25000004e-010   -0.1634453
-3.20000004e-010   -0.1627109
-3.15000004e-010   -0.1619453
-3.10000004e-010   -0.1611641
-3.05000004e-010   -0.1603594
-3.00000004e-010   -0.1594688
-2.95000004e-010   -0.1585703
-2.90000004e-010   -0.1576719
-2.85000004e-010   -0.1567188
-2.80000004e-010   -0.1557656
-2.75000004e-010   -0.1547891
-2.70000004e-010   -0.1537813
-2.65000004e-010   -0.1526875
-2.60000003e-010   -0.1516563
-2.55000003e-010   -0.1505781
-2.50000003e-010   -0.1494922
-2.45000003e-010   -0.1483203
-2.40000003e-010   -0.1471875
-2.35000003e-010   -0.1459375
-2.30000003e-010    -0.144625
-2.25000003e-010     -0.14325
-2.20000003e-010   -0.1418281
-2.15000003e-010   -0.1402578
-2.10000003e-010   -0.1386797
-2.05000003e-010   -0.1369609
-2.00000003e-010   -0.1351641
-1.95000003e-010   -0.1332031
-1.90000003e-010   -0.1311641
-1.85000002e-010       -0.129
-1.80000002e-010     -0.12675
-1.75000002e-010   -0.1243125
-1.70000002e-010   -0.1217656
-1.65000002e-010   -0.1190703
-1.60000002e-010   -0.1162891
-1.55000002e-010   -0.1133594
-1.50000002e-010   -0.1103438
-1.45000002e-010   -0.1071875
-1.40000002e-010   -0.1039063
-1.35000002e-010   -0.1005234
-1.30000002e-010  -0.09707032
-1.25000002e-010  -0.09346094
-1.20000002e-010  -0.08978125
-1.15000002e-010  -0.08599219
-1.10000001e-010  -0.08213282
-1.05000001e-010     -0.07825
-1.00000001e-010  -0.07425782
-9.50000013e-011  -0.07021094
-9.00000012e-011  -0.06615625
-8.50000011e-011  -0.06202344
-8.00000011e-011  -0.05792969
-7.5000001e-011  -0.05378125
-7.00000009e-011  -0.04967188
-6.50000009e-011  -0.04557813
-6.00000008e-011      -0.0415
-5.50000007e-011  -0.03745313
-5.00000007e-011      -0.0335
-4.50000006e-011  -0.02960938
-4.00000005e-011  -0.02578125
-3.50000005e-011   -0.0220625
-3.00000004e-011  -0.01851563
-2.50000003e-011  -0.01507813
-2.00000003e-011  -0.01175781
-1.50000002e-011 -0.008664063
-1.00000001e-011  -0.00565625
-5.00000007e-012 -0.002828125
           0 -0.0001953122
5.00000007e-012  0.002257813
1.00000001e-011  0.004570313
1.50000002e-011  0.006664063
2.00000003e-011  0.008570313
2.50000003e-011   0.01032031
3.00000004e-011    0.0119375
3.50000005e-011   0.01336719
4.00000005e-011   0.01464844
4.50000006e-011   0.01578125
5.00000007e-011    0.0168125
5.50000007e-011   0.01766406
6.00000008e-011   0.01842188
6.50000009e-011    0.0190625
7.00000009e-011   0.01959375
7.5000001e-011         0.02
8.00000011e-011   0.02028125
8.50000011e-011    0.0204375
9.00000012e-011   0.02057031
9.50000013e-011   0.02060938
1.00000001e-010   0.02057031
1.05000001e-010   0.02039844
1.10000001e-010    0.0201875
1.15000002e-010   0.01995313
1.20000002e-010    0.0196875
1.25000002e-010   0.01928906
1.30000002e-010   0.01892188
1.35000002e-010   0.01855469
1.40000002e-010   0.01821875
1.45000002e-010   0.01789063
1.50000002e-010   0.01753125
1.55000002e-010   0.01727344
1.60000002e-010   0.01701563
1.65000002e-010   0.01684375
1.70000002e-010    0.0166875
1.75000002e-010   0.01661719
1.80000002e-010   0.01654688
1.85000002e-010   0.01653125
1.90000003e-010   0.01658594
1.95000003e-010   0.01667969
2.00000003e-010   0.01679688
2.05000003e-010   0.01696094
2.10000003e-010   0.01720313
2.15000003e-010   0.01741406
2.20000003e-010    0.0176875
2.25000003e-010        0.018
2.30000003e-010   0.01835156
2.35000003e-010   0.01870313
2.40000003e-010   0.01910938
2.45000003e-010   0.01959375
2.50000003e-010   0.02005469
2.55000003e-010   0.02057813
2.60000003e-010   0.02114844
2.65000004e-010   0.02172656
2.70000004e-010   0.02230469
2.75000004e-010   0.02295313
2.80000004e-010   0.02357031
2.85000004e-010   0.02420313
2.90000004e-010    0.0248125
2.95000004e-010   0.02541406
3.00000004e-010   0.02594531
3.05000004e-010   0.02645313
3.10000004e-010   0.02689844
3.15000004e-010   0.02727344
3.20000004e-010   0.02760156
3.25000004e-010   0.02785938
3.30000004e-010   0.02804688
3.35000004e-010   0.02820313
3.40000005e-010   0.02823438
3.45000005e-010      0.02825
3.50000005e-010   0.02821875
3.55000005e-010   0.02814063
3.60000005e-010   0.02805469
3.65000005e-010    0.0279375
3.70000005e-010   0.02777344
3.75000005e-010   0.02764063
3.80000005e-010   0.02746875
3.85000005e-010    0.0273125
3.90000005e-010   0.02709375
3.95000005e-010   0.02691406
4.00000005e-010    0.0266875
4.05000005e-010   0.02648438
4.10000005e-010   0.02624219
4.15000006e-010   0.02598438
4.20000006e-010   0.02570313
4.25000006e-010   0.02540625
4.30000006e-010   0.02507813
4.35000006e-010   0.02473438
4.40000006e-010   0.02441406
4.45000006e-010   0.02407031
4.50000006e-010   0.02376563
4.55000006e-010   0.02339844
4.60000006e-010   0.02309375
4.65000006e-010   0.02272656
4.70000006e-010   0.02246094
4.75000006e-010    0.0221875
4.80000006e-010   0.02192969
4.85000006e-010   0.02171094
4.90000007e-010   0.02152344
4.95000007e-010   0.02136719
5.00000007e-010   0.02120313
5.05000007e-010   0.02103906
5.10000007e-010   0.02090625
5.15000007e-010   0.02075781
5.20000007e-010   0.02066406
5.25000007e-010   0.02052344
5.30000007e-010     0.020375
5.35000007e-010   0.02022656
5.40000007e-010   0.02007813
5.45000007e-010   0.01992969
5.50000007e-010      0.01975
5.55000007e-010   0.01963281
5.60000007e-010   0.01946094
5.65000008e-010   0.01929688
5.70000008e-010   0.01914844
5.75000008e-010   0.01899219
5.80000008e-010   0.01885938
5.85000008e-010   0.01872656
5.90000008e-010   0.01861719
5.95000008e-010   0.01851563
6.00000008e-010   0.01839063
6.05000008e-010   0.01833594
6.10000008e-010   0.01826563
6.15000008e-010   0.01816406
6.20000008e-010   0.01810156
6.25000008e-010   0.01804688
6.30000008e-010   0.01801563
6.35000008e-010   0.01797656
6.40000009e-010    0.0179375
6.45000009e-010   0.01791406
6.50000009e-010   0.01789844
6.55000009e-010   0.01789063
6.60000009e-010   0.01789063
6.65000009e-010   0.01789844
6.70000009e-010   0.01792188
6.75000009e-010   0.01794531
6.80000009e-010   0.01796094
6.85000009e-010   0.01799219
6.90000009e-010   0.01799219
6.95000009e-010   0.01802344
7.00000009e-010   0.01799219
7.05000009e-010   0.01802344
7.10000009e-010   0.01799219
7.1500001e-010   0.01798438
7.2000001e-010    0.0179375
7.2500001e-010   0.01789063
7.3000001e-010    0.0178125
7.3500001e-010   0.01773438
7.4000001e-010   0.01764844
7.4500001e-010   0.01754688
7.5000001e-010   0.01744531
7.5500001e-010   0.01734375
7.6000001e-010   0.01722656
7.6500001e-010   0.01716406
7.7000001e-010   0.01705469
7.7500001e-010   0.01696094
7.8000001e-010   0.01690625
7.8500001e-010   0.01682031
7.90000011e-010      0.01675
7.95000011e-010   0.01669531
8.00000011e-010   0.01664063
8.05000011e-010   0.01657813
8.10000011e-010   0.01655469
8.15000011e-010   0.01648438
8.20000011e-010   0.01642969
8.25000011e-010   0.01639063
8.30000011e-010    0.0163125
8.35000011e-010      0.01625
8.40000011e-010    0.0161875
8.45000011e-010     0.016125
8.50000011e-010   0.01608594
8.55000011e-010   0.01602344
8.60000011e-010   0.01598438
8.65000012e-010   0.01598438
8.70000012e-010   0.01598438
8.75000012e-010   0.01602344
8.80000012e-010   0.01605469
8.85000012e-010   0.01617969
8.90000012e-010   0.01626563
8.95000012e-010   0.01635938
9.00000012e-010       0.0165
9.05000012e-010    0.0166875
9.10000012e-010   0.01685156
9.15000012e-010   0.01702344
9.20000012e-010    0.0171875
9.25000012e-010   0.01735156
9.30000012e-010   0.01753906
9.35000012e-010   0.01769531
9.40000013e-010   0.01785156
9.45000013e-010   0.01802344
9.50000013e-010   0.01816406
9.55000013e-010   0.01828906
9.60000013e-010   0.01844531
9.65000013e-010   0.01857031
9.70000013e-010   0.01869531
9.75000013e-010   0.01879688
9.80000013e-010   0.01890625
9.85000013e-010   0.01903125
9.90000013e-010     0.019125
9.95000013e-010   0.01922656
1.00000001e-009   0.01932813
1.00500001e-009   0.01938281
1.01000001e-009   0.01946094
1.01500001e-009   0.01953906
1.02000001e-009   0.01958594
1.02500001e-009   0.01960938
1.03000001e-009   0.01963281
1.03500001e-009   0.01963281
1.04000001e-009   0.01964844
1.04500001e-009   0.01964844
1.05000001e-009   0.01963281
1.05500001e-009     0.019625
1.06000001e-009   0.01959375
1.06500001e-009    0.0195625
1.07000001e-009   0.01958594
1.07500001e-009   0.01958594
1.08000001e-009    0.0195625
1.08500001e-009   0.01955469
1.09000001e-009   0.01963281
1.09500001e-009   0.01964063
1.10000001e-009   0.01967969
1.10500001e-009      0.01975
1.11000001e-009   0.01985156
1.11500001e-009   0.01994531
1.12000001e-009   0.02002344
1.12500002e-009   0.02014844
1.13000002e-009    0.0203125
1.13500002e-009   0.02046875
1.14000002e-009     0.020625
1.14500002e-009   0.02075781
1.15000002e-009   0.02096875
1.15500002e-009   0.02110938
1.16000002e-009   0.02121094
1.16500002e-009   0.02138281
1.17000002e-009   0.02153906
1.17500002e-009   0.02165625
1.18000002e-009   0.02173438
1.18500002e-009     0.021875
1.19000002e-009   0.02192969
1.19500002e-009   0.02198438
1.20000002e-009   0.02207031
1.20500002e-009   0.02214063
1.21000002e-009   0.02216406
1.21500002e-009   0.02227344
1.22000002e-009   0.02233594
1.22500002e-009   0.02238281
1.23000002e-009   0.02246875
1.23500002e-009   0.02252344
1.24000002e-009   0.02260938
1.24500002e-009   0.02271094
1.25000002e-009   0.02280469
