-1.24500002e-009 -0.002617187
-1.24000002e-009 -0.002640625
-1.23500002e-009 -0.002664062
-1.23000002e-009 -0.002703125
-1.22500002e-009 -0.002726562
-1.22000002e-009     -0.00275
-1.21500002e-009     -0.00275
-1.21000002e-009 -0.002765625
-1.20500002e-009 -0.002710937
-1.20000002e-009 -0.002710937
-1.19500002e-009 -0.002710937
-1.19000002e-009 -0.002695312
-1.18500002e-009  -0.00265625
-1.18000002e-009  -0.00265625
-1.17500002e-009 -0.002671875
-1.17000002e-009 -0.002679687
-1.16500002e-009 -0.002695312
-1.16000002e-009 -0.002765625
-1.15500002e-009 -0.002820312
-1.15000002e-009 -0.002921875
-1.14500002e-009  -0.00296875
-1.14000002e-009 -0.003070312
-1.13500002e-009 -0.003164062
-1.13000002e-009 -0.003242187
-1.12500002e-009 -0.003335937
-1.12000001e-009 -0.003382812
-1.11500001e-009 -0.003445312
-1.11000001e-009 -0.003484375
-1.10500001e-009 -0.003507812
-1.10000001e-009 -0.003484375
-1.09500001e-009 -0.003445312
-1.09000001e-009 -0.003398437
-1.08500001e-009 -0.003351562
-1.08000001e-009 -0.003289062
-1.07500001e-009 -0.003234375
-1.07000001e-009 -0.003179687
-1.06500001e-009 -0.003132812
-1.06000001e-009 -0.003070312
-1.05500001e-009  -0.00303125
-1.05000001e-009 -0.003039062
-1.04500001e-009 -0.003039062
-1.04000001e-009 -0.003078125
-1.03500001e-009 -0.003109375
-1.03000001e-009 -0.003140625
-1.02500001e-009 -0.003210937
-1.02000001e-009 -0.003289062
-1.01500001e-009 -0.003335937
-1.01000001e-009 -0.003398437
-1.00500001e-009 -0.003421875
-1.00000001e-009 -0.003476562
-9.95000013e-010      -0.0035
-9.90000013e-010 -0.003507812
-9.85000013e-010  -0.00353125
-9.80000013e-010 -0.003523437
-9.75000013e-010 -0.003523437
-9.70000013e-010 -0.003554687
-9.65000013e-010 -0.003515625
-9.60000013e-010 -0.003515625
-9.55000013e-010 -0.003546875
-9.50000013e-010 -0.003570312
-9.45000013e-010 -0.003585937
-9.40000013e-010    -0.003625
-9.35000012e-010 -0.003664062
-9.30000012e-010 -0.003734375
-9.25000012e-010 -0.003765625
-9.20000012e-010 -0.003820312
-9.15000012e-010 -0.003890625
-9.10000012e-010   -0.0039375
-9.05000012e-010  -0.00403125
-9.00000012e-010 -0.004039062
-8.95000012e-010 -0.004117187
-8.90000012e-010 -0.004164062
-8.85000012e-010   -0.0041875
-8.80000012e-010 -0.004234375
-8.75000012e-010  -0.00428125
-8.70000012e-010 -0.004296875
-8.65000012e-010 -0.004359375
-8.60000011e-010 -0.004367187
-8.55000011e-010 -0.004390625
-8.50000011e-010 -0.004453125
-8.45000011e-010 -0.004492187
-8.40000011e-010 -0.004539062
-8.35000011e-010 -0.004601562
-8.30000011e-010    -0.004625
-8.25000011e-010  -0.00471875
-8.20000011e-010     -0.00475
-8.15000011e-010 -0.004851562
-8.10000011e-010  -0.00490625
-8.05000011e-010 -0.005015625
-8.00000011e-010  -0.00509375
-7.95000011e-010 -0.005203125
-7.90000011e-010 -0.005320312
-7.8500001e-010 -0.005460937
-7.8000001e-010 -0.005554687
-7.7500001e-010 -0.005742187
-7.7000001e-010 -0.005890625
-7.6500001e-010 -0.006085937
-7.6000001e-010 -0.006304687
-7.5500001e-010  -0.00653125
-7.5000001e-010  -0.00678125
-7.4500001e-010   -0.0070625
-7.4000001e-010  -0.00734375
-7.3500001e-010 -0.007695313
-7.3000001e-010 -0.008023438
-7.2500001e-010 -0.008421875
-7.2000001e-010 -0.008789063
-7.1500001e-010 -0.009179688
-7.10000009e-010 -0.009578125
-7.05000009e-010  -0.01005469
-7.00000009e-010  -0.01044531
-6.95000009e-010  -0.01092969
-6.90000009e-010  -0.01142969
-6.85000009e-010  -0.01200781
-6.80000009e-010  -0.01257813
-6.75000009e-010  -0.01320313
-6.70000009e-010  -0.01389844
-6.65000009e-010  -0.01460938
-6.60000009e-010  -0.01542969
-6.55000009e-010  -0.01633594
-6.50000009e-010  -0.01732813
-6.45000009e-010  -0.01842969
-6.40000009e-010  -0.01965625
-6.35000008e-010  -0.02098438
-6.30000008e-010  -0.02241406
-6.25000008e-010  -0.02395313
-6.20000008e-010  -0.02560156
-6.15000008e-010    -0.027375
-6.10000008e-010     -0.02925
-6.05000008e-010  -0.03124219
-6.00000008e-010  -0.03336719
-5.95000008e-010    -0.035625
-5.90000008e-010  -0.03798438
-5.85000008e-010  -0.04048438
-5.80000008e-010  -0.04307031
-5.75000008e-010  -0.04583594
-5.70000008e-010  -0.04872656
-5.65000008e-010  -0.05174219
-5.60000007e-010  -0.05488281
-5.55000007e-010   -0.0581875
-5.50000007e-010  -0.06160938
-5.45000007e-010   -0.0651875
-5.40000007e-010  -0.06886719
-5.35000007e-010  -0.07270313
-5.30000007e-010    -0.076625
-5.25000007e-010  -0.08067188
-5.20000007e-010  -0.08478907
-5.15000007e-010  -0.08892969
-5.10000007e-010    -0.093125
-5.05000007e-010  -0.09732032
-5.00000007e-010   -0.1015391
-4.95000007e-010   -0.1057266
-4.90000007e-010   -0.1098203
-4.85000006e-010   -0.1138672
-4.80000006e-010   -0.1178438
-4.75000006e-010   -0.1217188
-4.70000006e-010   -0.1254922
-4.65000006e-010    -0.129125
-4.60000006e-010    -0.132625
-4.55000006e-010   -0.1359922
-4.50000006e-010   -0.1392031
-4.45000006e-010     -0.14225
-4.40000006e-010   -0.1451406
-4.35000006e-010   -0.1478516
-4.30000006e-010   -0.1504297
-4.25000006e-010   -0.1528047
-4.20000006e-010   -0.1550156
-4.15000006e-010   -0.1570156
-4.10000005e-010   -0.1588203
-4.05000005e-010   -0.1603984
-4.00000005e-010   -0.1617578
-3.95000005e-010   -0.1629375
-3.90000005e-010   -0.1638516
-3.85000005e-010   -0.1645313
-3.80000005e-010   -0.1650625
-3.75000005e-010   -0.1653984
-3.70000005e-010   -0.1655938
-3.65000005e-010   -0.1655625
-3.60000005e-010   -0.1654297
-3.55000005e-010   -0.1651641
-3.50000005e-010   -0.1647813
-3.45000005e-010   -0.1643359
-3.40000005e-010   -0.1637969
-3.35000004e-010   -0.1631797
-3.30000004e-010    -0.162625
-3.25000004e-010   -0.1620391
-3.20000004e-010   -0.1614219
-3.15000004e-010   -0.1608047
-3.10000004e-010   -0.1602031
-3.05000004e-010   -0.1595625
-3.00000004e-010   -0.1589453
-2.95000004e-010   -0.1582734
-2.90000004e-010   -0.1575313
-2.85000004e-010   -0.1567969
-2.80000004e-010   -0.1560313
-2.75000004e-010   -0.1551875
-2.70000004e-010   -0.1543281
-2.65000004e-010   -0.1533906
-2.60000003e-010   -0.1523984
-2.55000003e-010   -0.1513438
-2.50000003e-010   -0.1502266
-2.45000003e-010   -0.1490859
-2.40000003e-010   -0.1478438
-2.35000003e-010   -0.1465859
-2.30000003e-010   -0.1452578
-2.25000003e-010   -0.1438906
-2.20000003e-010   -0.1425078
-2.15000003e-010   -0.1410703
-2.10000003e-010   -0.1395156
-2.05000003e-010   -0.1379375
-2.00000003e-010   -0.1362344
-1.95000003e-010   -0.1344219
-1.90000003e-010   -0.1324609
-1.85000002e-010   -0.1303906
-1.80000002e-010   -0.1282188
-1.75000002e-010   -0.1258438
-1.70000002e-010   -0.1233281
-1.65000002e-010   -0.1206719
-1.60000002e-010   -0.1178594
-1.55000002e-010   -0.1148359
-1.50000002e-010   -0.1117109
-1.45000002e-010   -0.1084141
-1.40000002e-010       -0.105
-1.35000002e-010   -0.1014766
-1.30000002e-010  -0.09778907
-1.25000002e-010  -0.09405469
-1.20000002e-010  -0.09021875
-1.15000002e-010  -0.08632813
-1.10000001e-010  -0.08238282
-1.05000001e-010  -0.07834375
-1.00000001e-010  -0.07428125
-9.50000013e-011  -0.07016407
-9.00000012e-011  -0.06601563
-8.50000011e-011  -0.06182813
-8.00000011e-011  -0.05764063
-7.5000001e-011  -0.05342188
-7.00000009e-011  -0.04919531
-6.50000009e-011  -0.04498438
-6.00000008e-011  -0.04079688
-5.50000007e-011  -0.03666406
-5.00000007e-011  -0.03261719
-4.50000006e-011  -0.02860156
-4.00000005e-011  -0.02473438
-3.50000005e-011  -0.02094531
-3.00000004e-011  -0.01728906
-2.50000003e-011  -0.01376563
-2.00000003e-011  -0.01046094
-1.50000002e-011 -0.007320312
-1.00000001e-011  -0.00434375
-5.00000007e-012 -0.001578125
           0        0.001
5.00000007e-012  0.003382813
1.00000001e-011  0.005554688
1.50000002e-011  0.007507813
2.00000003e-011  0.009320313
2.50000003e-011   0.01092969
3.00000004e-011   0.01239063
3.50000005e-011   0.01366406
4.00000005e-011   0.01482813
4.50000006e-011   0.01580469
5.00000007e-011   0.01664844
5.50000007e-011     0.017375
6.00000008e-011   0.01795313
6.50000009e-011   0.01842188
7.00000009e-011   0.01880469
7.5000001e-011   0.01908594
8.00000011e-011   0.01929688
8.50000011e-011   0.01938281
9.00000012e-011   0.01942969
9.50000013e-011   0.01941406
1.00000001e-010    0.0193125
1.05000001e-010   0.01915625
1.10000001e-010   0.01899219
1.15000002e-010   0.01878125
1.20000002e-010   0.01855469
1.25000002e-010    0.0183125
1.30000002e-010   0.01808594
1.35000002e-010   0.01785938
1.40000002e-010   0.01763281
1.45000002e-010   0.01739844
1.50000002e-010   0.01721094
1.55000002e-010   0.01703906
1.60000002e-010   0.01691406
1.65000002e-010   0.01680469
1.70000002e-010   0.01673438
1.75000002e-010   0.01667969
1.80000002e-010   0.01672656
1.85000002e-010   0.01673438
1.90000003e-010   0.01678906
1.95000003e-010   0.01689844
2.00000003e-010   0.01705469
2.05000003e-010   0.01726563
2.10000003e-010   0.01747656
2.15000003e-010   0.01775781
2.20000003e-010   0.01808594
2.25000003e-010   0.01841406
2.30000003e-010   0.01885156
2.35000003e-010   0.01932031
2.40000003e-010   0.01980469
2.45000003e-010    0.0203125
2.50000003e-010   0.02090625
2.55000003e-010   0.02148438
2.60000003e-010   0.02213281
2.65000004e-010   0.02274219
2.70000004e-010   0.02338281
2.75000004e-010   0.02405469
2.80000004e-010   0.02467969
2.85000004e-010   0.02532031
2.90000004e-010   0.02588281
2.95000004e-010   0.02642969
3.00000004e-010    0.0269375
3.05000004e-010     0.027375
3.10000004e-010   0.02774219
3.15000004e-010    0.0280625
3.20000004e-010   0.02832813
3.25000004e-010   0.02847656
3.30000004e-010     0.028625
3.35000004e-010   0.02867188
3.40000005e-010   0.02866406
3.45000005e-010   0.02863281
3.50000005e-010       0.0285
3.55000005e-010   0.02839063
3.60000005e-010   0.02821094
3.65000005e-010   0.02799219
3.70000005e-010   0.02778906
3.75000005e-010   0.02758594
3.80000005e-010   0.02733594
3.85000005e-010   0.02709375
3.90000005e-010   0.02684375
3.95000005e-010     0.026625
4.00000005e-010   0.02638281
4.05000005e-010   0.02613281
4.10000005e-010   0.02589063
4.15000006e-010   0.02561719
4.20000006e-010   0.02535938
4.25000006e-010   0.02508594
4.30000006e-010   0.02485156
4.35000006e-010   0.02454688
4.40000006e-010   0.02428906
4.45000006e-010   0.02403125
4.50000006e-010   0.02377344
4.55000006e-010       0.0235
4.60000006e-010   0.02323438
4.65000006e-010   0.02303125
4.70000006e-010   0.02279688
4.75000006e-010   0.02259375
4.80000006e-010   0.02242969
4.85000006e-010      0.02225
4.90000007e-010   0.02210938
4.95000007e-010   0.02196094
5.00000007e-010   0.02188281
5.05000007e-010   0.02179688
5.10000007e-010   0.02171875
5.15000007e-010     0.021625
5.20000007e-010    0.0215625
5.25000007e-010       0.0215
5.30000007e-010   0.02139844
5.35000007e-010   0.02126563
5.40000007e-010   0.02117188
5.45000007e-010   0.02103125
5.50000007e-010   0.02089063
5.55000007e-010   0.02071875
5.60000007e-010   0.02057031
5.65000008e-010   0.02041406
5.70000008e-010   0.02021875
5.75000008e-010   0.02007031
5.80000008e-010   0.01992969
5.85000008e-010   0.01977344
5.90000008e-010   0.01967969
5.95000008e-010    0.0195625
6.00000008e-010   0.01946875
6.05000008e-010   0.01939844
6.10000008e-010   0.01933594
6.15000008e-010   0.01925781
6.20000008e-010   0.01917969
6.25000008e-010   0.01907813
6.30000008e-010   0.01903906
6.35000008e-010   0.01896875
6.40000009e-010     0.018875
6.45000009e-010   0.01872656
6.50000009e-010   0.01861719
6.55000009e-010       0.0185
6.60000009e-010   0.01833594
6.65000009e-010   0.01814844
6.70000009e-010   0.01805469
6.75000009e-010   0.01789063
6.80000009e-010   0.01775781
6.85000009e-010   0.01765625
6.90000009e-010   0.01757031
6.95000009e-010   0.01748438
7.00000009e-010    0.0174375
7.05000009e-010   0.01742188
7.10000009e-010   0.01735938
7.1500001e-010   0.01741406
7.2000001e-010   0.01740625
7.2500001e-010   0.01742969
7.3000001e-010   0.01746875
7.3500001e-010   0.01748438
7.4000001e-010   0.01750781
7.4500001e-010   0.01753906
7.5000001e-010   0.01755469
7.5500001e-010   0.01754688
7.6000001e-010   0.01754688
7.6500001e-010   0.01753125
7.7000001e-010   0.01748438
7.7500001e-010   0.01744531
7.8000001e-010   0.01742188
7.8500001e-010     0.017375
7.90000011e-010   0.01734375
7.95000011e-010    0.0173125
8.00000011e-010      0.01725
8.05000011e-010    0.0171875
8.10000011e-010   0.01714063
8.15000011e-010   0.01711719
8.20000011e-010   0.01705469
8.25000011e-010        0.017
8.30000011e-010   0.01696094
8.35000011e-010   0.01690625
8.40000011e-010   0.01686719
8.45000011e-010   0.01682031
8.50000011e-010   0.01677344
8.55000011e-010   0.01673438
8.60000011e-010   0.01667969
8.65000012e-010   0.01666406
8.70000012e-010   0.01664844
8.75000012e-010   0.01664844
8.80000012e-010   0.01664844
8.85000012e-010   0.01666406
8.90000012e-010    0.0166875
8.95000012e-010   0.01675781
9.00000012e-010    0.0168125
9.05000012e-010   0.01689063
9.10000012e-010   0.01701563
9.15000012e-010   0.01714063
9.20000012e-010   0.01727344
9.25000012e-010   0.01742969
9.30000012e-010   0.01758594
9.35000012e-010   0.01773438
9.40000013e-010   0.01791406
9.45000013e-010    0.0180625
9.50000013e-010   0.01824219
9.55000013e-010   0.01835938
9.60000013e-010   0.01846875
9.65000013e-010   0.01859375
9.70000013e-010    0.0186875
9.75000013e-010   0.01878125
9.80000013e-010   0.01883594
9.85000013e-010   0.01888281
9.90000013e-010   0.01892969
9.95000013e-010   0.01892969
1.00000001e-009   0.01896094
1.00500001e-009   0.01895313
1.01000001e-009        0.019
1.01500001e-009   0.01900781
1.02000001e-009   0.01907031
1.02500001e-009   0.01910156
1.03000001e-009   0.01917969
1.03500001e-009   0.01922656
1.04000001e-009   0.01932813
1.04500001e-009   0.01939063
1.05000001e-009   0.01950781
1.05500001e-009   0.01957813
1.06000001e-009   0.01967969
1.06500001e-009   0.01979688
1.07000001e-009   0.01989063
1.07500001e-009   0.02000781
1.08000001e-009   0.02007031
1.08500001e-009   0.02016406
1.09000001e-009      0.02025
1.09500001e-009   0.02034375
1.10000001e-009   0.02044531
1.10500001e-009   0.02053125
1.11000001e-009   0.02059375
1.11500001e-009      0.02075
1.12000001e-009   0.02085938
1.12500002e-009   0.02097656
1.13000002e-009   0.02110156
1.13500002e-009   0.02125781
1.14000002e-009   0.02142188
1.14500002e-009    0.0215625
1.15000002e-009   0.02172656
1.15500002e-009   0.02189063
1.16000002e-009   0.02203125
1.16500002e-009   0.02220313
1.17000002e-009   0.02232813
1.17500002e-009   0.02246094
1.18000002e-009   0.02258594
1.18500002e-009   0.02269531
1.19000002e-009   0.02277344
1.19500002e-009   0.02282813
1.20000002e-009   0.02285156
1.20500002e-009   0.02289844
1.21000002e-009   0.02290625
1.21500002e-009   0.02292969
1.22000002e-009   0.02289063
1.22500002e-009     0.022875
1.23000002e-009   0.02285156
1.23500002e-009   0.02280469
1.24000002e-009   0.02282031
1.24500002e-009   0.02278906
1.25000002e-009   0.02277344
