+3.00000000000E+005  -7.78795230076E+001
+7.79850000000E+006  -8.47963515914E+001
+1.52970000000E+007  -8.29607609175E+001
+2.27955000000E+007  -8.19408312425E+001
+3.02940000000E+007  -7.32566402309E+001
+3.77925000000E+007  -7.91640105405E+001
+4.52910000000E+007  -7.86249680537E+001
+5.27895000000E+007  -7.12396009487E+001
+6.02880000000E+007  -7.50208612538E+001
+6.77865000000E+007  -7.03349248259E+001
+7.52850000000E+007  -6.49876632872E+001
+8.27835000000E+007  -7.04635868991E+001
+9.02820000000E+007  -6.43754743181E+001
+9.77805000000E+007  -7.03266109912E+001
+1.05279000000E+008  -6.42491389539E+001
+1.12777500000E+008  -6.54178642521E+001
+1.20276000000E+008  -6.78597363266E+001
+1.27774500000E+008  -6.31116189285E+001
+1.35273000000E+008  -6.62708547255E+001
+1.42771500000E+008  -7.05538637575E+001
+1.50270000000E+008  -6.41080795403E+001
+1.57768500000E+008  -6.14661909633E+001
+1.65267000000E+008  -5.96506606921E+001
+1.72765500000E+008  -6.24091887913E+001
+1.80264000000E+008  -6.24387154403E+001
+1.87762500000E+008  -5.59008353120E+001
+1.95261000000E+008  -5.78914973041E+001
+2.02759500000E+008  -6.32300820321E+001
+2.10258000000E+008  -6.57854890159E+001
+2.17756500000E+008  -6.46361127769E+001
+2.25255000000E+008  -6.23220314412E+001
+2.32753500000E+008  -5.58375374505E+001
+2.40252000000E+008  -7.46363123527E+001
+2.47750500000E+008  -5.72871187272E+001
+2.55249000000E+008  -6.20386890920E+001
+2.62747500000E+008  -5.61239659251E+001
+2.70246000000E+008  -6.03454621610E+001
+2.77744500000E+008  -7.07255832730E+001
+2.85243000000E+008  -5.68778500191E+001
+2.92741500000E+008  -6.43202709846E+001
+3.00240000000E+008  -5.53892015606E+001
+3.07738500000E+008  -7.43478040821E+001
+3.15237000000E+008  -6.53344081063E+001
+3.22735500000E+008  -5.81824643827E+001
+3.30234000000E+008  -6.76287778417E+001
+3.37732500000E+008  -6.44570700248E+001
+3.45231000000E+008  -6.22184525308E+001
+3.52729500000E+008  -6.05641866794E+001
+3.60228000000E+008  -6.78411340236E+001
+3.67726500000E+008  -6.09955130786E+001
+3.75225000000E+008  -5.85277560318E+001
+3.82723500000E+008  -5.61692419789E+001
+3.90222000000E+008  -6.34354686212E+001
+3.97720500000E+008  -5.85690940479E+001
+4.05219000000E+008  -6.03250112427E+001
+4.12717500000E+008  -6.43249714131E+001
+4.20216000000E+008  -5.24489351513E+001
+4.27714500000E+008  -6.11342397105E+001
+4.35213000000E+008  -7.78303461748E+001
+4.42711500000E+008  -6.17086107686E+001
+4.50210000000E+008  -7.85713952211E+001
+4.57708500000E+008  -6.31838797657E+001
+4.65207000000E+008  -6.32970537410E+001
+4.72705500000E+008  -7.16869115263E+001
+4.80204000000E+008  -6.19240667845E+001
+4.87702500000E+008  -5.39190880582E+001
+4.95201000000E+008  -5.99303898601E+001
+5.02699500000E+008  -7.14261651253E+001
+5.10198000000E+008  -5.76884985631E+001
+5.17696500000E+008  -6.46006522024E+001
+5.25195000000E+008  -6.36342960058E+001
+5.32693500000E+008  -6.57236616821E+001
+5.40192000000E+008  -5.79489723143E+001
+5.47690500000E+008  -5.92644811654E+001
+5.55189000000E+008  -6.97955994358E+001
+5.62687500000E+008  -6.00029993732E+001
+5.70186000000E+008  -6.28253773669E+001
+5.77684500000E+008  -7.03964902050E+001
+5.85183000000E+008  -6.55384844566E+001
+5.92681500000E+008  -6.76927939330E+001
+6.00180000000E+008  -5.76139143762E+001
+6.07678500000E+008  -6.17801614601E+001
+6.15177000000E+008  -6.00149340790E+001
+6.22675500000E+008  -6.29013656342E+001
+6.30174000000E+008  -5.93940605697E+001
+6.37672500000E+008  -5.53254217099E+001
+6.45171000000E+008  -6.80858933749E+001
+6.52669500000E+008  -6.36714385222E+001
+6.60168000000E+008  -7.20399690078E+001
+6.67666500000E+008  -7.11787454251E+001
+6.75165000000E+008  -6.40117880004E+001
+6.82663500000E+008  -6.06999634368E+001
+6.90162000000E+008  -5.77863918885E+001
+6.97660500000E+008  -6.72624058267E+001
+7.05159000000E+008  -6.23352104923E+001
+7.12657500000E+008  -6.07802079691E+001
+7.20156000000E+008  -6.32645141008E+001
+7.27654500000E+008  -5.71485692009E+001
+7.35153000000E+008  -6.07659512488E+001
+7.42651500000E+008  -6.17913081694E+001
+7.50150000000E+008  -6.48260693586E+001
+7.57648500000E+008  -6.11078034132E+001
+7.65147000000E+008  -6.46140617363E+001
+7.72645500000E+008  -6.26218782282E+001
+7.80144000000E+008  -6.83168428563E+001
+7.87642500000E+008  -6.91579324075E+001
+7.95141000000E+008  -6.61640361945E+001
+8.02639500000E+008  -7.14416255588E+001
+8.10138000000E+008  -6.93530907418E+001
+8.17636500000E+008  -6.16552077319E+001
+8.25135000000E+008  -6.94632907764E+001
+8.32633500000E+008  -6.79182755807E+001
+8.40132000000E+008  -6.26647668384E+001
+8.47630500000E+008  -5.87639914061E+001
+8.55129000000E+008  -5.68217790688E+001
+8.62627500000E+008  -6.09833704736E+001
+8.70126000000E+008  -6.38855234777E+001
+8.77624500000E+008  -5.95182318626E+001
+8.85123000000E+008  -6.19228577091E+001
+8.92621500000E+008  -6.19099801727E+001
+9.00120000000E+008  -7.01933113031E+001
+9.07618500000E+008  -6.08286140004E+001
+9.15117000000E+008  -6.05185570206E+001
+9.22615500000E+008  -5.82235486297E+001
+9.30114000000E+008  -6.38052411371E+001
+9.37612500000E+008  -7.17613161410E+001
+9.45111000000E+008  -6.37336472225E+001
+9.52609500000E+008  -5.99951533144E+001
+9.60108000000E+008  -6.79647259826E+001
+9.67606500000E+008  -6.21538523859E+001
+9.75105000000E+008  -5.91910536875E+001
+9.82603500000E+008  -6.52290405587E+001
+9.90102000000E+008  -7.40516904293E+001
+9.97600500000E+008  -6.42832162813E+001
+1.00509900000E+009  -6.76414610002E+001
+1.01259750000E+009  -8.18038382866E+001
+1.02009600000E+009  -6.31047843239E+001
+1.02759450000E+009  -7.86892070754E+001
+1.03509300000E+009  -6.04076129546E+001
+1.04259150000E+009  -7.12169396318E+001
+1.05009000000E+009  -6.52092544846E+001
+1.05758850000E+009  -6.97311823137E+001
+1.06508700000E+009  -6.89740322106E+001
+1.07258550000E+009  -6.74309523607E+001
+1.08008400000E+009  -6.47563587837E+001
+1.08758250000E+009  -7.86020864858E+001
+1.09508100000E+009  -6.72242505441E+001
+1.10257950000E+009  -7.00353417940E+001
+1.11007800000E+009  -7.04600524636E+001
+1.11757650000E+009  -7.35557710754E+001
+1.12507500000E+009  -6.35956448652E+001
+1.13257350000E+009  -6.39756112705E+001
+1.14007200000E+009  -5.97190955752E+001
+1.14757050000E+009  -8.93401623431E+001
+1.15506900000E+009  -6.53991885931E+001
+1.16256750000E+009  -6.38265997058E+001
+1.17006600000E+009  -6.06114098147E+001
+1.17756450000E+009  -6.35829088459E+001
+1.18506300000E+009  -7.30218481320E+001
+1.19256150000E+009  -7.21877208121E+001
+1.20006000000E+009  -6.06952708007E+001
+1.20755850000E+009  -7.39752517535E+001
+1.21505700000E+009  -6.72081607032E+001
+1.22255550000E+009  -6.57700545803E+001
+1.23005400000E+009  -6.99385923591E+001
+1.23755250000E+009  -7.03146841135E+001
+1.24505100000E+009  -7.52416530338E+001
+1.25254950000E+009  -6.08618721538E+001
+1.26004800000E+009  -6.41300902453E+001
+1.26754650000E+009  -6.76829843216E+001
+1.27504500000E+009  -7.76310554234E+001
+1.28254350000E+009  -7.03552491984E+001
+1.29004200000E+009  -7.52442450787E+001
+1.29754050000E+009  -6.93023167831E+001
+1.30503900000E+009  -7.64177226100E+001
+1.31253750000E+009  -7.57677878825E+001
+1.32003600000E+009  -7.98441343522E+001
+1.32753450000E+009  -8.83312035670E+001
+1.33503300000E+009  -8.40211904416E+001
+1.34253150000E+009  -7.09761693191E+001
+1.35003000000E+009  -6.92416065240E+001
+1.35752850000E+009  -6.98410944143E+001
+1.36502700000E+009  -6.60655812891E+001
+1.37252550000E+009  -6.65557165860E+001
+1.38002400000E+009  -8.16796474998E+001
+1.38752250000E+009  -6.91010682748E+001
+1.39502100000E+009  -6.45958506572E+001
+1.40251950000E+009  -7.39779565392E+001
+1.41001800000E+009  -6.82319739252E+001
+1.41751650000E+009  -6.78696386012E+001
+1.42501500000E+009  -6.99598810861E+001
+1.43251350000E+009  -7.31211636474E+001
+1.44001200000E+009  -7.17917803577E+001
+1.44751050000E+009  -7.26951157851E+001
+1.45500900000E+009  -8.14553849128E+001
+1.46250750000E+009  -8.10912861952E+001
+1.47000600000E+009  -7.45179441975E+001
+1.47750450000E+009  -8.23389769695E+001
+1.48500300000E+009  -6.99945009980E+001
+1.49250150000E+009  -7.94216074191E+001
+1.50000000000E+009  -7.33079419787E+001
