-4.98000007e-009 -0.0005937497
-4.96000007e-009 -0.0005156247
-4.94000007e-009 -0.0004609372
-4.92000007e-009 -0.0004218747
-4.90000007e-009 -0.0003984372
-4.88000007e-009 -0.0004531247
-4.86000006e-009 -0.0005468747
-4.84000006e-009 -0.0006953122
-4.82000006e-009 -0.0008046872
-4.80000006e-009 -0.0008281247
-4.78000006e-009 -0.0006640622
-4.76000006e-009 -0.0004609372
-4.74000006e-009 -0.0004453122
-4.72000006e-009 -0.0006015622
-4.70000006e-009 -0.0007890622
-4.68000006e-009 -0.0008046872
-4.66000006e-009 -0.0005937497
-4.64000006e-009 -0.0003593747
-4.62000006e-009 -0.0002812497
-4.60000006e-009 -0.0004062497
-4.58000006e-009 -0.0006484372
-4.56000006e-009 -0.0008046872
-4.54000006e-009 -0.0008124997
-4.52000006e-009 -0.0008046872
-4.50000006e-009 -0.0007343747
-4.48000006e-009 -0.0007343747
-4.46000006e-009 -0.0007734372
-4.44000006e-009 -0.0008593747
-4.42000006e-009 -0.0008359372
-4.40000006e-009 -0.0006562497
-4.38000006e-009 -0.0004374997
-4.36000006e-009 -0.0003828122
-4.34000006e-009 -0.0005156247
-4.32000006e-009 -0.0006874997
-4.30000006e-009 -0.0008046872
-4.28000006e-009 -0.0007734372
-4.26000006e-009 -0.0007031247
-4.24000006e-009 -0.0005468747
-4.22000006e-009 -0.0004218747
-4.20000006e-009 -0.0003671872
-4.18000006e-009 -0.0003984372
-4.16000006e-009 -0.0004374997
-4.14000006e-009 -0.0004921872
-4.12000006e-009 -0.0004921872
-4.10000005e-009 -0.0005546872
-4.08000005e-009 -0.0006093747
-4.06000005e-009 -0.0006406247
-4.04000005e-009 -0.0005546872
-4.02000005e-009 -0.0004843747
-4.00000005e-009 -0.0005937497
-3.98000005e-009 -0.0008281247
-3.96000005e-009 -0.001101562
-3.94000005e-009 -0.001171875
-3.92000005e-009  -0.00109375
-3.90000005e-009 -0.001039062
-3.88000005e-009 -0.001171875
-3.86000005e-009 -0.001328125
-3.84000005e-009   -0.0014375
-3.82000005e-009  -0.00140625
-3.80000005e-009 -0.001429687
-3.78000005e-009 -0.001578125
-3.76000005e-009    -0.001875
-3.74000005e-009 -0.002234375
-3.72000005e-009 -0.002539062
-3.70000005e-009 -0.002796875
-3.68000005e-009    -0.003125
-3.66000005e-009 -0.003453125
-3.64000005e-009 -0.003734375
-3.62000005e-009   -0.0039375
-3.60000005e-009 -0.004117187
-3.58000005e-009   -0.0043125
-3.56000005e-009 -0.004546875
-3.54000005e-009  -0.00478125
-3.52000005e-009 -0.005046875
-3.50000005e-009 -0.005523437
-3.48000005e-009  -0.00615625
-3.46000005e-009 -0.006765625
-3.44000005e-009 -0.007015625
-3.42000005e-009 -0.007046875
-3.40000005e-009 -0.007117187
-3.38000005e-009 -0.007460938
-3.36000004e-009   -0.0079375
-3.34000004e-009  -0.00821875
-3.32000004e-009 -0.008164063
-3.30000004e-009 -0.008054688
-3.28000004e-009  -0.00815625
-3.26000004e-009      -0.0085
-3.24000004e-009 -0.008898438
-3.22000004e-009 -0.009171875
-3.20000004e-009 -0.009351563
-3.18000004e-009  -0.00946875
-3.16000004e-009  -0.00953125
-3.14000004e-009 -0.009546875
-3.12000004e-009 -0.009546875
-3.10000004e-009  -0.00971875
-3.08000004e-009  -0.01002344
-3.06000004e-009   -0.0103125
-3.04000004e-009  -0.01044531
-3.02000004e-009  -0.01030469
-3.00000004e-009   -0.0100625
-2.98000004e-009 -0.009898438
-2.96000004e-009 -0.009984375
-2.94000004e-009  -0.01027344
-2.92000004e-009      -0.0105
-2.90000004e-009  -0.01053906
-2.88000004e-009  -0.01042188
-2.86000004e-009  -0.01038281
-2.84000004e-009  -0.01055469
-2.82000004e-009  -0.01077344
-2.80000004e-009     -0.01075
-2.78000004e-009  -0.01041406
-2.76000004e-009 -0.009984375
-2.74000004e-009 -0.009804688
-2.72000004e-009 -0.009867188
-2.70000004e-009 -0.009984375
-2.68000004e-009 -0.009929688
-2.66000004e-009 -0.009804688
-2.64000004e-009 -0.009804688
-2.62000003e-009  -0.01001563
-2.60000003e-009  -0.01010938
-2.58000003e-009 -0.009992188
-2.56000003e-009 -0.009671875
-2.54000003e-009 -0.009382813
-2.52000003e-009 -0.009210938
-2.50000003e-009  -0.00909375
-2.48000003e-009   -0.0089375
-2.46000003e-009  -0.00890625
-2.44000003e-009 -0.009046875
-2.42000003e-009 -0.009242188
-2.40000003e-009 -0.009210938
-2.38000003e-009 -0.008867188
-2.36000003e-009 -0.008398438
-2.34000003e-009 -0.008101563
-2.32000003e-009 -0.008148438
-2.30000003e-009 -0.008234375
-2.28000003e-009 -0.008296875
-2.26000003e-009 -0.008078125
-2.24000003e-009 -0.007726563
-2.22000003e-009 -0.007265625
-2.20000003e-009 -0.006789062
-2.18000003e-009 -0.006515625
-2.16000003e-009      -0.0065
-2.14000003e-009 -0.006601562
-2.12000003e-009    -0.006625
-2.10000003e-009 -0.006445312
-2.08000003e-009   -0.0061875
-2.06000003e-009       -0.006
-2.04000003e-009 -0.005835937
-2.02000003e-009 -0.005679687
-2.00000003e-009   -0.0054375
-1.98000003e-009  -0.00521875
-1.96000003e-009  -0.00509375
-1.94000003e-009 -0.005023437
-1.92000003e-009 -0.004953125
-1.90000003e-009 -0.004898437
-1.88000003e-009 -0.004898437
-1.86000002e-009 -0.004898437
-1.84000002e-009 -0.004703125
-1.82000002e-009 -0.004273437
-1.80000002e-009   -0.0038125
-1.78000002e-009 -0.003617187
-1.76000002e-009  -0.00359375
-1.74000002e-009 -0.003554687
-1.72000002e-009  -0.00340625
-1.70000002e-009   -0.0031875
-1.68000002e-009 -0.003109375
-1.66000002e-009 -0.003195312
-1.64000002e-009 -0.003335937
-1.62000002e-009 -0.003382812
-1.60000002e-009 -0.003257812
-1.58000002e-009 -0.003023437
-1.56000002e-009 -0.002820312
-1.54000002e-009   -0.0028125
-1.52000002e-009 -0.002976562
-1.50000002e-009 -0.003164062
-1.48000002e-009 -0.003226562
-1.46000002e-009 -0.003148437
-1.44000002e-009 -0.002992187
-1.42000002e-009 -0.002890625
-1.40000002e-009 -0.002828125
-1.38000002e-009 -0.002757812
-1.36000002e-009    -0.002625
-1.34000002e-009 -0.002460937
-1.32000002e-009 -0.002335937
-1.30000002e-009  -0.00240625
-1.28000002e-009 -0.002632812
-1.26000002e-009    -0.002875
-1.24000002e-009 -0.003023437
-1.22000002e-009 -0.003023437
-1.20000002e-009 -0.002921875
-1.18000002e-009  -0.00290625
-1.16000002e-009  -0.00296875
-1.14000002e-009 -0.003148437
-1.12000001e-009 -0.003289062
-1.10000001e-009    -0.003375
-1.08000001e-009 -0.003328125
-1.06000001e-009  -0.00334375
-1.04000001e-009 -0.003507812
-1.02000001e-009 -0.003734375
-1.00000001e-009 -0.003804687
-9.80000013e-010 -0.003664062
-9.60000013e-010 -0.003570312
-9.40000013e-010 -0.003710937
-9.20000012e-010 -0.004070312
-9.00000012e-010 -0.004328125
-8.80000012e-010   -0.0044375
-8.60000011e-010 -0.004460937
-8.40000011e-010 -0.004710937
-8.20000011e-010 -0.005210937
-8.00000011e-010 -0.005640625
-7.8000001e-010 -0.006078125
-7.6000001e-010  -0.00640625
-7.4000001e-010 -0.007039062
-7.2000001e-010 -0.008179688
-7.00000009e-010 -0.009515625
-6.80000009e-010  -0.01151563
-6.60000009e-010  -0.01379688
-6.40000009e-010  -0.01680469
-6.20000008e-010  -0.02129688
-6.00000008e-010  -0.02732031
-5.80000008e-010  -0.03552344
-5.60000007e-010  -0.04542969
-5.40000007e-010  -0.05700781
-5.20000007e-010  -0.07053125
-5.00000007e-010     -0.08575
-4.80000006e-010   -0.1020703
-4.60000006e-010   -0.1183203
-4.40000006e-010   -0.1331094
-4.20000006e-010      -0.1455
-4.00000005e-010   -0.1552344
-3.80000005e-010   -0.1615469
-3.60000005e-010   -0.1652422
-3.40000005e-010   -0.1660938
-3.20000004e-010   -0.1648906
-3.00000004e-010   -0.1627813
-2.80000004e-010   -0.1594531
-2.60000003e-010   -0.1560703
-2.40000003e-010   -0.1519922
-2.20000003e-010    -0.147125
-2.00000003e-010   -0.1419297
-1.80000002e-010   -0.1353594
-1.60000002e-010   -0.1274219
-1.40000002e-010   -0.1172891
-1.20000002e-010   -0.1048203
-1.00000001e-010  -0.09088282
-8.00000011e-011  -0.07576563
-6.00000008e-011   -0.0598125
-4.00000005e-011  -0.04345313
-2.00000003e-011  -0.02739063
           0   -0.0129375
2.00000003e-011 -0.001390625
4.00000005e-011  0.007625001
6.00000008e-011   0.01404688
8.00000011e-011   0.01828906
1.00000001e-010    0.0205625
1.20000002e-010   0.02063281
1.40000002e-010   0.01978906
1.60000002e-010   0.01846094
1.80000002e-010   0.01746094
2.00000003e-010   0.01700781
2.20000003e-010   0.01701563
2.40000003e-010   0.01771875
2.60000003e-010   0.01904688
2.80000004e-010   0.02107031
3.00000004e-010       0.0235
3.20000004e-010   0.02570313
3.40000005e-010   0.02725781
3.60000005e-010   0.02796875
3.80000005e-010   0.02801563
4.00000005e-010   0.02764063
4.20000006e-010   0.02689063
4.40000006e-010   0.02569531
4.60000006e-010    0.0243125
4.80000006e-010   0.02289063
5.00000007e-010   0.02189844
5.20000007e-010   0.02121094
5.40000007e-010   0.02063281
5.60000007e-010   0.02001563
5.80000008e-010   0.01939844
6.00000008e-010   0.01903125
6.20000008e-010   0.01882813
6.40000009e-010   0.01854688
6.60000009e-010   0.01822656
6.80000009e-010   0.01791406
7.00000009e-010   0.01784375
7.2000001e-010   0.01789844
7.4000001e-010     0.017875
7.6000001e-010     0.017625
7.8000001e-010   0.01721875
8.00000011e-010   0.01686719
8.20000011e-010   0.01664063
8.40000011e-010    0.0165625
8.60000011e-010   0.01645313
8.80000012e-010   0.01630469
9.00000012e-010   0.01622656
9.20000012e-010   0.01642188
9.40000013e-010   0.01694531
9.60000013e-010   0.01764063
9.80000013e-010   0.01836719
1.00000001e-009   0.01895313
1.02000001e-009   0.01938281
1.04000001e-009   0.01960938
1.06000001e-009    0.0196875
1.08000001e-009   0.01961719
1.10000001e-009    0.0194375
1.12000001e-009   0.01935938
1.14000002e-009   0.01959375
1.16000002e-009   0.02009375
1.18000002e-009   0.02078125
1.20000002e-009    0.0214375
1.22000002e-009   0.02189063
1.24000002e-009   0.02233594
1.26000002e-009     0.022875
1.28000002e-009   0.02338281
1.30000002e-009   0.02369531
1.32000002e-009   0.02365625
1.34000002e-009    0.0235625
1.36000002e-009   0.02363281
1.38000002e-009   0.02383594
1.40000002e-009   0.02388281
1.42000002e-009   0.02374219
1.44000002e-009   0.02346094
1.46000002e-009   0.02321875
1.48000002e-009   0.02296875
1.50000002e-009   0.02249219
1.52000002e-009   0.02178125
1.54000002e-009   0.02116406
1.56000002e-009   0.02078125
1.58000002e-009   0.02063281
1.60000002e-009   0.02032031
1.62000002e-009   0.01969531
1.64000002e-009   0.01900781
1.66000002e-009   0.01848438
1.68000002e-009    0.0181875
1.70000002e-009   0.01789063
1.72000002e-009   0.01742969
1.74000002e-009   0.01685938
1.76000002e-009   0.01639844
1.78000002e-009    0.0161875
1.80000002e-009   0.01617969
1.82000002e-009   0.01622656
1.84000002e-009   0.01632813
1.86000002e-009   0.01634375
1.88000003e-009   0.01630469
1.90000003e-009   0.01625781
1.92000003e-009   0.01624219
1.94000003e-009   0.01627344
1.96000003e-009   0.01636719
1.98000003e-009   0.01639844
2.00000003e-009   0.01639063
2.02000003e-009   0.01649219
2.04000003e-009   0.01685156
2.06000003e-009      0.01725
2.08000003e-009   0.01739844
2.10000003e-009   0.01732813
2.12000003e-009   0.01719531
2.14000003e-009   0.01723438
2.16000003e-009   0.01753125
2.18000003e-009   0.01785938
2.20000003e-009   0.01803125
2.22000003e-009   0.01805469
2.24000003e-009   0.01803906
2.26000003e-009   0.01803125
2.28000003e-009   0.01802344
2.30000003e-009   0.01797656
2.32000003e-009   0.01792969
2.34000003e-009    0.0178125
2.36000003e-009   0.01760938
2.38000003e-009   0.01729688
2.40000003e-009   0.01692188
2.42000003e-009   0.01658594
2.44000003e-009   0.01635938
2.46000003e-009   0.01633594
2.48000003e-009   0.01640625
2.50000003e-009   0.01642969
2.52000003e-009   0.01628906
2.54000003e-009   0.01611719
2.56000003e-009   0.01589844
2.58000003e-009   0.01572656
2.60000003e-009   0.01567188
2.62000003e-009   0.01567188
2.64000004e-009   0.01563281
2.66000004e-009   0.01552344
2.68000004e-009   0.01523438
2.70000004e-009   0.01486719
2.72000004e-009   0.01453125
2.74000004e-009   0.01432813
2.76000004e-009   0.01421094
2.78000004e-009    0.0141875
2.80000004e-009      0.01425
2.82000004e-009   0.01433594
2.84000004e-009   0.01429688
2.86000004e-009   0.01404688
2.88000004e-009   0.01369531
2.90000004e-009       0.0135
2.92000004e-009   0.01352344
2.94000004e-009   0.01361719
2.96000004e-009   0.01360156
2.98000004e-009   0.01341406
3.00000004e-009   0.01319531
3.02000004e-009   0.01321094
3.04000004e-009   0.01342969
3.06000004e-009   0.01361719
3.08000004e-009   0.01360156
3.10000004e-009   0.01341406
3.12000004e-009   0.01328906
3.14000004e-009   0.01335938
3.16000004e-009   0.01339063
3.18000004e-009   0.01322656
3.20000004e-009   0.01282031
3.22000004e-009   0.01248438
3.24000004e-009    0.0124375
3.26000004e-009   0.01248438
3.28000004e-009   0.01239063
3.30000004e-009   0.01210156
3.32000004e-009   0.01179688
3.34000004e-009   0.01183594
3.36000004e-009    0.0120625
3.38000005e-009   0.01222656
3.40000005e-009   0.01217188
3.42000005e-009   0.01202344
3.44000005e-009   0.01196094
3.46000005e-009   0.01200781
3.48000005e-009   0.01184375
3.50000005e-009   0.01142969
3.52000005e-009   0.01084375
3.54000005e-009   0.01042969
3.56000005e-009   0.01028125
3.58000005e-009   0.01034375
3.60000005e-009   0.01039063
3.62000005e-009   0.01035938
3.64000005e-009   0.01021094
3.66000005e-009   0.01008594
3.68000005e-009  0.009992188
3.70000005e-009  0.009984376
3.72000005e-009         0.01
3.74000005e-009  0.009968751
3.76000005e-009  0.009945313
3.78000005e-009   0.01002344
3.80000005e-009   0.01011719
3.82000005e-009     0.010125
3.84000005e-009  0.009945313
3.86000005e-009  0.009609376
3.88000005e-009  0.009367188
3.90000005e-009  0.009328126
3.92000005e-009  0.009460938
3.94000005e-009  0.009601563
3.96000005e-009  0.009695313
3.98000005e-009  0.009812501
4.00000005e-009  0.009976563
4.02000005e-009   0.01007813
4.04000005e-009  0.009929688
4.06000005e-009  0.009601563
4.08000005e-009  0.009367188
4.10000005e-009  0.009390626
4.12000006e-009  0.009492188
4.14000006e-009  0.009437501
4.16000006e-009  0.009210938
4.18000006e-009  0.008976563
4.20000006e-009  0.008906251
4.22000006e-009  0.009000001
4.24000006e-009  0.009085938
4.26000006e-009  0.009023438
4.28000006e-009  0.008773438
4.30000006e-009  0.008492188
4.32000006e-009  0.008414063
4.34000006e-009  0.008351563
4.36000006e-009  0.008281251
4.38000006e-009  0.008085938
4.40000006e-009  0.007851563
4.42000006e-009  0.007750001
4.44000006e-009  0.007734376
4.46000006e-009  0.007734376
4.48000006e-009  0.007632813
4.50000006e-009  0.007460938
4.52000006e-009  0.007312501
4.54000006e-009  0.007289063
4.56000006e-009  0.007406251
4.58000006e-009  0.007585938
4.60000006e-009  0.007742188
4.62000006e-009  0.007640626
4.64000006e-009  0.007531251
4.66000006e-009  0.007476563
4.68000006e-009  0.007507813
4.70000006e-009  0.007445313
4.72000006e-009  0.007164063
4.74000006e-009  0.006789063
4.76000006e-009  0.006515626
4.78000006e-009  0.006515626
4.80000006e-009  0.006726563
4.82000006e-009  0.006960938
4.84000006e-009  0.007046876
4.86000006e-009  0.007031251
4.88000007e-009  0.006968751
4.90000007e-009  0.006882813
4.92000007e-009  0.006804688
4.94000007e-009  0.006656251
4.96000007e-009  0.006632813
4.98000007e-009  0.006656251
5.00000007e-009  0.006734376
