-4.98000007e-009 -0.003757812
-4.96000007e-009  0.005250001
-4.94000007e-009 -0.004804687
-4.92000007e-009  0.005000001
-4.90000007e-009 -0.004648437
-4.88000007e-009  0.005921876
-4.86000006e-009 -0.005460937
-4.84000006e-009  0.005000001
-4.82000006e-009       -0.005
-4.80000006e-009  0.005242188
-4.78000006e-009 -0.003976562
-4.76000006e-009  0.005093751
-4.74000006e-009 -0.006078125
-4.72000006e-009  0.005000001
-4.70000006e-009  -0.00534375
-4.68000006e-009  0.003562501
-4.66000006e-009 -0.006078125
-4.64000006e-009  0.005164063
-4.62000006e-009 -0.003835937
-4.60000006e-009  0.005000001
-4.58000006e-009 -0.005078125
-4.56000006e-009  0.003468751
-4.54000006e-009 -0.005101562
-4.52000006e-009  0.003476563
-4.50000006e-009  -0.00553125
-4.48000006e-009  0.004429688
-4.46000006e-009 -0.004679687
-4.44000006e-009  0.005398438
-4.42000006e-009 -0.004984375
-4.40000006e-009  0.005000001
-4.38000006e-009 -0.005265625
-4.36000006e-009  0.007437501
-4.34000006e-009 -0.005484375
-4.32000006e-009  0.005000001
-4.30000006e-009    -0.003875
-4.28000006e-009  0.004531251
-4.26000006e-009       -0.005
-4.24000006e-009  0.005000001
-4.22000006e-009  -0.00371875
-4.20000006e-009  0.005000001
-4.18000006e-009     -0.00375
-4.16000006e-009  0.003500001
-4.14000006e-009 -0.005554687
-4.12000006e-009  0.003898438
-4.10000005e-009       -0.005
-4.08000005e-009  0.003734376
-4.06000005e-009    -0.005625
-4.04000005e-009  0.004578126
-4.02000005e-009 -0.005054687
-4.00000005e-009  0.007000001
-3.98000005e-009 -0.004453125
-3.96000005e-009  0.004914063
-3.94000005e-009 -0.005414062
-3.92000005e-009  0.004468751
-3.90000005e-009 -0.005171875
-3.88000005e-009  0.003070313
-3.86000005e-009 -0.007023437
-3.84000005e-009  0.005156251
-3.82000005e-009 -0.005632812
-3.80000005e-009        0.003
-3.78000005e-009 -0.006148437
-3.76000005e-009  0.003164063
-3.74000005e-009 -0.005890625
-3.72000005e-009  0.002992188
-3.70000005e-009       -0.007
-3.68000005e-009  0.001507813
-3.66000005e-009 -0.008023438
-3.64000005e-009   0.00146875
-3.62000005e-009       -0.009
-3.60000005e-009        0.001
-3.58000005e-009   -0.0086875
-3.56000005e-009 -0.0008906247
-3.54000005e-009  -0.01039063
-3.52000005e-009 -0.0008984372
-3.50000005e-009 -0.009273438
-3.48000005e-009 -0.001460937
-3.46000005e-009  -0.01135156
-3.44000005e-009 -0.002398437
-3.42000005e-009  -0.01173438
-3.40000005e-009 -0.002679687
-3.38000005e-009  -0.01153906
-3.36000004e-009 -0.003648437
-3.34000004e-009  -0.01371094
-3.32000004e-009 -0.002882812
-3.30000004e-009  -0.01369531
-3.28000004e-009 -0.004546875
-3.26000004e-009  -0.01332813
-3.24000004e-009 -0.003742187
-3.22000004e-009       -0.013
-3.20000004e-009       -0.005
-3.18000004e-009  -0.01322656
-3.16000004e-009 -0.005007812
-3.14000004e-009       -0.017
-3.12000004e-009 -0.002945312
-3.10000004e-009  -0.01364063
-3.08000004e-009 -0.005054687
-3.06000004e-009  -0.01391406
-3.04000004e-009 -0.004554687
-3.02000004e-009       -0.015
-3.00000004e-009       -0.005
-2.98000004e-009  -0.01574219
-2.96000004e-009 -0.005460937
-2.94000004e-009       -0.015
-2.92000004e-009       -0.005
-2.90000004e-009       -0.015
-2.88000004e-009 -0.004304687
-2.86000004e-009  -0.01407813
-2.84000004e-009 -0.005921875
-2.82000004e-009     -0.01425
-2.80000004e-009       -0.005
-2.78000004e-009  -0.01478906
-2.76000004e-009 -0.005710937
-2.74000004e-009    -0.013375
-2.72000004e-009 -0.004992187
-2.70000004e-009       -0.015
-2.68000004e-009  -0.00521875
-2.66000004e-009  -0.01482813
-2.64000004e-009       -0.005
-2.62000003e-009  -0.01321875
-2.60000003e-009       -0.005
-2.58000003e-009  -0.01369531
-2.56000003e-009 -0.004328125
-2.54000003e-009    -0.013125
-2.52000003e-009 -0.004421875
-2.50000003e-009  -0.01400781
-2.48000003e-009 -0.004179687
-2.46000003e-009  -0.01319531
-2.44000003e-009 -0.004640625
-2.42000003e-009       -0.013
-2.40000003e-009       -0.003
-2.38000003e-009  -0.01363281
-2.36000003e-009 -0.003484375
-2.34000003e-009   -0.0125625
-2.32000003e-009 -0.002734375
-2.30000003e-009       -0.011
-2.28000003e-009 -0.003132812
-2.26000003e-009  -0.01257813
-2.24000003e-009  -0.00278125
-2.22000003e-009       -0.011
-2.20000003e-009 -0.002273437
-2.18000003e-009  -0.01138281
-2.16000003e-009 -0.0008749997
-2.14000003e-009  -0.01034375
-2.12000003e-009 -0.0003203122
-2.10000003e-009 -0.009710938
-2.08000003e-009 -0.001484375
-2.06000003e-009   -0.0100625
-2.04000003e-009 -3.906215e-005
-2.02000003e-009  -0.00971875
-2.00000003e-009 -0.0009062497
-1.98000003e-009  -0.00834375
-1.96000003e-009  0.001359375
-1.94000003e-009 -0.008296875
-1.92000003e-009        0.001
-1.90000003e-009 -0.007664063
-1.88000003e-009 0.0007421879
-1.86000002e-009  -0.00896875
-1.84000002e-009  0.001726563
-1.82000002e-009       -0.007
-1.80000002e-009  0.002765625
-1.78000002e-009 -0.007226562
-1.76000002e-009  0.002140625
-1.74000002e-009 -0.007046875
-1.72000002e-009  0.001570313
-1.70000002e-009 -0.007179687
-1.68000002e-009  0.002210938
-1.66000002e-009 -0.006992187
-1.64000002e-009   0.00165625
-1.62000002e-009       -0.007
-1.60000002e-009  0.001890625
-1.58000002e-009 -0.007289062
-1.56000002e-009  0.001921875
-1.54000002e-009 -0.006101562
-1.52000002e-009  0.001820313
-1.50000002e-009       -0.007
-1.48000002e-009  0.002867188
-1.46000002e-009 -0.006726562
-1.44000002e-009  0.001148438
-1.42000002e-009       -0.005
-1.40000002e-009        0.003
-1.38000002e-009  -0.00703125
-1.36000002e-009  0.001453125
-1.34000002e-009 -0.007078125
-1.32000002e-009        0.003
-1.30000002e-009       -0.007
-1.28000002e-009  0.003679688
-1.26000002e-009 -0.006304687
-1.24000002e-009  0.003632813
-1.22000002e-009 -0.007351562
-1.20000002e-009  0.001289063
-1.18000002e-009 -0.007632813
-1.16000002e-009  0.002804688
-1.14000002e-009       -0.007
-1.12000001e-009        0.003
-1.10000001e-009  -0.00634375
-1.08000001e-009   0.00159375
-1.06000001e-009 -0.007007812
-1.04000001e-009  0.001117188
-1.02000001e-009   -0.0076875
-1.00000001e-009  0.001484375
-9.80000013e-010 -0.009085938
-9.60000013e-010 0.0006093754
-9.40000013e-010 -0.008367188
-9.20000012e-010 0.0001171879
-9.00000012e-010    -0.007125
-8.80000012e-010 -0.0004687497
-8.60000011e-010   -0.0093125
-8.40000011e-010 7.031285e-005
-8.20000011e-010   -0.0094375
-8.00000011e-010 -0.0008984372
-7.8000001e-010  -0.01292188
-7.6000001e-010      -0.0025
-7.4000001e-010  -0.01250781
-7.2000001e-010       -0.005
-7.00000009e-010       -0.015
-6.80000009e-010 -0.006640625
-6.60000009e-010  -0.02210938
-6.40000009e-010   -0.0160625
-6.20000008e-010  -0.03479688
-6.00000008e-010       -0.027
-5.80000008e-010  -0.05604688
-5.60000007e-010  -0.04921875
-5.40000007e-010       -0.085
-5.20000007e-010       -0.079
-5.00000007e-010       -0.119
-4.80000006e-010   -0.1123047
-4.60000006e-010   -0.1467891
-4.40000006e-010    -0.140625
-4.20000006e-010   -0.1662344
-4.00000005e-010       -0.157
-3.80000005e-010   -0.1715703
-3.60000005e-010   -0.1586484
-3.40000005e-010   -0.1692422
-3.20000004e-010   -0.1525078
-3.00000004e-010       -0.163
-2.80000004e-010   -0.1483438
-2.60000003e-010   -0.1568047
-2.40000003e-010       -0.139
-2.20000003e-010   -0.1475859
-2.00000003e-010   -0.1259531
-1.80000002e-010   -0.1342188
-1.60000002e-010   -0.1032656
-1.40000002e-010   -0.1099609
-1.20000002e-010  -0.07495313
-1.00000001e-010       -0.081
-8.00000011e-011  -0.04210938
-6.00000008e-011  -0.04728125
-4.00000005e-011       -0.009
-2.00000003e-011  -0.01738281
           0        0.011
2.00000003e-011  0.003906251
4.00000005e-011   0.02329688
6.00000008e-011   0.01333594
8.00000011e-011        0.025
1.00000001e-010   0.01300781
1.20000002e-010   0.02396875
1.40000002e-010   0.01149219
1.60000002e-010   0.02148438
1.80000002e-010   0.01228125
2.00000003e-010   0.02255469
2.20000003e-010   0.01271875
2.40000003e-010   0.02582031
2.60000003e-010   0.01780469
2.80000004e-010        0.031
3.00000004e-010   0.02270313
3.20000004e-010     0.035125
3.40000005e-010   0.02171094
3.60000005e-010   0.03264063
3.80000005e-010   0.02180469
4.00000005e-010   0.03067188
4.20000006e-010   0.01807031
4.40000006e-010   0.02855469
4.60000006e-010   0.01658594
4.80000006e-010        0.029
5.00000007e-010        0.017
5.20000007e-010   0.02880469
5.40000007e-010   0.01685156
5.60000007e-010   0.02838281
5.80000008e-010    0.0144375
6.00000008e-010   0.02582813
6.20000008e-010   0.01385156
6.40000009e-010   0.02470313
6.60000009e-010   0.01433594
6.80000009e-010        0.023
7.00000009e-010        0.011
7.2000001e-010   0.02307031
7.4000001e-010   0.01042969
7.6000001e-010   0.02142188
7.8000001e-010   0.01113281
8.00000011e-010        0.023
8.20000011e-010   0.01148438
8.40000011e-010   0.02152344
8.60000011e-010  0.009929688
8.80000012e-010        0.023
9.00000012e-010   0.01066406
9.20000012e-010   0.02307031
9.40000013e-010   0.01238281
9.60000013e-010   0.02329688
9.80000013e-010   0.01445313
1.00000001e-009   0.02558594
1.02000001e-009   0.01264844
1.04000001e-009   0.02419531
1.06000001e-009        0.013
1.08000001e-009    0.0243125
1.10000001e-009        0.015
1.12000001e-009   0.02690625
1.14000002e-009   0.01726563
1.16000002e-009   0.02736719
1.18000002e-009   0.01764844
1.20000002e-009        0.027
1.22000002e-009     0.018125
1.24000002e-009   0.02879688
1.26000002e-009   0.01859375
1.28000002e-009   0.02740625
1.30000002e-009        0.018
1.32000002e-009   0.02842969
1.34000002e-009   0.01675781
1.36000002e-009   0.02973438
1.38000002e-009        0.019
1.40000002e-009        0.029
1.42000002e-009   0.01871875
1.44000002e-009   0.02967969
1.46000002e-009        0.019
1.48000002e-009        0.029
1.50000002e-009    0.0170625
1.52000002e-009   0.02710156
1.54000002e-009   0.01685938
1.56000002e-009   0.02680469
1.58000002e-009        0.015
1.60000002e-009   0.02325781
1.62000002e-009   0.01382813
1.64000002e-009   0.02378125
1.66000002e-009   0.01417969
1.68000002e-009   0.02300781
1.70000002e-009        0.013
1.72000002e-009   0.02313281
1.74000002e-009   0.01185938
1.76000002e-009        0.023
1.78000002e-009   0.01255469
1.80000002e-009   0.02121875
1.82000002e-009   0.01158594
1.84000002e-009   0.02298438
1.86000002e-009   0.01182031
1.88000003e-009   0.02280469
1.90000003e-009        0.013
1.92000003e-009   0.02227344
1.94000003e-009   0.01255469
1.96000003e-009   0.02282031
1.98000003e-009    0.0118125
2.00000003e-009        0.023
2.02000003e-009   0.01219531
2.04000003e-009   0.02309375
2.06000003e-009        0.013
2.08000003e-009        0.025
2.10000003e-009   0.01414063
2.12000003e-009   0.02335938
2.14000003e-009   0.01298438
2.16000003e-009   0.02123438
2.18000003e-009        0.013
2.20000003e-009        0.023
2.22000003e-009   0.01389063
2.24000003e-009   0.02379688
2.26000003e-009   0.01440625
2.28000003e-009   0.02303906
2.30000003e-009        0.013
2.32000003e-009   0.02253906
2.34000003e-009   0.01317188
2.36000003e-009        0.023
2.38000003e-009        0.011
2.40000003e-009   0.02339844
2.42000003e-009   0.01282813
2.44000003e-009   0.02190625
2.46000003e-009   0.01034375
2.48000003e-009        0.021
2.50000003e-009   0.01108594
2.52000003e-009     0.021125
2.54000003e-009   0.01085156
2.56000003e-009   0.01971094
2.58000003e-009   0.01140625
2.60000003e-009        0.021
2.62000003e-009   0.01067188
2.64000004e-009      0.02075
2.66000004e-009   0.01033594
2.68000004e-009        0.023
2.70000004e-009   0.01077344
2.72000004e-009   0.02023438
2.74000004e-009   0.01085156
2.76000004e-009   0.01985156
2.78000004e-009  0.006468751
2.80000004e-009   0.01927344
2.82000004e-009  0.009750001
2.84000004e-009   0.01895313
2.86000004e-009  0.008656251
2.88000004e-009        0.021
2.90000004e-009  0.008679688
2.92000004e-009   0.01774219
2.94000004e-009  0.007414063
2.96000004e-009   0.01972656
2.98000004e-009  0.009000001
3.00000004e-009        0.019
3.02000004e-009   0.01067188
3.04000004e-009   0.01900781
3.06000004e-009  0.008937501
3.08000004e-009        0.019
3.10000004e-009  0.009000001
3.12000004e-009   0.01875781
3.14000004e-009  0.008929688
3.16000004e-009        0.019
3.18000004e-009  0.007000001
3.20000004e-009   0.01889844
3.22000004e-009  0.007695313
3.24000004e-009   0.02026563
3.26000004e-009  0.008734376
3.28000004e-009   0.01802344
3.30000004e-009  0.008804688
3.32000004e-009   0.01725781
3.34000004e-009  0.008710938
3.36000004e-009        0.017
3.38000005e-009  0.008375001
3.40000005e-009   0.01992188
3.42000005e-009  0.005070313
3.44000005e-009   0.01564844
3.46000005e-009  0.007914063
3.48000005e-009   0.01627344
3.50000005e-009  0.006890626
3.52000005e-009   0.01571875
3.54000005e-009  0.006515626
3.56000005e-009   0.01889844
3.58000005e-009  0.004757813
3.60000005e-009        0.015
3.62000005e-009  0.006226563
3.64000005e-009   0.01634375
3.66000005e-009  0.004039063
3.68000005e-009        0.017
3.70000005e-009  0.005929688
3.72000005e-009   0.01553906
3.74000005e-009  0.004281251
3.76000005e-009        0.015
3.78000005e-009  0.004976563
3.80000005e-009       0.0185
3.82000005e-009  0.005195313
3.84000005e-009   0.01682031
3.86000005e-009  0.005945313
3.88000005e-009        0.015
3.90000005e-009  0.003539063
3.92000005e-009   0.01542188
3.94000005e-009  0.004875001
3.96000005e-009   0.01557031
3.98000005e-009  0.004476563
4.00000005e-009      0.01575
4.02000005e-009  0.005625001
4.04000005e-009   0.01494531
4.06000005e-009  0.005000001
4.08000005e-009        0.017
4.10000005e-009  0.006054688
4.12000006e-009   0.01422656
4.14000006e-009  0.004875001
4.16000006e-009   0.01505469
4.18000006e-009        0.003
4.20000006e-009        0.017
4.22000006e-009  0.003070313
4.24000006e-009   0.01335938
4.26000006e-009  0.002570313
4.28000006e-009        0.013
4.30000006e-009  0.005937501
4.32000006e-009   0.01488281
4.34000006e-009  0.004226563
4.36000006e-009   0.01389844
4.38000006e-009        0.003
4.40000006e-009        0.013
4.42000006e-009       0.0025
4.44000006e-009   0.01377344
4.46000006e-009  0.001976563
4.48000006e-009      0.01375
4.50000006e-009  0.001945313
4.52000006e-009   0.01263281
4.54000006e-009     0.003125
4.56000006e-009   0.01205469
4.58000006e-009  0.002796875
4.60000006e-009   0.01316406
4.62000006e-009  0.003437501
4.64000006e-009      0.01275
4.66000006e-009  0.002539063
4.68000006e-009        0.013
4.70000006e-009  0.002398438
4.72000006e-009   0.01378906
4.74000006e-009  0.003242188
4.76000006e-009     0.011625
4.78000006e-009        0.003
4.80000006e-009        0.013
4.82000006e-009 -0.0001406247
4.84000006e-009   0.01180469
4.86000006e-009  0.002476563
4.88000007e-009   0.01269531
4.90000007e-009        0.001
4.92000007e-009   0.01214063
4.94000007e-009  0.002921875
4.96000007e-009   0.01228125
4.98000007e-009  0.001679688
5.00000007e-009        0.013
