-1.24500002e-009 -0.001476563
-1.24000002e-009 -0.001523438
-1.23500002e-009 -0.001492188
-1.23000002e-009  -0.00153125
-1.22500002e-009 -0.001523438
-1.22000002e-009  -0.00153125
-1.21500002e-009 -0.001546875
-1.21000002e-009 -0.001554688
-1.20500002e-009   -0.0015625
-1.20000002e-009  -0.00153125
-1.19500002e-009 -0.001554688
-1.19000002e-009 -0.001554688
-1.18500002e-009 -0.001546875
-1.18000002e-009  -0.00159375
-1.17500002e-009 -0.001648438
-1.17000002e-009 -0.001648438
-1.16500002e-009 -0.001695313
-1.16000002e-009 -0.001765625
-1.15500002e-009 -0.001828125
-1.15000002e-009 -0.001867188
-1.14500002e-009 -0.001914063
-1.14000002e-009  -0.00196875
-1.13500002e-009  -0.00203125
-1.13000002e-009   -0.0020625
-1.12500002e-009 -0.002109375
-1.12000001e-009 -0.002109375
-1.11500001e-009    -0.002125
-1.11000001e-009    -0.002125
-1.10500001e-009 -0.002101563
-1.10000001e-009 -0.002046875
-1.09500001e-009 -0.002015625
-1.09000001e-009 -0.001976563
-1.08500001e-009   -0.0019375
-1.08000001e-009 -0.001921875
-1.07500001e-009  -0.00190625
-1.07000001e-009 -0.001898438
-1.06500001e-009 -0.001921875
-1.06000001e-009 -0.001953125
-1.05500001e-009 -0.001992188
-1.05000001e-009 -0.002046875
-1.04500001e-009 -0.002085938
-1.04000001e-009 -0.002164063
-1.03500001e-009     -0.00225
-1.03000001e-009   -0.0023125
-1.02500001e-009 -0.002367188
-1.02000001e-009 -0.002429688
-1.01500001e-009 -0.002507813
-1.01000001e-009   -0.0025625
-1.00500001e-009 -0.002585938
-1.00000001e-009 -0.002664063
-9.95000013e-010 -0.002640625
-9.90000013e-010 -0.002640625
-9.85000013e-010 -0.002632813
-9.80000013e-010 -0.002640625
-9.75000013e-010 -0.002664063
-9.70000013e-010 -0.002703125
-9.65000013e-010   -0.0026875
-9.60000013e-010 -0.002734375
-9.55000013e-010 -0.002765625
-9.50000013e-010 -0.002820313
-9.45000013e-010 -0.002851563
-9.40000013e-010  -0.00290625
-9.35000012e-010  -0.00296875
-9.30000012e-010 -0.003023438
-9.25000012e-010 -0.003070313
-9.20000012e-010 -0.003140625
-9.15000012e-010 -0.003171875
-9.10000012e-010 -0.003226563
-9.05000012e-010 -0.003289063
-9.00000012e-010 -0.003320313
-8.95000012e-010 -0.003335938
-8.90000012e-010 -0.003382813
-8.85000012e-010   -0.0034375
-8.80000012e-010 -0.003476563
-8.75000012e-010 -0.003507813
-8.70000012e-010 -0.003546875
-8.65000012e-010 -0.003617188
-8.60000011e-010 -0.003710938
-8.55000011e-010   -0.0038125
-8.50000011e-010 -0.003882813
-8.45000011e-010 -0.003992188
-8.40000011e-010 -0.004085938
-8.35000011e-010 -0.004171875
-8.30000011e-010 -0.004289063
-8.25000011e-010  -0.00440625
-8.20000011e-010  -0.00453125
-8.15000011e-010 -0.004671875
-8.10000011e-010 -0.004789063
-8.05000011e-010 -0.004914063
-8.00000011e-010 -0.004992188
-7.95000011e-010 -0.005132813
-7.90000011e-010  -0.00521875
-7.8500001e-010 -0.005351563
-7.8000001e-010 -0.005460938
-7.7500001e-010 -0.005632813
-7.7000001e-010 -0.005835938
-7.6500001e-010 -0.006078125
-7.6000001e-010 -0.006304688
-7.5500001e-010 -0.006578125
-7.5000001e-010  -0.00684375
-7.4500001e-010 -0.007164063
-7.4000001e-010 -0.007484375
-7.3500001e-010 -0.007867188
-7.3000001e-010 -0.008304688
-7.2500001e-010 -0.008757813
-7.2000001e-010     -0.00925
-7.1500001e-010   -0.0098125
-7.10000009e-010  -0.01035156
-7.05000009e-010   -0.0109375
-7.00000009e-010  -0.01153906
-6.95000009e-010   -0.0121875
-6.90000009e-010  -0.01284375
-6.85000009e-010  -0.01361719
-6.80000009e-010  -0.01441406
-6.75000009e-010  -0.01532813
-6.70000009e-010  -0.01632813
-6.65000009e-010   -0.0174375
-6.60000009e-010  -0.01867969
-6.55000009e-010  -0.02001563
-6.50000009e-010  -0.02144531
-6.45000009e-010  -0.02302344
-6.40000009e-010  -0.02470313
-6.35000008e-010  -0.02658594
-6.30000008e-010  -0.02854688
-6.25000008e-010  -0.03065625
-6.20000008e-010   -0.0329375
-6.15000008e-010  -0.03533594
-6.10000008e-010  -0.03784375
-6.05000008e-010  -0.04044531
-6.00000008e-010  -0.04313281
-5.95000008e-010  -0.04592188
-5.90000008e-010   -0.0488125
-5.85000008e-010  -0.05183594
-5.80000008e-010  -0.05496094
-5.75000008e-010  -0.05820313
-5.70000008e-010  -0.06153907
-5.65000008e-010  -0.06503907
-5.60000007e-010  -0.06866407
-5.55000007e-010  -0.07239063
-5.50000007e-010  -0.07620313
-5.45000007e-010  -0.08017188
-5.40000007e-010  -0.08417969
-5.35000007e-010  -0.08827344
-5.30000007e-010  -0.09242969
-5.25000007e-010  -0.09663282
-5.20000007e-010   -0.1008516
-5.15000007e-010   -0.1050078
-5.10000007e-010   -0.1092109
-5.05000007e-010   -0.1132969
-5.00000007e-010   -0.1173203
-4.95000007e-010   -0.1212344
-4.90000007e-010   -0.1250156
-4.85000006e-010   -0.1286328
-4.80000006e-010   -0.1320781
-4.75000006e-010   -0.1353516
-4.70000006e-010   -0.1384219
-4.65000006e-010    -0.141375
-4.60000006e-010   -0.1441016
-4.55000006e-010   -0.1466797
-4.50000006e-010   -0.1491094
-4.45000006e-010   -0.1513594
-4.40000006e-010   -0.1534141
-4.35000006e-010   -0.1552734
-4.30000006e-010   -0.1569609
-4.25000006e-010   -0.1584297
-4.20000006e-010   -0.1597266
-4.15000006e-010   -0.1608125
-4.10000005e-010   -0.1617734
-4.05000005e-010   -0.1625938
-4.00000005e-010   -0.1632188
-3.95000005e-010   -0.1637109
-3.90000005e-010   -0.1640547
-3.85000005e-010   -0.1641875
-3.80000005e-010   -0.1641797
-3.75000005e-010   -0.1640547
-3.70000005e-010   -0.1638047
-3.65000005e-010   -0.1634375
-3.60000005e-010   -0.1630469
-3.55000005e-010   -0.1626172
-3.50000005e-010   -0.1621406
-3.45000005e-010   -0.1616484
-3.40000005e-010   -0.1611328
-3.35000004e-010   -0.1605313
-3.30000004e-010   -0.1599375
-3.25000004e-010   -0.1593281
-3.20000004e-010   -0.1586641
-3.15000004e-010   -0.1579453
-3.10000004e-010   -0.1573281
-3.05000004e-010   -0.1566484
-3.00000004e-010   -0.1559922
-2.95000004e-010   -0.1553438
-2.90000004e-010   -0.1546328
-2.85000004e-010   -0.1539219
-2.80000004e-010   -0.1531641
-2.75000004e-010   -0.1522969
-2.70000004e-010   -0.1514219
-2.65000004e-010   -0.1504609
-2.60000003e-010   -0.1495156
-2.55000003e-010   -0.1485625
-2.50000003e-010   -0.1475547
-2.45000003e-010   -0.1464766
-2.40000003e-010   -0.1454219
-2.35000003e-010   -0.1442891
-2.30000003e-010   -0.1430859
-2.25000003e-010   -0.1417656
-2.20000003e-010   -0.1403984
-2.15000003e-010   -0.1389453
-2.10000003e-010   -0.1374297
-2.05000003e-010   -0.1358438
-2.00000003e-010   -0.1341641
-1.95000003e-010   -0.1324141
-1.90000003e-010   -0.1305469
-1.85000002e-010   -0.1285781
-1.80000002e-010   -0.1264609
-1.75000002e-010   -0.1241953
-1.70000002e-010   -0.1218203
-1.65000002e-010   -0.1193125
-1.60000002e-010   -0.1166406
-1.55000002e-010   -0.1138672
-1.50000002e-010   -0.1109688
-1.45000002e-010   -0.1079531
-1.40000002e-010   -0.1048438
-1.35000002e-010   -0.1016016
-1.30000002e-010  -0.09825782
-1.25000002e-010   -0.0948125
-1.20000002e-010     -0.09125
-1.15000002e-010  -0.08754688
-1.10000001e-010   -0.0838125
-1.05000001e-010  -0.07998438
-1.00000001e-010  -0.07607813
-9.50000013e-011  -0.07210938
-9.00000012e-011  -0.06808594
-8.50000011e-011  -0.06400782
-8.00000011e-011  -0.05989063
-7.5000001e-011  -0.05574219
-7.00000009e-011  -0.05157031
-6.50000009e-011  -0.04742188
-6.00000008e-011  -0.04328906
-5.50000007e-011  -0.03914844
-5.00000007e-011  -0.03509375
-4.50000006e-011  -0.03109375
-4.00000005e-011  -0.02724219
-3.50000005e-011  -0.02348438
-3.00000004e-011  -0.01985938
-2.50000003e-011  -0.01636719
-2.00000003e-011  -0.01303906
-1.50000002e-011 -0.009898438
-1.00000001e-011 -0.006890625
-5.00000007e-012 -0.003984375
           0 -0.001265625
5.00000007e-012  0.001273438
1.00000001e-011  0.003671875
1.50000002e-011  0.005914063
2.00000003e-011  0.007984375
2.50000003e-011  0.009867188
3.00000004e-011   0.01164063
3.50000005e-011   0.01327344
4.00000005e-011   0.01473438
4.50000006e-011   0.01614063
5.00000007e-011   0.01734375
5.50000007e-011    0.0184375
6.00000008e-011   0.01942969
6.50000009e-011   0.02019531
7.00000009e-011   0.02082813
7.5000001e-011   0.02129688
8.00000011e-011   0.02165625
8.50000011e-011   0.02183594
9.00000012e-011   0.02196875
9.50000013e-011   0.02203906
1.00000001e-010   0.02194531
1.05000001e-010    0.0218125
1.10000001e-010   0.02160938
1.15000002e-010   0.02129688
1.20000002e-010   0.02097656
1.25000002e-010     0.020625
1.30000002e-010   0.02025781
1.35000002e-010   0.01985156
1.40000002e-010   0.01952344
1.45000002e-010    0.0191875
1.50000002e-010     0.018875
1.55000002e-010   0.01863281
1.60000002e-010   0.01838281
1.65000002e-010   0.01811719
1.70000002e-010    0.0179375
1.75000002e-010   0.01774219
1.80000002e-010   0.01767188
1.85000002e-010   0.01755469
1.90000003e-010       0.0175
1.95000003e-010   0.01749219
2.00000003e-010   0.01757813
2.05000003e-010   0.01763281
2.10000003e-010   0.01782813
2.15000003e-010   0.01798438
2.20000003e-010   0.01825781
2.25000003e-010   0.01854688
2.30000003e-010   0.01891406
2.35000003e-010   0.01932813
2.40000003e-010   0.01978906
2.45000003e-010   0.02032813
2.50000003e-010   0.02089063
2.55000003e-010   0.02149219
2.60000003e-010     0.022125
2.65000004e-010   0.02276563
2.70000004e-010     0.023375
2.75000004e-010   0.02400781
2.80000004e-010   0.02463281
2.85000004e-010    0.0251875
2.90000004e-010   0.02573438
2.95000004e-010      0.02625
3.00000004e-010   0.02670313
3.05000004e-010   0.02709375
3.10000004e-010   0.02746875
3.15000004e-010   0.02777344
3.20000004e-010   0.02803906
3.25000004e-010   0.02821875
3.30000004e-010   0.02839844
3.35000004e-010   0.02851563
3.40000005e-010   0.02861719
3.45000005e-010   0.02863281
3.50000005e-010   0.02867188
3.55000005e-010   0.02860938
3.60000005e-010   0.02857813
3.65000005e-010   0.02847656
3.70000005e-010   0.02829688
3.75000005e-010     0.028125
3.80000005e-010   0.02788281
3.85000005e-010     0.027625
3.90000005e-010   0.02732031
3.95000005e-010   0.02702344
4.00000005e-010   0.02667188
4.05000005e-010   0.02628906
4.10000005e-010   0.02589063
4.15000006e-010   0.02551563
4.20000006e-010   0.02511719
4.25000006e-010   0.02467969
4.30000006e-010   0.02432031
4.35000006e-010   0.02395313
4.40000006e-010     0.023625
4.45000006e-010   0.02330469
4.50000006e-010        0.023
4.55000006e-010   0.02273438
4.60000006e-010   0.02247656
4.65000006e-010   0.02225781
4.70000006e-010    0.0220625
4.75000006e-010     0.021875
4.80000006e-010   0.02171875
4.85000006e-010   0.02157031
4.90000007e-010   0.02147656
4.95000007e-010   0.02134375
5.00000007e-010      0.02125
5.05000007e-010   0.02116406
5.10000007e-010   0.02110938
5.15000007e-010   0.02102344
5.20000007e-010   0.02096094
5.25000007e-010    0.0209375
5.30000007e-010   0.02089063
5.35000007e-010   0.02086719
5.40000007e-010   0.02080469
5.45000007e-010      0.02075
5.50000007e-010   0.02074219
5.55000007e-010   0.02066406
5.60000007e-010   0.02063281
5.65000008e-010   0.02060938
5.70000008e-010   0.02057813
5.75000008e-010   0.02050781
5.80000008e-010   0.02046094
5.85000008e-010   0.02040625
5.90000008e-010     0.020375
5.95000008e-010   0.02034375
6.00000008e-010   0.02033594
6.05000008e-010   0.02028125
6.10000008e-010   0.02028125
6.15000008e-010      0.02025
6.20000008e-010   0.02026563
6.25000008e-010   0.02025781
6.30000008e-010   0.02029688
6.35000008e-010   0.02027344
6.40000009e-010   0.02028906
6.45000009e-010   0.02030469
6.50000009e-010   0.02027344
6.55000009e-010   0.02027344
6.60000009e-010   0.02020313
6.65000009e-010    0.0201875
6.70000009e-010   0.02008594
6.75000009e-010   0.02001563
6.80000009e-010   0.01989844
6.85000009e-010   0.01978125
6.90000009e-010   0.01967188
6.95000009e-010       0.0195
7.00000009e-010   0.01936719
7.05000009e-010   0.01915625
7.10000009e-010   0.01898438
7.1500001e-010   0.01882813
7.2000001e-010   0.01863281
7.2500001e-010   0.01842188
7.3000001e-010   0.01821875
7.3500001e-010   0.01801563
7.4000001e-010   0.01780469
7.4500001e-010   0.01758594
7.5000001e-010   0.01738281
7.5500001e-010   0.01717969
7.6000001e-010   0.01696094
7.6500001e-010   0.01678125
7.7000001e-010   0.01660156
7.7500001e-010   0.01640625
7.8000001e-010   0.01622656
7.8500001e-010   0.01607813
7.90000011e-010   0.01594531
7.95000011e-010    0.0158125
8.00000011e-010   0.01571875
8.05000011e-010   0.01564063
8.10000011e-010   0.01558594
8.15000011e-010   0.01555469
8.20000011e-010    0.0155625
8.25000011e-010   0.01557031
8.30000011e-010   0.01564063
8.35000011e-010      0.01575
8.40000011e-010   0.01584375
8.45000011e-010   0.01601563
8.50000011e-010   0.01617969
8.55000011e-010   0.01636719
8.60000011e-010   0.01661719
8.65000012e-010   0.01685156
8.70000012e-010   0.01707031
8.75000012e-010   0.01733594
8.80000012e-010   0.01764063
8.85000012e-010   0.01788281
8.90000012e-010   0.01814844
8.95000012e-010   0.01840625
9.00000012e-010   0.01867969
9.05000012e-010   0.01888281
9.10000012e-010   0.01910156
9.15000012e-010   0.01933594
9.20000012e-010   0.01958594
9.25000012e-010   0.01977344
9.30000012e-010   0.01992188
9.35000012e-010   0.02013281
9.40000013e-010   0.02028906
9.45000013e-010   0.02044531
9.50000013e-010   0.02059375
9.55000013e-010   0.02074219
9.60000013e-010   0.02088281
9.65000013e-010   0.02098438
9.70000013e-010   0.02113281
9.75000013e-010   0.02117969
9.80000013e-010   0.02126563
9.85000013e-010   0.02134375
9.90000013e-010   0.02135156
9.95000013e-010   0.02136719
1.00000001e-009   0.02136719
1.00500001e-009   0.02134375
1.01000001e-009   0.02128906
1.01500001e-009   0.02121094
1.02000001e-009     0.021125
1.02500001e-009   0.02103906
1.03000001e-009   0.02094531
1.03500001e-009   0.02082031
1.04000001e-009   0.02074219
1.04500001e-009   0.02066406
1.05000001e-009   0.02058594
1.05500001e-009   0.02051563
1.06000001e-009       0.0205
1.06500001e-009   0.02046875
1.07000001e-009   0.02046094
1.07500001e-009   0.02046094
1.08000001e-009   0.02051563
1.08500001e-009   0.02053906
1.09000001e-009   0.02058594
1.09500001e-009   0.02066406
1.10000001e-009   0.02072656
1.10500001e-009   0.02075781
1.11000001e-009   0.02083594
1.11500001e-009   0.02092969
1.12000001e-009   0.02103125
1.12500002e-009   0.02111719
1.13000002e-009   0.02122656
1.13500002e-009    0.0213125
1.14000002e-009    0.0214375
1.14500002e-009    0.0215625
1.15000002e-009   0.02172656
1.15500002e-009   0.02188281
1.16000002e-009   0.02209375
1.16500002e-009   0.02228906
1.17000002e-009   0.02249219
1.17500002e-009   0.02271094
1.18000002e-009   0.02296094
1.18500002e-009   0.02317188
1.19000002e-009   0.02341406
1.19500002e-009   0.02364844
1.20000002e-009   0.02383594
1.20500002e-009   0.02403906
1.21000002e-009   0.02421875
1.21500002e-009   0.02439844
1.22000002e-009   0.02450781
1.22500002e-009   0.02465625
1.23000002e-009   0.02477344
1.23500002e-009   0.02484375
1.24000002e-009     0.024875
1.24500002e-009    0.0249375
1.25000002e-009        0.025
