-1.24500002e-009 -0.005609375
-1.24000002e-009  0.002289063
-1.23500002e-009       -0.006
-1.23000002e-009       0.0035
-1.22500002e-009 -0.005992188
-1.22000002e-009        0.004
-1.21500002e-009       -0.006
-1.21000002e-009  0.003554688
-1.20500002e-009  -0.00646875
-1.20000002e-009  0.002382813
-1.19500002e-009   -0.0069375
-1.19000002e-009  0.002234375
-1.18500002e-009  -0.00771875
-1.18000002e-009  0.002148438
-1.17500002e-009       -0.008
-1.17000002e-009        0.002
-1.16500002e-009 -0.007546875
-1.16000002e-009  0.002421875
-1.15500002e-009       -0.007
-1.15000002e-009    0.0023125
-1.14500002e-009  -0.00653125
-1.14000002e-009  0.001898438
-1.13500002e-009 -0.006484375
-1.13000002e-009  0.001953125
-1.12500002e-009       -0.006
-1.12000001e-009  0.002265625
-1.11500001e-009 -0.006023438
-1.11000001e-009  0.002429688
-1.10500001e-009       -0.006
-1.10000001e-009   0.00246875
-1.09500001e-009 -0.006671875
-1.09000001e-009        0.002
-1.08500001e-009 -0.007078125
-1.08000001e-009  0.002039063
-1.07500001e-009 -0.007117188
-1.07000001e-009        0.002
-1.06500001e-009 -0.006789063
-1.06000001e-009  0.002109375
-1.05500001e-009 -0.006523438
-1.05000001e-009  0.002015625
-1.04500001e-009 -0.007132813
-1.04000001e-009  0.001890625
-1.03500001e-009 -0.007679688
-1.03000001e-009    0.0020625
-1.02500001e-009 -0.008007813
-1.02000001e-009        0.002
-1.01500001e-009       -0.008
-1.01000001e-009        0.002
-1.00500001e-009 -0.007554688
-1.00000001e-009  0.001984375
-9.95000013e-010 -0.006796875
-9.90000013e-010        0.002
-9.85000013e-010 -0.007085938
-9.80000013e-010  0.001789063
-9.75000013e-010 -0.007828125
-9.70000013e-010  0.001164063
-9.65000013e-010 -0.008679688
-9.60000013e-010  0.002117188
-9.55000013e-010  -0.00953125
-9.50000013e-010   0.00265625
-9.45000013e-010        -0.01
-9.40000013e-010  0.002632813
-9.35000012e-010 -0.009929688
-9.30000012e-010        0.002
-9.25000012e-010 -0.009367188
-9.20000012e-010  0.001320313
-9.15000012e-010 -0.008507813
-9.10000012e-010  0.002445313
-9.05000012e-010 -0.008695313
-9.00000012e-010  0.002992188
-8.95000012e-010 -0.009726563
-8.90000012e-010  0.003085938
-8.85000012e-010  -0.01014063
-8.80000012e-010  0.002820313
-8.75000012e-010 -0.009929688
-8.70000012e-010    0.0023125
-8.65000012e-010  -0.00934375
-8.60000011e-010        0.002
-8.55000011e-010 -0.009335938
-8.50000011e-010      0.00175
-8.45000011e-010     -0.00925
-8.40000011e-010 0.0003671875
-8.35000011e-010 -0.009320313
-8.30000011e-010 -0.0005703125
-8.25000011e-010 -0.009390625
-8.20000011e-010       -0.002
-8.15000011e-010  -0.00996875
-8.10000011e-010  -0.00209375
-8.05000011e-010  -0.01095313
-8.00000011e-010       -0.002
-7.95000011e-010  -0.01173438
-7.90000011e-010 -0.002046875
-7.8500001e-010  -0.01203906
-7.8000001e-010 -0.002085938
-7.7500001e-010  -0.01220313
-7.7000001e-010       -0.002
-7.6500001e-010      -0.0125
-7.6000001e-010   -0.0031875
-7.5500001e-010  -0.01301563
-7.5000001e-010 -0.004804688
-7.4500001e-010  -0.01391406
-7.4000001e-010       -0.006
-7.3500001e-010  -0.01485156
-7.3000001e-010 -0.006445313
-7.2500001e-010  -0.01582813
-7.2000001e-010 -0.007460938
-7.1500001e-010  -0.01794531
-7.10000009e-010 -0.009085938
-7.05000009e-010        -0.02
-7.00000009e-010  -0.01060938
-6.95000009e-010  -0.02291406
-6.90000009e-010  -0.01276563
-6.85000009e-010  -0.02578906
-6.80000009e-010  -0.01588281
-6.75000009e-010    -0.028625
-6.70000009e-010  -0.01835156
-6.65000009e-010       -0.032
-6.60000009e-010    -0.021875
-6.55000009e-010  -0.03540625
-6.50000009e-010  -0.02664844
-6.45000009e-010     -0.03925
-6.40000009e-010       -0.032
-6.35000008e-010  -0.04486719
-6.30000008e-010  -0.03640625
-6.25000008e-010        -0.05
-6.20000008e-010  -0.04121875
-6.15000008e-010  -0.05607813
-6.10000008e-010    -0.046625
-6.05000008e-010  -0.06272657
-6.00000008e-010  -0.05282813
-5.95000008e-010  -0.07010157
-5.90000008e-010        -0.06
-5.85000008e-010  -0.07850782
-5.80000008e-010  -0.06857032
-5.75000008e-010  -0.08700782
-5.70000008e-010  -0.07685157
-5.65000008e-010  -0.09592969
-5.60000007e-010  -0.08503125
-5.55000007e-010   -0.1055078
-5.50000007e-010  -0.09388282
-5.45000007e-010       -0.114
-5.40000007e-010   -0.1032266
-5.35000007e-010   -0.1218672
-5.30000007e-010   -0.1115391
-5.25000007e-010   -0.1296328
-5.20000007e-010   -0.1186875
-5.15000007e-010   -0.1364375
-5.10000007e-010       -0.126
-5.05000007e-010   -0.1437578
-5.00000007e-010   -0.1328281
-4.95000007e-010   -0.1497344
-4.90000007e-010   -0.1387031
-4.85000006e-010   -0.1541172
-4.80000006e-010       -0.144
-4.75000006e-010   -0.1599844
-4.70000006e-010   -0.1478828
-4.65000006e-010       -0.164
-4.60000006e-010   -0.1516094
-4.55000006e-010   -0.1649609
-4.50000006e-010   -0.1549141
-4.45000006e-010   -0.1677188
-4.40000006e-010   -0.1564844
-4.35000006e-010   -0.1701641
-4.30000006e-010   -0.1578125
-4.25000006e-010       -0.172
-4.20000006e-010   -0.1589063
-4.15000006e-010   -0.1717656
-4.10000005e-010   -0.1597188
-4.05000005e-010   -0.1713438
-4.00000005e-010   -0.1589531
-3.95000005e-010   -0.1710938
-3.90000005e-010   -0.1574922
-3.85000005e-010        -0.17
-3.80000005e-010   -0.1569375
-3.75000005e-010    -0.168125
-3.70000005e-010   -0.1570234
-3.65000005e-010   -0.1673516
-3.60000005e-010   -0.1556953
-3.55000005e-010   -0.1662891
-3.50000005e-010    -0.154375
-3.45000005e-010   -0.1648203
-3.40000005e-010       -0.154
-3.35000004e-010   -0.1628203
-3.30000004e-010   -0.1532813
-3.25000004e-010   -0.1609922
-3.20000004e-010   -0.1521953
-3.15000004e-010   -0.1595938
-3.10000004e-010   -0.1502969
-3.05000004e-010   -0.1585469
-3.00000004e-010   -0.1481797
-2.95000004e-010   -0.1572813
-2.90000004e-010   -0.1462031
-2.85000004e-010   -0.1561641
-2.80000004e-010   -0.1441172
-2.75000004e-010   -0.1547891
-2.70000004e-010   -0.1418125
-2.65000004e-010   -0.1526484
-2.60000003e-010   -0.1399453
-2.55000003e-010   -0.1510156
-2.50000003e-010    -0.138125
-2.45000003e-010   -0.1481016
-2.40000003e-010   -0.1344297
-2.35000003e-010   -0.1441094
-2.30000003e-010   -0.1313203
-2.25000003e-010        -0.14
-2.20000003e-010   -0.1269375
-2.15000003e-010   -0.1362891
-2.10000003e-010       -0.122
-2.05000003e-010   -0.1322969
-2.00000003e-010   -0.1176953
-1.95000003e-010   -0.1276406
-1.90000003e-010    -0.113875
-1.85000002e-010   -0.1224688
-1.80000002e-010   -0.1077578
-1.75000002e-010   -0.1183047
-1.70000002e-010   -0.1015859
-1.65000002e-010   -0.1128828
-1.60000002e-010  -0.09464844
-1.55000002e-010   -0.1050078
-1.50000002e-010  -0.08742188
-1.45000002e-010  -0.09579688
-1.40000002e-010   -0.0791875
-1.35000002e-010  -0.08811719
-1.30000002e-010        -0.07
-1.25000002e-010  -0.08010157
-1.20000002e-010  -0.06090625
-1.15000002e-010  -0.07214063
-1.10000001e-010  -0.05198438
-1.05000001e-010  -0.06448438
-1.00000001e-010  -0.04341406
-9.50000013e-011  -0.05633594
-9.00000012e-011  -0.03539063
-8.50000011e-011  -0.04760938
-8.00000011e-011       -0.028
-7.5000001e-011  -0.03835156
-7.00000009e-011  -0.02077344
-6.50000009e-011  -0.03067188
-6.00000008e-011       -0.014
-5.50000007e-011  -0.02308594
-5.00000007e-011 -0.007867188
-4.50000006e-011  -0.01610938
-4.00000005e-011 -0.001757813
-3.50000005e-011  -0.01046875
-3.00000004e-011  0.004453125
-2.50000003e-011 -0.004914063
-2.00000003e-011  0.009882813
-1.50000002e-011 0.0005859375
-1.00000001e-011   0.01425781
-5.00000007e-012  0.005382813
           0   0.01825781
5.00000007e-012  0.008320313
1.00000001e-011        0.022
1.50000002e-011   0.01061719
2.00000003e-011   0.02267188
2.50000003e-011        0.012
3.00000004e-011       0.0235
3.50000005e-011   0.01307813
4.00000005e-011   0.02435938
4.50000006e-011     0.014375
5.00000007e-011   0.02608594
5.50000007e-011   0.01539063
6.00000008e-011   0.02680469
6.50000009e-011   0.01535938
7.00000009e-011        0.026
7.5000001e-011        0.016
8.00000011e-011   0.02491406
8.50000011e-011   0.01596875
9.00000012e-011   0.02409375
9.50000013e-011   0.01591406
1.00000001e-010    0.0233125
1.05000001e-010   0.01453906
1.10000001e-010        0.022
1.15000002e-010    0.0126875
1.20000002e-010        0.022
1.25000002e-010   0.01139063
1.30000002e-010   0.02178906
1.35000002e-010   0.01133594
1.40000002e-010        0.022
1.45000002e-010      0.01125
1.50000002e-010        0.022
1.55000002e-010   0.01146094
1.60000002e-010     0.021875
1.65000002e-010        0.012
1.70000002e-010   0.02215625
1.75000002e-010        0.012
1.80000002e-010        0.022
1.85000002e-010   0.01269531
1.90000003e-010   0.02233594
1.95000003e-010        0.014
2.00000003e-010   0.02358594
2.05000003e-010   0.01469531
2.10000003e-010   0.02413281
2.15000003e-010        0.016
2.20000003e-010   0.02526563
2.25000003e-010   0.01733594
2.30000003e-010   0.02661719
2.35000003e-010   0.01827344
2.40000003e-010   0.02914844
2.45000003e-010    0.0191875
2.50000003e-010   0.03094531
2.55000003e-010   0.02061719
2.60000003e-010   0.03201563
2.65000004e-010   0.02172656
2.70000004e-010   0.03240625
2.75000004e-010   0.02160156
2.80000004e-010   0.03223438
2.85000004e-010   0.02161719
2.90000004e-010   0.03196094
2.95000004e-010   0.02182031
3.00000004e-010   0.03220313
3.05000004e-010   0.02219531
3.10000004e-010        0.032
3.15000004e-010   0.02265625
3.20000004e-010   0.03341406
3.25000004e-010   0.02196875
3.30000004e-010        0.034
3.35000004e-010   0.02111719
3.40000005e-010   0.03324219
3.45000005e-010   0.02007813
3.50000005e-010   0.03145313
3.55000005e-010   0.01965625
3.60000005e-010   0.03092969
3.65000005e-010         0.02
3.70000005e-010   0.03039063
3.75000005e-010   0.02002344
3.80000005e-010   0.02946875
3.85000005e-010   0.01932813
3.90000005e-010   0.02827344
3.95000005e-010      0.01775
4.00000005e-010   0.02760156
4.05000005e-010   0.01646094
4.10000005e-010   0.02742188
4.15000006e-010   0.01567969
4.20000006e-010      0.02725
4.25000006e-010   0.01554688
4.30000006e-010   0.02774219
4.35000006e-010   0.01608594
4.40000006e-010        0.028
4.45000006e-010        0.016
4.50000006e-010   0.02832813
4.55000006e-010   0.01503125
4.60000006e-010   0.02789844
4.65000006e-010   0.01489063
4.70000006e-010   0.02684375
4.75000006e-010   0.01548438
4.80000006e-010   0.02703906
4.85000006e-010   0.01660156
4.90000007e-010        0.028
4.95000007e-010   0.01733594
5.00000007e-010   0.02864844
5.05000007e-010   0.01638281
5.10000007e-010         0.03
5.15000007e-010   0.01590625
5.20000007e-010   0.02982031
5.25000007e-010   0.01644531
5.30000007e-010   0.02835938
5.35000007e-010   0.01761719
5.40000007e-010   0.02844531
5.45000007e-010   0.01685938
5.50000007e-010   0.02769531
5.55000007e-010        0.016
5.60000007e-010        0.028
5.65000008e-010        0.016
5.70000008e-010   0.02775781
5.75000008e-010   0.01522656
5.80000008e-010        0.028
5.85000008e-010   0.01507813
5.90000008e-010    0.0274375
5.95000008e-010    0.0155625
6.00000008e-010   0.02617969
6.05000008e-010   0.01542188
6.10000008e-010     0.024375
6.15000008e-010   0.01457813
6.20000008e-010   0.02425781
6.25000008e-010   0.01407813
6.30000008e-010   0.02442969
6.35000008e-010   0.01235938
6.40000009e-010     0.024125
6.45000009e-010   0.01054688
6.50000009e-010   0.02366406
6.55000009e-010  0.009804688
6.60000009e-010   0.02250781
6.65000009e-010   0.01023438
6.70000009e-010   0.02198438
6.75000009e-010   0.01155469
6.80000009e-010   0.02217969
6.85000009e-010   0.01122656
6.90000009e-010        0.022
6.95000009e-010   0.01086719
7.00000009e-010   0.02139063
7.05000009e-010     0.010125
7.10000009e-010   0.02149219
7.1500001e-010  0.009679688
7.2000001e-010    0.0218125
7.2500001e-010         0.01
7.3000001e-010        0.022
7.3500001e-010   0.01121094
7.4000001e-010   0.02171875
7.4500001e-010        0.012
7.5000001e-010   0.02060156
7.5500001e-010   0.01234375
7.6000001e-010   0.02249219
7.6500001e-010   0.01233594
7.7000001e-010      0.02375
7.7500001e-010   0.01194531
7.8000001e-010   0.02394531
7.8500001e-010   0.01183594
7.90000011e-010   0.02311719
7.95000011e-010   0.01160156
8.00000011e-010   0.02330469
8.05000011e-010   0.01176563
8.10000011e-010        0.024
8.15000011e-010    0.0113125
8.20000011e-010   0.02378906
8.25000011e-010   0.01165625
8.30000011e-010   0.02280469
8.35000011e-010   0.01175781
8.40000011e-010   0.02292969
8.45000011e-010   0.01196094
8.50000011e-010   0.02352344
8.55000011e-010   0.01217188
8.60000011e-010   0.02421875
8.65000012e-010   0.01266406
8.70000012e-010   0.02397656
8.75000012e-010   0.01325781
8.80000012e-010        0.023
8.85000012e-010   0.01314063
8.90000012e-010   0.02429688
8.95000012e-010   0.01197656
9.00000012e-010   0.02569531
9.05000012e-010   0.01150781
9.10000012e-010   0.02596875
9.15000012e-010        0.012
9.20000012e-010   0.02516406
9.25000012e-010   0.01353125
9.30000012e-010   0.02375781
9.35000012e-010   0.01450781
9.40000013e-010   0.02397656
9.45000013e-010   0.01473438
9.50000013e-010    0.0241875
9.55000013e-010   0.01408594
9.60000013e-010   0.02405469
9.65000013e-010   0.01420313
9.70000013e-010   0.02376563
9.75000013e-010    0.0140625
9.80000013e-010   0.02425781
9.85000013e-010   0.01420313
9.90000013e-010   0.02434375
9.95000013e-010   0.01374219
1.00000001e-009   0.02335938
1.00500001e-009   0.01360156
1.01000001e-009   0.02490625
1.01500001e-009   0.01392188
1.02000001e-009     0.027625
1.02500001e-009   0.01421875
1.03000001e-009   0.02953125
1.03500001e-009   0.01419531
1.04000001e-009         0.03
1.04500001e-009   0.01398438
1.05000001e-009   0.02861719
1.05500001e-009   0.01435156
1.06000001e-009   0.02583594
1.06500001e-009   0.01517188
1.07000001e-009    0.0244375
1.07500001e-009       0.0155
1.08000001e-009   0.02554688
1.08500001e-009   0.01560938
1.09000001e-009   0.02611719
1.09500001e-009   0.01514844
1.10000001e-009   0.02615625
1.10500001e-009   0.01455469
1.11000001e-009   0.02685156
1.11500001e-009   0.01528906
1.12000001e-009   0.02759375
1.12500002e-009   0.01649219
1.13000002e-009   0.02857813
1.13500002e-009        0.018
1.14000002e-009      0.02875
1.14500002e-009        0.018
1.15000002e-009   0.02853906
1.15500002e-009   0.01897656
1.16000002e-009         0.03
1.16500002e-009   0.01980469
1.17000002e-009   0.03082031
1.17500002e-009   0.01984375
1.18000002e-009        0.031
1.18500002e-009   0.02000781
1.19000002e-009   0.03051563
1.19500002e-009   0.02015625
1.20000002e-009         0.03
1.20500002e-009   0.02060938
1.21000002e-009   0.02997656
1.21500002e-009   0.02055469
1.22000002e-009   0.03011719
1.22500002e-009   0.02103125
1.23000002e-009   0.02984375
1.23500002e-009   0.01940625
1.24000002e-009   0.02909375
1.24500002e-009        0.018
1.25000002e-009         0.03
