-1.24500002e-009 -0.006429688
-1.24000002e-009  0.004070313
-1.23500002e-009 -0.006539063
-1.23000002e-009  0.004195313
-1.22500002e-009 -0.006421875
-1.22000002e-009  0.004820313
-1.21500002e-009       -0.006
-1.21000002e-009      0.00575
-1.20500002e-009 -0.005195313
-1.20000002e-009        0.006
-1.19500002e-009   -0.0054375
-1.19000002e-009  0.005390625
-1.18500002e-009 -0.006390625
-1.18000002e-009   0.00421875
-1.17500002e-009   -0.0066875
-1.17000002e-009  0.004085938
-1.16500002e-009    -0.006375
-1.16000002e-009  0.004195313
-1.15500002e-009   -0.0063125
-1.15000002e-009  0.003679688
-1.14500002e-009 -0.006117188
-1.14000002e-009  0.004070313
-1.13500002e-009 -0.006171875
-1.13000002e-009  0.004359375
-1.12500002e-009 -0.006117188
-1.12000001e-009  0.004421875
-1.11500001e-009    -0.006125
-1.11000001e-009    0.0036875
-1.10500001e-009 -0.006109375
-1.10000001e-009  0.002367188
-1.09500001e-009 -0.007390625
-1.09000001e-009        0.002
-1.08500001e-009 -0.008109375
-1.08000001e-009        0.002
-1.07500001e-009 -0.007492188
-1.07000001e-009    0.0025625
-1.06500001e-009 -0.006460938
-1.06000001e-009  0.003023438
-1.05500001e-009       -0.006
-1.05000001e-009  0.002828125
-1.04500001e-009 -0.006273438
-1.04000001e-009  0.003070313
-1.03500001e-009 -0.006257813
-1.03000001e-009        0.004
-1.02500001e-009    -0.006625
-1.02000001e-009  0.004140625
-1.01500001e-009 -0.007046875
-1.01000001e-009  0.003601563
-1.00500001e-009 -0.007132813
-1.00000001e-009  0.002546875
-9.95000013e-010  -0.00678125
-9.90000013e-010        0.002
-9.85000013e-010       -0.006
-9.80000013e-010  0.002179688
-9.75000013e-010 -0.007148438
-9.70000013e-010  0.001804688
-9.65000013e-010 -0.007898438
-9.60000013e-010  0.002015625
-9.55000013e-010  -0.00790625
-9.50000013e-010  0.002140625
-9.45000013e-010 -0.007976563
-9.40000013e-010  0.002023438
-9.35000012e-010       -0.008
-9.30000012e-010        0.002
-9.25000012e-010 -0.007265625
-9.20000012e-010  0.001414063
-9.15000012e-010 -0.007523438
-9.10000012e-010 0.0003828125
-9.05000012e-010       -0.008
-9.00000012e-010      0.00025
-8.95000012e-010   -0.0083125
-8.90000012e-010  0.000328125
-8.85000012e-010 -0.008804688
-8.80000012e-010 0.0004609375
-8.75000012e-010 -0.009054688
-8.70000012e-010  0.000234375
-8.65000012e-010 -0.008945313
-8.60000011e-010 -0.0004609375
-8.55000011e-010 -0.008414063
-8.50000011e-010 -0.0002265625
-8.45000011e-010 -0.008585938
-8.40000011e-010            0
-8.35000011e-010 -0.008914063
-8.30000011e-010            0
-8.25000011e-010 -0.009242188
-8.20000011e-010   -0.0001875
-8.15000011e-010 -0.009070313
-8.10000011e-010 5.46875e-005
-8.05000011e-010   -0.0095625
-8.00000011e-010   -0.0005625
-7.95000011e-010        -0.01
-7.90000011e-010            0
-7.8500001e-010   -0.0103125
-7.8000001e-010    -0.000625
-7.7500001e-010  -0.01148438
-7.7000001e-010 -0.001929688
-7.6500001e-010       -0.012
-7.6000001e-010 -0.003179688
-7.5500001e-010  -0.01344531
-7.5000001e-010 -0.003632813
-7.4500001e-010  -0.01530469
-7.4000001e-010 -0.004109375
-7.3500001e-010       -0.016
-7.3000001e-010 -0.005171875
-7.2500001e-010  -0.01645313
-7.2000001e-010   -0.0075625
-7.1500001e-010  -0.01732031
-7.10000009e-010       -0.008
-7.05000009e-010        -0.02
-7.00000009e-010 -0.009726563
-6.95000009e-010  -0.02253906
-6.90000009e-010  -0.01230469
-6.85000009e-010  -0.02445313
-6.80000009e-010  -0.01564844
-6.75000009e-010  -0.02785156
-6.70000009e-010  -0.01903125
-6.65000009e-010   -0.0314375
-6.60000009e-010  -0.02252344
-6.55000009e-010    -0.034875
-6.50000009e-010  -0.02664844
-6.45000009e-010  -0.03966406
-6.40000009e-010  -0.03140625
-6.35000008e-010  -0.04589844
-6.30000008e-010  -0.03586719
-6.25000008e-010       -0.052
-6.20000008e-010  -0.04066406
-6.15000008e-010  -0.05835157
-6.10000008e-010  -0.04678125
-6.05000008e-010  -0.06560938
-6.00000008e-010  -0.05319532
-5.95000008e-010  -0.07242188
-5.90000008e-010  -0.06013282
-5.85000008e-010  -0.07876563
-5.80000008e-010  -0.06767188
-5.75000008e-010  -0.08554688
-5.70000008e-010  -0.07564063
-5.65000008e-010  -0.09407813
-5.60000007e-010  -0.08385157
-5.55000007e-010       -0.102
-5.50000007e-010  -0.09211719
-5.45000007e-010   -0.1100625
-5.40000007e-010   -0.1005234
-5.35000007e-010   -0.1174922
-5.30000007e-010   -0.1090703
-5.25000007e-010   -0.1260469
-5.20000007e-010   -0.1168672
-5.15000007e-010       -0.134
-5.10000007e-010   -0.1228672
-5.05000007e-010   -0.1398203
-5.00000007e-010   -0.1281094
-4.95000007e-010   -0.1461563
-4.90000007e-010   -0.1338125
-4.85000006e-010   -0.1526563
-4.80000006e-010   -0.1398594
-4.75000006e-010       -0.158
-4.70000006e-010   -0.1452188
-4.65000006e-010       -0.162
-4.60000006e-010        -0.15
-4.55000006e-010   -0.1642188
-4.50000006e-010   -0.1535547
-4.45000006e-010       -0.166
-4.40000006e-010   -0.1569922
-4.35000006e-010       -0.168
-4.30000006e-010   -0.1582969
-4.25000006e-010     -0.16925
-4.20000006e-010   -0.1584688
-4.15000006e-010   -0.1706016
-4.10000005e-010     -0.15875
-4.05000005e-010   -0.1711172
-4.00000005e-010   -0.1594688
-3.95000005e-010   -0.1706328
-3.90000005e-010   -0.1581719
-3.85000005e-010   -0.1683516
-3.80000005e-010   -0.1569141
-3.75000005e-010   -0.1666563
-3.70000005e-010   -0.1556953
-3.65000005e-010       -0.166
-3.60000005e-010   -0.1535469
-3.55000005e-010   -0.1651172
-3.50000005e-010   -0.1522656
-3.45000005e-010   -0.1640781
-3.40000005e-010   -0.1518906
-3.35000004e-010   -0.1628828
-3.30000004e-010   -0.1513047
-3.25000004e-010   -0.1623594
-3.20000004e-010   -0.1495391
-3.15000004e-010   -0.1607734
-3.10000004e-010       -0.148
-3.05000004e-010   -0.1581641
-3.00000004e-010     -0.14425
-2.95000004e-010   -0.1565781
-2.90000004e-010   -0.1404766
-2.85000004e-010   -0.1553281
-2.80000004e-010   -0.1372422
-2.75000004e-010       -0.154
-2.70000004e-010   -0.1350078
-2.65000004e-010       -0.152
-2.60000003e-010       -0.134
-2.55000003e-010      -0.1495
-2.50000003e-010   -0.1328359
-2.45000003e-010       -0.148
-2.40000003e-010   -0.1299141
-2.35000003e-010   -0.1450703
-2.30000003e-010   -0.1263984
-2.25000003e-010   -0.1408125
-2.20000003e-010   -0.1233984
-2.15000003e-010   -0.1358125
-2.10000003e-010   -0.1207109
-2.05000003e-010   -0.1314297
-2.00000003e-010   -0.1167813
-1.95000003e-010   -0.1264375
-1.90000003e-010   -0.1122578
-1.85000002e-010   -0.1213125
-1.80000002e-010   -0.1064688
-1.75000002e-010   -0.1166875
-1.70000002e-010  -0.09857813
-1.65000002e-010   -0.1106953
-1.60000002e-010  -0.09066407
-1.55000002e-010   -0.1030547
-1.50000002e-010   -0.0830625
-1.45000002e-010  -0.09515625
-1.40000002e-010       -0.076
-1.35000002e-010      -0.0875
-1.30000002e-010  -0.06928907
-1.25000002e-010  -0.07978125
-1.20000002e-010    -0.062375
-1.15000002e-010       -0.072
-1.10000001e-010  -0.05254688
-1.05000001e-010       -0.064
-1.00000001e-010  -0.04391406
-9.50000013e-011  -0.05609375
-9.00000012e-011  -0.03654688
-8.50000011e-011  -0.04720313
-8.00000011e-011  -0.03007813
-7.5000001e-011  -0.03995313
-7.00000009e-011       -0.024
-6.50000009e-011       -0.032
-6.00000008e-011  -0.01627344
-5.50000007e-011  -0.02485156
-5.00000007e-011 -0.008351563
-4.50000006e-011  -0.01795313
-4.00000005e-011 -0.001109375
-3.50000005e-011   -0.0109375
-3.00000004e-011  0.004320313
-2.50000003e-011 -0.004304688
-2.00000003e-011  0.008734375
-1.50000002e-011    0.0009375
-1.00000001e-011   0.01402344
-5.00000007e-012  0.005015625
           0   0.01734375
5.00000007e-012  0.008453125
1.00000001e-011   0.02029688
1.50000002e-011   0.01178125
2.00000003e-011   0.02277344
2.50000003e-011   0.01344531
3.00000004e-011    0.0253125
3.50000005e-011        0.014
4.00000005e-011   0.02579688
4.50000006e-011   0.01433594
5.00000007e-011   0.02478906
5.50000007e-011   0.01566406
6.00000008e-011        0.026
6.50000009e-011   0.01544531
7.00000009e-011   0.02625781
7.5000001e-011   0.01539844
8.00000011e-011   0.02744531
8.50000011e-011       0.0155
9.00000012e-011   0.02789844
9.50000013e-011   0.01438281
1.00000001e-010   0.02722656
1.05000001e-010   0.01383594
1.10000001e-010   0.02604688
1.15000002e-010   0.01382031
1.20000002e-010   0.02480469
1.25000002e-010        0.014
1.30000002e-010        0.024
1.35000002e-010   0.01258594
1.40000002e-010   0.02332813
1.45000002e-010   0.01151563
1.50000002e-010   0.02251563
1.55000002e-010   0.01158594
1.60000002e-010   0.02367969
1.65000002e-010   0.01284375
1.70000002e-010   0.02391406
1.75000002e-010   0.01323438
1.80000002e-010   0.02326563
1.85000002e-010   0.01235156
1.90000003e-010   0.02225781
1.95000003e-010   0.01160156
2.00000003e-010   0.02341406
2.05000003e-010        0.012
2.10000003e-010   0.02454688
2.15000003e-010   0.01357031
2.20000003e-010        0.026
2.25000003e-010   0.01622656
2.30000003e-010    0.0270625
2.35000003e-010   0.01832813
2.40000003e-010   0.02785938
2.45000003e-010   0.01910938
2.50000003e-010   0.02933594
2.55000003e-010   0.02010938
2.60000003e-010   0.03096094
2.65000004e-010   0.02111719
2.70000004e-010   0.03186719
2.75000004e-010   0.02246094
2.80000004e-010        0.032
2.85000004e-010   0.02366406
2.90000004e-010   0.03363281
2.95000004e-010   0.02382813
3.00000004e-010   0.03482031
3.05000004e-010   0.02392969
3.10000004e-010   0.03535938
3.15000004e-010        0.024
3.20000004e-010   0.03509375
3.25000004e-010   0.02389844
3.30000004e-010    0.0341875
3.35000004e-010   0.02399219
3.40000005e-010   0.03428906
3.45000005e-010    0.0235625
3.50000005e-010   0.03339063
3.55000005e-010   0.02345313
3.60000005e-010   0.03158594
3.65000005e-010   0.02253125
3.70000005e-010   0.03189063
3.75000005e-010   0.02160156
3.80000005e-010   0.03179688
3.85000005e-010   0.02069531
3.90000005e-010   0.03075781
3.95000005e-010   0.01988281
4.00000005e-010   0.02925781
4.05000005e-010   0.01954688
4.10000005e-010   0.03017188
4.15000006e-010   0.01961719
4.20000006e-010    0.0306875
4.25000006e-010       0.0185
4.30000006e-010   0.03046094
4.35000006e-010   0.01748438
4.40000006e-010   0.02921875
4.45000006e-010   0.01704688
4.50000006e-010   0.02717188
4.55000006e-010   0.01601563
4.60000006e-010   0.02686719
4.65000006e-010        0.016
4.70000006e-010        0.026
4.75000006e-010   0.01557031
4.80000006e-010   0.02557813
4.85000006e-010   0.01520313
4.90000007e-010   0.02642969
4.95000007e-010   0.01545313
5.00000007e-010   0.02694531
5.05000007e-010   0.01533594
5.10000007e-010    0.0268125
5.15000007e-010   0.01421094
5.20000007e-010   0.02659375
5.25000007e-010   0.01367969
5.30000007e-010   0.02705469
5.35000007e-010        0.014
5.40000007e-010   0.02650781
5.45000007e-010   0.01517188
5.50000007e-010   0.02558594
5.55000007e-010   0.01538281
5.60000007e-010        0.026
5.65000008e-010   0.01525781
5.70000008e-010   0.02610938
5.75000008e-010     0.015375
5.80000008e-010   0.02592969
5.85000008e-010   0.01569531
5.90000008e-010   0.02548438
5.95000008e-010        0.016
6.00000008e-010   0.02575781
6.05000008e-010   0.01542969
6.10000008e-010     0.026125
6.15000008e-010        0.014
6.20000008e-010        0.026
6.25000008e-010   0.01307031
6.30000008e-010   0.02610938
6.35000008e-010     0.012625
6.40000009e-010   0.02570313
6.45000009e-010    0.0126875
6.50000009e-010   0.02614063
6.55000009e-010   0.01317969
6.60000009e-010   0.02628906
6.65000009e-010   0.01314844
6.70000009e-010   0.02603906
6.75000009e-010        0.012
6.80000009e-010   0.02521875
6.85000009e-010   0.01205469
6.90000009e-010   0.02383594
6.95000009e-010   0.01298438
7.00000009e-010        0.022
7.05000009e-010   0.01423438
7.10000009e-010   0.02207813
7.1500001e-010   0.01357813
7.2000001e-010   0.02313281
7.2500001e-010   0.01283594
7.3000001e-010        0.024
7.3500001e-010   0.01190625
7.4000001e-010   0.02388281
7.4500001e-010   0.01053125
7.5000001e-010   0.02289844
7.5500001e-010         0.01
7.6000001e-010   0.02132031
7.6500001e-010   0.01057031
7.7000001e-010   0.02019531
7.7500001e-010   0.01082031
7.8000001e-010   0.02033594
7.8500001e-010    0.0080625
7.90000011e-010   0.02030469
7.95000011e-010  0.006242188
8.00000011e-010   0.02032031
8.05000011e-010        0.006
8.10000011e-010   0.02091406
8.15000011e-010  0.007726563
8.20000011e-010   0.02140625
8.25000011e-010    0.0108125
8.30000011e-010   0.02175781
8.35000011e-010        0.012
8.40000011e-010    0.0220625
8.45000011e-010   0.01253125
8.50000011e-010   0.02294531
8.55000011e-010   0.01267188
8.60000011e-010   0.02372656
8.65000012e-010   0.01267188
8.70000012e-010   0.02403906
8.75000012e-010   0.01335938
8.80000012e-010   0.02380469
8.85000012e-010        0.014
8.90000012e-010        0.024
8.95000012e-010   0.01332031
9.00000012e-010   0.02522656
9.05000012e-010   0.01327344
9.10000012e-010   0.02578906
9.15000012e-010    0.0138125
9.20000012e-010   0.02582813
9.25000012e-010   0.01477344
9.30000012e-010        0.026
9.35000012e-010   0.01483594
9.40000013e-010        0.026
9.45000013e-010   0.01489063
9.50000013e-010   0.02616406
9.55000013e-010   0.01548438
9.60000013e-010   0.02704688
9.65000013e-010   0.01559375
9.70000013e-010        0.028
9.75000013e-010   0.01551563
9.80000013e-010   0.02813281
9.85000013e-010     0.015875
9.90000013e-010   0.02760156
9.95000013e-010      0.01625
1.00000001e-009   0.02657813
1.00500001e-009   0.01698438
1.01000001e-009   0.02530469
1.01500001e-009   0.01646094
1.02000001e-009   0.02571875
1.02500001e-009        0.016
1.03000001e-009   0.02705469
1.03500001e-009   0.01564063
1.04000001e-009        0.028
1.04500001e-009   0.01586719
1.05000001e-009   0.02753906
1.05500001e-009        0.016
1.06000001e-009   0.02599219
1.06500001e-009        0.016
1.07000001e-009   0.02473438
1.07500001e-009   0.01573438
1.08000001e-009   0.02546875
1.08500001e-009   0.01535938
1.09000001e-009   0.02591406
1.09500001e-009   0.01526563
1.10000001e-009    0.0259375
1.10500001e-009   0.01502344
1.11000001e-009   0.02638281
1.11500001e-009   0.01524219
1.12000001e-009   0.02635938
1.12500002e-009   0.01510938
1.13000002e-009        0.026
1.13500002e-009   0.01524219
1.14000002e-009   0.02694531
1.14500002e-009        0.016
1.15000002e-009   0.02765625
1.15500002e-009   0.01736719
1.16000002e-009        0.028
1.16500002e-009   0.01907813
1.17000002e-009    0.0280625
1.17500002e-009         0.02
1.18000002e-009   0.02870313
1.18500002e-009   0.01994531
1.19000002e-009   0.02889844
1.19500002e-009   0.01991406
1.20000002e-009   0.02872656
1.20500002e-009   0.02016406
1.21000002e-009   0.02946094
1.21500002e-009    0.0209375
1.22000002e-009   0.03029688
1.22500002e-009   0.02114063
1.23000002e-009   0.03038281
1.23500002e-009   0.02059375
1.24000002e-009    0.0308125
1.24500002e-009       0.0205
1.25000002e-009   0.03123438
