+3.00000000000E+005  -7.69232451903E+001
+7.79850000000E+006  -9.04463274821E+001
+1.52970000000E+007  -8.46603627427E+001
+2.27955000000E+007  -8.23680840149E+001
+3.02940000000E+007  -8.03169162703E+001
+3.77925000000E+007  -7.28897691125E+001
+4.52910000000E+007  -8.37752555666E+001
+5.27895000000E+007  -7.54664036304E+001
+6.02880000000E+007  -7.65083524674E+001
+6.77865000000E+007  -6.84906718364E+001
+7.52850000000E+007  -7.50275012496E+001
+8.27835000000E+007  -7.09406686100E+001
+9.02820000000E+007  -6.74985028030E+001
+9.77805000000E+007  -6.99305974693E+001
+1.05279000000E+008  -7.31895901846E+001
+1.12777500000E+008  -6.48736646831E+001
+1.20276000000E+008  -6.94925582400E+001
+1.27774500000E+008  -6.60903374596E+001
+1.35273000000E+008  -6.14245165107E+001
+1.42771500000E+008  -5.77105445544E+001
+1.50270000000E+008  -6.62947612462E+001
+1.57768500000E+008  -6.48464460531E+001
+1.65267000000E+008  -6.45654091906E+001
+1.72765500000E+008  -7.60624195835E+001
+1.80264000000E+008  -5.88159599843E+001
+1.87762500000E+008  -6.05943962053E+001
+1.95261000000E+008  -6.36027981744E+001
+2.02759500000E+008  -6.12937207697E+001
+2.10258000000E+008  -7.09885594219E+001
+2.17756500000E+008  -5.70998210854E+001
+2.25255000000E+008  -5.94474789942E+001
+2.32753500000E+008  -5.81813967429E+001
+2.40252000000E+008  -6.12527438112E+001
+2.47750500000E+008  -5.47144496804E+001
+2.55249000000E+008  -7.47322612278E+001
+2.62747500000E+008  -5.93544775520E+001
+2.70246000000E+008  -6.00290189736E+001
+2.77744500000E+008  -6.41350483974E+001
+2.85243000000E+008  -5.44405093877E+001
+2.92741500000E+008  -6.25339148165E+001
+3.00240000000E+008  -6.47393924605E+001
+3.07738500000E+008  -6.61817527654E+001
+3.15237000000E+008  -6.96062445718E+001
+3.22735500000E+008  -5.86847721508E+001
+3.30234000000E+008  -5.99630707515E+001
+3.37732500000E+008  -6.02834190722E+001
+3.45231000000E+008  -6.34444522875E+001
+3.52729500000E+008  -8.03571073901E+001
+3.60228000000E+008  -5.43012918892E+001
+3.67726500000E+008  -5.82196725295E+001
+3.75225000000E+008  -6.33871261657E+001
+3.82723500000E+008  -6.19827278674E+001
+3.90222000000E+008  -5.61288954607E+001
+3.97720500000E+008  -5.26607141381E+001
+4.05219000000E+008  -6.29513974961E+001
+4.12717500000E+008  -5.65529947619E+001
+4.20216000000E+008  -5.82920861810E+001
+4.27714500000E+008  -6.16226823713E+001
+4.35213000000E+008  -5.75581931243E+001
+4.42711500000E+008  -5.92026907717E+001
+4.50210000000E+008  -6.29405876348E+001
+4.57708500000E+008  -6.21406489690E+001
+4.65207000000E+008  -6.26006381128E+001
+4.72705500000E+008  -5.63527030020E+001
+4.80204000000E+008  -5.66228971552E+001
+4.87702500000E+008  -5.78754669059E+001
+4.95201000000E+008  -6.00149221249E+001
+5.02699500000E+008  -5.26203834814E+001
+5.10198000000E+008  -6.28284242201E+001
+5.17696500000E+008  -7.11969556162E+001
+5.25195000000E+008  -6.02077517924E+001
+5.32693500000E+008  -6.33628719782E+001
+5.40192000000E+008  -6.12366248085E+001
+5.47690500000E+008  -6.05083722966E+001
+5.55189000000E+008  -6.33420164236E+001
+5.62687500000E+008  -5.78329243505E+001
+5.70186000000E+008  -5.96651540262E+001
+5.77684500000E+008  -6.13377458579E+001
+5.85183000000E+008  -6.26234071285E+001
+5.92681500000E+008  -5.84945519490E+001
+6.00180000000E+008  -6.20815547073E+001
+6.07678500000E+008  -7.22095549057E+001
+6.15177000000E+008  -6.19273400566E+001
+6.22675500000E+008  -5.96116081857E+001
+6.30174000000E+008  -5.89699535458E+001
+6.37672500000E+008  -6.04717935119E+001
+6.45171000000E+008  -6.08894646379E+001
+6.52669500000E+008  -5.88008043247E+001
+6.60168000000E+008  -5.90673228557E+001
+6.67666500000E+008  -6.50354818608E+001
+6.75165000000E+008  -6.04123461403E+001
+6.82663500000E+008  -6.17754349423E+001
+6.90162000000E+008  -6.91085303682E+001
+6.97660500000E+008  -5.92641754506E+001
+7.05159000000E+008  -5.73600279233E+001
+7.12657500000E+008  -6.23309101711E+001
+7.20156000000E+008  -5.70925399828E+001
+7.27654500000E+008  -6.21304215949E+001
+7.35153000000E+008  -7.56851660437E+001
+7.42651500000E+008  -6.53353087130E+001
+7.50150000000E+008  -5.99495996071E+001
+7.57648500000E+008  -6.13539870881E+001
+7.65147000000E+008  -5.77961697871E+001
+7.72645500000E+008  -6.33722376358E+001
+7.80144000000E+008  -7.02086430240E+001
+7.87642500000E+008  -6.05536279122E+001
+7.95141000000E+008  -6.55670535642E+001
+8.02639500000E+008  -6.27544150261E+001
+8.10138000000E+008  -6.94898261598E+001
+8.17636500000E+008  -7.45469993110E+001
+8.25135000000E+008  -7.14223006008E+001
+8.32633500000E+008  -6.50241620680E+001
+8.40132000000E+008  -7.93666964236E+001
+8.47630500000E+008  -6.99732691864E+001
+8.55129000000E+008  -6.70783534251E+001
+8.62627500000E+008  -6.31518875221E+001
+8.70126000000E+008  -7.93139565707E+001
+8.77624500000E+008  -6.97964708289E+001
+8.85123000000E+008  -5.91990429235E+001
+8.92621500000E+008  -5.91565146048E+001
+9.00120000000E+008  -6.61762919485E+001
+9.07618500000E+008  -7.29923011571E+001
+9.15117000000E+008  -7.04380319917E+001
+9.22615500000E+008  -6.45830723354E+001
+9.30114000000E+008  -7.05059321050E+001
+9.37612500000E+008  -6.10774554363E+001
+9.45111000000E+008  -6.58686741371E+001
+9.52609500000E+008  -6.77332996986E+001
+9.60108000000E+008  -7.62755885492E+001
+9.67606500000E+008  -6.19659252836E+001
+9.75105000000E+008  -6.38825613203E+001
+9.82603500000E+008  -6.42052591481E+001
+9.90102000000E+008  -6.86227859838E+001
+9.97600500000E+008  -7.56070846147E+001
+1.00509900000E+009  -6.49896891405E+001
+1.01259750000E+009  -6.43179582224E+001
+1.02009600000E+009  -7.03243726884E+001
+1.02759450000E+009  -7.68015583498E+001
+1.03509300000E+009  -9.21460546522E+001
+1.04259150000E+009  -6.26848118347E+001
+1.05009000000E+009  -6.55624243434E+001
+1.05758850000E+009  -6.57015146792E+001
+1.06508700000E+009  -6.72960043608E+001
+1.07258550000E+009  -6.91274484454E+001
+1.08008400000E+009  -7.70508437282E+001
+1.08758250000E+009  -6.64434667981E+001
+1.09508100000E+009  -7.88233088255E+001
+1.10257950000E+009  -7.12007889976E+001
+1.11007800000E+009  -7.32574980028E+001
+1.11757650000E+009  -7.15497695141E+001
+1.12507500000E+009  -7.50255649845E+001
+1.13257350000E+009  -6.92521494916E+001
+1.14007200000E+009  -7.58483846138E+001
+1.14757050000E+009  -6.96389358823E+001
+1.15506900000E+009  -6.83939177394E+001
+1.16256750000E+009  -6.74066376842E+001
+1.17006600000E+009  -7.15453234192E+001
+1.17756450000E+009  -6.60913131247E+001
+1.18506300000E+009  -6.35198696846E+001
+1.19256150000E+009  -7.03350348062E+001
+1.20006000000E+009  -6.62760573452E+001
+1.20755850000E+009  -8.07053594514E+001
+1.21505700000E+009  -7.24531605994E+001
+1.22255550000E+009  -7.56054700973E+001
+1.23005400000E+009  -6.69689048057E+001
+1.23755250000E+009  -6.38823197571E+001
+1.24505100000E+009  -7.23154643625E+001
+1.25254950000E+009  -7.25450645697E+001
+1.26004800000E+009  -6.53955792824E+001
+1.26754650000E+009  -6.90904177339E+001
+1.27504500000E+009  -8.82492993835E+001
+1.28254350000E+009  -6.78065706575E+001
+1.29004200000E+009  -7.49238651131E+001
+1.29754050000E+009  -6.62692442384E+001
+1.30503900000E+009  -6.61831506903E+001
+1.31253750000E+009  -6.76406234944E+001
+1.32003600000E+009  -6.49069164448E+001
+1.32753450000E+009  -6.37670928909E+001
+1.33503300000E+009  -7.36739927602E+001
+1.34253150000E+009  -7.09281604291E+001
+1.35003000000E+009  -7.56821168257E+001
+1.35752850000E+009  -6.69600170672E+001
+1.36502700000E+009  -6.60647812939E+001
+1.37252550000E+009  -6.88570213519E+001
+1.38002400000E+009  -7.07162900532E+001
+1.38752250000E+009  -7.44004643755E+001
+1.39502100000E+009  -6.82975694313E+001
+1.40251950000E+009  -8.67678932640E+001
+1.41001800000E+009  -6.68988000553E+001
+1.41751650000E+009  -7.88606764444E+001
+1.42501500000E+009  -6.98507537668E+001
+1.43251350000E+009  -7.28722526374E+001
+1.44001200000E+009  -7.22912899560E+001
+1.44751050000E+009  -7.13569099522E+001
+1.45500900000E+009  -7.29875865663E+001
+1.46250750000E+009  -6.95572212224E+001
+1.47000600000E+009  -7.31082856628E+001
+1.47750450000E+009  -8.46661584890E+001
+1.48500300000E+009  -7.12774852767E+001
+1.49250150000E+009  -7.79763101516E+001
+1.50000000000E+009  -8.07576433158E+001
