-4.98000007e-009    -0.000125
-4.96000007e-009 -0.0003515625
-4.94000007e-009 -0.0004609375
-4.92000007e-009 -0.0004296875
-4.90000007e-009 -0.0002734375
-4.88000007e-009  -0.00015625
-4.86000006e-009 -0.000203125
-4.84000006e-009 -0.0002421875
-4.82000006e-009 -0.000203125
-4.80000006e-009 -3.90625e-005
-4.78000006e-009  4.6875e-005
-4.76000006e-009 0.0001015625
-4.74000006e-009            0
-4.72000006e-009 -0.000109375
-4.70000006e-009  -0.00015625
-4.68000006e-009  -0.00015625
-4.66000006e-009 -0.0001015625
-4.64000006e-009  7.8125e-006
-4.62000006e-009  0.000140625
-4.60000006e-009    0.0001875
-4.58000006e-009 0.0001640625
-4.56000006e-009  1.5625e-005
-4.54000006e-009 -0.0001796875
-4.52000006e-009 -0.0003359375
-4.50000006e-009 -0.0003828125
-4.48000006e-009 -0.000359375
-4.46000006e-009 -0.0003515625
-4.44000006e-009 -0.000296875
-4.42000006e-009 -0.0001640625
-4.40000006e-009  1.5625e-005
-4.38000006e-009 0.0001015625
-4.36000006e-009     0.000125
-4.34000006e-009 5.46875e-005
-4.32000006e-009 3.90625e-005
-4.30000006e-009 0.0001015625
-4.28000006e-009    6.25e-005
-4.26000006e-009 -2.34375e-005
-4.24000006e-009 -0.000203125
-4.22000006e-009 -0.0003359375
-4.20000006e-009 -0.0002890625
-4.18000006e-009 -8.59375e-005
-4.16000006e-009 0.0001953125
-4.14000006e-009  0.000265625
-4.12000006e-009    0.0001875
-4.10000005e-009 -7.8125e-005
-4.08000005e-009 -0.000328125
-4.06000005e-009  -0.00046875
-4.04000005e-009 -0.0004921875
-4.02000005e-009   -0.0004375
-4.00000005e-009  -0.00034375
-3.98000005e-009 -0.0002890625
-3.96000005e-009 -0.0001640625
-3.94000005e-009  -0.00015625
-3.92000005e-009 -0.0002890625
-3.90000005e-009 -0.000453125
-3.88000005e-009  -0.00059375
-3.86000005e-009 -0.0005234375
-3.84000005e-009 -0.0003046875
-3.82000005e-009  -9.375e-005
-3.80000005e-009 -0.000140625
-3.78000005e-009  -0.00028125
-3.76000005e-009  -0.00053125
-3.74000005e-009 -0.0007109375
-3.72000005e-009 -0.0007734375
-3.70000005e-009  -0.00078125
-3.68000005e-009 -0.000828125
-3.66000005e-009 -0.000984375
-3.64000005e-009 -0.001273438
-3.62000005e-009 -0.001757813
-3.60000005e-009 -0.002179688
-3.58000005e-009 -0.002382813
-3.56000005e-009  -0.00246875
-3.54000005e-009  -0.00259375
-3.52000005e-009 -0.002890625
-3.50000005e-009 -0.003289063
-3.48000005e-009 -0.003664063
-3.46000005e-009       -0.004
-3.44000005e-009 -0.004257813
-3.42000005e-009 -0.004601563
-3.40000005e-009 -0.004898438
-3.38000005e-009 -0.005140625
-3.36000004e-009 -0.005320313
-3.34000004e-009 -0.005460938
-3.32000004e-009 -0.005695313
-3.30000004e-009 -0.005953125
-3.28000004e-009   -0.0063125
-3.26000004e-009 -0.006710938
-3.24000004e-009 -0.007070313
-3.22000004e-009 -0.007359375
-3.20000004e-009  -0.00753125
-3.18000004e-009  -0.00771875
-3.16000004e-009  -0.00796875
-3.14000004e-009 -0.008351563
-3.12000004e-009 -0.008734375
-3.10000004e-009  -0.00903125
-3.08000004e-009  -0.00909375
-3.06000004e-009 -0.009054688
-3.04000004e-009  -0.00903125
-3.02000004e-009 -0.009140625
-3.00000004e-009 -0.009257813
-2.98000004e-009  -0.00934375
-2.96000004e-009 -0.009367188
-2.94000004e-009 -0.009445313
-2.92000004e-009 -0.009554688
-2.90000004e-009 -0.009546875
-2.88000004e-009      -0.0095
-2.86000004e-009 -0.009429688
-2.84000004e-009  -0.00940625
-2.82000004e-009 -0.009460938
-2.80000004e-009 -0.009460938
-2.78000004e-009 -0.009484375
-2.76000004e-009 -0.009539063
-2.74000004e-009 -0.009570313
-2.72000004e-009    -0.009625
-2.70000004e-009    -0.009625
-2.68000004e-009    -0.009625
-2.66000004e-009 -0.009632813
-2.64000004e-009 -0.009679688
-2.62000003e-009 -0.009742188
-2.60000003e-009 -0.009679688
-2.58000003e-009 -0.009492188
-2.56000003e-009 -0.009359375
-2.54000003e-009 -0.009359375
-2.52000003e-009 -0.009492188
-2.50000003e-009 -0.009554688
-2.48000003e-009 -0.009414063
-2.46000003e-009 -0.009164063
-2.44000003e-009 -0.008984375
-2.42000003e-009 -0.008859375
-2.40000003e-009 -0.008726563
-2.38000003e-009  -0.00853125
-2.36000003e-009 -0.008289063
-2.34000003e-009  -0.00815625
-2.32000003e-009  -0.00815625
-2.30000003e-009   -0.0081875
-2.28000003e-009 -0.008101563
-2.26000003e-009 -0.007921875
-2.24000003e-009 -0.007609375
-2.22000003e-009 -0.007304688
-2.20000003e-009 -0.007117188
-2.18000003e-009  -0.00703125
-2.16000003e-009 -0.006984375
-2.14000003e-009 -0.006867188
-2.12000003e-009 -0.006546875
-2.10000003e-009 -0.006203125
-2.08000003e-009  -0.00596875
-2.06000003e-009 -0.005882813
-2.04000003e-009   -0.0058125
-2.02000003e-009 -0.005664063
-2.00000003e-009 -0.005445313
-1.98000003e-009  -0.00528125
-1.96000003e-009 -0.005054688
-1.94000003e-009 -0.004867188
-1.92000003e-009 -0.004570313
-1.90000003e-009 -0.004328125
-1.88000003e-009 -0.004140625
-1.86000002e-009 -0.004101563
-1.84000002e-009    -0.004125
-1.82000002e-009 -0.004109375
-1.80000002e-009 -0.004015625
-1.78000002e-009 -0.003867188
-1.76000002e-009   -0.0036875
-1.74000002e-009      -0.0035
-1.72000002e-009 -0.003304688
-1.70000002e-009  -0.00315625
-1.68000002e-009   -0.0030625
-1.66000002e-009       -0.003
-1.64000002e-009 -0.002960938
-1.62000002e-009 -0.002914063
-1.60000002e-009 -0.002898438
-1.58000002e-009 -0.002765625
-1.56000002e-009 -0.002546875
-1.54000002e-009 -0.002367188
-1.52000002e-009 -0.002382813
-1.50000002e-009 -0.002578125
-1.48000002e-009 -0.002648438
-1.46000002e-009   -0.0024375
-1.44000002e-009 -0.002101563
-1.42000002e-009 -0.001976563
-1.40000002e-009 -0.002273438
-1.38000002e-009 -0.002648438
-1.36000002e-009 -0.002648438
-1.34000002e-009  -0.00228125
-1.32000002e-009 -0.001890625
-1.30000002e-009  -0.00184375
-1.28000002e-009 -0.002171875
-1.26000002e-009 -0.002445313
-1.24000002e-009 -0.002492188
-1.22000002e-009 -0.002359375
-1.20000002e-009 -0.002257813
-1.18000002e-009  -0.00221875
-1.16000002e-009 -0.002265625
-1.14000002e-009   -0.0023125
-1.12000001e-009 -0.002414063
-1.10000001e-009 -0.002640625
-1.08000001e-009 -0.002851563
-1.06000001e-009 -0.002851563
-1.04000001e-009 -0.002617188
-1.02000001e-009 -0.002421875
-1.00000001e-009      -0.0025
-9.80000013e-010 -0.002921875
-9.60000013e-010 -0.003382813
-9.40000013e-010  -0.00353125
-9.20000012e-010 -0.003460938
-9.00000012e-010 -0.003429688
-8.80000012e-010 -0.003570313
-8.60000011e-010 -0.003796875
-8.40000011e-010 -0.003992188
-8.20000011e-010 -0.004140625
-8.00000011e-010 -0.004234375
-7.8000001e-010 -0.004601563
-7.6000001e-010   -0.0050625
-7.4000001e-010     -0.00575
-7.2000001e-010    -0.006875
-7.00000009e-010 -0.008414063
-6.80000009e-010   -0.0106875
-6.60000009e-010  -0.01326563
-6.40000009e-010  -0.01670313
-6.20000008e-010  -0.02183594
-6.00000008e-010  -0.02890625
-5.80000008e-010  -0.03849219
-5.60000007e-010  -0.05005469
-5.40000007e-010  -0.06358594
-5.20000007e-010  -0.07900782
-5.00000007e-010  -0.09584375
-4.80000006e-010   -0.1128203
-4.60000006e-010   -0.1287813
-4.40000006e-010   -0.1423516
-4.20000006e-010   -0.1529922
-4.00000005e-010   -0.1604141
-3.80000005e-010   -0.1641406
-3.60000005e-010   -0.1653438
-3.40000005e-010   -0.1644766
-3.20000004e-010   -0.1625469
-3.00000004e-010   -0.1604844
-2.80000004e-010   -0.1577031
-2.60000003e-010   -0.1548984
-2.40000003e-010   -0.1514688
-2.20000003e-010   -0.1472891
-2.00000003e-010   -0.1426016
-1.80000002e-010   -0.1365625
-1.60000002e-010   -0.1291797
-1.40000002e-010   -0.1197109
-1.20000002e-010   -0.1077266
-1.00000001e-010  -0.09371875
-8.00000011e-011  -0.07805469
-6.00000008e-011  -0.06124219
-4.00000005e-011  -0.04407031
-2.00000003e-011  -0.02751563
           0  -0.01273438
2.00000003e-011 -0.0007734375
4.00000005e-011    0.0086875
6.00000008e-011   0.01530469
8.00000011e-011     0.019375
1.00000001e-010   0.02111719
1.20000002e-010   0.02088281
1.40000002e-010   0.01982813
1.60000002e-010     0.018375
1.80000002e-010   0.01695313
2.00000003e-010        0.016
2.20000003e-010   0.01567969
2.40000003e-010   0.01655469
2.60000003e-010       0.0185
2.80000004e-010   0.02117188
3.00000004e-010   0.02402344
3.20000004e-010   0.02639844
3.40000005e-010   0.02803125
3.60000005e-010      0.02875
3.80000005e-010   0.02853906
4.00000005e-010   0.02752344
4.20000006e-010   0.02601563
4.40000006e-010   0.02438281
4.60000006e-010   0.02307031
4.80000006e-010   0.02213281
5.00000007e-010   0.02147656
5.20000007e-010     0.020875
5.40000007e-010   0.02030469
5.60000007e-010   0.01989063
5.80000008e-010   0.01964844
6.00000008e-010   0.01955469
6.20000008e-010   0.01954688
6.40000009e-010   0.01950781
6.60000009e-010   0.01948438
6.80000009e-010   0.01932813
7.00000009e-010   0.01897656
7.2000001e-010   0.01851563
7.4000001e-010   0.01795313
7.6000001e-010   0.01742188
7.8000001e-010   0.01685156
8.00000011e-010   0.01620313
8.20000011e-010   0.01570313
8.40000011e-010   0.01542188
8.60000011e-010   0.01544531
8.80000012e-010   0.01573438
9.00000012e-010      0.01625
9.20000012e-010   0.01692969
9.40000013e-010   0.01767969
9.60000013e-010   0.01824219
9.80000013e-010     0.018625
1.00000001e-009   0.01892969
1.02000001e-009   0.01927344
1.04000001e-009   0.01973438
1.06000001e-009   0.02007031
1.08000001e-009   0.02026563
1.10000001e-009     0.020375
1.12000001e-009   0.02059375
1.14000002e-009   0.02099219
1.16000002e-009   0.02148438
1.18000002e-009   0.02201563
1.20000002e-009   0.02250781
1.22000002e-009   0.02307813
1.24000002e-009   0.02367188
1.26000002e-009   0.02413281
1.28000002e-009   0.02441406
1.30000002e-009   0.02442188
1.32000002e-009   0.02432031
1.34000002e-009   0.02421875
1.36000002e-009   0.02421875
1.38000002e-009      0.02425
1.40000002e-009   0.02432031
1.42000002e-009   0.02427344
1.44000002e-009   0.02417969
1.46000002e-009   0.02389063
1.48000002e-009   0.02353906
1.50000002e-009   0.02314063
1.52000002e-009   0.02275781
1.54000002e-009   0.02232031
1.56000002e-009   0.02189063
1.58000002e-009   0.02140625
1.60000002e-009   0.02090625
1.62000002e-009   0.02046094
1.64000002e-009   0.01994531
1.66000002e-009   0.01928906
1.68000002e-009   0.01851563
1.70000002e-009   0.01778125
1.72000002e-009   0.01725781
1.74000002e-009   0.01692969
1.76000002e-009   0.01669531
1.78000002e-009   0.01649219
1.80000002e-009   0.01630469
1.82000002e-009   0.01635156
1.84000002e-009   0.01642188
1.86000002e-009   0.01660938
1.88000003e-009   0.01674219
1.90000003e-009   0.01695313
1.92000003e-009   0.01722656
1.94000003e-009   0.01747656
1.96000003e-009   0.01758594
1.98000003e-009   0.01752344
2.00000003e-009   0.01744531
2.02000003e-009    0.0174375
2.04000003e-009   0.01744531
2.06000003e-009   0.01733594
2.08000003e-009   0.01721875
2.10000003e-009   0.01707031
2.12000003e-009   0.01723438
2.14000003e-009   0.01760156
2.16000003e-009   0.01794531
2.18000003e-009   0.01809375
2.20000003e-009   0.01814844
2.22000003e-009   0.01819531
2.24000003e-009   0.01832813
2.26000003e-009   0.01842969
2.28000003e-009   0.01840625
2.30000003e-009   0.01820313
2.32000003e-009   0.01797656
2.34000003e-009   0.01796094
2.36000003e-009   0.01807813
2.38000003e-009   0.01810156
2.40000003e-009   0.01785938
2.42000003e-009   0.01752344
2.44000003e-009   0.01720313
2.46000003e-009   0.01707031
2.48000003e-009   0.01694531
2.50000003e-009   0.01677344
2.52000003e-009       0.0165
2.54000003e-009   0.01632031
2.56000003e-009   0.01623438
2.58000003e-009   0.01609375
2.60000003e-009   0.01583594
2.62000003e-009   0.01553906
2.64000004e-009   0.01530469
2.66000004e-009   0.01532031
2.68000004e-009   0.01535938
2.70000004e-009   0.01532813
2.72000004e-009    0.0151875
2.74000004e-009   0.01508594
2.76000004e-009   0.01500781
2.78000004e-009   0.01495313
2.80000004e-009   0.01478906
2.82000004e-009   0.01448438
2.84000004e-009   0.01410156
2.86000004e-009    0.0138125
2.88000004e-009   0.01364063
2.90000004e-009   0.01359375
2.92000004e-009   0.01347656
2.94000004e-009   0.01342188
2.96000004e-009   0.01345313
2.98000004e-009   0.01365625
3.00000004e-009   0.01392969
3.02000004e-009   0.01414063
3.04000004e-009   0.01421875
3.06000004e-009   0.01422656
3.08000004e-009   0.01415625
3.10000004e-009   0.01417969
3.12000004e-009   0.01410156
3.14000004e-009   0.01389063
3.16000004e-009   0.01352344
3.18000004e-009     0.013125
3.20000004e-009   0.01296875
3.22000004e-009   0.01307813
3.24000004e-009   0.01326563
3.26000004e-009   0.01323438
3.28000004e-009   0.01301563
3.30000004e-009   0.01282031
3.32000004e-009   0.01282813
3.34000004e-009   0.01296875
3.36000004e-009   0.01296094
3.38000005e-009   0.01271875
3.40000005e-009   0.01242969
3.42000005e-009   0.01230469
3.44000005e-009   0.01235156
3.46000005e-009   0.01242969
3.48000005e-009   0.01235156
3.50000005e-009   0.01224219
3.52000005e-009   0.01213281
3.54000005e-009    0.0119375
3.56000005e-009   0.01169531
3.58000005e-009   0.01139063
3.60000005e-009   0.01117969
3.62000005e-009   0.01117188
3.64000005e-009   0.01119531
3.66000005e-009   0.01119531
3.68000005e-009   0.01105469
3.70000005e-009    0.0109375
3.72000005e-009    0.0109375
3.74000005e-009    0.0109375
3.76000005e-009   0.01082031
3.78000005e-009   0.01053906
3.80000005e-009   0.01032031
3.82000005e-009   0.01035938
3.84000005e-009   0.01046094
3.86000005e-009   0.01049219
3.88000005e-009   0.01030469
3.90000005e-009   0.01017188
3.92000005e-009   0.01026563
3.94000005e-009    0.0105625
3.96000005e-009   0.01077344
3.98000005e-009   0.01071875
4.00000005e-009   0.01052344
4.02000005e-009   0.01048438
4.04000005e-009   0.01066406
4.06000005e-009   0.01084375
4.08000005e-009   0.01071094
4.10000005e-009     0.010375
4.12000006e-009  0.009992188
4.14000006e-009  0.009851563
4.16000006e-009  0.009914063
4.18000006e-009   0.00996875
4.20000006e-009  0.009921875
4.22000006e-009    0.0098125
4.24000006e-009  0.009671875
4.26000006e-009  0.009492188
4.28000006e-009   0.00934375
4.30000006e-009     0.009125
4.32000006e-009  0.008945313
4.34000006e-009   0.00890625
4.36000006e-009  0.009023438
4.38000006e-009  0.009203125
4.40000006e-009  0.009210938
4.42000006e-009  0.008921875
4.44000006e-009  0.008414063
4.46000006e-009  0.007992188
4.48000006e-009  0.007835938
4.50000006e-009  0.007960938
4.52000006e-009  0.008171875
4.54000006e-009  0.008226563
4.56000006e-009  0.008070313
4.58000006e-009  0.007914063
4.60000006e-009  0.007882813
4.62000006e-009  0.007929688
4.64000006e-009  0.007992188
4.66000006e-009        0.008
4.68000006e-009  0.008015625
4.70000006e-009  0.008054688
4.72000006e-009  0.007953125
4.74000006e-009  0.007796875
4.76000006e-009  0.007664063
4.78000006e-009  0.007585938
4.80000006e-009  0.007445313
4.82000006e-009  0.007234375
4.84000006e-009  0.006992188
4.86000006e-009  0.006984375
4.88000007e-009  0.007265625
4.90000007e-009  0.007539063
4.92000007e-009  0.007507813
4.94000007e-009   0.00721875
4.96000007e-009    0.0069375
4.98000007e-009  0.006914063
5.00000007e-009  0.007085938
