-2.49000003e-009  -0.01267188
-2.48000003e-009 -0.002578125
-2.47000003e-009       -0.012
-2.46000003e-009 -0.003328125
-2.45000003e-009  -0.01346094
-2.44000003e-009       -0.002
-2.43000003e-009  -0.01339844
-2.42000003e-009 -0.001796875
-2.41000003e-009  -0.01354688
-2.40000003e-009 -0.003296875
-2.39000003e-009  -0.01314063
-2.38000003e-009 -0.003476563
-2.37000003e-009       -0.014
-2.36000003e-009 -0.003296875
-2.35000003e-009       -0.012
-2.34000003e-009  -0.00190625
-2.33000003e-009       -0.012
-2.32000003e-009  -0.00271875
-2.31000003e-009  -0.01053906
-2.30000003e-009 -0.001539063
-2.29000003e-009       -0.012
-2.28000003e-009 -0.001234375
-2.27000003e-009 -0.009976563
-2.26000003e-009       -0.002
-2.25000003e-009       -0.011
-2.24000003e-009 -0.001429688
-2.23000003e-009     -0.01225
-2.22000003e-009 -0.001757813
-2.21000003e-009  -0.01084375
-2.20000003e-009 -0.001835938
-2.19000003e-009  -0.01180469
-2.18000003e-009  -0.00146875
-2.17000003e-009  -0.01142969
-2.16000003e-009            0
-2.15000003e-009  -0.01036719
-2.14000003e-009  0.000453125
-2.13000003e-009  -0.01021875
-2.12000003e-009 -0.0003984375
-2.11000003e-009 -0.008960938
-2.10000003e-009            0
-2.09000003e-009  -0.00815625
-2.08000003e-009 -0.001210938
-2.07000003e-009 -0.008546875
-2.06000003e-009 0.0002265625
-2.05000003e-009 -0.008867188
-2.04000003e-009 -0.0008828125
-2.03000003e-009        -0.01
-2.02000003e-009            0
-2.01000003e-009  -0.01010156
-2.00000003e-009   -0.0001875
-1.99000003e-009 -0.008992188
-1.98000003e-009   0.00021875
-1.97000003e-009 -0.008546875
-1.96000003e-009        0.002
-1.95000003e-009 -0.009414063
-1.94000003e-009  0.002945313
-1.93000003e-009 -0.009367188
-1.92000003e-009        0.004
-1.91000003e-009  -0.00809375
-1.90000003e-009  0.002859375
-1.89000003e-009 -0.007804688
-1.88000003e-009        0.002
-1.87000002e-009    -0.007625
-1.86000002e-009  0.002398438
-1.85000002e-009 -0.007851563
-1.84000002e-009 0.0004453125
-1.83000002e-009 -0.006585938
-1.82000002e-009        0.002
-1.81000002e-009 -0.008039063
-1.80000002e-009   0.00209375
-1.79000002e-009 -0.008992188
-1.78000002e-009  0.002289063
-1.77000002e-009 -0.008640625
-1.76000002e-009   0.00228125
-1.75000002e-009 -0.007039063
-1.74000002e-009  0.003335938
-1.73000002e-009       -0.008
-1.72000002e-009        0.004
-1.71000002e-009  -0.00715625
-1.70000002e-009        0.004
-1.69000002e-009 -0.006328125
-1.68000002e-009  0.005203125
-1.67000002e-009 -0.005828125
-1.66000002e-009  0.005382813
-1.65000002e-009  -0.00603125
-1.64000002e-009        0.004
-1.63000002e-009 -0.007859375
-1.62000002e-009        0.002
-1.61000002e-009       -0.008
-1.60000002e-009  0.002085938
-1.59000002e-009 -0.006265625
-1.58000002e-009        0.002
-1.57000002e-009  -0.00609375
-1.56000002e-009  0.002398438
-1.55000002e-009 -0.006734375
-1.54000002e-009   0.00246875
-1.53000002e-009       -0.006
-1.52000002e-009  0.003570313
-1.51000002e-009       -0.008
-1.50000002e-009        0.004
-1.49000002e-009  -0.00634375
-1.48000002e-009   0.00421875
-1.47000002e-009    -0.006375
-1.46000002e-009     0.002375
-1.45000002e-009       -0.008
-1.44000002e-009        0.004
-1.43000002e-009 -0.007328125
-1.42000002e-009  0.002960938
-1.41000002e-009       -0.006
-1.40000002e-009        0.004
-1.39000002e-009 -0.005929688
-1.38000002e-009  0.002148438
-1.37000002e-009       -0.006
-1.36000002e-009  0.002664063
-1.35000002e-009       -0.006
-1.34000002e-009  0.003695313
-1.33000002e-009 -0.006242188
-1.32000002e-009  0.003664063
-1.31000002e-009  -0.00653125
-1.30000002e-009  0.002617188
-1.29000002e-009  -0.00565625
-1.28000002e-009  0.002148438
-1.27000002e-009       -0.006
-1.26000002e-009  0.002273438
-1.25000002e-009 -0.006226563
-1.24000002e-009  0.003421875
-1.23000002e-009       -0.006
-1.22000002e-009  0.002828125
-1.21000002e-009 -0.006054688
-1.20000002e-009    0.0025625
-1.19000002e-009  -0.00646875
-1.18000002e-009  0.004171875
-1.17000002e-009 -0.006257813
-1.16000002e-009        0.003
-1.15000002e-009       -0.006
-1.14000002e-009  0.004242188
-1.13000002e-009       -0.006
-1.12000001e-009  0.003867188
-1.11000001e-009 -0.006867188
-1.10000001e-009        0.002
-1.09000001e-009 -0.007242188
-1.08000001e-009  0.002703125
-1.07000001e-009   -0.0064375
-1.06000001e-009        0.004
-1.05000001e-009 -0.006242188
-1.04000001e-009  0.001882813
-1.03000001e-009  -0.00784375
-1.02000001e-009  0.001445313
-1.01000001e-009 -0.007382813
-1.00000001e-009    0.0028125
-9.90000013e-010  -0.00815625
-9.80000013e-010        0.004
-9.70000013e-010   -0.0065625
-9.60000013e-010  0.003046875
-9.50000013e-010 -0.006351563
-9.40000013e-010  0.001515625
-9.30000012e-010 -0.006539063
-9.20000012e-010        0.002
-9.10000012e-010       -0.008
-9.00000012e-010        0.002
-8.90000012e-010 -0.008804688
-8.80000012e-010 0.0003515625
-8.70000012e-010        -0.01
-8.60000011e-010            0
-8.50000011e-010 -0.008820313
-8.40000011e-010        0.002
-8.30000011e-010 -0.008601563
-8.20000011e-010 -0.000390625
-8.10000011e-010 -0.009789063
-8.00000011e-010 -0.001578125
-7.90000011e-010  -0.01045313
-7.8000001e-010 -0.0008359375
-7.7000001e-010  -0.01139844
-7.6000001e-010            0
-7.5000001e-010  -0.01352344
-7.4000001e-010       -0.004
-7.3000001e-010  -0.01689844
-7.2000001e-010 -0.006617188
-7.10000009e-010  -0.01859375
-7.00000009e-010   -0.0093125
-6.90000009e-010  -0.02203906
-6.80000009e-010       -0.012
-6.70000009e-010  -0.02782813
-6.60000009e-010       -0.018
-6.50000009e-010    -0.036375
-6.40000009e-010  -0.02578906
-6.30000008e-010       -0.046
-6.20000008e-010   -0.0365625
-6.10000008e-010       -0.056
-6.00000008e-010       -0.046
-5.90000008e-010  -0.06985157
-5.80000008e-010  -0.05964844
-5.70000008e-010  -0.08453125
-5.60000007e-010  -0.07698438
-5.50000007e-010   -0.1048906
-5.40000007e-010     -0.09475
-5.30000007e-010   -0.1213516
-5.20000007e-010   -0.1102734
-5.10000007e-010   -0.1344297
-5.00000007e-010    -0.124375
-4.90000007e-010   -0.1445938
-4.80000006e-010   -0.1373906
-4.70000006e-010   -0.1568438
-4.60000006e-010   -0.1466016
-4.50000006e-010   -0.1627969
-4.40000006e-010   -0.1515625
-4.30000006e-010       -0.168
-4.20000006e-010   -0.1542734
-4.10000005e-010   -0.1695781
-4.00000005e-010   -0.1577734
-3.90000005e-010     -0.16975
-3.80000005e-010   -0.1579141
-3.70000005e-010       -0.168
-3.60000005e-010       -0.154
-3.50000005e-010   -0.1663281
-3.40000005e-010   -0.1520625
-3.30000004e-010   -0.1662109
-3.20000004e-010   -0.1505234
-3.10000004e-010       -0.164
-3.00000004e-010   -0.1451875
-2.90000004e-010   -0.1570938
-2.80000004e-010   -0.1427031
-2.70000004e-010   -0.1530078
-2.60000003e-010   -0.1378828
-2.50000003e-010       -0.148
-2.40000003e-010      -0.1335
-2.30000003e-010   -0.1429688
-2.20000003e-010   -0.1288125
-2.10000003e-010       -0.136
-2.00000003e-010   -0.1203047
-1.90000003e-010   -0.1279375
-1.80000002e-010   -0.1093125
-1.70000002e-010   -0.1195703
-1.60000002e-010  -0.09776563
-1.50000002e-010   -0.1065469
-1.40000002e-010  -0.08344532
-1.30000002e-010  -0.09176563
-1.20000002e-010  -0.06576563
-1.10000001e-010  -0.07630469
-1.00000001e-010       -0.048
-9.00000012e-011  -0.05992188
-8.00000011e-011  -0.03460156
-7.00000009e-011  -0.04221094
-6.00000008e-011  -0.01974219
-5.00000007e-011    -0.026375
-4.00000005e-011  -0.00565625
-3.00000004e-011  -0.01221875
-2.00000003e-011  0.005429688
-1.00000001e-011 -0.001382813
           0        0.014
1.00000001e-011  0.006335938
2.00000003e-011   0.02017969
3.00000004e-011   0.01100781
4.00000005e-011   0.02525781
5.00000007e-011   0.01572656
6.00000008e-011        0.026
7.00000009e-011   0.01702344
8.00000011e-011   0.02667188
9.00000012e-011   0.01660156
1.00000001e-010        0.026
1.10000001e-010    0.0158125
1.20000002e-010        0.026
1.30000002e-010   0.01421094
1.40000002e-010        0.024
1.50000002e-010   0.01154688
1.60000002e-010   0.02265625
1.70000002e-010   0.01279688
1.80000002e-010        0.022
1.90000003e-010   0.01307031
2.00000003e-010   0.02325781
2.10000003e-010       0.0125
2.20000003e-010   0.02541406
2.30000003e-010    0.0166875
2.40000003e-010        0.028
2.50000003e-010   0.01886719
2.60000003e-010   0.02913281
2.70000004e-010     0.020625
2.80000004e-010        0.032
2.90000004e-010    0.0226875
3.00000004e-010        0.034
3.10000004e-010   0.02407813
3.20000004e-010   0.03483594
3.30000004e-010   0.02382813
3.40000005e-010   0.03289063
3.50000005e-010    0.0239375
3.60000005e-010   0.03139844
3.70000005e-010   0.02264844
3.80000005e-010        0.032
3.90000005e-010   0.02149219
4.00000005e-010   0.03096875
4.10000005e-010   0.02042188
4.20000006e-010   0.03128906
4.30000006e-010   0.01878125
4.40000006e-010        0.028
4.50000006e-010   0.01776563
4.60000006e-010   0.02723438
4.70000006e-010        0.016
4.80000006e-010        0.026
4.90000007e-010   0.01510156
5.00000007e-010   0.02544531
5.10000007e-010   0.01585156
5.20000007e-010   0.02610156
5.30000007e-010        0.016
5.40000007e-010        0.026
5.50000007e-010   0.01446094
5.60000007e-010        0.026
5.70000008e-010   0.01442188
5.80000008e-010        0.026
5.90000008e-010   0.01400781
6.00000008e-010        0.026
6.10000008e-010        0.014
6.20000008e-010        0.026
6.30000008e-010   0.01501563
6.40000009e-010        0.026
6.50000009e-010   0.01567969
6.60000009e-010   0.02480469
6.70000009e-010   0.01509375
6.80000009e-010   0.02600781
6.90000009e-010        0.012
7.00000009e-010   0.02485156
7.10000009e-010   0.01290625
7.2000001e-010   0.02328125
7.3000001e-010      0.01175
7.4000001e-010   0.02269531
7.5000001e-010        0.012
7.6000001e-010   0.02128125
7.7000001e-010   0.01153906
7.8000001e-010   0.02001563
7.90000011e-010         0.01
8.00000011e-010   0.02114844
8.10000011e-010   0.01020313
8.20000011e-010    0.0221875
8.30000011e-010   0.01003125
8.40000011e-010   0.02060938
8.50000011e-010        0.012
8.60000011e-010        0.022
8.70000012e-010        0.012
8.80000012e-010   0.02282031
8.90000012e-010   0.01284375
9.00000012e-010        0.024
9.10000012e-010   0.01496094
9.20000012e-010    0.0245625
9.30000012e-010   0.01596875
9.40000013e-010        0.026
9.50000013e-010   0.01544531
9.60000013e-010   0.02603125
9.70000013e-010   0.01396094
9.80000013e-010   0.02692969
9.90000013e-010        0.014
1.00000001e-009   0.02679688
1.01000001e-009   0.01659375
1.02000001e-009   0.02817969
1.03000001e-009        0.016
1.04000001e-009      0.02675
1.05000001e-009   0.01604688
1.06000001e-009   0.02621094
1.07000001e-009        0.016
1.08000001e-009   0.02685938
1.09000001e-009        0.016
1.10000001e-009   0.02599219
1.11000001e-009    0.0161875
1.12000001e-009   0.02644531
1.13000002e-009   0.01540625
1.14000002e-009        0.026
1.15000002e-009   0.01742969
1.16000002e-009   0.02645313
1.17000002e-009    0.0176875
1.18000002e-009   0.02903906
1.19000002e-009         0.02
1.20000002e-009   0.02940625
1.21000002e-009   0.02139844
1.22000002e-009         0.03
1.23000002e-009   0.01984375
1.24000002e-009   0.03011719
1.25000002e-009      0.02025
1.26000002e-009         0.03
1.27000002e-009         0.02
1.28000002e-009   0.03011719
1.29000002e-009         0.02
1.30000002e-009   0.03050781
1.31000002e-009   0.02114063
1.32000002e-009         0.03
1.33000002e-009   0.02049219
1.34000002e-009     0.030375
1.35000002e-009         0.02
1.36000002e-009   0.03069531
1.37000002e-009        0.018
1.38000002e-009        0.032
1.39000002e-009   0.01982813
1.40000002e-009   0.02925781
1.41000002e-009   0.01971875
1.42000002e-009   0.02817188
1.43000002e-009     0.019375
1.44000002e-009        0.028
1.45000002e-009        0.018
1.46000002e-009   0.02811719
1.47000002e-009   0.01816406
1.48000002e-009   0.02817188
1.49000002e-009   0.01759375
1.50000002e-009        0.028
1.51000002e-009        0.018
1.52000002e-009        0.028
1.53000002e-009   0.01763281
1.54000002e-009   0.02682813
1.55000002e-009   0.01699219
1.56000002e-009   0.02675781
1.57000002e-009   0.01658594
1.58000002e-009   0.02576563
1.59000002e-009        0.016
1.60000002e-009   0.02538281
1.61000002e-009     0.015375
1.62000002e-009   0.02579688
1.63000002e-009   0.01335938
1.64000002e-009   0.02357031
1.65000002e-009     0.013875
1.66000002e-009        0.024
1.67000002e-009   0.01269531
1.68000002e-009   0.02359375
1.69000002e-009   0.01296875
1.70000002e-009        0.024
1.71000002e-009   0.01313281
1.72000002e-009    0.0220625
1.73000002e-009   0.01285156
1.74000002e-009   0.02232813
1.75000002e-009   0.01359375
1.76000002e-009        0.022
1.77000002e-009        0.012
1.78000002e-009   0.02233594
1.79000002e-009   0.01336719
1.80000002e-009        0.022
1.81000002e-009   0.01321875
1.82000002e-009   0.02191406
1.83000002e-009   0.01242188
1.84000002e-009   0.02246094
1.85000002e-009        0.012
1.86000002e-009       0.0225
1.87000002e-009     0.011625
1.88000003e-009        0.024
1.89000003e-009     0.012375
1.90000003e-009   0.02360156
1.91000003e-009   0.01259375
1.92000003e-009        0.024
1.93000003e-009    0.0130625
1.94000003e-009   0.02344531
1.95000003e-009   0.01303906
1.96000003e-009        0.024
1.97000003e-009        0.014
1.98000003e-009        0.024
1.99000003e-009   0.01345313
2.00000003e-009   0.02386719
2.01000003e-009   0.01385156
2.02000003e-009   0.02415625
2.03000003e-009   0.01441406
2.04000003e-009   0.02359375
2.05000003e-009        0.014
2.06000003e-009   0.02354688
2.07000003e-009   0.01351563
2.08000003e-009    0.0234375
2.09000003e-009   0.01396094
2.10000003e-009   0.02403906
2.11000003e-009   0.01314844
2.12000003e-009        0.024
2.13000003e-009   0.01307031
2.14000003e-009        0.024
2.15000003e-009   0.01475781
2.16000003e-009        0.024
2.17000003e-009   0.01525781
2.18000003e-009   0.02401563
2.19000003e-009        0.014
2.20000003e-009   0.02361719
2.21000003e-009        0.012
2.22000003e-009   0.02288281
2.23000003e-009   0.01338281
2.24000003e-009   0.02242188
2.25000003e-009        0.014
2.26000003e-009        0.024
2.27000003e-009    0.0144375
2.28000003e-009   0.02386719
2.29000003e-009    0.0133125
2.30000003e-009        0.024
2.31000003e-009   0.01452344
2.32000003e-009   0.02367188
2.33000003e-009    0.0133125
2.34000003e-009   0.02394531
2.35000003e-009        0.014
2.36000003e-009   0.02407813
2.37000003e-009    0.0136875
2.38000003e-009        0.026
2.39000003e-009   0.01327344
2.40000003e-009    0.0245625
2.41000003e-009      0.01275
2.42000003e-009   0.02249219
2.43000003e-009   0.01240625
2.44000003e-009   0.02246094
2.45000003e-009        0.012
2.46000003e-009   0.02151563
2.47000003e-009   0.01258594
2.48000003e-009   0.02210156
2.49000003e-009   0.01013281
2.50000003e-009   0.02240625
