-4.98000007e-009 -0.003710938
-4.96000007e-009  0.005140625
-4.94000007e-009 -0.003226563
-4.92000007e-009  0.004203125
-4.90000007e-009     -0.00425
-4.88000007e-009  0.005140625
-4.86000006e-009    -0.003125
-4.84000006e-009  0.007390625
-4.82000006e-009     -0.00475
-4.80000006e-009     0.004625
-4.78000006e-009 -0.003898438
-4.76000006e-009  0.006523438
-4.74000006e-009 -0.004859375
-4.72000006e-009  0.004078125
-4.70000006e-009       -0.004
-4.68000006e-009   0.00628125
-4.66000006e-009 -0.004195313
-4.64000006e-009  0.006570313
-4.62000006e-009  -0.00365625
-4.60000006e-009  0.006703125
-4.58000006e-009  -0.00465625
-4.56000006e-009  0.004304688
-4.54000006e-009 -0.004039063
-4.52000006e-009  0.005085938
-4.50000006e-009       -0.004
-4.48000006e-009  0.005421875
-4.46000006e-009 -0.003992188
-4.44000006e-009        0.006
-4.42000006e-009       -0.004
-4.40000006e-009        0.006
-4.38000006e-009 -0.003648438
-4.36000006e-009  0.005195313
-4.34000006e-009  -0.00446875
-4.32000006e-009        0.006
-4.30000006e-009       -0.004
-4.28000006e-009   0.00640625
-4.26000006e-009 -0.003226563
-4.24000006e-009  0.005492188
-4.22000006e-009       -0.004
-4.20000006e-009  0.005671875
-4.18000006e-009       -0.005
-4.16000006e-009   0.00453125
-4.14000006e-009 -0.004226563
-4.12000006e-009    0.0045625
-4.10000005e-009 -0.005203125
-4.08000005e-009  0.005117188
-4.06000005e-009    -0.003375
-4.04000005e-009        0.006
-4.02000005e-009 -0.003851563
-4.00000005e-009        0.006
-3.98000005e-009  -0.00346875
-3.96000005e-009  0.004632813
-3.94000005e-009   -0.0039375
-3.92000005e-009   0.00465625
-3.90000005e-009       -0.006
-3.88000005e-009  0.005734375
-3.86000005e-009 -0.003695313
-3.84000005e-009   0.00446875
-3.82000005e-009       -0.004
-3.80000005e-009    0.0043125
-3.78000005e-009 -0.005859375
-3.76000005e-009   0.00528125
-3.74000005e-009       -0.004
-3.72000005e-009        0.004
-3.70000005e-009       -0.006
-3.68000005e-009  0.002921875
-3.66000005e-009  -0.00634375
-3.64000005e-009  0.003296875
-3.62000005e-009 -0.006914063
-3.60000005e-009        0.002
-3.58000005e-009 -0.008671875
-3.56000005e-009  0.001101563
-3.54000005e-009 -0.007382813
-3.52000005e-009        0.004
-3.50000005e-009  -0.00821875
-3.48000005e-009  0.001867188
-3.46000005e-009 -0.008359375
-3.44000005e-009 0.0006640625
-3.42000005e-009        -0.01
-3.40000005e-009            0
-3.38000005e-009  -0.01092969
-3.36000004e-009  -0.00128125
-3.34000004e-009   -0.0100625
-3.32000004e-009       -0.002
-3.30000004e-009       -0.012
-3.28000004e-009 -0.001640625
-3.26000004e-009  -0.01079688
-3.24000004e-009       -0.002
-3.22000004e-009  -0.01205469
-3.20000004e-009       -0.002
-3.18000004e-009   -0.0123125
-3.16000004e-009 -0.002734375
-3.14000004e-009  -0.01328906
-3.12000004e-009 -0.002578125
-3.10000004e-009       -0.012
-3.08000004e-009 -0.003757813
-3.06000004e-009  -0.01310938
-3.04000004e-009 -0.004171875
-3.02000004e-009  -0.01314844
-3.00000004e-009       -0.004
-2.98000004e-009  -0.01384375
-2.96000004e-009 -0.003898438
-2.94000004e-009       -0.014
-2.92000004e-009       -0.004
-2.90000004e-009   -0.0140625
-2.88000004e-009 -0.003835938
-2.86000004e-009   -0.0136875
-2.84000004e-009    -0.004375
-2.82000004e-009  -0.01213281
-2.80000004e-009       -0.004
-2.78000004e-009  -0.01317969
-2.76000004e-009 -0.005335938
-2.74000004e-009  -0.01334375
-2.72000004e-009 -0.003882813
-2.70000004e-009   -0.0145625
-2.68000004e-009 -0.004289063
-2.66000004e-009  -0.01319531
-2.64000004e-009 -0.004554688
-2.62000003e-009  -0.01223438
-2.60000003e-009 -0.003929688
-2.58000003e-009  -0.01300781
-2.56000003e-009 -0.003546875
-2.54000003e-009   -0.0133125
-2.52000003e-009    -0.003875
-2.50000003e-009  -0.01328125
-2.48000003e-009   -0.0033125
-2.46000003e-009  -0.01246875
-2.44000003e-009  -0.00259375
-2.42000003e-009  -0.01263281
-2.40000003e-009 -0.003492188
-2.38000003e-009  -0.01460156
-2.36000003e-009   -0.0034375
-2.34000003e-009       -0.014
-2.32000003e-009 -0.003929688
-2.30000003e-009  -0.01372656
-2.28000003e-009 -0.003664063
-2.26000003e-009  -0.01152344
-2.24000003e-009  -0.00190625
-2.22000003e-009  -0.01022656
-2.20000003e-009 -0.001671875
-2.18000003e-009  -0.01034375
-2.16000003e-009 -0.001789063
-2.14000003e-009  -0.01123438
-2.12000003e-009       -0.002
-2.10000003e-009  -0.01050781
-2.08000003e-009   0.00034375
-2.06000003e-009  -0.01103906
-2.04000003e-009   0.00040625
-2.02000003e-009   -0.0093125
-2.00000003e-009   0.00053125
-1.98000003e-009  -0.00934375
-1.96000003e-009  0.001210938
-1.94000003e-009 -0.009664063
-1.92000003e-009        0.002
-1.90000003e-009       -0.008
-1.88000003e-009 0.0007578125
-1.86000002e-009  -0.00884375
-1.84000002e-009  0.002304688
-1.82000002e-009        -0.01
-1.80000002e-009        0.002
-1.78000002e-009 -0.006796875
-1.76000002e-009  0.003265625
-1.74000002e-009 -0.007640625
-1.72000002e-009        0.002
-1.70000002e-009        -0.01
-1.68000002e-009   0.00196875
-1.66000002e-009     -0.00875
-1.64000002e-009  0.002429688
-1.62000002e-009 -0.007960938
-1.60000002e-009  0.004140625
-1.58000002e-009 -0.007757813
-1.56000002e-009  0.002367188
-1.54000002e-009 -0.006851563
-1.52000002e-009  0.002539063
-1.50000002e-009       -0.006
-1.48000002e-009  0.001992188
-1.46000002e-009     -0.00675
-1.44000002e-009  0.003945313
-1.42000002e-009       -0.006
-1.40000002e-009  0.002867188
-1.38000002e-009 -0.006632813
-1.36000002e-009   0.00209375
-1.34000002e-009       -0.006
-1.32000002e-009  0.002585938
-1.30000002e-009       -0.006
-1.28000002e-009        0.004
-1.26000002e-009 -0.006765625
-1.24000002e-009  0.002367188
-1.22000002e-009 -0.006984375
-1.20000002e-009        0.002
-1.18000002e-009 -0.005015625
-1.16000002e-009  0.004523438
-1.14000002e-009 -0.007835938
-1.12000001e-009        0.002
-1.10000001e-009       -0.008
-1.08000001e-009  0.001914063
-1.06000001e-009 -0.006015625
-1.04000001e-009   0.00378125
-1.02000001e-009 -0.006421875
-1.00000001e-009        0.004
-9.80000013e-010    -0.008125
-9.60000013e-010  0.001960938
-9.40000013e-010 -0.007460938
-9.20000012e-010        0.004
-9.00000012e-010       -0.008
-8.80000012e-010 0.0002109375
-8.60000011e-010 -0.008046875
-8.40000011e-010  0.001382813
-8.20000011e-010 -0.008765625
-8.00000011e-010            0
-7.8000001e-010  -0.01075781
-7.6000001e-010 -0.003148438
-7.4000001e-010    -0.013625
-7.2000001e-010       -0.002
-7.00000009e-010       -0.018
-6.80000009e-010 -0.007390625
-6.60000009e-010  -0.02616406
-6.40000009e-010  -0.01852344
-6.20000008e-010       -0.044
-6.00000008e-010       -0.038
-5.80000008e-010    -0.070625
-5.60000007e-010  -0.06130469
-5.40000007e-010   -0.1012266
-5.20000007e-010   -0.0928125
-5.00000007e-010   -0.1323828
-4.80000006e-010   -0.1273047
-4.60000006e-010   -0.1581172
-4.40000006e-010   -0.1489453
-4.20000006e-010        -0.17
-4.00000005e-010       -0.158
-3.80000005e-010   -0.1708125
-3.60000005e-010   -0.1566719
-3.40000005e-010    -0.166875
-3.20000004e-010   -0.1530469
-3.00000004e-010       -0.162
-2.80000004e-010   -0.1463359
-2.60000003e-010   -0.1544609
-2.40000003e-010   -0.1366641
-2.20000003e-010   -0.1440625
-2.00000003e-010   -0.1253906
-1.80000002e-010   -0.1323281
-1.60000002e-010   -0.1017969
-1.40000002e-010   -0.1101875
-1.20000002e-010       -0.072
-1.00000001e-010  -0.08195313
-8.00000011e-011  -0.04457031
-6.00000008e-011  -0.04991406
-4.00000005e-011  -0.01260938
-2.00000003e-011  -0.01895313
           0   0.01089063
2.00000003e-011  0.003734375
4.00000005e-011   0.02198438
6.00000008e-011   0.01613281
8.00000011e-011   0.02626563
1.00000001e-010   0.01582031
1.20000002e-010   0.02566406
1.40000002e-010   0.01320313
1.60000002e-010   0.02417188
1.80000002e-010   0.01391406
2.00000003e-010   0.02267969
2.20000003e-010     0.012875
2.40000003e-010   0.02616406
2.60000003e-010   0.01853125
2.80000004e-010        0.032
3.00000004e-010   0.02242188
3.20000004e-010      0.03325
3.40000005e-010    0.0244375
3.60000005e-010       0.0335
3.80000005e-010   0.02217969
4.00000005e-010   0.03150781
4.20000006e-010   0.01872656
4.40000006e-010   0.02907031
4.60000006e-010   0.01821875
4.80000006e-010        0.028
5.00000007e-010        0.016
5.20000007e-010   0.02626563
5.40000007e-010   0.01548438
5.60000007e-010   0.02769531
5.80000008e-010        0.016
6.00000008e-010   0.02528125
6.20000008e-010   0.01596875
6.40000009e-010   0.02530469
6.60000009e-010   0.01519531
6.80000009e-010   0.02415625
7.00000009e-010   0.01374219
7.2000001e-010   0.02369531
7.4000001e-010   0.01258594
7.6000001e-010        0.022
7.8000001e-010   0.01021875
8.00000011e-010   0.02083594
8.20000011e-010   0.01109375
8.40000011e-010   0.02098438
8.60000011e-010   0.01258594
8.80000012e-010   0.02357031
9.00000012e-010   0.01303125
9.20000012e-010     0.025375
9.40000013e-010     0.016625
9.60000013e-010        0.028
9.80000013e-010   0.01641406
1.00000001e-009   0.02551563
1.02000001e-009   0.01589844
1.04000001e-009   0.02747656
1.06000001e-009   0.01532813
1.08000001e-009        0.026
1.10000001e-009    0.0153125
1.12000001e-009   0.02647656
1.14000002e-009   0.01642188
1.16000002e-009        0.028
1.18000002e-009        0.018
1.20000002e-009         0.03
1.22000002e-009   0.01964844
1.24000002e-009   0.03099219
1.26000002e-009   0.01885938
1.28000002e-009         0.03
1.30000002e-009    0.0211875
1.32000002e-009      0.03325
1.34000002e-009   0.02005469
1.36000002e-009   0.03303125
1.38000002e-009   0.02032031
1.40000002e-009   0.03185156
1.42000002e-009   0.01784375
1.44000002e-009   0.02972656
1.46000002e-009        0.018
1.48000002e-009        0.028
1.50000002e-009   0.01882031
1.52000002e-009   0.02738281
1.54000002e-009   0.01858594
1.56000002e-009   0.02657813
1.58000002e-009     0.017125
1.60000002e-009         0.03
1.62000002e-009      0.01475
1.64000002e-009   0.02449219
1.66000002e-009   0.01285938
1.68000002e-009        0.024
1.70000002e-009        0.012
1.72000002e-009   0.02198438
1.74000002e-009   0.01228125
1.76000002e-009   0.02400781
1.78000002e-009        0.012
1.80000002e-009   0.02285156
1.82000002e-009   0.01253906
1.84000002e-009   0.02452344
1.86000002e-009   0.01221094
1.88000003e-009        0.022
1.90000003e-009        0.012
1.92000003e-009   0.02234375
1.94000003e-009   0.01291406
1.96000003e-009        0.024
1.98000003e-009   0.01303906
2.00000003e-009        0.024
2.02000003e-009   0.01315625
2.04000003e-009   0.02335156
2.06000003e-009    0.0133125
2.08000003e-009   0.02310156
2.10000003e-009        0.014
2.12000003e-009   0.02376563
2.14000003e-009   0.01417188
2.16000003e-009   0.02300781
2.18000003e-009   0.01508594
2.20000003e-009        0.024
2.22000003e-009   0.01573438
2.24000003e-009      0.02375
2.26000003e-009   0.01389063
2.28000003e-009        0.024
2.30000003e-009        0.014
2.32000003e-009   0.02471094
2.34000003e-009   0.01489063
2.36000003e-009   0.02416406
2.38000003e-009   0.01302344
2.40000003e-009        0.024
2.42000003e-009   0.01295313
2.44000003e-009   0.02399219
2.46000003e-009   0.01366406
2.48000003e-009        0.024
2.50000003e-009        0.012
2.52000003e-009     0.021625
2.54000003e-009   0.01191406
2.56000003e-009   0.02246094
2.58000003e-009   0.01171094
2.60000003e-009        0.022
2.62000003e-009   0.01199219
2.64000004e-009   0.02378125
2.66000004e-009   0.01224219
2.68000004e-009        0.024
2.70000004e-009   0.01173438
2.72000004e-009   0.02160156
2.74000004e-009   0.01185156
2.76000004e-009   0.02042969
2.78000004e-009       0.0095
2.80000004e-009        0.022
2.82000004e-009   0.01011719
2.84000004e-009   0.01967969
2.86000004e-009   0.01044531
2.88000004e-009    0.0191875
2.90000004e-009         0.01
2.92000004e-009   0.02028125
2.94000004e-009    0.0095625
2.96000004e-009   0.02028125
2.98000004e-009         0.01
3.00000004e-009         0.02
3.02000004e-009  0.008796875
3.04000004e-009   0.01996875
3.06000004e-009   0.01049219
3.08000004e-009         0.02
3.10000004e-009   0.01032813
3.12000004e-009   0.01985938
3.14000004e-009   0.00934375
3.16000004e-009   0.01817188
3.18000004e-009  0.006304688
3.20000004e-009        0.018
3.22000004e-009   0.01019531
3.24000004e-009   0.01779688
3.26000004e-009  0.009796875
3.28000004e-009   0.01810938
3.30000004e-009  0.009234375
3.32000004e-009   0.01824219
3.34000004e-009        0.009
3.36000004e-009        0.018
3.38000005e-009  0.009039063
3.40000005e-009         0.02
3.42000005e-009  0.008953125
3.44000005e-009   0.01789063
3.46000005e-009        0.008
3.48000005e-009        0.018
3.50000005e-009        0.006
3.52000005e-009   0.01732031
3.54000005e-009  0.007742188
3.56000005e-009   0.01828125
3.58000005e-009        0.006
3.60000005e-009   0.01604688
3.62000005e-009  0.007226563
3.64000005e-009   0.01714844
3.66000005e-009  0.007921875
3.68000005e-009   0.01660938
3.70000005e-009  0.006179688
3.72000005e-009   0.01825781
3.74000005e-009  0.007710938
3.76000005e-009     0.017625
3.78000005e-009        0.006
3.80000005e-009        0.016
3.82000005e-009  0.006976563
3.84000005e-009   0.01560156
3.86000005e-009        0.006
3.88000005e-009        0.016
3.90000005e-009  0.007515625
3.92000005e-009   0.01553125
3.94000005e-009  0.006195313
3.96000005e-009   0.01621875
3.98000005e-009  0.006882813
4.00000005e-009   0.01567188
4.02000005e-009  0.006085938
4.04000005e-009   0.01604688
4.06000005e-009   0.00678125
4.08000005e-009        0.016
4.10000005e-009        0.006
4.12000006e-009     0.015875
4.14000006e-009  0.005726563
4.16000006e-009   0.01621875
4.18000006e-009        0.006
4.20000006e-009   0.01479688
4.22000006e-009  0.005117188
4.24000006e-009   0.01553906
4.26000006e-009  0.005351563
4.28000006e-009        0.016
4.30000006e-009  0.005148438
4.32000006e-009   0.01408594
4.34000006e-009    0.0040625
4.36000006e-009   0.01688281
4.38000006e-009  0.004492188
4.40000006e-009        0.016
4.42000006e-009  0.003539063
4.44000006e-009   0.01365625
4.46000006e-009        0.004
4.48000006e-009        0.014
4.50000006e-009        0.004
4.52000006e-009   0.01402344
4.54000006e-009  0.002890625
4.56000006e-009   0.01409375
4.58000006e-009  0.003789063
4.60000006e-009        0.014
4.62000006e-009   0.00315625
4.64000006e-009   0.01370313
4.66000006e-009        0.004
4.68000006e-009   0.01253906
4.70000006e-009        0.004
4.72000006e-009   0.01357031
4.74000006e-009  0.003671875
4.76000006e-009   0.01334375
4.78000006e-009   0.00353125
4.80000006e-009   0.01200781
4.82000006e-009        0.003
4.84000006e-009   0.01250781
4.86000006e-009  0.001546875
4.88000007e-009        0.014
4.90000007e-009  0.003265625
4.92000007e-009   0.01464844
4.94000007e-009  0.001757813
4.96000007e-009   0.01292969
4.98000007e-009        0.004
5.00000007e-009   0.01214063
