-2.49000003e-009 -0.009273438
-2.48000003e-009 -0.009171875
-2.47000003e-009 -0.009078125
-2.46000003e-009       -0.009
-2.45000003e-009 -0.008960938
-2.44000003e-009 -0.008953125
-2.43000003e-009   -0.0089375
-2.42000003e-009   -0.0089375
-2.41000003e-009 -0.008867188
-2.40000003e-009 -0.008757813
-2.39000003e-009 -0.008640625
-2.38000003e-009  -0.00846875
-2.37000003e-009 -0.008289063
-2.36000003e-009 -0.008203125
-2.35000003e-009 -0.008132813
-2.34000003e-009    -0.008125
-2.33000003e-009 -0.008171875
-2.32000003e-009     -0.00825
-2.31000003e-009 -0.008304688
-2.30000003e-009 -0.008320313
-2.29000003e-009 -0.008320313
-2.28000003e-009 -0.008226563
-2.27000003e-009    -0.008125
-2.26000003e-009 -0.007992188
-2.25000003e-009 -0.007859375
-2.24000003e-009     -0.00775
-2.23000003e-009 -0.007648438
-2.22000003e-009 -0.007585938
-2.21000003e-009 -0.007570313
-2.20000003e-009 -0.007539063
-2.19000003e-009 -0.007539063
-2.18000003e-009  -0.00746875
-2.17000003e-009  -0.00740625
-2.16000003e-009 -0.007296875
-2.15000003e-009 -0.007226562
-2.14000003e-009 -0.007085937
-2.13000003e-009 -0.006976562
-2.12000003e-009 -0.006820312
-2.11000003e-009   -0.0066875
-2.10000003e-009 -0.006507812
-2.09000003e-009 -0.006390625
-2.08000003e-009 -0.006296875
-2.07000003e-009 -0.006179687
-2.06000003e-009 -0.006101562
-2.05000003e-009 -0.006046875
-2.04000003e-009 -0.006015625
-2.03000003e-009 -0.005953125
-2.02000003e-009 -0.005921875
-2.01000003e-009 -0.005828125
-2.00000003e-009     -0.00575
-1.99000003e-009 -0.005640625
-1.98000003e-009 -0.005539062
-1.97000003e-009 -0.005382812
-1.96000003e-009 -0.005273437
-1.95000003e-009  -0.00515625
-1.94000003e-009   -0.0050625
-1.93000003e-009 -0.005007812
-1.92000003e-009 -0.004898437
-1.91000003e-009 -0.004734375
-1.90000003e-009  -0.00459375
-1.89000003e-009   -0.0044375
-1.88000003e-009 -0.004273437
-1.87000002e-009 -0.004164062
-1.86000002e-009 -0.004117187
-1.85000002e-009 -0.004117187
-1.84000002e-009 -0.004195312
-1.83000002e-009 -0.004304687
-1.82000002e-009 -0.004335937
-1.81000002e-009 -0.004320312
-1.80000002e-009  -0.00421875
-1.79000002e-009 -0.004023437
-1.78000002e-009   -0.0038125
-1.77000002e-009  -0.00359375
-1.76000002e-009 -0.003390625
-1.75000002e-009     -0.00325
-1.74000002e-009 -0.003242187
-1.73000002e-009 -0.003289062
-1.72000002e-009 -0.003382812
-1.71000002e-009 -0.003507812
-1.70000002e-009 -0.003578125
-1.69000002e-009 -0.003640625
-1.68000002e-009 -0.003632812
-1.67000002e-009   -0.0035625
-1.66000002e-009  -0.00346875
-1.65000002e-009 -0.003367187
-1.64000002e-009     -0.00325
-1.63000002e-009 -0.003171875
-1.62000002e-009 -0.003117187
-1.61000002e-009 -0.003109375
-1.60000002e-009 -0.003046875
-1.59000002e-009   -0.0030625
-1.58000002e-009 -0.002992187
-1.57000002e-009 -0.002992187
-1.56000002e-009 -0.002921875
-1.55000002e-009 -0.002859375
-1.54000002e-009  -0.00271875
-1.53000002e-009 -0.002601562
-1.52000002e-009  -0.00253125
-1.51000002e-009 -0.002429687
-1.50000002e-009 -0.002382812
-1.49000002e-009 -0.002382812
-1.48000002e-009 -0.002398437
-1.47000002e-009 -0.002484375
-1.46000002e-009 -0.002523437
-1.45000002e-009 -0.002546875
-1.44000002e-009 -0.002539062
-1.43000002e-009  -0.00246875
-1.42000002e-009 -0.002367187
-1.41000002e-009 -0.002242187
-1.40000002e-009 -0.002140625
-1.39000002e-009  -0.00209375
-1.38000002e-009 -0.002054687
-1.37000002e-009 -0.002101562
-1.36000002e-009 -0.002203125
-1.35000002e-009 -0.002273437
-1.34000002e-009 -0.002328125
-1.33000002e-009 -0.002335937
-1.32000002e-009 -0.002328125
-1.31000002e-009 -0.002296875
-1.30000002e-009 -0.002273437
-1.29000002e-009  -0.00228125
-1.28000002e-009 -0.002289062
-1.27000002e-009 -0.002351562
-1.26000002e-009 -0.002398437
-1.25000002e-009  -0.00240625
-1.24000002e-009 -0.002390625
-1.23000002e-009 -0.002304687
-1.22000002e-009   -0.0021875
-1.21000002e-009 -0.002078125
-1.20000002e-009 -0.001992187
-1.19000002e-009 -0.001953125
-1.18000002e-009 -0.002007812
-1.17000002e-009 -0.002085937
-1.16000002e-009 -0.002210937
-1.15000002e-009 -0.002296875
-1.14000002e-009    -0.002375
-1.13000002e-009 -0.002414062
-1.12000001e-009 -0.002421875
-1.11000001e-009 -0.002421875
-1.10000001e-009 -0.002398437
-1.09000001e-009 -0.002414062
-1.08000001e-009   -0.0024375
-1.07000001e-009 -0.002484375
-1.06000001e-009 -0.002484375
-1.05000001e-009  -0.00253125
-1.04000001e-009 -0.002515625
-1.03000001e-009 -0.002546875
-1.02000001e-009 -0.002632812
-1.01000001e-009 -0.002679687
-1.00000001e-009 -0.002804687
-9.90000013e-010 -0.002929687
-9.80000013e-010 -0.003101562
-9.70000013e-010 -0.003242187
-9.60000013e-010 -0.003351562
-9.50000013e-010 -0.003515625
-9.40000013e-010 -0.003585937
-9.30000012e-010 -0.003664062
-9.20000012e-010 -0.003703125
-9.10000012e-010  -0.00371875
-9.00000012e-010  -0.00378125
-8.90000012e-010  -0.00384375
-8.80000012e-010 -0.003882812
-8.70000012e-010 -0.003976562
-8.60000011e-010 -0.004039062
-8.50000011e-010 -0.004117187
-8.40000011e-010 -0.004140625
-8.30000011e-010 -0.004242187
-8.20000011e-010 -0.004320312
-8.10000011e-010 -0.004453125
-8.00000011e-010 -0.004640625
-7.90000011e-010 -0.004882812
-7.8000001e-010 -0.005164062
-7.7000001e-010 -0.005546875
-7.6000001e-010 -0.005945312
-7.5000001e-010 -0.006476562
-7.4000001e-010 -0.007015625
-7.3000001e-010  -0.00765625
-7.2000001e-010 -0.008414063
-7.10000009e-010     -0.00925
-7.00000009e-010  -0.01032031
-6.90000009e-010  -0.01149219
-6.80000009e-010  -0.01282813
-6.70000009e-010  -0.01449219
-6.60000009e-010  -0.01642188
-6.50000009e-010  -0.01876563
-6.40000009e-010  -0.02149219
-6.30000008e-010  -0.02464844
-6.20000008e-010  -0.02842188
-6.10000008e-010  -0.03267188
-6.00000008e-010  -0.03754688
-5.90000008e-010  -0.04296094
-5.80000008e-010  -0.04885938
-5.70000008e-010   -0.0553125
-5.60000007e-010  -0.06221875
-5.50000007e-010  -0.06961719
-5.40000007e-010  -0.07736719
-5.30000007e-010  -0.08546094
-5.20000007e-010     -0.09375
-5.10000007e-010   -0.1021328
-5.00000007e-010   -0.1103906
-4.90000007e-010   -0.1185078
-4.80000006e-010   -0.1262266
-4.70000006e-010   -0.1333516
-4.60000006e-010    -0.139875
-4.50000006e-010   -0.1456094
-4.40000006e-010    -0.150625
-4.30000006e-010   -0.1547578
-4.20000006e-010   -0.1579922
-4.10000005e-010   -0.1604844
-4.00000005e-010   -0.1620938
-3.90000005e-010   -0.1631016
-3.80000005e-010   -0.1634297
-3.70000005e-010   -0.1631172
-3.60000005e-010   -0.1624453
-3.50000005e-010   -0.1613594
-3.40000005e-010   -0.1601328
-3.30000004e-010   -0.1587578
-3.20000004e-010   -0.1572656
-3.10000004e-010   -0.1557188
-3.00000004e-010   -0.1541719
-2.90000004e-010   -0.1526563
-2.80000004e-010   -0.1512266
-2.70000004e-010   -0.1495859
-2.60000003e-010   -0.1479922
-2.50000003e-010   -0.1461641
-2.40000003e-010   -0.1442578
-2.30000003e-010   -0.1421875
-2.20000003e-010   -0.1398125
-2.10000003e-010   -0.1372656
-2.00000003e-010   -0.1343203
-1.90000003e-010   -0.1310391
-1.80000002e-010   -0.1273828
-1.70000002e-010   -0.1232578
-1.60000002e-010   -0.1186406
-1.50000002e-010   -0.1134453
-1.40000002e-010   -0.1077969
-1.30000002e-010   -0.1016719
-1.20000002e-010  -0.09507032
-1.10000001e-010  -0.08807813
-1.00000001e-010  -0.08072657
-9.00000012e-011  -0.07303125
-8.00000011e-011  -0.06510157
-7.00000009e-011  -0.05697656
-6.00000008e-011     -0.04875
-5.00000007e-011  -0.04052344
-4.00000005e-011  -0.03238281
-3.00000004e-011  -0.02453125
-2.00000003e-011  -0.01719531
-1.00000001e-011  -0.01039844
           0 -0.004328125
1.00000001e-011  0.001109375
2.00000003e-011  0.005828126
3.00000004e-011  0.009820313
4.00000005e-011   0.01315625
5.00000007e-011   0.01585938
6.00000008e-011   0.01805469
7.00000009e-011   0.01964063
8.00000011e-011   0.02061719
9.00000012e-011   0.02110938
1.00000001e-010    0.0210625
1.10000001e-010   0.02076563
1.20000002e-010   0.02014063
1.30000002e-010   0.01935938
1.40000002e-010   0.01853125
1.50000002e-010      0.01775
1.60000002e-010   0.01707031
1.70000002e-010       0.0165
1.80000002e-010   0.01598438
1.90000003e-010   0.01561719
2.00000003e-010   0.01540625
2.10000003e-010   0.01538281
2.20000003e-010   0.01567969
2.30000003e-010   0.01620313
2.40000003e-010   0.01705469
2.50000003e-010   0.01820313
2.60000003e-010   0.01953125
2.70000004e-010   0.02101563
2.80000004e-010   0.02253125
2.90000004e-010   0.02396875
3.00000004e-010   0.02528906
3.10000004e-010     0.026375
3.20000004e-010   0.02717188
3.30000004e-010      0.02775
3.40000005e-010   0.02803125
3.50000005e-010   0.02814844
3.60000005e-010   0.02800781
3.70000005e-010   0.02778125
3.80000005e-010   0.02741406
3.90000005e-010   0.02689844
4.00000005e-010     0.026375
4.10000005e-010   0.02578906
4.20000006e-010   0.02517969
4.30000006e-010   0.02455469
4.40000006e-010   0.02399219
4.50000006e-010   0.02342188
4.60000006e-010   0.02296094
4.70000006e-010   0.02260938
4.80000006e-010   0.02228125
4.90000007e-010   0.02200781
5.00000007e-010   0.02177344
5.10000007e-010   0.02153906
5.20000007e-010   0.02128906
5.30000007e-010   0.02101563
5.40000007e-010   0.02070313
5.50000007e-010   0.02042969
5.60000007e-010    0.0201875
5.70000008e-010   0.02001563
5.80000008e-010   0.01989844
5.90000008e-010   0.01982813
6.00000008e-010   0.01980469
6.10000008e-010   0.01977344
6.20000008e-010   0.01974219
6.30000008e-010   0.01970313
6.40000009e-010     0.019625
6.50000009e-010   0.01957031
6.60000009e-010   0.01948438
6.70000009e-010   0.01941406
6.80000009e-010   0.01935156
6.90000009e-010    0.0193125
7.00000009e-010   0.01921094
7.10000009e-010   0.01909375
7.2000001e-010   0.01890625
7.3000001e-010   0.01867969
7.4000001e-010   0.01842969
7.5000001e-010   0.01814844
7.6000001e-010   0.01785938
7.7000001e-010     0.017625
7.8000001e-010   0.01742188
7.90000011e-010   0.01724219
8.00000011e-010   0.01717188
8.10000011e-010   0.01714063
8.20000011e-010   0.01710938
8.30000011e-010   0.01708594
8.40000011e-010   0.01708594
8.50000011e-010   0.01707813
8.60000011e-010   0.01704688
8.70000012e-010   0.01708594
8.80000012e-010   0.01714063
8.90000012e-010   0.01721094
9.00000012e-010     0.017375
9.10000012e-010   0.01755469
9.20000012e-010   0.01770313
9.30000012e-010   0.01784375
9.40000013e-010    0.0179375
9.50000013e-010   0.01810156
9.60000013e-010   0.01817969
9.70000013e-010   0.01832031
9.80000013e-010   0.01849219
9.90000013e-010   0.01877344
1.00000001e-009   0.01907813
1.01000001e-009   0.01944531
1.02000001e-009   0.01979688
1.03000001e-009   0.02007813
1.04000001e-009   0.02026563
1.05000001e-009   0.02039063
1.06000001e-009   0.02044531
1.07000001e-009   0.02050781
1.08000001e-009   0.02060938
1.09000001e-009      0.02075
1.10000001e-009   0.02097656
1.11000001e-009   0.02123438
1.12000001e-009   0.02149219
1.13000002e-009   0.02175781
1.14000002e-009   0.02195313
1.15000002e-009   0.02210938
1.16000002e-009   0.02219531
1.17000002e-009   0.02225781
1.18000002e-009   0.02232813
1.19000002e-009   0.02248438
1.20000002e-009   0.02264063
1.21000002e-009   0.02292969
1.22000002e-009   0.02315625
1.23000002e-009   0.02335156
1.24000002e-009   0.02354688
1.25000002e-009   0.02360938
1.26000002e-009   0.02364844
1.27000002e-009   0.02357813
1.28000002e-009   0.02353125
1.29000002e-009   0.02348438
1.30000002e-009   0.02348438
1.31000002e-009       0.0235
1.32000002e-009   0.02353125
1.33000002e-009   0.02364063
1.34000002e-009   0.02371875
1.35000002e-009   0.02380469
1.36000002e-009     0.023875
1.37000002e-009   0.02397656
1.38000002e-009   0.02407813
1.39000002e-009   0.02416406
1.40000002e-009   0.02425781
1.41000002e-009   0.02439063
1.42000002e-009   0.02445313
1.43000002e-009   0.02445313
1.44000002e-009    0.0244375
1.45000002e-009   0.02434375
1.46000002e-009   0.02416406
1.47000002e-009   0.02395313
1.48000002e-009    0.0236875
1.49000002e-009   0.02335156
1.50000002e-009   0.02301563
1.51000002e-009     0.022625
1.52000002e-009   0.02222656
1.53000002e-009     0.021875
1.54000002e-009   0.02150781
1.55000002e-009   0.02116406
1.56000002e-009   0.02091406
1.57000002e-009   0.02071875
1.58000002e-009    0.0205625
1.59000002e-009   0.02046094
1.60000002e-009   0.02036719
1.61000002e-009    0.0203125
1.62000002e-009   0.02021875
1.63000002e-009   0.02005469
1.64000002e-009     0.019875
1.65000002e-009   0.01965625
1.66000002e-009   0.01944531
1.67000002e-009   0.01924219
1.68000002e-009   0.01901563
1.69000002e-009   0.01891406
1.70000002e-009   0.01877344
1.71000002e-009   0.01864063
1.72000002e-009   0.01851563
1.73000002e-009   0.01841406
1.74000002e-009   0.01824219
1.75000002e-009    0.0180625
1.76000002e-009   0.01782813
1.77000002e-009   0.01763281
1.78000002e-009   0.01749219
1.79000002e-009   0.01735156
1.80000002e-009   0.01725781
1.81000002e-009   0.01713281
1.82000002e-009   0.01707813
1.83000002e-009        0.017
1.84000002e-009   0.01694531
1.85000002e-009   0.01689844
1.86000002e-009   0.01686719
1.87000002e-009   0.01689063
1.88000003e-009   0.01696094
1.89000003e-009   0.01704688
1.90000003e-009   0.01717188
1.91000003e-009   0.01728125
1.92000003e-009   0.01741406
1.93000003e-009   0.01746875
1.94000003e-009   0.01750781
1.95000003e-009   0.01749219
1.96000003e-009   0.01747656
1.97000003e-009   0.01742188
1.98000003e-009   0.01742188
1.99000003e-009   0.01746875
2.00000003e-009   0.01754688
2.01000003e-009   0.01767969
2.02000003e-009   0.01779688
2.03000003e-009   0.01795313
2.04000003e-009   0.01807813
2.05000003e-009   0.01816406
2.06000003e-009   0.01823438
2.07000003e-009   0.01821875
2.08000003e-009   0.01825781
2.09000003e-009   0.01827344
2.10000003e-009   0.01828906
2.11000003e-009   0.01834375
2.12000003e-009   0.01838281
2.13000003e-009   0.01845313
2.14000003e-009   0.01847656
2.15000003e-009       0.0185
2.16000003e-009   0.01849219
2.17000003e-009   0.01842969
2.18000003e-009   0.01833594
2.19000003e-009   0.01824219
2.20000003e-009   0.01817188
2.21000003e-009   0.01811719
2.22000003e-009   0.01810938
2.23000003e-009   0.01817969
2.24000003e-009   0.01835938
2.25000003e-009   0.01854688
2.26000003e-009   0.01878125
2.27000003e-009   0.01895313
2.28000003e-009   0.01910938
2.29000003e-009   0.01917188
2.30000003e-009   0.01914844
2.31000003e-009   0.01901563
2.32000003e-009   0.01890625
2.33000003e-009   0.01872656
2.34000003e-009   0.01858594
2.35000003e-009   0.01848438
2.36000003e-009   0.01841406
2.37000003e-009   0.01839063
2.38000003e-009   0.01836719
2.39000003e-009   0.01834375
2.40000003e-009   0.01827344
2.41000003e-009   0.01821875
2.42000003e-009   0.01810156
2.43000003e-009   0.01792969
2.44000003e-009      0.01775
2.45000003e-009    0.0175625
2.46000003e-009   0.01738281
2.47000003e-009   0.01720313
2.48000003e-009    0.0170625
2.49000003e-009   0.01691406
2.50000003e-009   0.01678906
