-2.49000003e-009  -0.01342188
-2.48000003e-009 -0.004757812
-2.47000003e-009  -0.01269531
-2.46000003e-009 -0.004054687
-2.45000003e-009       -0.013
-2.44000003e-009  -0.00478125
-2.43000003e-009  -0.01276563
-2.42000003e-009 -0.002328125
-2.41000003e-009       -0.013
-2.40000003e-009 -0.001101562
-2.39000003e-009   -0.0118125
-2.38000003e-009  -0.00309375
-2.37000003e-009  -0.01142969
-2.36000003e-009       -0.003
-2.35000003e-009  -0.01422656
-2.34000003e-009 -0.004109375
-2.33000003e-009       -0.015
-2.32000003e-009     -0.00275
-2.31000003e-009       -0.013
-2.30000003e-009       -0.003
-2.29000003e-009  -0.01321094
-2.28000003e-009 -0.003140625
-2.27000003e-009       -0.015
-2.26000003e-009 -0.002804687
-2.25000003e-009  -0.01332813
-2.24000003e-009 -0.001554687
-2.23000003e-009       -0.011
-2.22000003e-009 -0.0007968747
-2.21000003e-009  -0.01160938
-2.20000003e-009 -0.001007812
-2.19000003e-009       -0.013
-2.18000003e-009       -0.003
-2.17000003e-009       -0.013
-2.16000003e-009       -0.003
-2.15000003e-009  -0.01100781
-2.14000003e-009  -0.00165625
-2.13000003e-009  -0.01023438
-2.12000003e-009 -0.0007499997
-2.11000003e-009  -0.01128125
-2.10000003e-009 -0.0005468747
-2.09000003e-009       -0.011
-2.08000003e-009 -0.0009999997
-2.07000003e-009  -0.01094531
-2.06000003e-009 -0.0009999997
-2.05000003e-009 -0.009632813
-2.04000003e-009 -0.0009999997
-2.03000003e-009       -0.009
-2.02000003e-009 0.0009843754
-2.01000003e-009  -0.00965625
-2.00000003e-009        0.001
-1.99000003e-009 -0.009359375
-1.98000003e-009 -0.0009999997
-1.97000003e-009   -0.0089375
-1.96000003e-009   -0.0016875
-1.95000003e-009  -0.01003906
-1.94000003e-009 -0.0006796872
-1.93000003e-009       -0.009
-1.92000003e-009 -0.0009843747
-1.91000003e-009    -0.009625
-1.90000003e-009        0.001
-1.89000003e-009     -0.00925
-1.88000003e-009        0.001
-1.87000002e-009 -0.008953125
-1.86000002e-009  0.001695313
-1.85000002e-009       -0.009
-1.84000002e-009        0.001
-1.83000002e-009  -0.00965625
-1.82000002e-009  0.001171875
-1.81000002e-009       -0.009
-1.80000002e-009 9.375035e-005
-1.79000002e-009 -0.008921875
-1.78000002e-009 0.0006640629
-1.77000002e-009 -0.007757813
-1.76000002e-009  0.001929688
-1.75000002e-009 -0.008304688
-1.74000002e-009        0.001
-1.73000002e-009 -0.007429688
-1.72000002e-009 0.0008671879
-1.71000002e-009 -0.007726563
-1.70000002e-009  0.001492188
-1.69000002e-009       -0.007
-1.68000002e-009  0.001132813
-1.67000002e-009 -0.007429688
-1.66000002e-009  0.001914063
-1.65000002e-009   -0.0074375
-1.64000002e-009        0.003
-1.63000002e-009       -0.007
-1.62000002e-009        0.003
-1.61000002e-009       -0.007
-1.60000002e-009  0.002140625
-1.59000002e-009  -0.00715625
-1.58000002e-009  0.001445313
-1.57000002e-009  -0.00740625
-1.56000002e-009  0.002234375
-1.55000002e-009 -0.008273438
-1.54000002e-009  0.002140625
-1.53000002e-009       -0.009
-1.52000002e-009  0.001242188
-1.51000002e-009 -0.007359375
-1.50000002e-009  0.001015625
-1.49000002e-009       -0.007
-1.48000002e-009    0.0011875
-1.47000002e-009     -0.00725
-1.46000002e-009   0.00240625
-1.45000002e-009 -0.008289063
-1.44000002e-009  0.001609375
-1.43000002e-009 -0.008226563
-1.42000002e-009     0.001625
-1.41000002e-009 -0.007265625
-1.40000002e-009      0.00175
-1.39000002e-009 -0.008164063
-1.38000002e-009  0.001726563
-1.37000002e-009    -0.008625
-1.36000002e-009    0.0015625
-1.35000002e-009 -0.008859375
-1.34000002e-009  0.003250001
-1.33000002e-009 -0.008148438
-1.32000002e-009        0.003
-1.31000002e-009 -0.007421875
-1.30000002e-009  0.001984375
-1.29000002e-009       -0.007
-1.28000002e-009  0.002929688
-1.27000002e-009 -0.006984375
-1.26000002e-009  0.002039063
-1.25000002e-009 -0.005789062
-1.24000002e-009   0.00278125
-1.23000002e-009 -0.007273437
-1.22000002e-009        0.003
-1.21000002e-009 -0.007070312
-1.20000002e-009        0.003
-1.19000002e-009 -0.005515625
-1.18000002e-009   0.00284375
-1.17000002e-009 -0.007929688
-1.16000002e-009    0.0023125
-1.15000002e-009  -0.00803125
-1.14000002e-009  0.002796875
-1.13000002e-009 -0.007195312
-1.12000001e-009        0.003
-1.11000001e-009   -0.0070625
-1.10000001e-009        0.003
-1.09000001e-009 -0.006804687
-1.08000001e-009  0.003390626
-1.07000001e-009 -0.007234375
-1.06000001e-009  0.002101563
-1.05000001e-009 -0.006578125
-1.04000001e-009        0.003
-1.03000001e-009       -0.007
-1.02000001e-009  0.002984375
-1.01000001e-009 -0.007632813
-1.00000001e-009  0.003101563
-9.90000013e-010 -0.008601563
-9.80000013e-010        0.003
-9.70000013e-010       -0.009
-9.60000013e-010  0.001171875
-9.50000013e-010   -0.0079375
-9.40000013e-010  0.001203125
-9.30000012e-010 -0.007804688
-9.20000012e-010 -0.0005624997
-9.10000012e-010 -0.007765625
-9.00000012e-010 3.125035e-005
-8.90000012e-010       -0.009
-8.80000012e-010        0.001
-8.70000012e-010 -0.009601563
-8.60000011e-010 0.0005625004
-8.50000011e-010       -0.009
-8.40000011e-010 -0.0003437497
-8.30000011e-010       -0.009
-8.20000011e-010 -0.0001171872
-8.10000011e-010 -0.009726563
-8.00000011e-010 0.0005703129
-7.90000011e-010  -0.01139844
-7.8000001e-010 -0.002484375
-7.7000001e-010       -0.013
-7.6000001e-010 -0.002835937
-7.5000001e-010  -0.01269531
-7.4000001e-010       -0.005
-7.3000001e-010       -0.015
-7.2000001e-010 -0.005570312
-7.10000009e-010  -0.01844531
-7.00000009e-010 -0.008492188
-6.90000009e-010  -0.02110156
-6.80000009e-010  -0.01452344
-6.70000009e-010   -0.0269375
-6.60000009e-010       -0.019
-6.50000009e-010       -0.033
-6.40000009e-010  -0.02688281
-6.30000008e-010  -0.04241406
-6.20000008e-010       -0.035
-6.10000008e-010  -0.05420313
-6.00000008e-010  -0.04458594
-5.90000008e-010       -0.069
-5.80000008e-010  -0.05838281
-5.70000008e-010  -0.08425782
-5.60000007e-010  -0.07683594
-5.50000007e-010   -0.1043281
-5.40000007e-010       -0.093
-5.30000007e-010   -0.1198281
-5.20000007e-010   -0.1091328
-5.10000007e-010   -0.1338203
-5.00000007e-010   -0.1248984
-4.90000007e-010   -0.1472813
-4.80000006e-010       -0.137
-4.70000006e-010       -0.157
-4.60000006e-010   -0.1467109
-4.50000006e-010   -0.1646094
-4.40000006e-010   -0.1544844
-4.30000006e-010       -0.169
-4.20000006e-010   -0.1573125
-4.10000005e-010       -0.171
-4.00000005e-010   -0.1566406
-3.90000005e-010   -0.1681797
-3.80000005e-010   -0.1564297
-3.70000005e-010       -0.167
-3.60000005e-010       -0.153
-3.50000005e-010   -0.1636719
-3.40000005e-010   -0.1502031
-3.30000004e-010       -0.161
-3.20000004e-010   -0.1476406
-3.10000004e-010       -0.157
-3.00000004e-010   -0.1430391
-2.90000004e-010   -0.1531406
-2.80000004e-010   -0.1402109
-2.70000004e-010       -0.151
-2.60000003e-010   -0.1368438
-2.50000003e-010   -0.1457344
-2.40000003e-010   -0.1324297
-2.30000003e-010   -0.1390234
-2.20000003e-010   -0.1252031
-2.10000003e-010   -0.1348359
-2.00000003e-010   -0.1162734
-1.90000003e-010   -0.1282344
-1.80000002e-010   -0.1073438
-1.70000002e-010       -0.119
-1.60000002e-010       -0.097
-1.50000002e-010   -0.1053516
-1.40000002e-010  -0.08239844
-1.30000002e-010  -0.09008594
-1.20000002e-010  -0.06792188
-1.10000001e-010       -0.075
-1.00000001e-010  -0.04841406
-9.00000012e-011  -0.06078907
-8.00000011e-011       -0.031
-7.00000009e-011  -0.04451563
-6.00000008e-011   -0.0186875
-5.00000007e-011       -0.029
-4.00000005e-011       -0.005
-3.00000004e-011  -0.01313281
-2.00000003e-011  0.006671876
-1.00000001e-011 -0.0008984372
           0    0.0146875
1.00000001e-011  0.007523438
2.00000003e-011        0.019
3.00000004e-011   0.01282031
4.00000005e-011        0.023
5.00000007e-011   0.01408594
6.00000008e-011        0.027
7.00000009e-011     0.015625
8.00000011e-011   0.02630469
9.00000012e-011   0.01596875
1.00000001e-010        0.025
1.10000001e-010   0.01480469
1.20000002e-010        0.023
1.30000002e-010    0.0131875
1.40000002e-010   0.02192969
1.50000002e-010   0.01148438
1.60000002e-010        0.021
1.70000002e-010      0.01225
1.80000002e-010     0.020625
1.90000003e-010   0.01060938
2.00000003e-010   0.02101563
2.10000003e-010        0.011
2.20000003e-010        0.025
2.30000003e-010      0.01375
2.40000003e-010   0.02775781
2.50000003e-010   0.01667188
2.60000003e-010   0.02800781
2.70000004e-010   0.01873438
2.80000004e-010        0.031
2.90000004e-010    0.0204375
3.00000004e-010   0.03271094
3.10000004e-010        0.023
3.20000004e-010        0.033
3.30000004e-010   0.02289063
3.40000005e-010    0.0328125
3.50000005e-010   0.01971094
3.60000005e-010        0.033
3.70000005e-010        0.019
3.80000005e-010     0.032875
3.90000005e-010   0.01817188
4.00000005e-010        0.031
4.10000005e-010   0.01797656
4.20000006e-010   0.02984375
4.30000006e-010   0.01873438
4.40000006e-010   0.02724219
4.50000006e-010   0.01620313
4.60000006e-010        0.029
4.70000006e-010        0.017
4.80000006e-010   0.02760156
4.90000007e-010   0.01647656
5.00000007e-010        0.025
5.10000007e-010   0.01660156
5.20000007e-010        0.025
5.30000007e-010   0.01671875
5.40000007e-010   0.02535156
5.50000007e-010   0.01508594
5.60000007e-010   0.02535938
5.70000008e-010   0.01472656
5.80000008e-010        0.025
5.90000008e-010        0.015
6.00000008e-010     0.023875
6.10000008e-010   0.01446094
6.20000008e-010   0.02453906
6.30000008e-010   0.01571875
6.40000009e-010   0.02380469
6.50000009e-010     0.013625
6.60000009e-010        0.025
6.70000009e-010   0.01115625
6.80000009e-010   0.02442188
6.90000009e-010   0.01186719
7.00000009e-010   0.02435156
7.10000009e-010   0.01280469
7.2000001e-010   0.02455469
7.3000001e-010   0.01360938
7.4000001e-010   0.02283594
7.5000001e-010    0.0123125
7.6000001e-010   0.02355469
7.7000001e-010   0.01135938
7.8000001e-010   0.02210156
7.90000011e-010        0.011
8.00000011e-010   0.02157031
8.10000011e-010   0.01259375
8.20000011e-010   0.02228906
8.30000011e-010       0.0115
8.40000011e-010   0.02188281
8.50000011e-010   0.01196875
8.60000011e-010        0.023
8.70000012e-010   0.01232813
8.80000012e-010   0.02328125
8.90000012e-010   0.01232031
9.00000012e-010   0.02325781
9.10000012e-010        0.013
9.20000012e-010   0.02349219
9.30000012e-010   0.01439844
9.40000013e-010   0.02319531
9.50000013e-010   0.01373438
9.60000013e-010   0.02541406
9.70000013e-010   0.01485938
9.80000013e-010   0.02433594
9.90000013e-010   0.01497656
1.00000001e-009   0.02583594
1.01000001e-009   0.01590625
1.02000001e-009   0.02549219
1.03000001e-009   0.01482813
1.04000001e-009        0.025
1.05000001e-009    0.0158125
1.06000001e-009   0.02528125
1.07000001e-009   0.01603125
1.08000001e-009        0.027
1.09000001e-009   0.01510156
1.10000001e-009   0.02649219
1.11000001e-009   0.01635156
1.12000001e-009        0.027
1.13000002e-009   0.01616406
1.14000002e-009   0.02744531
1.15000002e-009   0.01646094
1.16000002e-009   0.02789063
1.17000002e-009    0.0178125
1.18000002e-009    0.0274375
1.19000002e-009   0.01832031
1.20000002e-009   0.02758594
1.21000002e-009    0.0175625
1.22000002e-009     0.027625
1.23000002e-009   0.01679688
1.24000002e-009   0.02704688
1.25000002e-009   0.01739063
1.26000002e-009   0.02800781
1.27000002e-009   0.01851563
1.28000002e-009        0.029
1.29000002e-009   0.01829688
1.30000002e-009   0.02853906
1.31000002e-009   0.01857031
1.32000002e-009        0.029
1.33000002e-009   0.02019531
1.34000002e-009   0.02945313
1.35000002e-009   0.01950781
1.36000002e-009        0.029
1.37000002e-009        0.019
1.38000002e-009   0.02882813
1.39000002e-009   0.01941406
1.40000002e-009   0.02901563
1.41000002e-009   0.02059375
1.42000002e-009   0.02899219
1.43000002e-009   0.02040625
1.44000002e-009        0.029
1.45000002e-009   0.01909375
1.46000002e-009        0.029
1.47000002e-009   0.01864063
1.48000002e-009   0.02836719
1.49000002e-009   0.01819531
1.50000002e-009   0.02724219
1.51000002e-009   0.01646875
1.52000002e-009   0.02705469
1.53000002e-009   0.01479688
1.54000002e-009   0.02682031
1.55000002e-009   0.01611719
1.56000002e-009        0.025
1.57000002e-009        0.015
1.58000002e-009   0.02686719
1.59000002e-009   0.01492969
1.60000002e-009   0.02614844
1.61000002e-009     0.015125
1.62000002e-009   0.02314844
1.63000002e-009   0.01457031
1.64000002e-009   0.02330469
1.65000002e-009   0.01439844
1.66000002e-009       0.0235
1.67000002e-009   0.01370313
1.68000002e-009        0.025
1.69000002e-009   0.01353906
1.70000002e-009   0.02326563
1.71000002e-009   0.01309375
1.72000002e-009   0.02321875
1.73000002e-009        0.013
1.74000002e-009        0.023
1.75000002e-009        0.013
1.76000002e-009   0.02335938
1.77000002e-009   0.01292969
1.78000002e-009   0.02279688
1.79000002e-009   0.01294531
1.80000002e-009   0.02273438
1.81000002e-009   0.01217969
1.82000002e-009        0.021
1.83000002e-009        0.011
1.84000002e-009     0.022875
1.85000002e-009        0.011
1.86000002e-009        0.023
1.87000002e-009   0.01184375
1.88000003e-009   0.02132813
1.89000003e-009        0.013
1.90000003e-009   0.02148438
1.91000003e-009        0.013
1.92000003e-009        0.023
1.93000003e-009   0.01169531
1.94000003e-009    0.0221875
1.95000003e-009        0.013
1.96000003e-009   0.02190625
1.97000003e-009   0.01260938
1.98000003e-009   0.02272656
1.99000003e-009        0.013
2.00000003e-009        0.023
2.01000003e-009        0.013
2.02000003e-009        0.023
2.03000003e-009        0.013
2.04000003e-009   0.02454688
2.05000003e-009        0.013
2.06000003e-009   0.02396875
2.07000003e-009        0.013
2.08000003e-009   0.02375781
2.09000003e-009        0.013
2.10000003e-009   0.02407031
2.11000003e-009   0.01314844
2.12000003e-009   0.02519531
2.13000003e-009   0.01254688
2.14000003e-009        0.025
2.15000003e-009   0.01234375
2.16000003e-009   0.02411719
2.17000003e-009   0.01400781
2.18000003e-009   0.02529688
2.19000003e-009        0.015
2.20000003e-009   0.02419531
2.21000003e-009   0.01382031
2.22000003e-009        0.023
2.23000003e-009   0.01275781
2.24000003e-009   0.02325781
2.25000003e-009   0.01397656
2.26000003e-009   0.02297656
2.27000003e-009   0.01496875
2.28000003e-009    0.0235625
2.29000003e-009   0.01446094
2.30000003e-009   0.02474219
2.31000003e-009   0.01498438
2.32000003e-009        0.025
2.33000003e-009   0.01448438
2.34000003e-009   0.02420313
2.35000003e-009        0.013
2.36000003e-009   0.02367969
2.37000003e-009   0.01371094
2.38000003e-009   0.02222656
2.39000003e-009        0.013
2.40000003e-009    0.0215625
2.41000003e-009   0.01246094
2.42000003e-009   0.02208594
2.43000003e-009   0.01344531
2.44000003e-009   0.02204688
2.45000003e-009   0.01297656
2.46000003e-009        0.023
2.47000003e-009   0.01267188
2.48000003e-009   0.02325781
2.49000003e-009   0.01220313
2.50000003e-009    0.0219375
