+3.00000000000E+005  -8.14917814449E+001
+7.79850000000E+006  -8.22870871088E+001
+1.52970000000E+007  -7.90280237611E+001
+2.27955000000E+007  -8.09953420054E+001
+3.02940000000E+007  -7.94175852068E+001
+3.77925000000E+007  -7.84574267803E+001
+4.52910000000E+007  -7.35813827687E+001
+5.27895000000E+007  -7.94734994806E+001
+6.02880000000E+007  -8.02547607977E+001
+6.77865000000E+007  -9.74653565229E+001
+7.52850000000E+007  -6.81510969433E+001
+8.27835000000E+007  -7.87106690490E+001
+9.02820000000E+007  -7.80714004220E+001
+9.77805000000E+007  -6.64918261663E+001
+1.05279000000E+008  -6.91372961231E+001
+1.12777500000E+008  -7.23582815382E+001
+1.20276000000E+008  -7.27992710395E+001
+1.27774500000E+008  -7.52880705651E+001
+1.35273000000E+008  -6.37658778990E+001
+1.42771500000E+008  -7.54132698211E+001
+1.50270000000E+008  -6.19632472133E+001
+1.57768500000E+008  -7.19355921640E+001
+1.65267000000E+008  -6.23654281599E+001
+1.72765500000E+008  -6.75669040211E+001
+1.80264000000E+008  -6.37315192177E+001
+1.87762500000E+008  -6.94805286611E+001
+1.95261000000E+008  -6.15307088516E+001
+2.02759500000E+008  -6.80707559571E+001
+2.10258000000E+008  -6.49585281026E+001
+2.17756500000E+008  -5.79973416705E+001
+2.25255000000E+008  -6.90640487408E+001
+2.32753500000E+008  -7.17650284433E+001
+2.40252000000E+008  -6.57033954794E+001
+2.47750500000E+008  -6.28325136687E+001
+2.55249000000E+008  -7.13281656903E+001
+2.62747500000E+008  -6.39673124600E+001
+2.70246000000E+008  -5.98208592940E+001
+2.77744500000E+008  -6.56939216035E+001
+2.85243000000E+008  -5.46970333114E+001
+2.92741500000E+008  -6.34345425678E+001
+3.00240000000E+008  -5.84987106191E+001
+3.07738500000E+008  -5.85632426432E+001
+3.15237000000E+008  -5.82841738125E+001
+3.22735500000E+008  -9.16810623868E+001
+3.30234000000E+008  -7.28579860324E+001
+3.37732500000E+008  -6.58555875253E+001
+3.45231000000E+008  -6.34309062127E+001
+3.52729500000E+008  -5.79719669745E+001
+3.60228000000E+008  -5.97452560464E+001
+3.67726500000E+008  -6.07236817291E+001
+3.75225000000E+008  -6.31553108395E+001
+3.82723500000E+008  -5.91208983605E+001
+3.90222000000E+008  -5.40776005512E+001
+3.97720500000E+008  -5.63373154008E+001
+4.05219000000E+008  -7.12517837267E+001
+4.12717500000E+008  -7.44211375867E+001
+4.20216000000E+008  -5.83315805698E+001
+4.27714500000E+008  -6.16876588993E+001
+4.35213000000E+008  -5.94322720064E+001
+4.42711500000E+008  -5.99037483645E+001
+4.50210000000E+008  -6.07122724673E+001
+4.57708500000E+008  -6.91171717443E+001
+4.65207000000E+008  -6.04846663202E+001
+4.72705500000E+008  -7.46448457790E+001
+4.80204000000E+008  -5.80404760483E+001
+4.87702500000E+008  -6.45291439557E+001
+4.95201000000E+008  -6.25719320220E+001
+5.02699500000E+008  -5.92174974194E+001
+5.10198000000E+008  -6.33987141091E+001
+5.17696500000E+008  -5.44277962660E+001
+5.25195000000E+008  -6.78117931914E+001
+5.32693500000E+008  -6.39679166918E+001
+5.40192000000E+008  -6.35444374193E+001
+5.47690500000E+008  -5.86978880677E+001
+5.55189000000E+008  -8.98084263915E+001
+5.62687500000E+008  -6.33084071774E+001
+5.70186000000E+008  -5.91075546680E+001
+5.77684500000E+008  -6.07102008959E+001
+5.85183000000E+008  -6.78315599762E+001
+5.92681500000E+008  -5.89474019408E+001
+6.00180000000E+008  -6.66634439737E+001
+6.07678500000E+008  -5.74170972531E+001
+6.15177000000E+008  -6.55203578792E+001
+6.22675500000E+008  -7.21108830610E+001
+6.30174000000E+008  -6.25141925696E+001
+6.37672500000E+008  -5.67575114428E+001
+6.45171000000E+008  -6.69783260776E+001
+6.52669500000E+008  -5.85821071055E+001
+6.60168000000E+008  -7.80010939162E+001
+6.67666500000E+008  -7.05021514359E+001
+6.75165000000E+008  -6.11149200808E+001
+6.82663500000E+008  -6.22739514029E+001
+6.90162000000E+008  -6.46109269993E+001
+6.97660500000E+008  -6.13398161829E+001
+7.05159000000E+008  -6.89328181660E+001
+7.12657500000E+008  -5.31011504958E+001
+7.20156000000E+008  -5.87616427918E+001
+7.27654500000E+008  -6.04049538593E+001
+7.35153000000E+008  -5.79019156830E+001
+7.42651500000E+008  -5.60847889097E+001
+7.50150000000E+008  -5.63995455476E+001
+7.57648500000E+008  -8.01737009203E+001
+7.65147000000E+008  -6.65381053729E+001
+7.72645500000E+008  -6.66762485277E+001
+7.80144000000E+008  -7.08175069743E+001
+7.87642500000E+008  -5.85437612455E+001
+7.95141000000E+008  -6.08263438927E+001
+8.02639500000E+008  -6.96759145429E+001
+8.10138000000E+008  -5.74223651656E+001
+8.17636500000E+008  -6.18988084176E+001
+8.25135000000E+008  -6.14828226431E+001
+8.32633500000E+008  -6.40182000745E+001
+8.40132000000E+008  -5.51990809996E+001
+8.47630500000E+008  -6.31180139432E+001
+8.55129000000E+008  -6.24097988683E+001
+8.62627500000E+008  -7.69866272167E+001
+8.70126000000E+008  -5.83194727690E+001
+8.77624500000E+008  -7.13378566698E+001
+8.85123000000E+008  -6.71798415895E+001
+8.92621500000E+008  -7.45533399036E+001
+9.00120000000E+008  -7.37832231439E+001
+9.07618500000E+008  -6.68088475948E+001
+9.15117000000E+008  -5.83089373816E+001
+9.22615500000E+008  -6.62461854079E+001
+9.30114000000E+008  -6.11681309708E+001
+9.37612500000E+008  -6.56632651462E+001
+9.45111000000E+008  -6.74302948097E+001
+9.52609500000E+008  -6.31945842520E+001
+9.60108000000E+008  -5.96815115321E+001
+9.67606500000E+008  -6.27322087423E+001
+9.75105000000E+008  -6.72788052876E+001
+9.82603500000E+008  -6.05131857892E+001
+9.90102000000E+008  -6.50096995470E+001
+9.97600500000E+008  -6.82623674637E+001
+1.00509900000E+009  -6.89044208295E+001
+1.01259750000E+009  -6.50873880891E+001
+1.02009600000E+009  -5.85894951818E+001
+1.02759450000E+009  -6.19218066409E+001
+1.03509300000E+009  -5.87049535603E+001
+1.04259150000E+009  -6.25398227787E+001
+1.05009000000E+009  -8.25912061402E+001
+1.05758850000E+009  -6.45721821182E+001
+1.06508700000E+009  -7.24426547404E+001
+1.07258550000E+009  -6.05215049869E+001
+1.08008400000E+009  -7.00277652414E+001
+1.08758250000E+009  -6.39988594418E+001
+1.09508100000E+009  -5.95409137776E+001
+1.10257950000E+009  -6.44692626831E+001
+1.11007800000E+009  -6.03749081920E+001
+1.11757650000E+009  -7.05505018993E+001
+1.12507500000E+009  -6.95722702920E+001
+1.13257350000E+009  -7.35074698277E+001
+1.14007200000E+009  -7.17849591455E+001
+1.14757050000E+009  -6.76838276493E+001
+1.15506900000E+009  -6.07751742007E+001
+1.16256750000E+009  -7.20792504375E+001
+1.17006600000E+009  -7.16025287058E+001
+1.17756450000E+009  -6.83826895420E+001
+1.18506300000E+009  -8.79429078487E+001
+1.19256150000E+009  -6.70917081155E+001
+1.20006000000E+009  -6.49935892217E+001
+1.20755850000E+009  -7.10347960480E+001
+1.21505700000E+009  -6.37445522568E+001
+1.22255550000E+009  -6.83670978236E+001
+1.23005400000E+009  -7.60250477043E+001
+1.23755250000E+009  -6.29390475486E+001
+1.24505100000E+009  -6.50408841130E+001
+1.25254950000E+009  -7.11604886141E+001
+1.26004800000E+009  -7.54980483663E+001
+1.26754650000E+009  -6.95397958043E+001
+1.27504500000E+009  -7.17828323405E+001
+1.28254350000E+009  -7.13794338201E+001
+1.29004200000E+009  -6.38257295553E+001
+1.29754050000E+009  -6.35680125039E+001
+1.30503900000E+009  -6.29402567621E+001
+1.31253750000E+009  -6.47178552027E+001
+1.32003600000E+009  -6.26304395338E+001
+1.32753450000E+009  -7.83076485578E+001
+1.33503300000E+009  -6.31867110042E+001
+1.34253150000E+009  -6.95327264104E+001
+1.35003000000E+009  -8.08423758585E+001
+1.35752850000E+009  -7.42984505209E+001
+1.36502700000E+009  -6.68482322801E+001
+1.37252550000E+009  -6.53907538373E+001
+1.38002400000E+009  -6.24455631279E+001
+1.38752250000E+009  -7.37788350108E+001
+1.39502100000E+009  -8.40850966840E+001
+1.40251950000E+009  -7.48841780463E+001
+1.41001800000E+009  -6.71701471220E+001
+1.41751650000E+009  -7.31956530127E+001
+1.42501500000E+009  -6.95664687461E+001
+1.43251350000E+009  -7.73718837515E+001
+1.44001200000E+009  -7.05305294477E+001
+1.44751050000E+009  -6.79381018644E+001
+1.45500900000E+009  -7.02968781720E+001
+1.46250750000E+009  -7.60923833427E+001
+1.47000600000E+009  -7.41707563053E+001
+1.47750450000E+009  -6.67349085436E+001
+1.48500300000E+009  -7.08881803898E+001
+1.49250150000E+009  -6.79053346759E+001
+1.50000000000E+009  -7.25881355634E+001
