-1.24500002e-009 -0.002476562
-1.24000002e-009 -0.002460937
-1.23500002e-009 -0.002453125
-1.23000002e-009   -0.0024375
-1.22500002e-009 -0.002421875
-1.22000002e-009 -0.002453125
-1.21500002e-009 -0.002453125
-1.21000002e-009 -0.002453125
-1.20500002e-009      -0.0025
-1.20000002e-009      -0.0025
-1.19500002e-009 -0.002539062
-1.19000002e-009 -0.002539062
-1.18500002e-009 -0.002601562
-1.18000002e-009 -0.002601562
-1.17500002e-009 -0.002640625
-1.17000002e-009 -0.002671875
-1.16500002e-009 -0.002703125
-1.16000002e-009 -0.002703125
-1.15500002e-009 -0.002726562
-1.15000002e-009     -0.00275
-1.14500002e-009 -0.002765625
-1.14000002e-009 -0.002773437
-1.13500002e-009 -0.002765625
-1.13000002e-009 -0.002789062
-1.12500002e-009 -0.002789062
-1.12000001e-009   -0.0028125
-1.11500001e-009 -0.002828125
-1.11000001e-009 -0.002851562
-1.10500001e-009    -0.002875
-1.10000001e-009 -0.002945312
-1.09500001e-009 -0.002960937
-1.09000001e-009 -0.002992187
-1.08500001e-009   -0.0030625
-1.08000001e-009 -0.003132812
-1.07500001e-009 -0.003164062
-1.07000001e-009 -0.003226562
-1.06500001e-009 -0.003226562
-1.06000001e-009  -0.00328125
-1.05500001e-009   -0.0033125
-1.05000001e-009 -0.003289062
-1.04500001e-009   -0.0033125
-1.04000001e-009 -0.003351562
-1.03500001e-009 -0.003304687
-1.03000001e-009 -0.003335937
-1.02500001e-009 -0.003351562
-1.02000001e-009 -0.003359375
-1.01500001e-009 -0.003359375
-1.01000001e-009 -0.003390625
-1.00500001e-009 -0.003445312
-1.00000001e-009   -0.0034375
-9.95000013e-010 -0.003515625
-9.90000013e-010  -0.00359375
-9.85000013e-010 -0.003648437
-9.80000013e-010 -0.003695312
-9.75000013e-010 -0.003742187
-9.70000013e-010 -0.003796875
-9.65000013e-010 -0.003851562
-9.60000013e-010    -0.003875
-9.55000013e-010  -0.00390625
-9.50000013e-010  -0.00396875
-9.45000013e-010  -0.00396875
-9.40000013e-010 -0.003984375
-9.35000012e-010 -0.004015625
-9.30000012e-010 -0.004015625
-9.25000012e-010 -0.004054687
-9.20000012e-010 -0.004078125
-9.15000012e-010 -0.004117187
-9.10000012e-010 -0.004140625
-9.05000012e-010 -0.004203125
-9.00000012e-010     -0.00425
-8.95000012e-010 -0.004335937
-8.90000012e-010 -0.004382812
-8.85000012e-010  -0.00446875
-8.80000012e-010      -0.0045
-8.75000012e-010  -0.00459375
-8.70000012e-010 -0.004640625
-8.65000012e-010 -0.004679687
-8.60000011e-010 -0.004734375
-8.55000011e-010  -0.00478125
-8.50000011e-010 -0.004867187
-8.45000011e-010 -0.004914062
-8.40000011e-010 -0.004984375
-8.35000011e-010 -0.005054687
-8.30000011e-010    -0.005125
-8.25000011e-010 -0.005234375
-8.20000011e-010 -0.005320312
-8.15000011e-010 -0.005429687
-8.10000011e-010  -0.00553125
-8.05000011e-010  -0.00565625
-8.00000011e-010 -0.005835937
-7.95000011e-010       -0.006
-7.90000011e-010 -0.006195312
-7.8500001e-010 -0.006351562
-7.8000001e-010   -0.0065625
-7.7500001e-010 -0.006742187
-7.7000001e-010 -0.006914062
-7.6500001e-010    -0.007125
-7.6000001e-010 -0.007351562
-7.5500001e-010 -0.007554688
-7.5000001e-010 -0.007820313
-7.4500001e-010 -0.008109375
-7.4000001e-010 -0.008398438
-7.3500001e-010 -0.008742188
-7.3000001e-010  -0.00903125
-7.2500001e-010    -0.009375
-7.2000001e-010 -0.009789063
-7.1500001e-010  -0.01020313
-7.10000009e-010  -0.01067188
-7.05000009e-010  -0.01121875
-7.00000009e-010  -0.01179688
-6.95000009e-010  -0.01246875
-6.90000009e-010  -0.01317188
-6.85000009e-010  -0.01394531
-6.80000009e-010  -0.01478125
-6.75000009e-010   -0.0156875
-6.70000009e-010  -0.01670313
-6.65000009e-010  -0.01778906
-6.60000009e-010  -0.01900781
-6.55000009e-010  -0.02028906
-6.50000009e-010  -0.02178125
-6.45000009e-010  -0.02334375
-6.40000009e-010  -0.02500781
-6.35000008e-010  -0.02683594
-6.30000008e-010  -0.02879688
-6.25000008e-010   -0.0308125
-6.20000008e-010  -0.03301563
-6.15000008e-010  -0.03532813
-6.10000008e-010  -0.03777344
-6.05000008e-010  -0.04036719
-6.00000008e-010  -0.04307031
-5.95000008e-010  -0.04588281
-5.90000008e-010  -0.04882031
-5.85000008e-010  -0.05186719
-5.80000008e-010  -0.05507031
-5.75000008e-010  -0.05832813
-5.70000008e-010  -0.06172657
-5.65000008e-010  -0.06521094
-5.60000007e-010  -0.06883594
-5.55000007e-010  -0.07254688
-5.50000007e-010  -0.07639844
-5.45000007e-010  -0.08033594
-5.40000007e-010  -0.08435157
-5.35000007e-010   -0.0884375
-5.30000007e-010  -0.09259375
-5.25000007e-010  -0.09678125
-5.20000007e-010   -0.1009844
-5.15000007e-010   -0.1051797
-5.10000007e-010   -0.1092891
-5.05000007e-010   -0.1133672
-5.00000007e-010   -0.1173594
-4.95000007e-010   -0.1211875
-4.90000007e-010   -0.1249219
-4.85000006e-010   -0.1285391
-4.80000006e-010   -0.1319688
-4.75000006e-010   -0.1352188
-4.70000006e-010   -0.1383359
-4.65000006e-010   -0.1412031
-4.60000006e-010   -0.1438906
-4.55000006e-010    -0.146375
-4.50000006e-010   -0.1486875
-4.45000006e-010   -0.1508438
-4.40000006e-010   -0.1528281
-4.35000006e-010   -0.1546328
-4.30000006e-010   -0.1563281
-4.25000006e-010   -0.1578438
-4.20000006e-010   -0.1591641
-4.15000006e-010   -0.1603438
-4.10000005e-010   -0.1613359
-4.05000005e-010   -0.1621406
-4.00000005e-010   -0.1627344
-3.95000005e-010   -0.1631797
-3.90000005e-010   -0.1634453
-3.85000005e-010   -0.1635313
-3.80000005e-010   -0.1635313
-3.75000005e-010   -0.1633438
-3.70000005e-010   -0.1630078
-3.65000005e-010   -0.1625938
-3.60000005e-010       -0.162
-3.55000005e-010   -0.1613438
-3.50000005e-010    -0.160625
-3.45000005e-010   -0.1598594
-3.40000005e-010   -0.1590703
-3.35000004e-010   -0.1583047
-3.30000004e-010   -0.1575547
-3.25000004e-010   -0.1567969
-3.20000004e-010   -0.1560625
-3.15000004e-010   -0.1553281
-3.10000004e-010   -0.1546172
-3.05000004e-010   -0.1538594
-3.00000004e-010   -0.1530781
-2.95000004e-010   -0.1523125
-2.90000004e-010   -0.1515156
-2.85000004e-010   -0.1506406
-2.80000004e-010   -0.1497813
-2.75000004e-010   -0.1489141
-2.70000004e-010   -0.1479375
-2.65000004e-010   -0.1469375
-2.60000003e-010    -0.145875
-2.55000003e-010   -0.1447734
-2.50000003e-010    -0.143625
-2.45000003e-010   -0.1424766
-2.40000003e-010   -0.1412656
-2.35000003e-010   -0.1400469
-2.30000003e-010   -0.1388047
-2.25000003e-010   -0.1375703
-2.20000003e-010   -0.1362891
-2.15000003e-010   -0.1349766
-2.10000003e-010   -0.1336563
-2.05000003e-010   -0.1321875
-2.00000003e-010   -0.1306875
-1.95000003e-010   -0.1290938
-1.90000003e-010   -0.1273984
-1.85000002e-010   -0.1255938
-1.80000002e-010   -0.1236563
-1.75000002e-010   -0.1216016
-1.70000002e-010   -0.1194219
-1.65000002e-010   -0.1170781
-1.60000002e-010   -0.1145703
-1.55000002e-010   -0.1119297
-1.50000002e-010   -0.1091406
-1.45000002e-010   -0.1062031
-1.40000002e-010   -0.1031563
-1.35000002e-010  -0.09996094
-1.30000002e-010  -0.09670313
-1.25000002e-010  -0.09333594
-1.20000002e-010  -0.08988282
-1.15000002e-010  -0.08635938
-1.10000001e-010  -0.08274219
-1.05000001e-010  -0.07903907
-1.00000001e-010  -0.07524219
-9.50000013e-011  -0.07139844
-9.00000012e-011  -0.06752344
-8.50000011e-011  -0.06357813
-8.00000011e-011  -0.05960156
-7.5000001e-011  -0.05559375
-7.00000009e-011  -0.05155469
-6.50000009e-011  -0.04750781
-6.00000008e-011  -0.04346094
-5.50000007e-011  -0.03947656
-5.00000007e-011  -0.03551563
-4.50000006e-011  -0.03158594
-4.00000005e-011     -0.02775
-3.50000005e-011  -0.02396875
-3.00000004e-011  -0.02034375
-2.50000003e-011  -0.01680469
-2.00000003e-011  -0.01341406
-1.50000002e-011  -0.01017969
-1.00000001e-011 -0.007101562
-5.00000007e-012 -0.004210937
           0 -0.001460937
5.00000007e-012  0.001101563
1.00000001e-011  0.003507813
1.50000002e-011  0.005781251
2.00000003e-011  0.007882813
2.50000003e-011  0.009851563
3.00000004e-011   0.01164844
3.50000005e-011   0.01328125
4.00000005e-011   0.01476563
4.50000006e-011   0.01610156
5.00000007e-011   0.01730469
5.50000007e-011   0.01835156
6.00000008e-011   0.01925781
6.50000009e-011   0.02001563
7.00000009e-011   0.02067188
7.5000001e-011   0.02120313
8.00000011e-011   0.02157031
8.50000011e-011    0.0218125
9.00000012e-011   0.02191406
9.50000013e-011   0.02194531
1.00000001e-010    0.0218125
1.05000001e-010   0.02160938
1.10000001e-010   0.02135156
1.15000002e-010   0.02100781
1.20000002e-010   0.02064844
1.25000002e-010   0.02023438
1.30000002e-010   0.01980469
1.35000002e-010   0.01933594
1.40000002e-010     0.018875
1.45000002e-010   0.01841406
1.50000002e-010   0.01794531
1.55000002e-010    0.0175625
1.60000002e-010   0.01713281
1.65000002e-010   0.01677344
1.70000002e-010   0.01644531
1.75000002e-010   0.01615625
1.80000002e-010   0.01588281
1.85000002e-010   0.01564063
1.90000003e-010   0.01546094
1.95000003e-010   0.01532031
2.00000003e-010   0.01521094
2.05000003e-010   0.01519531
2.10000003e-010   0.01523438
2.15000003e-010   0.01530469
2.20000003e-010   0.01546875
2.25000003e-010   0.01571875
2.30000003e-010   0.01604688
2.35000003e-010   0.01639063
2.40000003e-010    0.0168125
2.45000003e-010   0.01732813
2.50000003e-010   0.01791406
2.55000003e-010   0.01851563
2.60000003e-010   0.01921094
2.65000004e-010     0.019875
2.70000004e-010     0.020625
2.75000004e-010   0.02129688
2.80000004e-010   0.02201563
2.85000004e-010   0.02271875
2.90000004e-010   0.02341406
2.95000004e-010   0.02401563
3.00000004e-010   0.02463281
3.05000004e-010   0.02516406
3.10000004e-010   0.02565625
3.15000004e-010   0.02607031
3.20000004e-010   0.02645313
3.25000004e-010   0.02679688
3.30000004e-010   0.02703906
3.35000004e-010   0.02724219
3.40000005e-010   0.02740625
3.45000005e-010   0.02750781
3.50000005e-010   0.02754688
3.55000005e-010   0.02758594
3.60000005e-010   0.02754688
3.65000005e-010   0.02745313
3.70000005e-010    0.0273125
3.75000005e-010   0.02713281
3.80000005e-010    0.0269375
3.85000005e-010   0.02669531
3.90000005e-010   0.02641406
3.95000005e-010   0.02610938
4.00000005e-010   0.02577344
4.05000005e-010   0.02539063
4.10000005e-010   0.02503906
4.15000006e-010   0.02465625
4.20000006e-010   0.02428906
4.25000006e-010   0.02390625
4.30000006e-010   0.02352344
4.35000006e-010   0.02317969
4.40000006e-010   0.02280469
4.45000006e-010   0.02246094
4.50000006e-010   0.02214844
4.55000006e-010   0.02182813
4.60000006e-010   0.02153125
4.65000006e-010   0.02124219
4.70000006e-010   0.02102344
4.75000006e-010      0.02075
4.80000006e-010   0.02053125
4.85000006e-010   0.02032031
4.90000007e-010   0.02009375
4.95000007e-010   0.01989063
5.00000007e-010   0.01971094
5.05000007e-010   0.01959375
5.10000007e-010   0.01944531
5.15000007e-010   0.01932813
5.20000007e-010   0.01921094
5.25000007e-010   0.01914063
5.30000007e-010   0.01907031
5.35000007e-010   0.01901563
5.40000007e-010        0.019
5.45000007e-010   0.01897656
5.50000007e-010    0.0189375
5.55000007e-010   0.01892969
5.60000007e-010   0.01894531
5.65000008e-010   0.01896094
5.70000008e-010   0.01899219
5.75000008e-010        0.019
5.80000008e-010   0.01900781
5.85000008e-010   0.01900781
5.90000008e-010   0.01907031
5.95000008e-010   0.01909375
6.00000008e-010   0.01911719
6.05000008e-010   0.01915625
6.10000008e-010   0.01917969
6.15000008e-010   0.01923438
6.20000008e-010   0.01926563
6.25000008e-010   0.01932813
6.30000008e-010   0.01936719
6.35000008e-010   0.01942969
6.40000009e-010   0.01946094
6.45000009e-010   0.01949219
6.50000009e-010   0.01952344
6.55000009e-010    0.0195625
6.60000009e-010   0.01955469
6.65000009e-010   0.01952344
6.70000009e-010   0.01948438
6.75000009e-010   0.01944531
6.80000009e-010   0.01935156
6.85000009e-010    0.0193125
6.90000009e-010   0.01920313
6.95000009e-010   0.01911719
7.00000009e-010        0.019
7.05000009e-010   0.01888281
7.10000009e-010   0.01876563
7.1500001e-010   0.01864063
7.2000001e-010   0.01853906
7.2500001e-010   0.01839063
7.3000001e-010   0.01826563
7.3500001e-010   0.01815625
7.4000001e-010   0.01797656
7.4500001e-010   0.01785156
7.5000001e-010   0.01769531
7.5500001e-010   0.01752344
7.6000001e-010   0.01734375
7.6500001e-010   0.01717188
7.7000001e-010   0.01699219
7.7500001e-010    0.0168125
7.8000001e-010   0.01657813
7.8500001e-010   0.01641406
7.90000011e-010   0.01621094
7.95000011e-010    0.0160625
8.00000011e-010   0.01586719
8.05000011e-010      0.01575
8.10000011e-010   0.01560156
8.15000011e-010   0.01555469
8.20000011e-010   0.01547656
8.25000011e-010   0.01545313
8.30000011e-010   0.01542188
8.35000011e-010   0.01547656
8.40000011e-010   0.01551563
8.45000011e-010   0.01560156
8.50000011e-010   0.01569531
8.55000011e-010    0.0158125
8.60000011e-010   0.01599219
8.65000012e-010   0.01611719
8.70000012e-010   0.01628906
8.75000012e-010   0.01646875
8.80000012e-010   0.01665625
8.85000012e-010   0.01682813
8.90000012e-010        0.017
8.95000012e-010   0.01717969
9.00000012e-010     0.017375
9.05000012e-010   0.01757031
9.10000012e-010      0.01775
9.15000012e-010   0.01790625
9.20000012e-010   0.01808594
9.25000012e-010      0.01825
9.30000012e-010   0.01840625
9.35000012e-010   0.01854688
9.40000013e-010   0.01871094
9.45000013e-010   0.01884375
9.50000013e-010   0.01898438
9.55000013e-010   0.01913281
9.60000013e-010   0.01924219
9.65000013e-010     0.019375
9.70000013e-010   0.01944531
9.75000013e-010   0.01953906
9.80000013e-010   0.01964063
9.85000013e-010    0.0196875
9.90000013e-010      0.01975
9.95000013e-010   0.01978125
1.00000001e-009   0.01985938
1.00500001e-009   0.01988281
1.01000001e-009   0.01992188
1.01500001e-009   0.01995313
1.02000001e-009   0.01996875
1.02500001e-009         0.02
1.03000001e-009   0.02003125
1.03500001e-009   0.02003906
1.04000001e-009   0.02007813
1.04500001e-009   0.02007813
1.05000001e-009   0.02008594
1.05500001e-009   0.02010938
1.06000001e-009   0.02010156
1.06500001e-009   0.02009375
1.07000001e-009    0.0200625
1.07500001e-009   0.02004688
1.08000001e-009   0.02000781
1.08500001e-009   0.01996875
1.09000001e-009    0.0199375
1.09500001e-009   0.01992969
1.10000001e-009   0.01986719
1.10500001e-009     0.019875
1.11000001e-009   0.01991406
1.11500001e-009   0.01996875
1.12000001e-009         0.02
1.12500002e-009   0.02010156
1.13000002e-009   0.02024219
1.13500002e-009   0.02041406
1.14000002e-009   0.02061719
1.14500002e-009   0.02085938
1.15000002e-009    0.0210625
1.15500002e-009   0.02127344
1.16000002e-009   0.02151563
1.16500002e-009   0.02175781
1.17000002e-009   0.02196875
1.17500002e-009   0.02215625
1.18000002e-009   0.02235938
1.18500002e-009   0.02250781
1.19000002e-009   0.02263281
1.19500002e-009      0.02275
1.20000002e-009   0.02280469
1.20500002e-009   0.02289063
1.21000002e-009   0.02292188
1.21500002e-009   0.02300781
1.22000002e-009   0.02303125
1.22500002e-009   0.02310938
1.23000002e-009   0.02317188
1.23500002e-009      0.02325
1.24000002e-009   0.02333594
1.24500002e-009   0.02347656
1.25000002e-009   0.02353906
