-1.24500002e-009 -0.007484375
-1.24000002e-009  0.002507813
-1.23500002e-009 -0.007140625
-1.23000002e-009  0.001632813
-1.22500002e-009 -0.006390625
-1.22000002e-009  0.001304688
-1.21500002e-009 -0.007585938
-1.21000002e-009  0.001257813
-1.20500002e-009 -0.008257813
-1.20000002e-009  0.001335938
-1.19500002e-009 -0.008101563
-1.19000002e-009  0.002335938
-1.18500002e-009 -0.007359375
-1.18000002e-009  0.003390626
-1.17500002e-009 -0.006460937
-1.17000002e-009  0.003460938
-1.16500002e-009 -0.006804687
-1.16000002e-009  0.003726563
-1.15500002e-009  -0.00709375
-1.15000002e-009  0.003546876
-1.14500002e-009 -0.007054687
-1.14000002e-009   0.00284375
-1.13500002e-009  -0.00671875
-1.13000002e-009  0.003070313
-1.12500002e-009 -0.006148437
-1.12000001e-009  0.002429688
-1.11500001e-009  -0.00665625
-1.11000001e-009  0.001085938
-1.10500001e-009 -0.007039062
-1.10000001e-009  0.001054688
-1.09500001e-009 -0.007015625
-1.09000001e-009  0.001140625
-1.08500001e-009   -0.0076875
-1.08000001e-009  0.001226563
-1.07500001e-009  -0.00896875
-1.07000001e-009        0.001
-1.06500001e-009    -0.009875
-1.06000001e-009        0.001
-1.05500001e-009  -0.01014063
-1.05000001e-009 0.0005625004
-1.04500001e-009 -0.009585938
-1.04000001e-009 -1.562465e-005
-1.03500001e-009   -0.0081875
-1.03000001e-009 0.0001093754
-1.02500001e-009 -0.007507813
-1.02000001e-009 0.0006015629
-1.01500001e-009  -0.00784375
-1.01000001e-009  0.001148438
-1.00500001e-009 -0.007484375
-1.00000001e-009  0.001507813
-9.95000013e-010 -0.008351563
-9.90000013e-010        0.001
-9.85000013e-010 -0.008945313
-9.80000013e-010        0.001
-9.75000013e-010 -0.008890625
-9.70000013e-010  0.001132813
-9.65000013e-010 -0.008164063
-9.60000013e-010  0.001273438
-9.55000013e-010 -0.007585938
-9.50000013e-010        0.001
-9.45000013e-010 -0.007695313
-9.40000013e-010 0.0007421879
-9.35000012e-010 -0.007695313
-9.30000012e-010 0.0003828129
-9.25000012e-010 -0.008085938
-9.20000012e-010  0.001664063
-9.15000012e-010 -0.008929688
-9.10000012e-010   0.00265625
-9.05000012e-010 -0.009414063
-9.00000012e-010  0.003007813
-8.95000012e-010   -0.0094375
-8.90000012e-010  0.002601563
-8.85000012e-010 -0.009070313
-8.80000012e-010  0.001742188
-8.75000012e-010   -0.0089375
-8.70000012e-010 0.0006484379
-8.65000012e-010  -0.01040625
-8.60000011e-010 -0.0004765622
-8.55000011e-010  -0.01150781
-8.50000011e-010 -0.001734375
-8.45000011e-010  -0.01167969
-8.40000011e-010   -0.0010625
-8.35000011e-010  -0.01096094
-8.30000011e-010 -0.0009999997
-8.25000011e-010  -0.01051563
-8.20000011e-010 -0.001851562
-8.15000011e-010      -0.0115
-8.10000011e-010 -0.002492187
-8.05000011e-010   -0.0119375
-8.00000011e-010   -0.0030625
-7.95000011e-010  -0.01204688
-7.90000011e-010 -0.003679687
-7.8500001e-010  -0.01372656
-7.8000001e-010  -0.00484375
-7.7500001e-010       -0.015
-7.7000001e-010  -0.00590625
-7.6500001e-010  -0.01677344
-7.6000001e-010  -0.00696875
-7.5500001e-010  -0.01829688
-7.5000001e-010 -0.007734375
-7.4500001e-010  -0.01949219
-7.4000001e-010 -0.009960938
-7.3500001e-010  -0.02085156
-7.3000001e-010  -0.01224219
-7.2500001e-010     -0.02275
-7.2000001e-010  -0.01469531
-7.1500001e-010  -0.02536719
-7.10000009e-010  -0.01713281
-7.05000009e-010  -0.02916406
-7.00000009e-010  -0.02034375
-6.95000009e-010  -0.03436719
-6.90000009e-010  -0.02328125
-6.85000009e-010  -0.03982031
-6.80000009e-010  -0.02739844
-6.75000009e-010  -0.04475781
-6.70000009e-010  -0.03310938
-6.65000009e-010  -0.05042188
-6.60000009e-010  -0.03982031
-6.55000009e-010  -0.05694531
-6.50000009e-010  -0.04535156
-6.45000009e-010       -0.063
-6.40000009e-010  -0.05088281
-6.35000008e-010  -0.06921875
-6.30000008e-010  -0.05770313
-6.25000008e-010  -0.07599219
-6.20000008e-010  -0.06578907
-6.15000008e-010   -0.0849375
-6.10000008e-010       -0.075
-6.05000008e-010  -0.09354688
-6.00000008e-010  -0.08284375
-5.95000008e-010   -0.1017266
-5.90000008e-010  -0.09129688
-5.85000008e-010       -0.111
-5.80000008e-010   -0.1003359
-5.75000008e-010   -0.1191953
-5.70000008e-010   -0.1095391
-5.65000008e-010   -0.1268047
-5.60000007e-010   -0.1187344
-5.55000007e-010   -0.1345781
-5.50000007e-010   -0.1268203
-5.45000007e-010   -0.1411484
-5.40000007e-010   -0.1337188
-5.35000007e-010   -0.1478906
-5.30000007e-010   -0.1397578
-5.25000007e-010   -0.1530469
-5.20000007e-010   -0.1448125
-5.15000007e-010   -0.1572813
-5.10000007e-010       -0.149
-5.05000007e-010   -0.1615547
-5.00000007e-010   -0.1527734
-4.95000007e-010   -0.1671641
-4.90000007e-010   -0.1552656
-4.85000006e-010       -0.171
-4.80000006e-010     -0.15725
-4.75000006e-010   -0.1713672
-4.70000006e-010   -0.1595547
-4.65000006e-010   -0.1705938
-4.60000006e-010   -0.1608047
-4.55000006e-010   -0.1709609
-4.50000006e-010   -0.1602969
-4.45000006e-010       -0.171
-4.40000006e-010   -0.1594453
-4.35000006e-010       -0.171
-4.30000006e-010       -0.159
-4.25000006e-010   -0.1694219
-4.20000006e-010   -0.1579844
-4.15000006e-010   -0.1680469
-4.10000005e-010   -0.1563359
-4.05000005e-010       -0.167
-4.00000005e-010       -0.155
-3.95000005e-010       -0.167
-3.90000005e-010   -0.1533516
-3.85000005e-010   -0.1656328
-3.80000005e-010   -0.1526406
-3.75000005e-010   -0.1635313
-3.70000005e-010       -0.151
-3.65000005e-010   -0.1619766
-3.60000005e-010   -0.1494063
-3.55000005e-010   -0.1603984
-3.50000005e-010   -0.1486641
-3.45000005e-010       -0.159
-3.40000005e-010   -0.1472578
-3.35000004e-010       -0.157
-3.30000004e-010   -0.1459922
-3.25000004e-010   -0.1552344
-3.20000004e-010   -0.1452422
-3.15000004e-010   -0.1536016
-3.10000004e-010   -0.1438203
-3.05000004e-010   -0.1529688
-3.00000004e-010   -0.1419219
-2.95000004e-010   -0.1522109
-2.90000004e-010   -0.1394531
-2.85000004e-010       -0.151
-2.80000004e-010   -0.1377891
-2.75000004e-010   -0.1486719
-2.70000004e-010   -0.1361016
-2.65000004e-010   -0.1455391
-2.60000003e-010   -0.1336016
-2.55000003e-010   -0.1439766
-2.50000003e-010   -0.1317109
-2.45000003e-010       -0.143
-2.40000003e-010   -0.1292813
-2.35000003e-010   -0.1402266
-2.30000003e-010   -0.1261016
-2.25000003e-010   -0.1368672
-2.20000003e-010    -0.122375
-2.15000003e-010   -0.1325625
-2.10000003e-010   -0.1184141
-2.05000003e-010   -0.1279219
-2.00000003e-010   -0.1141953
-1.95000003e-010       -0.125
-1.90000003e-010   -0.1089297
-1.85000002e-010   -0.1202734
-1.80000002e-010   -0.1036719
-1.75000002e-010   -0.1143672
-1.70000002e-010  -0.09833594
-1.65000002e-010   -0.1081328
-1.60000002e-010  -0.09146875
-1.55000002e-010   -0.1015938
-1.50000002e-010  -0.08421875
-1.45000002e-010  -0.09394532
-1.40000002e-010  -0.07739063
-1.35000002e-010  -0.08611719
-1.30000002e-010  -0.06978125
-1.25000002e-010  -0.07971094
-1.20000002e-010  -0.06046875
-1.15000002e-010  -0.07241407
-1.10000001e-010  -0.05207813
-1.05000001e-010  -0.06403125
-1.00000001e-010  -0.04446875
-9.50000013e-011  -0.05621094
-9.00000012e-011  -0.03669531
-8.50000011e-011  -0.04945313
-8.00000011e-011  -0.02785938
-7.5000001e-011       -0.041
-7.00000009e-011  -0.01865625
-6.50000009e-011  -0.03105469
-6.00000008e-011    -0.010625
-5.50000007e-011  -0.02199219
-5.00000007e-011  -0.00359375
-4.50000006e-011  -0.01502344
-4.00000005e-011  0.002320313
-3.50000005e-011 -0.008953125
-3.00000004e-011  0.007054688
-2.50000003e-011       -0.003
-2.00000003e-011   0.01095313
-1.50000002e-011  0.001984375
-1.00000001e-011   0.01500781
-5.00000007e-012  0.006203126
           0   0.01936719
5.00000007e-012  0.007445313
1.00000001e-011   0.02176563
1.50000002e-011  0.008976563
2.00000003e-011   0.02344531
2.50000003e-011        0.011
3.00000004e-011   0.02482813
3.50000005e-011   0.01290625
4.00000005e-011   0.02632031
4.50000006e-011      0.01525
5.00000007e-011   0.02675781
5.50000007e-011   0.01636719
6.00000008e-011        0.027
6.50000009e-011   0.01647656
7.00000009e-011   0.02632031
7.5000001e-011    0.0158125
8.00000011e-011        0.025
8.50000011e-011   0.01507813
9.00000012e-011   0.02392969
9.50000013e-011   0.01359375
1.00000001e-010   0.02207031
1.05000001e-010   0.01177344
1.10000001e-010      0.02175
1.15000002e-010        0.011
1.20000002e-010        0.021
1.25000002e-010   0.01065625
1.30000002e-010   0.02073438
1.35000002e-010   0.01016406
1.40000002e-010     0.020375
1.45000002e-010  0.009515626
1.50000002e-010   0.02014063
1.55000002e-010   0.01014063
1.60000002e-010   0.01991406
1.65000002e-010   0.01032813
1.70000002e-010   0.02107031
1.75000002e-010   0.01101563
1.80000002e-010   0.02221094
1.85000002e-010   0.01190625
1.90000003e-010        0.023
1.95000003e-010   0.01247656
2.00000003e-010    0.0249375
2.05000003e-010   0.01364844
2.10000003e-010      0.02775
2.15000003e-010   0.01547656
2.20000003e-010   0.02998438
2.25000003e-010   0.01790625
2.30000003e-010    0.0315625
2.35000003e-010    0.0193125
2.40000003e-010   0.03258594
2.45000003e-010   0.02016406
2.50000003e-010   0.03309375
2.55000003e-010   0.02132031
2.60000003e-010   0.03407031
2.65000004e-010   0.02271094
2.70000004e-010        0.035
2.75000004e-010   0.02423438
2.80000004e-010        0.035
2.85000004e-010   0.02571094
2.90000004e-010   0.03552344
2.95000004e-010   0.02546875
3.00000004e-010   0.03684375
3.05000004e-010   0.02494531
3.10000004e-010   0.03935156
3.15000004e-010   0.02484375
3.20000004e-010     0.040875
3.25000004e-010   0.02525781
3.30000004e-010        0.041
3.35000004e-010   0.02382031
3.40000005e-010   0.03935938
3.45000005e-010   0.02303125
3.50000005e-010   0.03653906
3.55000005e-010        0.023
3.60000005e-010     0.033125
3.65000005e-010     0.021875
3.70000005e-010        0.031
3.75000005e-010        0.021
3.80000005e-010   0.03079688
3.85000005e-010   0.02042969
3.90000005e-010   0.03008594
3.95000005e-010   0.02022656
4.00000005e-010   0.02938281
4.05000005e-010   0.01822656
4.10000005e-010   0.02907813
4.15000006e-010        0.017
4.20000006e-010    0.0289375
4.25000006e-010   0.01698438
4.30000006e-010        0.029
4.35000006e-010   0.01792969
4.40000006e-010   0.02792188
4.45000006e-010    0.0181875
4.50000006e-010   0.02725781
4.55000006e-010   0.01774219
4.60000006e-010   0.02839063
4.65000006e-010   0.01716406
4.70000006e-010   0.02921875
4.75000006e-010   0.01700781
4.80000006e-010        0.029
4.85000006e-010   0.01647656
4.90000007e-010   0.02763281
4.95000007e-010   0.01578125
5.00000007e-010   0.02704688
5.05000007e-010   0.01570313
5.10000007e-010   0.02713281
5.15000007e-010   0.01640625
5.20000007e-010     0.028125
5.25000007e-010   0.01654688
5.30000007e-010   0.02860938
5.35000007e-010   0.01640625
5.40000007e-010   0.02848438
5.45000007e-010        0.017
5.50000007e-010   0.02788281
5.55000007e-010   0.01789844
5.60000007e-010   0.02865625
5.65000008e-010   0.01830469
5.70000008e-010   0.02959375
5.75000008e-010   0.01734375
5.80000008e-010   0.03020313
5.85000008e-010   0.01682031
5.90000008e-010   0.03017188
5.95000008e-010   0.01682031
6.00000008e-010      0.02975
6.05000008e-010   0.01722656
6.10000008e-010   0.02922656
6.15000008e-010   0.01789063
6.20000008e-010      0.02875
6.25000008e-010   0.01804688
6.30000008e-010        0.029
6.35000008e-010   0.01771094
6.40000009e-010   0.02828906
6.45000009e-010   0.01684375
6.50000009e-010   0.02848438
6.55000009e-010   0.01661719
6.60000009e-010   0.02902344
6.65000009e-010   0.01661719
6.70000009e-010   0.02871094
6.75000009e-010   0.01525781
6.80000009e-010   0.02755469
6.85000009e-010   0.01428125
6.90000009e-010   0.02582813
6.95000009e-010    0.0141875
7.00000009e-010   0.02635156
7.05000009e-010   0.01441406
7.10000009e-010   0.02714844
7.1500001e-010   0.01333594
7.2000001e-010   0.02641406
7.2500001e-010   0.01292969
7.3000001e-010   0.02420313
7.3500001e-010   0.01210156
7.4000001e-010    0.0219375
7.4500001e-010   0.01103125
7.5000001e-010    0.0211875
7.5500001e-010        0.011
7.6000001e-010        0.021
7.6500001e-010   0.01155469
7.7000001e-010   0.02095313
7.7500001e-010   0.01042969
7.8000001e-010   0.02103125
7.8500001e-010  0.009453126
7.90000011e-010   0.02096094
7.95000011e-010  0.009000001
8.00000011e-010   0.02066406
8.05000011e-010  0.009335938
8.10000011e-010   0.02096875
8.15000011e-010   0.01024219
8.20000011e-010        0.021
8.25000011e-010   0.01059375
8.30000011e-010   0.02130469
8.35000011e-010   0.01015625
8.40000011e-010        0.022
8.45000011e-010   0.01028125
8.50000011e-010   0.02195313
8.55000011e-010   0.01098438
8.60000011e-010   0.02185156
8.65000012e-010   0.01221875
8.70000012e-010   0.02289063
8.75000012e-010   0.01294531
8.80000012e-010   0.02427344
8.85000012e-010   0.01280469
8.90000012e-010   0.02497656
8.95000012e-010   0.01266406
9.00000012e-010   0.02478125
9.05000012e-010   0.01283594
9.10000012e-010   0.02451563
9.15000012e-010   0.01313281
9.20000012e-010   0.02513281
9.25000012e-010   0.01420313
9.30000012e-010        0.025
9.35000012e-010        0.015
9.40000013e-010   0.02432813
9.45000013e-010    0.0154375
9.50000013e-010   0.02485938
9.55000013e-010   0.01633594
9.60000013e-010   0.02608594
9.65000013e-010   0.01589844
9.70000013e-010   0.02683594
9.75000013e-010    0.0158125
9.80000013e-010        0.027
9.85000013e-010   0.01617188
9.90000013e-010   0.02733594
9.95000013e-010   0.01632813
1.00000001e-009   0.02678906
1.00500001e-009   0.01660938
1.01000001e-009     0.025875
1.01500001e-009   0.01685156
1.02000001e-009   0.02680469
1.02500001e-009   0.01705469
1.03000001e-009   0.02694531
1.03500001e-009   0.01784375
1.04000001e-009   0.02626563
1.04500001e-009   0.01825781
1.05000001e-009    0.0259375
1.05500001e-009   0.01817188
1.06000001e-009   0.02673438
1.06500001e-009   0.01857031
1.07000001e-009   0.02714844
1.07500001e-009   0.01796875
1.08000001e-009   0.02728125
1.08500001e-009   0.01776563
1.09000001e-009   0.02716406
1.09500001e-009   0.01724219
1.10000001e-009   0.02749219
1.10500001e-009        0.017
1.11000001e-009   0.02852344
1.11500001e-009   0.01741406
1.12000001e-009   0.02913281
1.12500002e-009   0.01829688
1.13000002e-009   0.02864063
1.13500002e-009   0.01864844
1.14000002e-009   0.02935938
1.14500002e-009        0.019
1.15000002e-009    0.0295625
1.15500002e-009   0.01909375
1.16000002e-009        0.029
1.16500002e-009   0.01971094
1.17000002e-009   0.02789063
1.17500002e-009   0.01997656
1.18000002e-009   0.02855469
1.18500002e-009   0.01905469
1.19000002e-009   0.02895313
1.19500002e-009   0.01924219
1.20000002e-009   0.02954688
1.20500002e-009   0.02028125
1.21000002e-009   0.02982031
1.21500002e-009   0.02092188
1.22000002e-009   0.03052344
1.22500002e-009   0.02060938
1.23000002e-009   0.03082031
1.23500002e-009   0.02064063
1.24000002e-009   0.03107031
1.24500002e-009        0.021
1.25000002e-009   0.03066406
