-2.49000003e-009 -0.008789063
-2.48000003e-009  -0.00884375
-2.47000003e-009 -0.008890625
-2.46000003e-009 -0.008921875
-2.45000003e-009  -0.00890625
-2.44000003e-009 -0.008820313
-2.43000003e-009 -0.008703125
-2.42000003e-009 -0.008523438
-2.41000003e-009 -0.008335938
-2.40000003e-009   -0.0081875
-2.39000003e-009    -0.008125
-2.38000003e-009  -0.00815625
-2.37000003e-009 -0.008234375
-2.36000003e-009  -0.00834375
-2.35000003e-009  -0.00846875
-2.34000003e-009      -0.0085
-2.33000003e-009 -0.008414063
-2.32000003e-009 -0.008257813
-2.31000003e-009 -0.008015625
-2.30000003e-009  -0.00771875
-2.29000003e-009 -0.007453125
-2.28000003e-009 -0.007210937
-2.27000003e-009    -0.007125
-2.26000003e-009 -0.007078125
-2.25000003e-009 -0.007078125
-2.24000003e-009 -0.007148437
-2.23000003e-009  -0.00715625
-2.22000003e-009  -0.00721875
-2.21000003e-009  -0.00715625
-2.20000003e-009   -0.0070625
-2.19000003e-009 -0.006929687
-2.18000003e-009 -0.006789062
-2.17000003e-009 -0.006640625
-2.16000003e-009 -0.006476562
-2.15000003e-009  -0.00634375
-2.14000003e-009 -0.006179687
-2.13000003e-009  -0.00603125
-2.12000003e-009 -0.005882812
-2.11000003e-009 -0.005726562
-2.10000003e-009 -0.005648437
-2.09000003e-009 -0.005570312
-2.08000003e-009 -0.005546875
-2.07000003e-009  -0.00553125
-2.06000003e-009 -0.005507812
-2.05000003e-009 -0.005523437
-2.04000003e-009 -0.005492187
-2.03000003e-009   -0.0054375
-2.02000003e-009 -0.005335937
-2.01000003e-009 -0.005210937
-2.00000003e-009    -0.005125
-1.99000003e-009 -0.004960937
-1.98000003e-009 -0.004882812
-1.97000003e-009 -0.004796875
-1.96000003e-009  -0.00478125
-1.95000003e-009 -0.004757812
-1.94000003e-009 -0.004726562
-1.93000003e-009 -0.004726562
-1.92000003e-009   -0.0046875
-1.91000003e-009 -0.004617187
-1.90000003e-009  -0.00453125
-1.89000003e-009 -0.004445312
-1.88000003e-009 -0.004257812
-1.87000002e-009   -0.0041875
-1.86000002e-009 -0.004054687
-1.85000002e-009 -0.003984375
-1.84000002e-009 -0.003929687
-1.83000002e-009   -0.0039375
-1.82000002e-009 -0.003921875
-1.81000002e-009 -0.003929687
-1.80000002e-009 -0.003945312
-1.79000002e-009 -0.003859375
-1.78000002e-009 -0.003789062
-1.77000002e-009 -0.003640625
-1.76000002e-009 -0.003476562
-1.75000002e-009  -0.00334375
-1.74000002e-009 -0.003210937
-1.73000002e-009    -0.003125
-1.72000002e-009 -0.003078125
-1.71000002e-009   -0.0030625
-1.70000002e-009   -0.0030625
-1.69000002e-009   -0.0030625
-1.68000002e-009 -0.003046875
-1.67000002e-009 -0.003054687
-1.66000002e-009 -0.003054687
-1.65000002e-009  -0.00303125
-1.64000002e-009 -0.003039062
-1.63000002e-009 -0.003007812
-1.62000002e-009 -0.003015625
-1.61000002e-009 -0.003023437
-1.60000002e-009 -0.002976562
-1.59000002e-009 -0.002960937
-1.58000002e-009 -0.002953125
-1.57000002e-009 -0.002929687
-1.56000002e-009 -0.002929687
-1.55000002e-009 -0.002945312
-1.54000002e-009 -0.002921875
-1.53000002e-009 -0.002867187
-1.52000002e-009 -0.002773437
-1.51000002e-009 -0.002664062
-1.50000002e-009 -0.002523437
-1.49000002e-009 -0.002398437
-1.48000002e-009 -0.002335937
-1.47000002e-009 -0.002320312
-1.46000002e-009 -0.002390625
-1.45000002e-009  -0.00246875
-1.44000002e-009 -0.002601562
-1.43000002e-009 -0.002726562
-1.42000002e-009 -0.002851562
-1.41000002e-009 -0.002898437
-1.40000002e-009  -0.00290625
-1.39000002e-009 -0.002867187
-1.38000002e-009 -0.002804687
-1.37000002e-009 -0.002765625
-1.36000002e-009 -0.002703125
-1.35000002e-009 -0.002671875
-1.34000002e-009   -0.0026875
-1.33000002e-009 -0.002671875
-1.32000002e-009 -0.002640625
-1.31000002e-009 -0.002539062
-1.30000002e-009 -0.002453125
-1.29000002e-009  -0.00228125
-1.28000002e-009 -0.002171875
-1.27000002e-009   -0.0020625
-1.26000002e-009 -0.002023437
-1.25000002e-009 -0.002015625
-1.24000002e-009 -0.002101562
-1.23000002e-009 -0.002203125
-1.22000002e-009 -0.002335937
-1.21000002e-009 -0.002460937
-1.20000002e-009   -0.0025625
-1.19000002e-009    -0.002625
-1.18000002e-009 -0.002710937
-1.17000002e-009 -0.002773437
-1.16000002e-009 -0.002820312
-1.15000002e-009 -0.002867187
-1.14000002e-009 -0.002914062
-1.13000002e-009 -0.002953125
-1.12000001e-009 -0.002984375
-1.11000001e-009 -0.002992187
-1.10000001e-009 -0.002960937
-1.09000001e-009    -0.002875
-1.08000001e-009 -0.002796875
-1.07000001e-009 -0.002726562
-1.06000001e-009 -0.002710937
-1.05000001e-009 -0.002671875
-1.04000001e-009  -0.00278125
-1.03000001e-009 -0.002945312
-1.02000001e-009 -0.003109375
-1.01000001e-009 -0.003265625
-1.00000001e-009 -0.003414062
-9.90000013e-010  -0.00353125
-9.80000013e-010 -0.003609375
-9.70000013e-010 -0.003695312
-9.60000013e-010 -0.003726562
-9.50000013e-010  -0.00378125
-9.40000013e-010 -0.003898437
-9.30000012e-010 -0.003984375
-9.20000012e-010    -0.004125
-9.10000012e-010  -0.00421875
-9.00000012e-010 -0.004304687
-8.90000012e-010    -0.004375
-8.80000012e-010  -0.00440625
-8.70000012e-010   -0.0044375
-8.60000011e-010 -0.004507812
-8.50000011e-010 -0.004578125
-8.40000011e-010     -0.00475
-8.30000011e-010 -0.004976562
-8.20000011e-010 -0.005242187
-8.10000011e-010 -0.005570312
-8.00000011e-010 -0.005898437
-7.90000011e-010 -0.006335937
-7.8000001e-010  -0.00678125
-7.7000001e-010  -0.00734375
-7.6000001e-010       -0.008
-7.5000001e-010    -0.008875
-7.4000001e-010 -0.009898438
-7.3000001e-010  -0.01109375
-7.2000001e-010  -0.01247656
-7.10000009e-010  -0.01410156
-7.00000009e-010  -0.01594531
-6.90000009e-010  -0.01816406
-6.80000009e-010  -0.02067188
-6.70000009e-010  -0.02373438
-6.60000009e-010  -0.02735938
-6.50000009e-010  -0.03164063
-6.40000009e-010  -0.03653906
-6.30000008e-010  -0.04207031
-6.20000008e-010  -0.04821094
-6.10000008e-010  -0.05485156
-6.00000008e-010  -0.06196094
-5.90000008e-010  -0.06947657
-5.80000008e-010  -0.07736719
-5.70000008e-010   -0.0855625
-5.60000007e-010  -0.09395313
-5.50000007e-010   -0.1024609
-5.40000007e-010   -0.1109531
-5.30000007e-010   -0.1192578
-5.20000007e-010   -0.1271719
-5.10000007e-010   -0.1345313
-5.00000007e-010   -0.1411719
-4.90000007e-010   -0.1470078
-4.80000006e-010   -0.1520313
-4.70000006e-010   -0.1561016
-4.60000006e-010   -0.1593594
-4.50000006e-010   -0.1618672
-4.40000006e-010   -0.1636016
-4.30000006e-010     -0.16475
-4.20000006e-010   -0.1652266
-4.10000005e-010   -0.1651172
-4.00000005e-010   -0.1646172
-3.90000005e-010   -0.1636406
-3.80000005e-010   -0.1624844
-3.70000005e-010   -0.1611016
-3.60000005e-010   -0.1596875
-3.50000005e-010   -0.1583594
-3.40000005e-010   -0.1570938
-3.30000004e-010   -0.1560078
-3.20000004e-010   -0.1549375
-3.10000004e-010   -0.1538906
-3.00000004e-010   -0.1527891
-2.90000004e-010   -0.1514531
-2.80000004e-010   -0.1500156
-2.70000004e-010   -0.1483516
-2.60000003e-010   -0.1464609
-2.50000003e-010   -0.1444375
-2.40000003e-010   -0.1423438
-2.30000003e-010   -0.1402188
-2.20000003e-010   -0.1380313
-2.10000003e-010   -0.1356406
-2.00000003e-010   -0.1331094
-1.90000003e-010   -0.1301719
-1.80000002e-010   -0.1268203
-1.70000002e-010   -0.1229141
-1.60000002e-010   -0.1183672
-1.50000002e-010   -0.1132188
-1.40000002e-010   -0.1074297
-1.30000002e-010   -0.1010781
-1.20000002e-010  -0.09425782
-1.10000001e-010       -0.087
-1.00000001e-010  -0.07942969
-9.00000012e-011   -0.0715625
-8.00000011e-011  -0.06351563
-7.00000009e-011  -0.05530469
-6.00000008e-011  -0.04700781
-5.00000007e-011  -0.03873438
-4.00000005e-011  -0.03061719
-3.00000004e-011  -0.02273438
-2.00000003e-011  -0.01535156
-1.00000001e-011 -0.008546875
           0 -0.002460937
1.00000001e-011  0.002828125
2.00000003e-011  0.007343751
3.00000004e-011   0.01100781
4.00000005e-011   0.01391406
5.00000007e-011   0.01623438
6.00000008e-011   0.01790625
7.00000009e-011   0.01916406
8.00000011e-011    0.0199375
9.00000012e-011   0.02032031
1.00000001e-010   0.02036719
1.10000001e-010   0.02001563
1.20000002e-010   0.01940625
1.30000002e-010       0.0185
1.40000002e-010   0.01753906
1.50000002e-010   0.01654688
1.60000002e-010   0.01567969
1.70000002e-010   0.01511719
1.80000002e-010   0.01484375
1.90000003e-010   0.01492188
2.00000003e-010   0.01539844
2.10000003e-010   0.01619531
2.20000003e-010    0.0173125
2.30000003e-010   0.01866406
2.40000003e-010   0.02021875
2.50000003e-010   0.02186719
2.60000003e-010   0.02353906
2.70000004e-010    0.0251875
2.80000004e-010   0.02675781
2.90000004e-010     0.028125
3.00000004e-010   0.02923438
3.10000004e-010   0.03004688
3.20000004e-010    0.0305625
3.30000004e-010   0.03074219
3.40000005e-010   0.03070313
3.50000005e-010   0.03038281
3.60000005e-010    0.0299375
3.70000005e-010   0.02930469
3.80000005e-010   0.02860156
3.90000005e-010   0.02780469
4.00000005e-010   0.02698438
4.10000005e-010   0.02613281
4.20000006e-010   0.02525781
4.30000006e-010   0.02446875
4.40000006e-010      0.02375
4.50000006e-010   0.02316406
4.60000006e-010   0.02267188
4.70000006e-010   0.02232813
4.80000006e-010   0.02207031
4.90000007e-010   0.02192188
5.00000007e-010   0.02179688
5.10000007e-010   0.02171875
5.20000007e-010   0.02169531
5.30000007e-010   0.02167969
5.40000007e-010   0.02173438
5.50000007e-010   0.02182031
5.60000007e-010   0.02194531
5.70000008e-010   0.02203125
5.80000008e-010   0.02211719
5.90000008e-010   0.02219531
6.00000008e-010   0.02229688
6.10000008e-010   0.02241406
6.20000008e-010   0.02254688
6.30000008e-010   0.02273438
6.40000009e-010   0.02290625
6.50000009e-010        0.023
6.60000009e-010   0.02300781
6.70000009e-010   0.02291406
6.80000009e-010     0.022625
6.90000009e-010   0.02219531
7.00000009e-010   0.02166406
7.10000009e-010   0.02103906
7.2000001e-010   0.02038281
7.3000001e-010   0.01973438
7.4000001e-010   0.01916406
7.5000001e-010   0.01858594
7.6000001e-010   0.01810156
7.7000001e-010   0.01760938
7.8000001e-010     0.017125
7.90000011e-010    0.0166875
8.00000011e-010   0.01624219
8.10000011e-010   0.01586719
8.20000011e-010   0.01554688
8.30000011e-010   0.01532813
8.40000011e-010   0.01521875
8.50000011e-010   0.01520313
8.60000011e-010   0.01540625
8.70000012e-010   0.01573438
8.80000012e-010   0.01610156
8.90000012e-010   0.01655469
9.00000012e-010   0.01702344
9.10000012e-010   0.01750781
9.20000012e-010    0.0179375
9.30000012e-010   0.01835156
9.40000013e-010   0.01872656
9.50000013e-010   0.01907031
9.60000013e-010    0.0194375
9.70000013e-010   0.01978125
9.80000013e-010   0.02014063
9.90000013e-010   0.02052344
1.00000001e-009   0.02092969
1.01000001e-009   0.02130469
1.02000001e-009   0.02164063
1.03000001e-009   0.02190625
1.04000001e-009   0.02213281
1.05000001e-009   0.02230469
1.06000001e-009   0.02240625
1.07000001e-009   0.02247656
1.08000001e-009   0.02254688
1.09000001e-009   0.02258594
1.10000001e-009   0.02266406
1.11000001e-009   0.02279688
1.12000001e-009   0.02290625
1.13000002e-009   0.02305469
1.14000002e-009   0.02320313
1.15000002e-009   0.02339844
1.16000002e-009   0.02355469
1.17000002e-009   0.02373438
1.18000002e-009   0.02389063
1.19000002e-009   0.02403906
1.20000002e-009   0.02415625
1.21000002e-009   0.02426563
1.22000002e-009   0.02442188
1.23000002e-009   0.02452344
1.24000002e-009   0.02466406
1.25000002e-009   0.02482813
1.26000002e-009   0.02497656
1.27000002e-009   0.02514844
1.28000002e-009    0.0253125
1.29000002e-009   0.02553906
1.30000002e-009   0.02574219
1.31000002e-009   0.02595313
1.32000002e-009   0.02615625
1.33000002e-009   0.02630469
1.34000002e-009   0.02642969
1.35000002e-009   0.02653125
1.36000002e-009   0.02654688
1.37000002e-009   0.02653906
1.38000002e-009   0.02649219
1.39000002e-009   0.02642969
1.40000002e-009   0.02634375
1.41000002e-009   0.02622656
1.42000002e-009   0.02609375
1.43000002e-009   0.02595313
1.44000002e-009   0.02578125
1.45000002e-009   0.02561719
1.46000002e-009   0.02539844
1.47000002e-009   0.02519531
1.48000002e-009   0.02495313
1.49000002e-009   0.02471094
1.50000002e-009   0.02447656
1.51000002e-009   0.02419531
1.52000002e-009   0.02389844
1.53000002e-009    0.0235625
1.54000002e-009   0.02319531
1.55000002e-009   0.02280469
1.56000002e-009   0.02240625
1.57000002e-009   0.02207813
1.58000002e-009   0.02178906
1.59000002e-009   0.02155469
1.60000002e-009   0.02135938
1.61000002e-009   0.02119531
1.62000002e-009   0.02101563
1.63000002e-009   0.02084375
1.64000002e-009   0.02058594
1.65000002e-009   0.02027344
1.66000002e-009   0.01998438
1.67000002e-009   0.01963281
1.68000002e-009   0.01936719
1.69000002e-009   0.01915625
1.70000002e-009   0.01904688
1.71000002e-009   0.01897656
1.72000002e-009   0.01898438
1.73000002e-009   0.01903125
1.74000002e-009        0.019
1.75000002e-009   0.01896094
1.76000002e-009   0.01885156
1.77000002e-009   0.01869531
1.78000002e-009    0.0185625
1.79000002e-009     0.018375
1.80000002e-009   0.01828906
1.81000002e-009   0.01829688
1.82000002e-009   0.01839844
1.83000002e-009   0.01852344
1.84000002e-009   0.01867188
1.85000002e-009   0.01885156
1.86000002e-009   0.01896094
1.87000002e-009   0.01901563
1.88000003e-009   0.01902344
1.89000003e-009   0.01896875
1.90000003e-009   0.01889844
1.91000003e-009   0.01883594
1.92000003e-009   0.01873438
1.93000003e-009    0.0186875
1.94000003e-009   0.01869531
1.95000003e-009   0.01867969
1.96000003e-009   0.01867969
1.97000003e-009   0.01867188
1.98000003e-009   0.01861719
1.99000003e-009   0.01858594
2.00000003e-009   0.01849219
2.01000003e-009   0.01842188
2.02000003e-009     0.018375
2.03000003e-009     0.018375
2.04000003e-009   0.01839844
2.05000003e-009    0.0184375
2.06000003e-009   0.01853125
2.07000003e-009   0.01872656
2.08000003e-009   0.01890625
2.09000003e-009   0.01914063
2.10000003e-009   0.01932813
2.11000003e-009   0.01952344
2.12000003e-009    0.0196875
2.13000003e-009   0.01977344
2.14000003e-009   0.01985156
2.15000003e-009   0.01984375
2.16000003e-009   0.01982031
2.17000003e-009   0.01982031
2.18000003e-009    0.0198125
2.19000003e-009   0.01985156
2.20000003e-009   0.01990625
2.21000003e-009         0.02
2.22000003e-009   0.02014063
2.23000003e-009   0.02019531
2.24000003e-009      0.02025
2.25000003e-009      0.02025
2.26000003e-009   0.02022656
2.27000003e-009   0.02015625
2.28000003e-009   0.02007813
2.29000003e-009   0.02001563
2.30000003e-009   0.01994531
2.31000003e-009   0.01991406
2.32000003e-009   0.01980469
2.33000003e-009   0.01969531
2.34000003e-009   0.01953125
2.35000003e-009    0.0193125
2.36000003e-009     0.019125
2.37000003e-009   0.01896875
2.38000003e-009    0.0188125
2.39000003e-009   0.01871875
2.40000003e-009   0.01869531
2.41000003e-009   0.01871094
2.42000003e-009   0.01869531
2.43000003e-009   0.01870313
2.44000003e-009   0.01858594
2.45000003e-009   0.01844531
2.46000003e-009   0.01827344
2.47000003e-009        0.018
2.48000003e-009   0.01782813
2.49000003e-009   0.01767188
2.50000003e-009     0.017625
