-2.49000003e-009  -0.01300781
-2.48000003e-009 -0.003109375
-2.47000003e-009  -0.01248438
-2.46000003e-009 -0.003703125
-2.45000003e-009  -0.01255469
-2.44000003e-009 -0.001476562
-2.43000003e-009  -0.01333594
-2.42000003e-009  -0.00153125
-2.41000003e-009  -0.01414844
-2.40000003e-009  -0.00434375
-2.39000003e-009       -0.015
-2.38000003e-009     -0.00475
-2.37000003e-009  -0.01334375
-2.36000003e-009 -0.003101562
-2.35000003e-009  -0.01258594
-2.34000003e-009 -0.003671875
-2.33000003e-009  -0.01149219
-2.32000003e-009  -0.00315625
-2.31000003e-009  -0.01346094
-2.30000003e-009 -0.003742187
-2.29000003e-009   -0.0118125
-2.28000003e-009 -0.003226562
-2.27000003e-009  -0.01160156
-2.26000003e-009 -0.002234375
-2.25000003e-009       -0.011
-2.24000003e-009 -0.002398437
-2.23000003e-009  -0.01122656
-2.22000003e-009 -0.0009765622
-2.21000003e-009  -0.01136719
-2.20000003e-009 -0.0009921872
-2.19000003e-009       -0.011
-2.18000003e-009 -0.002601562
-2.17000003e-009  -0.01020313
-2.16000003e-009 -0.002117187
-2.15000003e-009  -0.01160938
-2.14000003e-009 -0.0009999997
-2.13000003e-009  -0.01001563
-2.12000003e-009 -0.0009999997
-2.11000003e-009 -0.009609375
-2.10000003e-009 -0.0009999997
-2.09000003e-009 -0.009859375
-2.08000003e-009 -0.0006874997
-2.07000003e-009  -0.01160156
-2.06000003e-009 -0.001453125
-2.05000003e-009  -0.01110156
-2.04000003e-009 -0.0004374997
-2.03000003e-009       -0.009
-2.02000003e-009 0.0006796879
-2.01000003e-009 -0.009007813
-2.00000003e-009        0.001
-1.99000003e-009 -0.009632813
-1.98000003e-009 0.0002578129
-1.97000003e-009 -0.009640625
-1.96000003e-009  0.001539063
-1.95000003e-009 -0.008039063
-1.94000003e-009   0.00153125
-1.93000003e-009 -0.009132813
-1.92000003e-009   0.00178125
-1.91000003e-009   -0.0080625
-1.90000003e-009 -0.0003046872
-1.89000003e-009 -0.009632813
-1.88000003e-009 -9.374966e-005
-1.87000002e-009       -0.009
-1.86000002e-009 -0.0003671872
-1.85000002e-009 -0.008007813
-1.84000002e-009        0.001
-1.83000002e-009 -0.008453125
-1.82000002e-009 0.0001875004
-1.81000002e-009 -0.009054688
-1.80000002e-009  0.001523438
-1.79000002e-009 -0.008367188
-1.78000002e-009        0.001
-1.77000002e-009       -0.007
-1.76000002e-009 -0.0001874997
-1.75000002e-009 -0.008726563
-1.74000002e-009        0.001
-1.73000002e-009 -0.008523438
-1.72000002e-009        0.001
-1.71000002e-009 -0.008992188
-1.70000002e-009  0.002171875
-1.69000002e-009 -0.008070313
-1.68000002e-009  0.002640625
-1.67000002e-009     -0.00725
-1.66000002e-009  0.001226563
-1.65000002e-009 -0.007429688
-1.64000002e-009   0.00153125
-1.63000002e-009       -0.007
-1.62000002e-009   0.00196875
-1.61000002e-009 -0.008226563
-1.60000002e-009  0.004218751
-1.59000002e-009  -0.00784375
-1.58000002e-009  0.004968751
-1.57000002e-009 -0.007515625
-1.56000002e-009  0.002820313
-1.55000002e-009 -0.008976563
-1.54000002e-009  0.003046875
-1.53000002e-009       -0.009
-1.52000002e-009  0.002789063
-1.51000002e-009 -0.007742188
-1.50000002e-009  0.002671875
-1.49000002e-009 -0.006695312
-1.48000002e-009  0.003656251
-1.47000002e-009 -0.006898437
-1.46000002e-009  0.003500001
-1.45000002e-009 -0.007148437
-1.44000002e-009  0.003656251
-1.43000002e-009       -0.007
-1.42000002e-009  0.002898438
-1.41000002e-009 -0.007695313
-1.40000002e-009  0.003851563
-1.39000002e-009 -0.008234375
-1.38000002e-009  0.003140625
-1.37000002e-009       -0.007
-1.36000002e-009  0.002921875
-1.35000002e-009  -0.00709375
-1.34000002e-009  0.005382813
-1.33000002e-009 -0.006953125
-1.32000002e-009  0.005000001
-1.31000002e-009 -0.006828125
-1.30000002e-009  0.002484375
-1.29000002e-009       -0.007
-1.28000002e-009  0.002976563
-1.27000002e-009  -0.00771875
-1.26000002e-009  0.002703125
-1.25000002e-009 -0.007695313
-1.24000002e-009  0.001882813
-1.23000002e-009       -0.007
-1.22000002e-009  0.002328125
-1.21000002e-009  -0.00565625
-1.20000002e-009  0.001648438
-1.19000002e-009  -0.00621875
-1.18000002e-009  0.001273438
-1.17000002e-009 -0.006835937
-1.16000002e-009   0.00128125
-1.15000002e-009 -0.007601563
-1.14000002e-009        0.001
-1.13000002e-009   -0.0079375
-1.12000001e-009  0.001265625
-1.11000001e-009 -0.008039063
-1.10000001e-009  0.002671875
-1.09000001e-009 -0.007390625
-1.08000001e-009  0.003179688
-1.07000001e-009  -0.00765625
-1.06000001e-009  0.001828125
-1.05000001e-009       -0.009
-1.04000001e-009        0.001
-1.03000001e-009 -0.009148438
-1.02000001e-009 0.0007968754
-1.01000001e-009 -0.008507813
-1.00000001e-009  0.002203125
-9.90000013e-010 -0.007632813
-9.80000013e-010  0.002578125
-9.70000013e-010  -0.00815625
-9.60000013e-010 -0.0008906247
-9.50000013e-010 -0.008757813
-9.40000013e-010 -0.0007734372
-9.30000012e-010       -0.009
-9.20000012e-010 0.0007031254
-9.10000012e-010  -0.00965625
-9.00000012e-010        0.001
-8.90000012e-010 -0.009734375
-8.80000012e-010 0.0008671879
-8.70000012e-010       -0.009
-8.60000011e-010 -0.0009999997
-8.50000011e-010  -0.01020313
-8.40000011e-010 -0.0009999997
-8.30000011e-010    -0.011625
-8.20000011e-010 -0.001179687
-8.10000011e-010  -0.01204688
-8.00000011e-010 -0.002632812
-7.90000011e-010  -0.01403906
-7.8000001e-010 -0.004523437
-7.7000001e-010  -0.01567969
-7.6000001e-010 -0.006367187
-7.5000001e-010  -0.01746094
-7.4000001e-010 -0.009445313
-7.3000001e-010  -0.02095313
-7.2000001e-010  -0.01325781
-7.10000009e-010       -0.025
-7.00000009e-010  -0.01898438
-6.90000009e-010  -0.03216406
-6.80000009e-010  -0.02550781
-6.70000009e-010  -0.04180469
-6.60000009e-010  -0.03471094
-6.50000009e-010  -0.05489063
-6.40000009e-010       -0.045
-6.30000008e-010  -0.06932032
-6.20000008e-010  -0.05938281
-6.10000008e-010  -0.08638282
-6.00000008e-010  -0.07600782
-5.90000008e-010   -0.1046953
-5.80000008e-010  -0.09385938
-5.70000008e-010   -0.1202891
-5.60000007e-010   -0.1092422
-5.50000007e-010   -0.1336875
-5.40000007e-010   -0.1242266
-5.30000007e-010   -0.1505859
-5.20000007e-010   -0.1385625
-5.10000007e-010   -0.1635938
-5.00000007e-010       -0.147
-4.90000007e-010   -0.1670391
-4.80000006e-010   -0.1547344
-4.70000006e-010   -0.1700781
-4.60000006e-010   -0.1555391
-4.50000006e-010       -0.173
-4.40000006e-010   -0.1584297
-4.30000006e-010   -0.1704688
-4.20000006e-010       -0.157
-4.10000005e-010   -0.1686406
-4.00000005e-010   -0.1547813
-3.90000005e-010       -0.167
-3.80000005e-010   -0.1513984
-3.70000005e-010   -0.1634531
-3.60000005e-010   -0.1504375
-3.50000005e-010   -0.1610938
-3.40000005e-010   -0.1490703
-3.30000004e-010   -0.1589297
-3.20000004e-010   -0.1448594
-3.10000004e-010       -0.155
-3.00000004e-010       -0.143
-2.90000004e-010   -0.1527969
-2.80000004e-010       -0.139
-2.70000004e-010       -0.149
-2.60000003e-010   -0.1355313
-2.50000003e-010   -0.1460625
-2.40000003e-010   -0.1299609
-2.30000003e-010       -0.141
-2.20000003e-010   -0.1257188
-2.10000003e-010   -0.1349297
-2.00000003e-010   -0.1180938
-1.90000003e-010       -0.127
-1.80000002e-010   -0.1075391
-1.70000002e-010       -0.115
-1.60000002e-010       -0.095
-1.50000002e-010       -0.103
-1.40000002e-010  -0.08095313
-1.30000002e-010  -0.08970313
-1.20000002e-010  -0.06664844
-1.10000001e-010       -0.075
-1.00000001e-010  -0.04903125
-9.00000012e-011  -0.05700781
-8.00000011e-011  -0.03282813
-7.00000009e-011  -0.04067188
-6.00000008e-011       -0.015
-5.00000007e-011  -0.02371875
-4.00000005e-011 -0.001460937
-3.00000004e-011  -0.01097656
-2.00000003e-011  0.007781251
-1.00000001e-011 -0.0004765622
           0        0.017
1.00000001e-011  0.008968751
2.00000003e-011        0.025
3.00000004e-011     0.013625
4.00000005e-011   0.02569531
5.00000007e-011    0.0146875
6.00000008e-011   0.02603906
7.00000009e-011   0.01528906
8.00000011e-011        0.025
9.00000012e-011   0.01346875
1.00000001e-010   0.02214844
1.10000001e-010   0.01201563
1.20000002e-010   0.02257813
1.30000002e-010   0.01074219
1.40000002e-010   0.02197656
1.50000002e-010   0.01133594
1.60000002e-010        0.021
1.70000002e-010  0.009984376
1.80000002e-010   0.02114063
1.90000003e-010        0.011
2.00000003e-010   0.02457813
2.10000003e-010   0.01203906
2.20000003e-010   0.02682031
2.30000003e-010    0.0144375
2.40000003e-010   0.03188281
2.50000003e-010   0.01897656
2.60000003e-010   0.03269531
2.70000004e-010   0.02413281
2.80000004e-010   0.03434375
2.90000004e-010   0.02409375
3.00000004e-010      0.03525
3.10000004e-010        0.025
3.20000004e-010    0.0358125
3.30000004e-010   0.02648438
3.40000005e-010   0.03647656
3.50000005e-010   0.02399219
3.60000005e-010        0.035
3.70000005e-010   0.02222656
3.80000005e-010   0.03139844
3.90000005e-010   0.02017188
4.00000005e-010   0.03109375
4.10000005e-010        0.019
4.20000006e-010        0.031
4.30000006e-010   0.01760156
4.40000006e-010     0.027625
4.50000006e-010   0.01690625
4.60000006e-010   0.02736719
4.70000006e-010   0.01578125
4.80000006e-010        0.027
4.90000007e-010   0.01529688
5.00000007e-010   0.02734375
5.10000007e-010        0.015
5.20000007e-010   0.02710938
5.30000007e-010   0.01585156
5.40000007e-010   0.02728125
5.50000007e-010   0.01661719
5.60000007e-010        0.027
5.70000008e-010        0.017
5.80000008e-010   0.02894531
5.90000008e-010   0.01860156
6.00000008e-010   0.02939063
6.10000008e-010   0.01852344
6.20000008e-010   0.02841406
6.30000008e-010   0.01852344
6.40000009e-010    0.0284375
6.50000009e-010   0.01669531
6.60000009e-010   0.02628125
6.70000009e-010   0.01651563
6.80000009e-010        0.025
6.90000009e-010   0.01646094
7.00000009e-010   0.02539844
7.10000009e-010   0.01398438
7.2000001e-010   0.02372656
7.3000001e-010   0.01289844
7.4000001e-010   0.02323438
7.5000001e-010   0.01152344
7.6000001e-010   0.02172656
7.7000001e-010  0.009265626
7.8000001e-010    0.0200625
7.90000011e-010  0.009570313
8.00000011e-010   0.02010156
8.10000011e-010        0.011
8.20000011e-010        0.021
8.30000011e-010   0.01040625
8.40000011e-010   0.02160938
8.50000011e-010  0.009937501
8.60000011e-010      0.02175
8.70000012e-010   0.01082813
8.80000012e-010   0.02352344
8.90000012e-010        0.011
9.00000012e-010   0.02377344
9.10000012e-010   0.01336719
9.20000012e-010   0.02552344
9.30000012e-010   0.01498438
9.40000013e-010   0.02483594
9.50000013e-010   0.01595313
9.60000013e-010   0.02565625
9.70000013e-010   0.01667969
9.80000013e-010        0.027
9.90000013e-010   0.01694531
1.00000001e-009   0.02616406
1.01000001e-009   0.01626563
1.02000001e-009   0.02617969
1.03000001e-009   0.01697656
1.04000001e-009   0.02732031
1.05000001e-009       0.0175
1.06000001e-009   0.02860938
1.07000001e-009   0.01795313
1.08000001e-009        0.029
1.09000001e-009   0.01714844
1.10000001e-009   0.02764063
1.11000001e-009        0.017
1.12000001e-009   0.02732813
1.13000002e-009   0.01817188
1.14000002e-009        0.029
1.15000002e-009   0.01889063
1.16000002e-009   0.02876563
1.17000002e-009   0.02002344
1.18000002e-009   0.02907031
1.19000002e-009   0.01955469
1.20000002e-009        0.029
1.21000002e-009        0.019
1.22000002e-009   0.02940625
1.23000002e-009        0.017
1.24000002e-009   0.03238281
1.25000002e-009   0.01648438
1.26000002e-009   0.03207031
1.27000002e-009   0.01900781
1.28000002e-009   0.03067188
1.29000002e-009        0.021
1.30000002e-009        0.033
1.31000002e-009        0.021
1.32000002e-009   0.03196875
1.33000002e-009   0.02094531
1.34000002e-009   0.03271875
1.35000002e-009   0.02217969
1.36000002e-009        0.033
1.37000002e-009   0.02251563
1.38000002e-009   0.03153906
1.39000002e-009   0.02169531
1.40000002e-009   0.03147656
1.41000002e-009     0.019875
1.42000002e-009        0.031
1.43000002e-009   0.01991406
1.44000002e-009        0.031
1.45000002e-009         0.02
1.46000002e-009   0.03053125
1.47000002e-009        0.019
1.48000002e-009   0.02967969
1.49000002e-009   0.01832813
1.50000002e-009   0.02791406
1.51000002e-009        0.017
1.52000002e-009   0.02828906
1.53000002e-009   0.01794531
1.54000002e-009      0.02775
1.55000002e-009   0.01811719
1.56000002e-009   0.02761719
1.57000002e-009    0.0166875
1.58000002e-009    0.0270625
1.59000002e-009     0.017125
1.60000002e-009        0.027
1.61000002e-009        0.017
1.62000002e-009        0.025
1.63000002e-009   0.01516406
1.64000002e-009        0.025
1.65000002e-009    0.0124375
1.66000002e-009   0.02500781
1.67000002e-009   0.01196875
1.68000002e-009   0.02520313
1.69000002e-009    0.0121875
1.70000002e-009   0.02496875
1.71000002e-009   0.01402344
1.72000002e-009   0.02444531
1.73000002e-009   0.01492188
1.74000002e-009   0.02467188
1.75000002e-009   0.01194531
1.76000002e-009   0.02452344
1.77000002e-009        0.011
1.78000002e-009   0.02415625
1.79000002e-009   0.01234375
1.80000002e-009   0.02435156
1.81000002e-009   0.01346875
1.82000002e-009   0.02408594
1.83000002e-009   0.01411719
1.84000002e-009       0.0255
1.85000002e-009   0.01319531
1.86000002e-009   0.02516406
1.87000002e-009        0.011
1.88000003e-009        0.025
1.89000003e-009   0.01326563
1.90000003e-009   0.02399219
1.91000003e-009   0.01305469
1.92000003e-009        0.023
1.93000003e-009   0.01358594
1.94000003e-009    0.0235625
1.95000003e-009   0.01266406
1.96000003e-009   0.02313281
1.97000003e-009   0.01397656
1.98000003e-009   0.02461719
1.99000003e-009   0.01460938
2.00000003e-009   0.02486719
2.01000003e-009   0.01410938
2.02000003e-009        0.025
2.03000003e-009   0.01477344
2.04000003e-009    0.0235625
2.05000003e-009      0.01475
2.06000003e-009   0.02301563
2.07000003e-009   0.01439063
2.08000003e-009   0.02436719
2.09000003e-009   0.01508594
2.10000003e-009   0.02471875
2.11000003e-009   0.01441406
2.12000003e-009        0.025
2.13000003e-009    0.0154375
2.14000003e-009   0.02552344
2.15000003e-009   0.01592969
2.16000003e-009   0.02611719
2.17000003e-009    0.0145625
2.18000003e-009   0.02523438
2.19000003e-009   0.01403125
2.20000003e-009   0.02535938
2.21000003e-009        0.015
2.22000003e-009   0.02477344
2.23000003e-009    0.0163125
2.24000003e-009   0.02445313
2.25000003e-009        0.015
2.26000003e-009   0.02534375
2.27000003e-009   0.01363281
2.28000003e-009   0.02542969
2.29000003e-009   0.01422656
2.30000003e-009        0.027
2.31000003e-009        0.015
2.32000003e-009   0.02583594
2.33000003e-009   0.01407031
2.34000003e-009    0.0243125
2.35000003e-009   0.01417969
2.36000003e-009        0.025
2.37000003e-009   0.01405469
2.38000003e-009   0.02310938
2.39000003e-009      0.01225
2.40000003e-009    0.0230625
2.41000003e-009   0.01327344
2.42000003e-009        0.023
2.43000003e-009   0.01351563
2.44000003e-009   0.02298438
2.45000003e-009   0.01248438
2.46000003e-009   0.02213281
2.47000003e-009        0.013
2.48000003e-009   0.02200781
2.49000003e-009   0.01222656
2.50000003e-009   0.02399219
