+3.00000000000E+005  -7.80124300542E+001
+7.79850000000E+006  -8.04418040795E+001
+1.52970000000E+007  -8.14020378318E+001
+2.27955000000E+007  -7.37726998318E+001
+3.02940000000E+007  -7.53203687058E+001
+3.77925000000E+007  -7.13529965348E+001
+4.52910000000E+007  -7.66739263119E+001
+5.27895000000E+007  -8.00169025341E+001
+6.02880000000E+007  -7.36204823215E+001
+6.77865000000E+007  -6.39789020444E+001
+7.52850000000E+007  -7.12620618822E+001
+8.27835000000E+007  -6.66622191195E+001
+9.02820000000E+007  -6.50131501746E+001
+9.77805000000E+007  -6.93084662568E+001
+1.05279000000E+008  -7.10398731286E+001
+1.12777500000E+008  -7.28169699753E+001
+1.20276000000E+008  -7.45412432195E+001
+1.27774500000E+008  -7.97625025417E+001
+1.35273000000E+008  -6.38677600736E+001
+1.42771500000E+008  -7.79808041919E+001
+1.50270000000E+008  -6.69146113487E+001
+1.57768500000E+008  -6.20032793841E+001
+1.65267000000E+008  -6.18622911588E+001
+1.72765500000E+008  -6.39647285709E+001
+1.80264000000E+008  -5.94231361928E+001
+1.87762500000E+008  -6.54522221312E+001
+1.95261000000E+008  -6.28473477546E+001
+2.02759500000E+008  -5.97171884282E+001
+2.10258000000E+008  -5.51066433142E+001
+2.17756500000E+008  -6.78780568247E+001
+2.25255000000E+008  -7.61715554000E+001
+2.32753500000E+008  -6.14672593023E+001
+2.40252000000E+008  -5.39808813886E+001
+2.47750500000E+008  -5.59042995025E+001
+2.55249000000E+008  -6.33514326368E+001
+2.62747500000E+008  -7.10962691665E+001
+2.70246000000E+008  -6.37729418633E+001
+2.77744500000E+008  -5.69570981642E+001
+2.85243000000E+008  -6.65538357994E+001
+2.92741500000E+008  -5.65306789881E+001
+3.00240000000E+008  -6.17050462466E+001
+3.07738500000E+008  -6.32570527093E+001
+3.15237000000E+008  -6.41878231364E+001
+3.22735500000E+008  -6.75115492933E+001
+3.30234000000E+008  -6.29740681004E+001
+3.37732500000E+008  -5.96295042164E+001
+3.45231000000E+008  -5.98421196840E+001
+3.52729500000E+008  -5.47656125049E+001
+3.60228000000E+008  -5.87337896910E+001
+3.67726500000E+008  -5.70946594515E+001
+3.75225000000E+008  -5.87220315730E+001
+3.82723500000E+008  -6.43308547312E+001
+3.90222000000E+008  -6.35568988496E+001
+3.97720500000E+008  -5.51118868554E+001
+4.05219000000E+008  -5.44536870032E+001
+4.12717500000E+008  -5.88184771670E+001
+4.20216000000E+008  -6.36760220116E+001
+4.27714500000E+008  -6.13190341478E+001
+4.35213000000E+008  -6.79272271553E+001
+4.42711500000E+008  -5.52428380049E+001
+4.50210000000E+008  -5.82176286265E+001
+4.57708500000E+008  -5.69093056358E+001
+4.65207000000E+008  -6.77116531267E+001
+4.72705500000E+008  -6.21968809807E+001
+4.80204000000E+008  -5.88455637589E+001
+4.87702500000E+008  -5.81672536425E+001
+4.95201000000E+008  -6.77699034332E+001
+5.02699500000E+008  -6.29937181466E+001
+5.10198000000E+008  -5.90572523506E+001
+5.17696500000E+008  -6.83963640963E+001
+5.25195000000E+008  -5.65548113182E+001
+5.32693500000E+008  -6.07583640710E+001
+5.40192000000E+008  -6.49419075229E+001
+5.47690500000E+008  -7.04459430433E+001
+5.55189000000E+008  -5.86413928022E+001
+5.62687500000E+008  -6.14633737581E+001
+5.70186000000E+008  -5.90300417759E+001
+5.77684500000E+008  -6.21698944817E+001
+5.85183000000E+008  -5.73133567009E+001
+5.92681500000E+008  -6.57367138893E+001
+6.00180000000E+008  -5.71844126747E+001
+6.07678500000E+008  -6.18775499991E+001
+6.15177000000E+008  -5.84741818063E+001
+6.22675500000E+008  -6.41708043041E+001
+6.30174000000E+008  -6.96580685658E+001
+6.37672500000E+008  -6.89869424026E+001
+6.45171000000E+008  -7.72282436667E+001
+6.52669500000E+008  -6.33640621324E+001
+6.60168000000E+008  -6.20853068998E+001
+6.67666500000E+008  -6.06776357785E+001
+6.75165000000E+008  -5.98137484226E+001
+6.82663500000E+008  -6.27466490282E+001
+6.90162000000E+008  -6.72282377494E+001
+6.97660500000E+008  -6.06269263522E+001
+7.05159000000E+008  -4.98929670322E+001
+7.12657500000E+008  -5.29313145367E+001
+7.20156000000E+008  -5.46199442911E+001
+7.27654500000E+008  -5.78747456080E+001
+7.35153000000E+008  -6.20157094877E+001
+7.42651500000E+008  -6.78509025662E+001
+7.50150000000E+008  -6.27320865908E+001
+7.57648500000E+008  -6.51133989873E+001
+7.65147000000E+008  -6.40321253397E+001
+7.72645500000E+008  -7.60830242355E+001
+7.80144000000E+008  -7.42715652748E+001
+7.87642500000E+008  -6.26218930340E+001
+7.95141000000E+008  -6.75602498508E+001
+8.02639500000E+008  -6.78285990834E+001
+8.10138000000E+008  -6.90842887574E+001
+8.17636500000E+008  -6.39498668723E+001
+8.25135000000E+008  -7.04042712419E+001
+8.32633500000E+008  -6.66398680844E+001
+8.40132000000E+008  -6.08131025955E+001
+8.47630500000E+008  -6.45465941431E+001
+8.55129000000E+008  -5.80965186782E+001
+8.62627500000E+008  -6.29562587904E+001
+8.70126000000E+008  -7.74332841952E+001
+8.77624500000E+008  -6.45676514876E+001
+8.85123000000E+008  -6.26408111811E+001
+8.92621500000E+008  -6.29212734026E+001
+9.00120000000E+008  -6.82316755867E+001
+9.07618500000E+008  -7.84272289418E+001
+9.15117000000E+008  -7.09443524541E+001
+9.22615500000E+008  -5.98974098953E+001
+9.30114000000E+008  -6.14421676637E+001
+9.37612500000E+008  -7.76804197203E+001
+9.45111000000E+008  -6.47067437359E+001
+9.52609500000E+008  -6.58629875442E+001
+9.60108000000E+008  -6.55224709039E+001
+9.67606500000E+008  -6.76984372237E+001
+9.75105000000E+008  -6.30668351911E+001
+9.82603500000E+008  -6.38972239688E+001
+9.90102000000E+008  -6.34346008093E+001
+9.97600500000E+008  -6.76101960974E+001
+1.00509900000E+009  -7.45864450020E+001
+1.01259750000E+009  -6.58971344024E+001
+1.02009600000E+009  -6.81583954763E+001
+1.02759450000E+009  -6.81119076687E+001
+1.03509300000E+009  -6.66670869713E+001
+1.04259150000E+009  -7.75521468548E+001
+1.05009000000E+009  -6.73668336633E+001
+1.05758850000E+009  -6.58589678313E+001
+1.06508700000E+009  -6.93468940000E+001
+1.07258550000E+009  -6.37135582781E+001
+1.08008400000E+009  -6.19529750811E+001
+1.08758250000E+009  -6.75275499869E+001
+1.09508100000E+009  -6.79812005762E+001
+1.10257950000E+009  -6.76190995581E+001
+1.11007800000E+009  -6.31281324334E+001
+1.11757650000E+009  -7.17293051467E+001
+1.12507500000E+009  -7.01876774720E+001
+1.13257350000E+009  -7.85623133125E+001
+1.14007200000E+009  -6.42263371782E+001
+1.14757050000E+009  -6.23592789738E+001
+1.15506900000E+009  -6.54694138901E+001
+1.16256750000E+009  -7.42136044482E+001
+1.17006600000E+009  -6.53548758871E+001
+1.17756450000E+009  -6.58167698838E+001
+1.18506300000E+009  -6.70900382431E+001
+1.19256150000E+009  -6.56845788473E+001
+1.20006000000E+009  -7.13004858685E+001
+1.20755850000E+009  -6.23960891314E+001
+1.21505700000E+009  -7.15382649836E+001
+1.22255550000E+009  -6.38050646215E+001
+1.23005400000E+009  -7.04125112039E+001
+1.23755250000E+009  -7.01988611485E+001
+1.24505100000E+009  -6.74476379230E+001
+1.25254950000E+009  -6.87765788014E+001
+1.26004800000E+009  -7.95813744137E+001
+1.26754650000E+009  -7.14286089222E+001
+1.27504500000E+009  -7.32256844524E+001
+1.28254350000E+009  -7.11437892390E+001
+1.29004200000E+009  -7.82422342440E+001
+1.29754050000E+009  -6.64303175494E+001
+1.30503900000E+009  -7.30855792592E+001
+1.31253750000E+009  -7.34138543333E+001
+1.32003600000E+009  -7.00503984328E+001
+1.32753450000E+009  -7.23785978973E+001
+1.33503300000E+009  -6.74545599889E+001
+1.34253150000E+009  -7.49994160985E+001
+1.35003000000E+009  -7.54337714299E+001
+1.35752850000E+009  -7.70382956992E+001
+1.36502700000E+009  -7.02537764060E+001
+1.37252550000E+009  -7.18207835997E+001
+1.38002400000E+009  -7.53383972115E+001
+1.38752250000E+009  -7.85800311310E+001
+1.39502100000E+009  -7.12608160912E+001
+1.40251950000E+009  -7.27617180734E+001
+1.41001800000E+009  -7.04383655909E+001
+1.41751650000E+009  -9.90827434337E+001
+1.42501500000E+009  -7.53553729480E+001
+1.43251350000E+009  -8.27375681452E+001
+1.44001200000E+009  -8.62763509042E+001
+1.44751050000E+009  -7.96173963102E+001
+1.45500900000E+009  -6.97731665341E+001
+1.46250750000E+009  -6.49917667897E+001
+1.47000600000E+009  -7.07878514497E+001
+1.47750450000E+009  -6.38566596262E+001
+1.48500300000E+009  -6.65816728984E+001
+1.49250150000E+009  -7.70880760399E+001
+1.50000000000E+009  -7.00720748913E+001
