-1.24500002e-009 -0.002703125
-1.24000002e-009 -0.002679687
-1.23500002e-009 -0.002695312
-1.23000002e-009 -0.002679687
-1.22500002e-009   -0.0026875
-1.22000002e-009 -0.002664062
-1.21500002e-009 -0.002640625
-1.21000002e-009 -0.002640625
-1.20500002e-009 -0.002609375
-1.20000002e-009 -0.002578125
-1.19500002e-009  -0.00253125
-1.19000002e-009 -0.002515625
-1.18500002e-009 -0.002460937
-1.18000002e-009 -0.002421875
-1.17500002e-009 -0.002429687
-1.17000002e-009  -0.00240625
-1.16500002e-009 -0.002367187
-1.16000002e-009  -0.00234375
-1.15500002e-009   -0.0023125
-1.15000002e-009 -0.002296875
-1.14500002e-009 -0.002304687
-1.14000002e-009 -0.002328125
-1.13500002e-009  -0.00234375
-1.13000002e-009 -0.002367187
-1.12500002e-009 -0.002390625
-1.12000001e-009   -0.0024375
-1.11500001e-009  -0.00246875
-1.11000001e-009 -0.002515625
-1.10500001e-009 -0.002578125
-1.10000001e-009 -0.002601562
-1.09500001e-009 -0.002695312
-1.09000001e-009 -0.002734375
-1.08500001e-009 -0.002789062
-1.08000001e-009 -0.002835937
-1.07500001e-009    -0.002875
-1.07000001e-009  -0.00290625
-1.06500001e-009 -0.002929687
-1.06000001e-009 -0.002953125
-1.05500001e-009       -0.003
-1.05000001e-009 -0.003015625
-1.04500001e-009  -0.00303125
-1.04000001e-009 -0.003078125
-1.03500001e-009 -0.003101562
-1.03000001e-009 -0.003140625
-1.02500001e-009 -0.003203125
-1.02000001e-009 -0.003242187
-1.01500001e-009  -0.00334375
-1.01000001e-009    -0.003375
-1.00500001e-009      -0.0035
-1.00000001e-009   -0.0035625
-9.95000013e-010    -0.003625
-9.90000013e-010  -0.00371875
-9.85000013e-010 -0.003765625
-9.80000013e-010 -0.003835937
-9.75000013e-010 -0.003890625
-9.70000013e-010 -0.003921875
-9.65000013e-010 -0.003921875
-9.60000013e-010 -0.003914062
-9.55000013e-010 -0.003890625
-9.50000013e-010 -0.003828125
-9.45000013e-010   -0.0038125
-9.40000013e-010 -0.003765625
-9.35000012e-010 -0.003742187
-9.30000012e-010 -0.003671875
-9.25000012e-010   -0.0036875
-9.20000012e-010 -0.003695312
-9.15000012e-010 -0.003703125
-9.10000012e-010 -0.003765625
-9.05000012e-010 -0.003828125
-9.00000012e-010 -0.003890625
-8.95000012e-010 -0.004023437
-8.90000012e-010 -0.004117187
-8.85000012e-010 -0.004265625
-8.80000012e-010   -0.0044375
-8.75000012e-010 -0.004570312
-8.70000012e-010 -0.004710937
-8.65000012e-010 -0.004867187
-8.60000011e-010  -0.00503125
-8.55000011e-010    -0.005125
-8.50000011e-010 -0.005234375
-8.45000011e-010  -0.00534375
-8.40000011e-010 -0.005460937
-8.35000011e-010 -0.005554687
-8.30000011e-010 -0.005640625
-8.25000011e-010     -0.00575
-8.20000011e-010 -0.005890625
-8.15000011e-010 -0.005992187
-8.10000011e-010 -0.006132812
-8.05000011e-010 -0.006304687
-8.00000011e-010 -0.006453125
-7.95000011e-010 -0.006609375
-7.90000011e-010   -0.0068125
-7.8500001e-010   -0.0070625
-7.8000001e-010 -0.007359375
-7.7500001e-010   -0.0076875
-7.7000001e-010 -0.008015625
-7.6500001e-010 -0.008390625
-7.6000001e-010 -0.008789063
-7.5500001e-010 -0.009171875
-7.5000001e-010 -0.009601563
-7.4500001e-010  -0.01008594
-7.4000001e-010  -0.01063281
-7.3500001e-010  -0.01121875
-7.3000001e-010  -0.01190625
-7.2500001e-010  -0.01264063
-7.2000001e-010      -0.0135
-7.1500001e-010    -0.014375
-7.10000009e-010  -0.01533594
-7.05000009e-010  -0.01635938
-7.00000009e-010  -0.01751563
-6.95000009e-010     -0.01875
-6.90000009e-010  -0.02011719
-6.85000009e-010  -0.02160938
-6.80000009e-010  -0.02323438
-6.75000009e-010  -0.02501563
-6.70000009e-010    -0.026875
-6.65000009e-010  -0.02888281
-6.60000009e-010  -0.03104688
-6.55000009e-010  -0.03332813
-6.50000009e-010  -0.03572656
-6.45000009e-010  -0.03826563
-6.40000009e-010  -0.04096875
-6.35000008e-010  -0.04382031
-6.30000008e-010  -0.04685156
-6.25000008e-010  -0.05001563
-6.20000008e-010  -0.05332813
-6.15000008e-010  -0.05675781
-6.10000008e-010  -0.06035157
-6.05000008e-010  -0.06407032
-6.00000008e-010  -0.06785157
-5.95000008e-010  -0.07178125
-5.90000008e-010   -0.0758125
-5.85000008e-010  -0.07991407
-5.80000008e-010  -0.08409375
-5.75000008e-010  -0.08834375
-5.70000008e-010  -0.09260938
-5.65000008e-010  -0.09690625
-5.60000007e-010   -0.1012344
-5.55000007e-010   -0.1055078
-5.50000007e-010     -0.10975
-5.45000007e-010   -0.1138906
-5.40000007e-010   -0.1179688
-5.35000007e-010   -0.1219609
-5.30000007e-010   -0.1257969
-5.25000007e-010      -0.1295
-5.20000007e-010   -0.1330859
-5.15000007e-010      -0.1365
-5.10000007e-010   -0.1397813
-5.05000007e-010   -0.1428359
-5.00000007e-010   -0.1457266
-4.95000007e-010   -0.1484297
-4.90000007e-010   -0.1508906
-4.85000006e-010   -0.1531406
-4.80000006e-010     -0.15525
-4.75000006e-010   -0.1570703
-4.70000006e-010   -0.1587266
-4.65000006e-010   -0.1601875
-4.60000006e-010      -0.1615
-4.55000006e-010   -0.1626016
-4.50000006e-010   -0.1635234
-4.45000006e-010   -0.1642734
-4.40000006e-010   -0.1647734
-4.35000006e-010   -0.1651328
-4.30000006e-010   -0.1653203
-4.25000006e-010   -0.1653281
-4.20000006e-010   -0.1652656
-4.15000006e-010   -0.1650547
-4.10000005e-010   -0.1647734
-4.05000005e-010   -0.1644375
-4.00000005e-010   -0.1639766
-3.95000005e-010   -0.1634375
-3.90000005e-010   -0.1628516
-3.85000005e-010   -0.1622109
-3.80000005e-010   -0.1615469
-3.75000005e-010   -0.1608594
-3.70000005e-010   -0.1601641
-3.65000005e-010   -0.1594844
-3.60000005e-010   -0.1588438
-3.55000005e-010   -0.1581797
-3.50000005e-010   -0.1575625
-3.45000005e-010   -0.1569375
-3.40000005e-010   -0.1563359
-3.35000004e-010   -0.1556797
-3.30000004e-010   -0.1550547
-3.25000004e-010   -0.1544141
-3.20000004e-010   -0.1538203
-3.15000004e-010   -0.1532578
-3.10000004e-010   -0.1526406
-3.05000004e-010   -0.1520625
-3.00000004e-010      -0.1515
-2.95000004e-010    -0.150875
-2.90000004e-010   -0.1502422
-2.85000004e-010   -0.1495625
-2.80000004e-010   -0.1488672
-2.75000004e-010   -0.1480625
-2.70000004e-010   -0.1472422
-2.65000004e-010   -0.1463984
-2.60000003e-010   -0.1455391
-2.55000003e-010   -0.1445938
-2.50000003e-010   -0.1436172
-2.45000003e-010   -0.1426016
-2.40000003e-010   -0.1415234
-2.35000003e-010   -0.1404141
-2.30000003e-010   -0.1392266
-2.25000003e-010   -0.1379531
-2.20000003e-010   -0.1366797
-2.15000003e-010   -0.1353359
-2.10000003e-010   -0.1339844
-2.05000003e-010   -0.1325859
-2.00000003e-010    -0.131125
-1.95000003e-010   -0.1295234
-1.90000003e-010   -0.1278906
-1.85000002e-010    -0.126125
-1.80000002e-010     -0.12425
-1.75000002e-010   -0.1222422
-1.70000002e-010   -0.1200859
-1.65000002e-010   -0.1177578
-1.60000002e-010   -0.1153516
-1.55000002e-010   -0.1127344
-1.50000002e-010   -0.1099922
-1.45000002e-010   -0.1070781
-1.40000002e-010   -0.1039844
-1.35000002e-010   -0.1007734
-1.30000002e-010  -0.09739844
-1.25000002e-010  -0.09389063
-1.20000002e-010  -0.09022657
-1.15000002e-010  -0.08650782
-1.10000001e-010  -0.08267188
-1.05000001e-010  -0.07876563
-1.00000001e-010  -0.07476563
-9.50000013e-011  -0.07072657
-9.00000012e-011  -0.06663282
-8.50000011e-011  -0.06249219
-8.00000011e-011  -0.05834375
-7.5000001e-011  -0.05414844
-7.00000009e-011   -0.0499375
-6.50000009e-011  -0.04574219
-6.00000008e-011  -0.04154688
-5.50000007e-011  -0.03736719
-5.00000007e-011  -0.03326563
-4.50000006e-011  -0.02924219
-4.00000005e-011  -0.02527344
-3.50000005e-011   -0.0214375
-3.00000004e-011  -0.01771094
-2.50000003e-011  -0.01410938
-2.00000003e-011  -0.01067188
-1.50000002e-011 -0.007390625
-1.00000001e-011 -0.004273437
-5.00000007e-012  -0.00134375
           0  0.001390625
5.00000007e-012  0.003890626
1.00000001e-011  0.006187501
1.50000002e-011  0.008281251
2.00000003e-011   0.01014063
2.50000003e-011   0.01182813
3.00000004e-011   0.01329688
3.50000005e-011   0.01466406
4.00000005e-011   0.01584375
4.50000006e-011   0.01683594
5.00000007e-011   0.01770313
5.50000007e-011    0.0184375
6.00000008e-011   0.01898438
6.50000009e-011   0.01939844
7.00000009e-011   0.01977344
7.5000001e-011   0.01997656
8.00000011e-011   0.02011719
8.50000011e-011    0.0201875
9.00000012e-011   0.02019531
9.50000013e-011   0.02011719
1.00000001e-010   0.01998438
1.05000001e-010   0.01979688
1.10000001e-010   0.01952344
1.15000002e-010   0.01920313
1.20000002e-010   0.01882813
1.25000002e-010   0.01844531
1.30000002e-010   0.01803906
1.35000002e-010     0.017625
1.40000002e-010   0.01721875
1.45000002e-010    0.0168125
1.50000002e-010   0.01642188
1.55000002e-010   0.01604688
1.60000002e-010   0.01570313
1.65000002e-010   0.01539844
1.70000002e-010   0.01514844
1.75000002e-010   0.01495313
1.80000002e-010   0.01485156
1.85000002e-010   0.01482813
1.90000003e-010   0.01494531
1.95000003e-010   0.01510938
2.00000003e-010   0.01539063
2.05000003e-010   0.01572656
2.10000003e-010   0.01617969
2.15000003e-010   0.01674219
2.20000003e-010   0.01736719
2.25000003e-010    0.0180625
2.30000003e-010   0.01878125
2.35000003e-010   0.01965625
2.40000003e-010   0.02048438
2.45000003e-010   0.02140625
2.50000003e-010   0.02227344
2.55000003e-010   0.02315625
2.60000003e-010   0.02403906
2.65000004e-010   0.02489844
2.70000004e-010   0.02574219
2.75000004e-010   0.02649219
2.80000004e-010   0.02725781
2.85000004e-010   0.02791406
2.90000004e-010   0.02850781
2.95000004e-010   0.02908594
3.00000004e-010    0.0295625
3.05000004e-010    0.0299375
3.10000004e-010   0.03030469
3.15000004e-010   0.03053125
3.20000004e-010   0.03070313
3.25000004e-010   0.03079688
3.30000004e-010   0.03079688
3.35000004e-010   0.03078906
3.40000005e-010     0.030625
3.45000005e-010       0.0305
3.50000005e-010   0.03022656
3.55000005e-010   0.02998438
3.60000005e-010   0.02963281
3.65000005e-010   0.02929688
3.70000005e-010   0.02891406
3.75000005e-010       0.0285
3.80000005e-010   0.02807031
3.85000005e-010    0.0276875
3.90000005e-010   0.02724219
3.95000005e-010   0.02688281
4.00000005e-010   0.02647656
4.05000005e-010   0.02610156
4.10000005e-010   0.02574219
4.15000006e-010   0.02542969
4.20000006e-010   0.02509375
4.25000006e-010   0.02479688
4.30000006e-010   0.02450781
4.35000006e-010   0.02423438
4.40000006e-010   0.02396094
4.45000006e-010   0.02369531
4.50000006e-010   0.02344531
4.55000006e-010   0.02319531
4.60000006e-010   0.02294531
4.65000006e-010   0.02270313
4.70000006e-010   0.02248438
4.75000006e-010   0.02227344
4.80000006e-010   0.02207031
4.85000006e-010     0.021875
4.90000007e-010      0.02175
4.95000007e-010   0.02160938
5.00000007e-010   0.02153125
5.05000007e-010   0.02142969
5.10000007e-010   0.02142188
5.15000007e-010   0.02142969
5.20000007e-010    0.0214375
5.25000007e-010   0.02148438
5.30000007e-010   0.02153125
5.35000007e-010   0.02158594
5.40000007e-010   0.02167969
5.45000007e-010   0.02175781
5.50000007e-010   0.02180469
5.55000007e-010   0.02189063
5.60000007e-010   0.02195313
5.65000008e-010   0.02196875
5.70000008e-010        0.022
5.75000008e-010   0.02205469
5.80000008e-010   0.02207031
5.85000008e-010   0.02209375
5.90000008e-010   0.02213281
5.95000008e-010   0.02216406
6.00000008e-010   0.02223438
6.05000008e-010   0.02228906
6.10000008e-010   0.02239063
6.15000008e-010   0.02247656
6.20000008e-010   0.02257031
6.25000008e-010   0.02270313
6.30000008e-010   0.02282031
6.35000008e-010    0.0229375
6.40000009e-010   0.02299219
6.45000009e-010   0.02310156
6.50000009e-010   0.02311719
6.55000009e-010     0.023125
6.60000009e-010   0.02311719
6.65000009e-010   0.02300781
6.70000009e-010   0.02289063
6.75000009e-010   0.02274219
6.80000009e-010   0.02254688
6.85000009e-010   0.02230469
6.90000009e-010   0.02205469
6.95000009e-010   0.02178906
7.00000009e-010   0.02149219
7.05000009e-010   0.02117188
7.10000009e-010     0.020875
7.1500001e-010   0.02053906
7.2000001e-010   0.02025781
7.2500001e-010   0.01996094
7.3000001e-010   0.01967969
7.3500001e-010   0.01939063
7.4000001e-010   0.01911719
7.4500001e-010     0.018875
7.5000001e-010   0.01863281
7.5500001e-010   0.01839063
7.6000001e-010   0.01813281
7.6500001e-010   0.01790625
7.7000001e-010   0.01765625
7.7500001e-010   0.01742188
7.8000001e-010   0.01715625
7.8500001e-010   0.01697656
7.90000011e-010   0.01673438
7.95000011e-010   0.01653906
8.00000011e-010   0.01633594
8.05000011e-010   0.01614844
8.10000011e-010   0.01600781
8.15000011e-010     0.015875
8.20000011e-010   0.01577344
8.25000011e-010   0.01576563
8.30000011e-010   0.01573438
8.35000011e-010   0.01575781
8.40000011e-010   0.01580469
8.45000011e-010   0.01585938
8.50000011e-010   0.01594531
8.55000011e-010   0.01605469
8.60000011e-010   0.01617188
8.65000012e-010   0.01628125
8.70000012e-010   0.01639063
8.75000012e-010    0.0165625
8.80000012e-010   0.01664844
8.85000012e-010   0.01677344
8.90000012e-010   0.01690625
8.95000012e-010   0.01702344
9.00000012e-010   0.01714063
9.05000012e-010   0.01728906
9.10000012e-010   0.01744531
9.15000012e-010   0.01760938
9.20000012e-010   0.01782031
9.25000012e-010   0.01800781
9.30000012e-010   0.01821875
9.35000012e-010   0.01846875
9.40000013e-010   0.01871094
9.45000013e-010   0.01898438
9.50000013e-010   0.01925781
9.55000013e-010   0.01950781
9.60000013e-010   0.01975781
9.65000013e-010   0.02002344
9.70000013e-010   0.02028125
9.75000013e-010   0.02049219
9.80000013e-010   0.02071875
9.85000013e-010   0.02092188
9.90000013e-010   0.02105469
9.95000013e-010   0.02123438
1.00000001e-009   0.02135938
1.00500001e-009   0.02149219
1.01000001e-009   0.02157813
1.01500001e-009    0.0216875
1.02000001e-009   0.02176563
1.02500001e-009   0.02186719
1.03000001e-009   0.02196875
1.03500001e-009   0.02204688
1.04000001e-009   0.02209375
1.04500001e-009   0.02217969
1.05000001e-009   0.02228125
1.05500001e-009   0.02235938
1.06000001e-009    0.0224375
1.06500001e-009       0.0225
1.07000001e-009   0.02258594
1.07500001e-009   0.02260938
1.08000001e-009   0.02265625
1.08500001e-009   0.02266406
1.09000001e-009   0.02271875
1.09500001e-009   0.02271094
1.10000001e-009   0.02271875
1.10500001e-009   0.02271875
1.11000001e-009   0.02271875
1.11500001e-009   0.02276563
1.12000001e-009   0.02280469
1.12500002e-009   0.02285156
1.13000002e-009   0.02288281
1.13500002e-009   0.02297656
1.14000002e-009   0.02307813
1.14500002e-009   0.02320313
1.15000002e-009   0.02336719
1.15500002e-009   0.02351563
1.16000002e-009   0.02371875
1.16500002e-009     0.023875
1.17000002e-009   0.02408594
1.17500002e-009   0.02428906
1.18000002e-009   0.02447656
1.18500002e-009    0.0246875
1.19000002e-009   0.02482031
1.19500002e-009   0.02499219
1.20000002e-009   0.02513281
1.20500002e-009   0.02521875
1.21000002e-009   0.02532031
1.21500002e-009   0.02538281
1.22000002e-009    0.0254375
1.22500002e-009   0.02547656
1.23000002e-009   0.02548438
1.23500002e-009   0.02552344
1.24000002e-009   0.02553125
1.24500002e-009   0.02551563
1.25000002e-009   0.02552344
