-4.98000007e-009 7.031285e-005
-4.96000007e-009 5.468785e-005
-4.94000007e-009 -2.343715e-005
-4.92000007e-009 -3.906215e-005
-4.90000007e-009 -7.812151e-006
-4.88000007e-009 -3.906215e-005
-4.86000006e-009 -0.0001171872
-4.84000006e-009 -0.0001093747
-4.82000006e-009 3.125035e-005
-4.80000006e-009 0.0002187504
-4.78000006e-009 0.0002031254
-4.76000006e-009 -1.562465e-005
-4.74000006e-009 -0.0002187497
-4.72000006e-009 -0.0002421872
-4.70000006e-009 -0.0001406247
-4.68000006e-009 -7.812465e-005
-4.66000006e-009 -0.0001249997
-4.64000006e-009 -0.0002343747
-4.62000006e-009 -0.0002578122
-4.60000006e-009 -0.0002187497
-4.58000006e-009 -0.0001171872
-4.56000006e-009 -3.906215e-005
-4.54000006e-009 -0.0001093747
-4.52000006e-009 -0.0002265622
-4.50000006e-009 -0.0003515622
-4.48000006e-009 -0.0003281247
-4.46000006e-009 -0.0001015622
-4.44000006e-009 0.0002031254
-4.42000006e-009 0.0001875004
-4.40000006e-009 2.343785e-005
-4.38000006e-009 -0.0001406247
-4.36000006e-009 -0.0001328122
-4.34000006e-009 8.593785e-005
-4.32000006e-009 0.0001250004
-4.30000006e-009 -0.0001015622
-4.28000006e-009 -0.0003437497
-4.26000006e-009 -0.0003593747
-4.24000006e-009 -0.0001015622
-4.22000006e-009 0.0001171879
-4.20000006e-009 9.375035e-005
-4.18000006e-009 7.81285e-006
-4.16000006e-009 9.375035e-005
-4.14000006e-009 0.0003203129
-4.12000006e-009 0.0004218754
-4.10000005e-009 0.0002421879
-4.08000005e-009 -9.374966e-005
-4.06000005e-009 -0.0003906247
-4.04000005e-009 -0.0005624997
-4.02000005e-009 -0.0005703122
-4.00000005e-009 -0.0005234372
-3.98000005e-009 -0.0003593747
-3.96000005e-009 -0.0001328122
-3.94000005e-009 -3.906215e-005
-3.92000005e-009 -0.0001796872
-3.90000005e-009 -0.0003906247
-3.88000005e-009 -0.0004531247
-3.86000005e-009 -0.0003671872
-3.84000005e-009 -0.0002578122
-3.82000005e-009 -0.0003828122
-3.80000005e-009 -0.0006406247
-3.78000005e-009 -0.0007343747
-3.76000005e-009 -0.0006874997
-3.74000005e-009 -0.0007187497
-3.72000005e-009 -0.0009687497
-3.70000005e-009 -0.001367187
-3.68000005e-009 -0.001648437
-3.66000005e-009 -0.001710937
-3.64000005e-009 -0.001710937
-3.62000005e-009 -0.001867187
-3.60000005e-009  -0.00221875
-3.58000005e-009 -0.002632812
-3.56000005e-009  -0.00296875
-3.54000005e-009   -0.0031875
-3.52000005e-009 -0.003289062
-3.50000005e-009   -0.0034375
-3.48000005e-009 -0.003695312
-3.46000005e-009    -0.004125
-3.44000005e-009 -0.004554687
-3.42000005e-009 -0.004945312
-3.40000005e-009   -0.0051875
-3.38000005e-009 -0.005390625
-3.36000004e-009 -0.005648437
-3.34000004e-009  -0.00603125
-3.32000004e-009   -0.0064375
-3.30000004e-009 -0.006804687
-3.28000004e-009 -0.007140625
-3.26000004e-009 -0.007460938
-3.24000004e-009  -0.00771875
-3.22000004e-009 -0.007882813
-3.20000004e-009  -0.00790625
-3.18000004e-009    -0.007875
-3.16000004e-009 -0.007960938
-3.14000004e-009 -0.008132813
-3.12000004e-009 -0.008398438
-3.10000004e-009 -0.008632813
-3.08000004e-009 -0.008835938
-3.06000004e-009 -0.008976563
-3.04000004e-009 -0.009109375
-3.02000004e-009 -0.009171875
-3.00000004e-009 -0.009148438
-2.98000004e-009 -0.009171875
-2.96000004e-009 -0.009242188
-2.94000004e-009 -0.009382813
-2.92000004e-009 -0.009507813
-2.90000004e-009 -0.009585938
-2.88000004e-009  -0.00946875
-2.86000004e-009 -0.009382813
-2.84000004e-009 -0.009429688
-2.82000004e-009 -0.009578125
-2.80000004e-009 -0.009742188
-2.78000004e-009  -0.00978125
-2.76000004e-009 -0.009773438
-2.74000004e-009 -0.009726563
-2.72000004e-009 -0.009664063
-2.70000004e-009  -0.00965625
-2.68000004e-009 -0.009578125
-2.66000004e-009 -0.009515625
-2.64000004e-009 -0.009539063
-2.62000003e-009  -0.00953125
-2.60000003e-009 -0.009507813
-2.58000003e-009  -0.00934375
-2.56000003e-009 -0.009210938
-2.54000003e-009 -0.009140625
-2.52000003e-009 -0.009078125
-2.50000003e-009 -0.008992188
-2.48000003e-009 -0.008804688
-2.46000003e-009 -0.008640625
-2.44000003e-009 -0.008570313
-2.42000003e-009 -0.008632813
-2.40000003e-009 -0.008679688
-2.38000003e-009 -0.008578125
-2.36000003e-009 -0.008351563
-2.34000003e-009 -0.008171875
-2.32000003e-009    -0.008125
-2.30000003e-009 -0.008039063
-2.28000003e-009 -0.007804688
-2.26000003e-009 -0.007492188
-2.24000003e-009  -0.00728125
-2.22000003e-009 -0.007320312
-2.20000003e-009  -0.00740625
-2.18000003e-009     -0.00725
-2.16000003e-009 -0.006859375
-2.14000003e-009      -0.0065
-2.12000003e-009 -0.006367187
-2.10000003e-009 -0.006429687
-2.08000003e-009 -0.006398437
-2.06000003e-009     -0.00625
-2.04000003e-009 -0.005953125
-2.02000003e-009 -0.005726562
-2.00000003e-009 -0.005570312
-1.98000003e-009 -0.005421875
-1.96000003e-009 -0.005164062
-1.94000003e-009 -0.004851562
-1.92000003e-009 -0.004539062
-1.90000003e-009 -0.004359375
-1.88000003e-009  -0.00434375
-1.86000002e-009 -0.004328125
-1.84000002e-009 -0.004328125
-1.82000002e-009 -0.004164062
-1.80000002e-009 -0.003992187
-1.78000002e-009 -0.003703125
-1.76000002e-009 -0.003445312
-1.74000002e-009   -0.0033125
-1.72000002e-009 -0.003320312
-1.70000002e-009 -0.003421875
-1.68000002e-009 -0.003414062
-1.66000002e-009 -0.003273437
-1.64000002e-009 -0.003101562
-1.62000002e-009       -0.003
-1.60000002e-009  -0.00296875
-1.58000002e-009 -0.002890625
-1.56000002e-009 -0.002695312
-1.54000002e-009 -0.002523437
-1.52000002e-009 -0.002554687
-1.50000002e-009 -0.002726562
-1.48000002e-009 -0.002882812
-1.46000002e-009  -0.00290625
-1.44000002e-009  -0.00278125
-1.42000002e-009 -0.002664062
-1.40000002e-009  -0.00253125
-1.38000002e-009  -0.00246875
-1.36000002e-009 -0.002460937
-1.34000002e-009 -0.002523437
-1.32000002e-009 -0.002640625
-1.30000002e-009     -0.00275
-1.28000002e-009  -0.00278125
-1.26000002e-009     -0.00275
-1.24000002e-009 -0.002679687
-1.22000002e-009 -0.002617187
-1.20000002e-009 -0.002554687
-1.18000002e-009 -0.002484375
-1.16000002e-009 -0.002453125
-1.14000002e-009 -0.002429687
-1.12000001e-009 -0.002476562
-1.10000001e-009 -0.002695312
-1.08000001e-009 -0.002929687
-1.06000001e-009 -0.003132812
-1.04000001e-009 -0.003164062
-1.02000001e-009 -0.003179687
-1.00000001e-009 -0.003203125
-9.80000013e-010   -0.0033125
-9.60000013e-010 -0.003484375
-9.40000013e-010 -0.003703125
-9.20000012e-010 -0.003929687
-9.00000012e-010  -0.00415625
-8.80000012e-010 -0.004351562
-8.60000011e-010 -0.004492187
-8.40000011e-010  -0.00459375
-8.20000011e-010  -0.00490625
-8.00000011e-010 -0.005328125
-7.8000001e-010 -0.006039062
-7.6000001e-010 -0.006914062
-7.4000001e-010 -0.008078125
-7.2000001e-010 -0.009929688
-7.00000009e-010  -0.01232813
-6.80000009e-010    -0.015875
-6.60000009e-010  -0.02055469
-6.40000009e-010  -0.02710156
-6.20000008e-010     -0.03625
-6.00000008e-010  -0.04786719
-5.80000008e-010  -0.06182032
-5.60000007e-010  -0.07749219
-5.40000007e-010  -0.09432813
-5.20000007e-010   -0.1114063
-5.00000007e-010   -0.1274453
-4.80000006e-010   -0.1408828
-4.60000006e-010   -0.1514609
-4.40000006e-010   -0.1588906
-4.20000006e-010   -0.1633359
-4.00000005e-010   -0.1651719
-3.80000005e-010   -0.1644219
-3.60000005e-010   -0.1624063
-3.40000005e-010   -0.1597734
-3.20000004e-010   -0.1571641
-3.00000004e-010   -0.1549063
-2.80000004e-010   -0.1523828
-2.60000003e-010   -0.1496719
-2.40000003e-010   -0.1463359
-2.20000003e-010   -0.1421641
-2.00000003e-010   -0.1375703
-1.80000002e-010   -0.1317344
-1.60000002e-010   -0.1244375
-1.40000002e-010    -0.115125
-1.20000002e-010   -0.1034297
-1.00000001e-010  -0.08999219
-8.00000011e-011  -0.07514063
-6.00000008e-011  -0.05919531
-4.00000005e-011  -0.04264063
-2.00000003e-011  -0.02630469
           0      -0.0115
2.00000003e-011 0.0004609379
4.00000005e-011  0.009429688
6.00000008e-011   0.01540625
8.00000011e-011      0.01875
1.00000001e-010   0.02002344
1.20000002e-010   0.01945313
1.40000002e-010   0.01808594
1.60000002e-010   0.01646094
1.80000002e-010   0.01521875
2.00000003e-010   0.01490625
2.20000003e-010   0.01563281
2.40000003e-010   0.01754688
2.60000003e-010   0.02042188
2.80000004e-010   0.02375781
3.00000004e-010   0.02708594
3.20000004e-010   0.02957813
3.40000005e-010   0.03082813
3.60000005e-010      0.03075
3.80000005e-010   0.02972656
4.00000005e-010   0.02821875
4.20000006e-010   0.02660938
4.40000006e-010   0.02502344
4.60000006e-010   0.02366406
4.80000006e-010   0.02257813
5.00000007e-010   0.02186719
5.20000007e-010   0.02147656
5.40000007e-010   0.02127344
5.60000007e-010      0.02125
5.80000008e-010    0.0213125
6.00000008e-010   0.02151563
6.20000008e-010   0.02190625
6.40000009e-010   0.02240625
6.60000009e-010   0.02280469
6.80000009e-010   0.02279688
7.00000009e-010   0.02224219
7.2000001e-010    0.0211875
7.4000001e-010   0.01989844
7.6000001e-010   0.01855469
7.8000001e-010   0.01742188
8.00000011e-010   0.01654688
8.20000011e-010   0.01602344
8.40000011e-010   0.01571094
8.60000011e-010   0.01564063
8.80000012e-010   0.01584375
9.00000012e-010   0.01621875
9.20000012e-010   0.01685938
9.40000013e-010   0.01766406
9.60000013e-010   0.01864063
9.80000013e-010   0.01964063
1.00000001e-009   0.02039844
1.02000001e-009   0.02085156
1.04000001e-009   0.02110938
1.06000001e-009   0.02135938
1.08000001e-009   0.02174219
1.10000001e-009   0.02213281
1.12000001e-009   0.02239844
1.14000002e-009   0.02257813
1.16000002e-009   0.02283594
1.18000002e-009   0.02317969
1.20000002e-009   0.02360156
1.22000002e-009        0.024
1.24000002e-009     0.024375
1.26000002e-009   0.02479688
1.28000002e-009    0.0251875
1.30000002e-009   0.02541406
1.32000002e-009   0.02535938
1.34000002e-009   0.02523438
1.36000002e-009   0.02535938
1.38000002e-009   0.02575781
1.40000002e-009   0.02627344
1.42000002e-009   0.02650781
1.44000002e-009   0.02630469
1.46000002e-009   0.02573438
1.48000002e-009   0.02510156
1.50000002e-009   0.02458594
1.52000002e-009     0.024125
1.54000002e-009   0.02363281
1.56000002e-009   0.02304688
1.58000002e-009   0.02244531
1.60000002e-009   0.02191406
1.62000002e-009   0.02147656
1.64000002e-009        0.021
1.66000002e-009   0.02046875
1.68000002e-009   0.01997656
1.70000002e-009   0.01945313
1.72000002e-009   0.01902344
1.74000002e-009   0.01873438
1.76000002e-009       0.0185
1.78000002e-009   0.01828125
1.80000002e-009     0.018125
1.82000002e-009   0.01815625
1.84000002e-009   0.01829688
1.86000002e-009   0.01848438
1.88000003e-009   0.01848438
1.90000003e-009   0.01836719
1.92000003e-009     0.018125
1.94000003e-009   0.01811719
1.96000003e-009     0.018375
1.98000003e-009   0.01869531
2.00000003e-009   0.01888281
2.02000003e-009   0.01884375
2.04000003e-009   0.01873438
2.06000003e-009   0.01883594
2.08000003e-009   0.01915625
2.10000003e-009   0.01949219
2.12000003e-009    0.0196875
2.14000003e-009   0.01967969
2.16000003e-009   0.01967188
2.18000003e-009      0.01975
2.20000003e-009   0.01996094
2.22000003e-009   0.02015625
2.24000003e-009   0.02021875
2.26000003e-009    0.0201875
2.28000003e-009   0.02009375
2.30000003e-009   0.01986719
2.32000003e-009   0.01957813
2.34000003e-009   0.01921875
2.36000003e-009   0.01896094
2.38000003e-009   0.01889063
2.40000003e-009   0.01896875
2.42000003e-009   0.01896094
2.44000003e-009   0.01874219
2.46000003e-009   0.01835938
2.48000003e-009   0.01797656
2.50000003e-009   0.01767969
2.52000003e-009   0.01746094
2.54000003e-009   0.01720313
2.56000003e-009   0.01702344
2.58000003e-009   0.01691406
2.60000003e-009   0.01707813
2.62000003e-009   0.01722656
2.64000004e-009   0.01713281
2.66000004e-009   0.01682031
2.68000004e-009   0.01646875
2.70000004e-009   0.01623438
2.72000004e-009   0.01617188
2.74000004e-009   0.01604688
2.76000004e-009   0.01584375
2.78000004e-009   0.01560938
2.80000004e-009   0.01547656
2.82000004e-009   0.01535938
2.84000004e-009   0.01525781
2.86000004e-009   0.01514844
2.88000004e-009   0.01510156
2.90000004e-009   0.01510156
2.92000004e-009   0.01511719
2.94000004e-009   0.01505469
2.96000004e-009   0.01503125
2.98000004e-009   0.01508594
3.00000004e-009   0.01530469
3.02000004e-009   0.01553906
3.04000004e-009   0.01567188
3.06000004e-009   0.01557031
3.08000004e-009   0.01536719
3.10000004e-009   0.01515625
3.12000004e-009   0.01496875
3.14000004e-009   0.01475781
3.16000004e-009   0.01454688
3.18000004e-009   0.01432813
3.20000004e-009   0.01420313
3.22000004e-009   0.01407813
3.24000004e-009   0.01399219
3.26000004e-009   0.01397656
3.28000004e-009   0.01397656
3.30000004e-009   0.01389063
3.32000004e-009   0.01372656
3.34000004e-009       0.0135
3.36000004e-009   0.01334375
3.38000005e-009    0.0133125
3.40000005e-009   0.01336719
3.42000005e-009   0.01340625
3.44000005e-009     0.013375
3.46000005e-009      0.01325
3.48000005e-009   0.01299219
3.50000005e-009   0.01266406
3.52000005e-009   0.01235938
3.54000005e-009   0.01211719
3.56000005e-009   0.01198438
3.58000005e-009   0.01200781
3.60000005e-009   0.01210156
3.62000005e-009    0.0121875
3.64000005e-009    0.0121875
3.66000005e-009   0.01200781
3.68000005e-009   0.01172656
3.70000005e-009   0.01148438
3.72000005e-009   0.01135938
3.74000005e-009   0.01126563
3.76000005e-009   0.01117969
3.78000005e-009   0.01111719
3.80000005e-009   0.01102344
3.82000005e-009   0.01104688
3.84000005e-009   0.01110156
3.86000005e-009   0.01110156
3.88000005e-009   0.01110156
3.90000005e-009   0.01107031
3.92000005e-009    0.0110625
3.94000005e-009   0.01107813
3.96000005e-009   0.01109375
3.98000005e-009   0.01111719
4.00000005e-009   0.01111719
4.02000005e-009   0.01107813
4.04000005e-009   0.01092188
4.06000005e-009   0.01069531
4.08000005e-009   0.01047656
4.10000005e-009   0.01027344
4.12000006e-009     0.010125
4.14000006e-009    0.0100625
4.16000006e-009   0.01000781
4.18000006e-009  0.009976563
4.20000006e-009   0.01007031
4.22000006e-009     0.010125
4.24000006e-009   0.01020313
4.26000006e-009   0.01021875
4.28000006e-009   0.01017969
4.30000006e-009    0.0100625
4.32000006e-009  0.009843751
4.34000006e-009  0.009671876
4.36000006e-009  0.009523438
4.38000006e-009  0.009492188
4.40000006e-009  0.009429688
4.42000006e-009  0.009210938
4.44000006e-009  0.008937501
4.46000006e-009  0.008687501
4.48000006e-009  0.008585938
4.50000006e-009  0.008539063
4.52000006e-009  0.008429688
4.54000006e-009  0.008312501
4.56000006e-009  0.008296876
4.58000006e-009  0.008492188
4.60000006e-009  0.008734376
4.62000006e-009  0.008789063
4.64000006e-009  0.008687501
4.66000006e-009  0.008617188
4.68000006e-009  0.008656251
4.70000006e-009  0.008750001
4.72000006e-009  0.008710938
4.74000006e-009  0.008343751
4.76000006e-009  0.007882813
4.78000006e-009  0.007703126
4.80000006e-009  0.007906251
4.82000006e-009  0.008312501
4.84000006e-009  0.008468751
4.86000006e-009  0.008226563
4.88000007e-009  0.007812501
4.90000007e-009  0.007445313
4.92000007e-009  0.007335938
4.94000007e-009  0.007460938
4.96000007e-009  0.007695313
4.98000007e-009  0.007960938
5.00000007e-009  0.008148438
