-2.49000003e-009 -0.007515625
-2.48000003e-009 -0.007445313
-2.47000003e-009 -0.007367188
-2.46000003e-009  -0.00728125
-2.45000003e-009 -0.007210937
-2.44000003e-009  -0.00709375
-2.43000003e-009 -0.007070312
-2.42000003e-009   -0.0070625
-2.41000003e-009 -0.007054687
-2.40000003e-009  -0.00709375
-2.39000003e-009 -0.007195312
-2.38000003e-009 -0.007257812
-2.37000003e-009 -0.007257812
-2.36000003e-009 -0.007203125
-2.35000003e-009 -0.007164062
-2.34000003e-009 -0.007039062
-2.33000003e-009 -0.006867187
-2.32000003e-009 -0.006695312
-2.31000003e-009 -0.006507812
-2.30000003e-009 -0.006398437
-2.29000003e-009 -0.006320312
-2.28000003e-009 -0.006257812
-2.27000003e-009 -0.006210937
-2.26000003e-009 -0.006203125
-2.25000003e-009 -0.006140625
-2.24000003e-009 -0.006070312
-2.23000003e-009 -0.006015625
-2.22000003e-009 -0.005921875
-2.21000003e-009 -0.005867187
-2.20000003e-009  -0.00584375
-2.19000003e-009 -0.005851562
-2.18000003e-009   -0.0058125
-2.17000003e-009 -0.005804687
-2.16000003e-009 -0.005765625
-2.15000003e-009 -0.005679687
-2.14000003e-009 -0.005539062
-2.13000003e-009 -0.005359375
-2.12000003e-009 -0.005195312
-2.11000003e-009 -0.005015625
-2.10000003e-009 -0.004828125
-2.09000003e-009 -0.004710937
-2.08000003e-009  -0.00459375
-2.07000003e-009 -0.004507812
-2.06000003e-009 -0.004460937
-2.05000003e-009  -0.00440625
-2.04000003e-009  -0.00434375
-2.03000003e-009  -0.00421875
-2.02000003e-009 -0.004140625
-2.01000003e-009 -0.003992187
-2.00000003e-009 -0.003890625
-1.99000003e-009 -0.003773437
-1.98000003e-009 -0.003703125
-1.97000003e-009 -0.003671875
-1.96000003e-009 -0.003679687
-1.95000003e-009 -0.003695312
-1.94000003e-009 -0.003710937
-1.93000003e-009 -0.003671875
-1.92000003e-009 -0.003640625
-1.91000003e-009 -0.003507812
-1.90000003e-009  -0.00334375
-1.89000003e-009 -0.003132812
-1.88000003e-009 -0.002960937
-1.87000002e-009  -0.00278125
-1.86000002e-009 -0.002640625
-1.85000002e-009   -0.0025625
-1.84000002e-009 -0.002570312
-1.83000002e-009    -0.002625
-1.82000002e-009 -0.002671875
-1.81000002e-009 -0.002757812
-1.80000002e-009 -0.002765625
-1.79000002e-009  -0.00278125
-1.78000002e-009     -0.00275
-1.77000002e-009 -0.002710937
-1.76000002e-009  -0.00265625
-1.75000002e-009 -0.002601562
-1.74000002e-009   -0.0025625
-1.73000002e-009 -0.002515625
-1.72000002e-009 -0.002453125
-1.71000002e-009  -0.00234375
-1.70000002e-009 -0.002195312
-1.69000002e-009 -0.002015625
-1.68000002e-009 -0.001828125
-1.67000002e-009 -0.001640625
-1.66000002e-009   -0.0014375
-1.65000002e-009 -0.001289062
-1.64000002e-009     -0.00125
-1.63000002e-009     -0.00125
-1.62000002e-009 -0.001289062
-1.61000002e-009  -0.00140625
-1.60000002e-009 -0.001492187
-1.59000002e-009   -0.0015625
-1.58000002e-009 -0.001554687
-1.57000002e-009  -0.00159375
-1.56000002e-009 -0.001570312
-1.55000002e-009   -0.0015625
-1.54000002e-009 -0.001523437
-1.53000002e-009      -0.0015
-1.52000002e-009  -0.00146875
-1.51000002e-009 -0.001398437
-1.50000002e-009 -0.001296875
-1.49000002e-009  -0.00121875
-1.48000002e-009 -0.001109375
-1.47000002e-009 -0.001070312
-1.46000002e-009 -0.001054687
-1.45000002e-009  -0.00109375
-1.44000002e-009 -0.001203125
-1.43000002e-009 -0.001289062
-1.42000002e-009    -0.001375
-1.41000002e-009      -0.0015
-1.40000002e-009 -0.001570312
-1.39000002e-009  -0.00159375
-1.38000002e-009   -0.0015625
-1.37000002e-009 -0.001554687
-1.36000002e-009 -0.001507812
-1.35000002e-009  -0.00140625
-1.34000002e-009 -0.001328125
-1.33000002e-009 -0.001203125
-1.32000002e-009 -0.001101562
-1.31000002e-009 -0.0009531247
-1.30000002e-009 -0.0008281247
-1.29000002e-009 -0.0007265622
-1.28000002e-009 -0.0006484372
-1.27000002e-009 -0.0005781247
-1.26000002e-009 -0.0006249997
-1.25000002e-009 -0.0007265622
-1.24000002e-009 -0.0008593747
-1.23000002e-009 -0.0009999997
-1.22000002e-009 -0.001171875
-1.21000002e-009 -0.001296875
-1.20000002e-009 -0.001335937
-1.19000002e-009    -0.001375
-1.18000002e-009 -0.001367187
-1.17000002e-009 -0.001304687
-1.16000002e-009     -0.00125
-1.15000002e-009 -0.001234375
-1.14000002e-009 -0.001273437
-1.13000002e-009  -0.00134375
-1.12000001e-009 -0.001445312
-1.11000001e-009  -0.00159375
-1.10000001e-009 -0.001734375
-1.09000001e-009 -0.001851562
-1.08000001e-009   -0.0019375
-1.07000001e-009 -0.001921875
-1.06000001e-009 -0.001882812
-1.05000001e-009 -0.001851562
-1.04000001e-009 -0.001828125
-1.03000001e-009   -0.0018125
-1.02000001e-009 -0.001859375
-1.01000001e-009 -0.001929687
-1.00000001e-009 -0.002046875
-9.90000013e-010 -0.002226562
-9.80000013e-010 -0.002398437
-9.70000013e-010   -0.0025625
-9.60000013e-010 -0.002695312
-9.50000013e-010 -0.002820312
-9.40000013e-010 -0.002859375
-9.30000012e-010 -0.002914062
-9.20000012e-010 -0.002929687
-9.10000012e-010 -0.002914062
-9.00000012e-010 -0.002992187
-8.90000012e-010 -0.003085937
-8.80000012e-010 -0.003226562
-8.70000012e-010 -0.003382812
-8.60000011e-010    -0.003625
-8.50000011e-010  -0.00390625
-8.40000011e-010 -0.004179687
-8.30000011e-010 -0.004421875
-8.20000011e-010 -0.004617187
-8.10000011e-010 -0.004890625
-8.00000011e-010    -0.005125
-7.90000011e-010  -0.00546875
-7.8000001e-010    -0.005875
-7.7000001e-010 -0.006390625
-7.6000001e-010 -0.007054687
-7.5000001e-010 -0.007929688
-7.4000001e-010 -0.008984375
-7.3000001e-010  -0.01017969
-7.2000001e-010  -0.01144531
-7.10000009e-010  -0.01299219
-7.00000009e-010  -0.01482813
-6.90000009e-010  -0.01696875
-6.80000009e-010  -0.01951563
-6.70000009e-010  -0.02255469
-6.60000009e-010  -0.02617969
-6.50000009e-010  -0.03041406
-6.40000009e-010  -0.03528125
-6.30000008e-010  -0.04064063
-6.20000008e-010  -0.04650781
-6.10000008e-010   -0.0528125
-6.00000008e-010  -0.05955469
-5.90000008e-010  -0.06675782
-5.80000008e-010  -0.07432813
-5.70000008e-010  -0.08229688
-5.60000007e-010      -0.0905
-5.50000007e-010  -0.09894532
-5.40000007e-010   -0.1073203
-5.30000007e-010   -0.1155313
-5.20000007e-010   -0.1233516
-5.10000007e-010   -0.1305156
-5.00000007e-010       -0.137
-4.90000007e-010     -0.14275
-4.80000006e-010   -0.1478359
-4.70000006e-010   -0.1522266
-4.60000006e-010   -0.1558203
-4.50000006e-010   -0.1587969
-4.40000006e-010   -0.1610859
-4.30000006e-010   -0.1627266
-4.20000006e-010   -0.1636797
-4.10000005e-010   -0.1639063
-4.00000005e-010   -0.1636172
-3.90000005e-010   -0.1627813
-3.80000005e-010   -0.1617188
-3.70000005e-010   -0.1605078
-3.60000005e-010   -0.1591172
-3.50000005e-010     -0.15775
-3.40000005e-010   -0.1563672
-3.30000004e-010   -0.1550625
-3.20000004e-010   -0.1537266
-3.10000004e-010   -0.1522734
-3.00000004e-010   -0.1507422
-2.90000004e-010   -0.1490859
-2.80000004e-010   -0.1474766
-2.70000004e-010   -0.1458203
-2.60000003e-010   -0.1440391
-2.50000003e-010   -0.1422031
-2.40000003e-010   -0.1402734
-2.30000003e-010   -0.1382344
-2.20000003e-010   -0.1361406
-2.10000003e-010   -0.1337578
-2.00000003e-010   -0.1311484
-1.90000003e-010   -0.1282734
-1.80000002e-010   -0.1251328
-1.70000002e-010   -0.1216094
-1.60000002e-010   -0.1176406
-1.50000002e-010   -0.1131953
-1.40000002e-010   -0.1081328
-1.30000002e-010   -0.1025625
-1.20000002e-010  -0.09645313
-1.10000001e-010  -0.08982813
-1.00000001e-010   -0.0826875
-9.00000012e-011  -0.07517188
-8.00000011e-011  -0.06733594
-7.00000009e-011  -0.05928906
-6.00000008e-011  -0.05109375
-5.00000007e-011  -0.04286719
-4.00000005e-011   -0.0346875
-3.00000004e-011  -0.02676563
-2.00000003e-011  -0.01913281
-1.00000001e-011  -0.01209375
           0 -0.005640625
1.00000001e-011 0.0001875004
2.00000003e-011  0.005320313
3.00000004e-011  0.009765626
4.00000005e-011   0.01345313
5.00000007e-011   0.01653125
6.00000008e-011    0.0189375
7.00000009e-011   0.02085938
8.00000011e-011   0.02221875
9.00000012e-011   0.02301563
1.00000001e-010   0.02326563
1.10000001e-010   0.02311719
1.20000002e-010   0.02264063
1.30000002e-010   0.02189063
1.40000002e-010   0.02089063
1.50000002e-010   0.01980469
1.60000002e-010   0.01878906
1.70000002e-010   0.01795313
1.80000002e-010    0.0173125
1.90000003e-010    0.0169375
2.00000003e-010   0.01678906
2.10000003e-010   0.01696875
2.20000003e-010   0.01751563
2.30000003e-010   0.01828906
2.40000003e-010   0.01927344
2.50000003e-010   0.02051563
2.60000003e-010   0.02186719
2.70000004e-010   0.02333594
2.80000004e-010   0.02482031
2.90000004e-010   0.02625781
3.00000004e-010   0.02754688
3.10000004e-010   0.02863281
3.20000004e-010       0.0295
3.30000004e-010   0.03010938
3.40000005e-010   0.03048438
3.50000005e-010   0.03053906
3.60000005e-010   0.03051563
3.70000005e-010   0.03022656
3.80000005e-010   0.02988281
3.90000005e-010   0.02942969
4.00000005e-010   0.02892188
4.10000005e-010   0.02835156
4.20000006e-010   0.02776563
4.30000006e-010   0.02720313
4.40000006e-010   0.02664063
4.50000006e-010   0.02611719
4.60000006e-010   0.02561719
4.70000006e-010   0.02520313
4.80000006e-010   0.02480469
4.90000007e-010   0.02440625
5.00000007e-010   0.02405469
5.10000007e-010   0.02371875
5.20000007e-010   0.02339844
5.30000007e-010   0.02303906
5.40000007e-010      0.02275
5.50000007e-010   0.02248438
5.60000007e-010   0.02228125
5.70000008e-010    0.0221875
5.80000008e-010     0.022125
5.90000008e-010   0.02214844
6.00000008e-010   0.02219531
6.10000008e-010   0.02230469
6.20000008e-010   0.02236719
6.30000008e-010   0.02244531
6.40000009e-010   0.02245313
6.50000009e-010   0.02241406
6.60000009e-010   0.02235156
6.70000009e-010   0.02223438
6.80000009e-010   0.02210156
6.90000009e-010    0.0219375
7.00000009e-010   0.02177344
7.10000009e-010   0.02153906
7.2000001e-010   0.02130469
7.3000001e-010   0.02099219
7.4000001e-010   0.02061719
7.5000001e-010   0.02017188
7.6000001e-010   0.01970313
7.7000001e-010   0.01923438
7.8000001e-010   0.01882813
7.90000011e-010   0.01851563
8.00000011e-010   0.01823438
8.10000011e-010   0.01804688
8.20000011e-010   0.01796875
8.30000011e-010   0.01795313
8.40000011e-010   0.01790625
8.50000011e-010   0.01791406
8.60000011e-010   0.01794531
8.70000012e-010   0.01797656
8.80000012e-010   0.01809375
8.90000012e-010   0.01828125
9.00000012e-010   0.01859375
9.10000012e-010   0.01902344
9.20000012e-010   0.01947656
9.30000012e-010   0.01996875
9.40000013e-010   0.02042969
9.50000013e-010   0.02082031
9.60000013e-010   0.02113281
9.70000013e-010   0.02138281
9.80000013e-010   0.02158594
9.90000013e-010   0.02174219
1.00000001e-009   0.02191406
1.01000001e-009   0.02207813
1.02000001e-009   0.02221094
1.03000001e-009   0.02233594
1.04000001e-009   0.02244531
1.05000001e-009   0.02254688
1.06000001e-009   0.02260938
1.07000001e-009   0.02264844
1.08000001e-009    0.0226875
1.09000001e-009   0.02272656
1.10000001e-009   0.02285938
1.11000001e-009   0.02301563
1.12000001e-009   0.02326563
1.13000002e-009   0.02358594
1.14000002e-009   0.02392969
1.15000002e-009   0.02429688
1.16000002e-009     0.024625
1.17000002e-009   0.02496094
1.18000002e-009   0.02521875
1.19000002e-009   0.02547656
1.20000002e-009    0.0256875
1.21000002e-009   0.02585156
1.22000002e-009   0.02604688
1.23000002e-009   0.02621094
1.24000002e-009   0.02639844
1.25000002e-009    0.0265625
1.26000002e-009   0.02671875
1.27000002e-009   0.02685938
1.28000002e-009   0.02702344
1.29000002e-009   0.02717969
1.30000002e-009   0.02725781
1.31000002e-009   0.02736719
1.32000002e-009   0.02745313
1.33000002e-009   0.02749219
1.34000002e-009   0.02752344
1.35000002e-009   0.02751563
1.36000002e-009   0.02746875
1.37000002e-009   0.02738281
1.38000002e-009   0.02728125
1.39000002e-009   0.02714844
1.40000002e-009   0.02701563
1.41000002e-009   0.02684375
1.42000002e-009   0.02667188
1.43000002e-009       0.0265
1.44000002e-009   0.02632031
1.45000002e-009   0.02614844
1.46000002e-009   0.02597656
1.47000002e-009   0.02582031
1.48000002e-009   0.02570313
1.49000002e-009    0.0255625
1.50000002e-009   0.02546875
1.51000002e-009   0.02535938
1.52000002e-009   0.02525781
1.53000002e-009   0.02507813
1.54000002e-009   0.02486719
1.55000002e-009   0.02466406
1.56000002e-009   0.02441406
1.57000002e-009   0.02416406
1.58000002e-009   0.02392188
1.59000002e-009   0.02367188
1.60000002e-009   0.02342188
1.61000002e-009   0.02314844
1.62000002e-009   0.02282813
1.63000002e-009   0.02249219
1.64000002e-009    0.0220625
1.65000002e-009   0.02165625
1.66000002e-009   0.02126563
1.67000002e-009   0.02092969
1.68000002e-009    0.0206875
1.69000002e-009   0.02055469
1.70000002e-009   0.02048438
1.71000002e-009   0.02046094
1.72000002e-009   0.02039844
1.73000002e-009   0.02029688
1.74000002e-009   0.02017969
1.75000002e-009   0.01998438
1.76000002e-009   0.01979688
1.77000002e-009     0.019625
1.78000002e-009   0.01951563
1.79000002e-009   0.01945313
1.80000002e-009   0.01946094
1.81000002e-009   0.01949219
1.82000002e-009   0.01953906
1.83000002e-009   0.01951563
1.84000002e-009   0.01948438
1.85000002e-009   0.01942969
1.86000002e-009   0.01932813
1.87000002e-009   0.01930469
1.88000003e-009   0.01933594
1.89000003e-009   0.01933594
1.90000003e-009   0.01942188
1.91000003e-009   0.01951563
1.92000003e-009     0.019625
1.93000003e-009   0.01967188
1.94000003e-009   0.01970313
1.95000003e-009   0.01977344
1.96000003e-009   0.01978906
1.97000003e-009   0.01989063
1.98000003e-009   0.02000781
1.99000003e-009     0.020125
2.00000003e-009   0.02021094
2.01000003e-009   0.02028125
2.02000003e-009   0.02027344
2.03000003e-009   0.02027344
2.04000003e-009   0.02023438
2.05000003e-009   0.02021094
2.06000003e-009   0.02025781
2.07000003e-009   0.02033594
2.08000003e-009   0.02048438
2.09000003e-009   0.02067188
2.10000003e-009   0.02080469
2.11000003e-009   0.02089063
2.12000003e-009   0.02088281
2.13000003e-009   0.02082813
2.14000003e-009   0.02072656
2.15000003e-009   0.02059375
2.16000003e-009   0.02050781
2.17000003e-009   0.02049219
2.18000003e-009   0.02060938
2.19000003e-009      0.02075
2.20000003e-009   0.02092188
2.21000003e-009   0.02104688
2.22000003e-009     0.021125
2.23000003e-009   0.02117969
2.24000003e-009   0.02114063
2.25000003e-009   0.02109375
2.26000003e-009   0.02103906
2.27000003e-009   0.02100781
2.28000003e-009   0.02110156
2.29000003e-009   0.02117188
2.30000003e-009   0.02128125
2.31000003e-009   0.02136719
2.32000003e-009   0.02138281
2.33000003e-009   0.02138281
2.34000003e-009   0.02128906
2.35000003e-009   0.02115625
2.36000003e-009   0.02097656
2.37000003e-009   0.02080469
2.38000003e-009   0.02064063
2.39000003e-009   0.02051563
2.40000003e-009   0.02039063
2.41000003e-009   0.02027344
2.42000003e-009   0.02014844
2.43000003e-009   0.02002344
2.44000003e-009   0.01988281
2.45000003e-009   0.01975781
2.46000003e-009   0.01957031
2.47000003e-009   0.01942969
2.48000003e-009     0.019375
2.49000003e-009   0.01932813
2.50000003e-009   0.01932813
