-4.98000007e-009 -0.003539062
-4.96000007e-009  0.005531251
-4.94000007e-009 -0.003476562
-4.92000007e-009  0.007015626
-4.90000007e-009 -0.002203125
-4.88000007e-009  0.006656251
-4.86000006e-009   -0.0016875
-4.84000006e-009   0.01007813
-4.82000006e-009       -0.003
-4.80000006e-009  0.009000001
-4.78000006e-009 -0.003359375
-4.76000006e-009  0.006242188
-4.74000006e-009 -0.003242187
-4.72000006e-009  0.007125001
-4.70000006e-009 -0.003296875
-4.68000006e-009  0.009164063
-4.66000006e-009 -0.002742187
-4.64000006e-009  0.008164063
-4.62000006e-009  -0.00309375
-4.60000006e-009  0.007695313
-4.58000006e-009 -0.003210937
-4.56000006e-009  0.008140626
-4.54000006e-009       -0.003
-4.52000006e-009  0.005578126
-4.50000006e-009    -0.001875
-4.48000006e-009  0.006992188
-4.46000006e-009 -0.004234375
-4.44000006e-009  0.007054688
-4.42000006e-009       -0.003
-4.40000006e-009  0.006929688
-4.38000006e-009       -0.003
-4.36000006e-009  0.007000001
-4.34000006e-009       -0.005
-4.32000006e-009  0.007000001
-4.30000006e-009 -0.001046875
-4.28000006e-009  0.008085938
-4.26000006e-009 -0.002414062
-4.24000006e-009  0.009000001
-4.22000006e-009 -0.002671875
-4.20000006e-009  0.007000001
-4.18000006e-009   -0.0025625
-4.16000006e-009  0.006835938
-4.14000006e-009 -0.003242187
-4.12000006e-009  0.007000001
-4.10000005e-009       -0.005
-4.08000005e-009  0.006203126
-4.06000005e-009 -0.003773437
-4.04000005e-009  0.008554688
-4.02000005e-009       -0.003
-4.00000005e-009  0.009000001
-3.98000005e-009  -0.00440625
-3.96000005e-009  0.006601563
-3.94000005e-009 -0.003648437
-3.92000005e-009        0.011
-3.90000005e-009  -0.00253125
-3.88000005e-009  0.006812501
-3.86000005e-009  -0.00215625
-3.84000005e-009  0.007000001
-3.82000005e-009  -0.00315625
-3.80000005e-009  0.005640626
-3.78000005e-009 -0.003039062
-3.76000005e-009  0.007031251
-3.74000005e-009 -0.005554687
-3.72000005e-009  0.007000001
-3.70000005e-009 -0.004882812
-3.68000005e-009  0.006640626
-3.66000005e-009 -0.005835937
-3.64000005e-009  0.007000001
-3.62000005e-009 -0.005515625
-3.60000005e-009  0.003937501
-3.58000005e-009   -0.0056875
-3.56000005e-009   0.00315625
-3.54000005e-009 -0.007265625
-3.52000005e-009  0.004093751
-3.50000005e-009     -0.00725
-3.48000005e-009  0.001796875
-3.46000005e-009 -0.008335938
-3.44000005e-009  0.001195313
-3.42000005e-009 -0.007914063
-3.40000005e-009 0.0007343754
-3.38000005e-009 -0.007898438
-3.36000004e-009 0.0007265629
-3.34000004e-009 -0.009171875
-3.32000004e-009 -0.0009999997
-3.30000004e-009       -0.011
-3.28000004e-009 -0.0006562497
-3.26000004e-009 -0.009671875
-3.24000004e-009 -0.001054687
-3.22000004e-009       -0.011
-3.20000004e-009 -0.0009999997
-3.18000004e-009  -0.01132031
-3.16000004e-009 -0.002484375
-3.14000004e-009       -0.011
-3.12000004e-009 -0.001492187
-3.10000004e-009  -0.01110938
-3.08000004e-009 -0.002679687
-3.06000004e-009  -0.01253125
-3.04000004e-009    -0.001875
-3.02000004e-009  -0.01148438
-3.00000004e-009       -0.003
-2.98000004e-009  -0.01182813
-2.96000004e-009 -0.001703125
-2.94000004e-009  -0.01220313
-2.92000004e-009 -0.002601562
-2.90000004e-009  -0.01109375
-2.88000004e-009 -0.003476562
-2.86000004e-009  -0.01155469
-2.84000004e-009 -0.002960937
-2.82000004e-009  -0.01127344
-2.80000004e-009       -0.003
-2.78000004e-009  -0.01340625
-2.76000004e-009 -0.0008984372
-2.74000004e-009  -0.01152344
-2.72000004e-009 -0.002921875
-2.70000004e-009  -0.01207031
-2.68000004e-009      -0.0025
-2.66000004e-009  -0.01507813
-2.64000004e-009 -0.003179687
-2.62000003e-009  -0.01289844
-2.60000003e-009 -0.001742187
-2.58000003e-009   -0.0119375
-2.56000003e-009 -0.002828125
-2.54000003e-009       -0.013
-2.52000003e-009        0.001
-2.50000003e-009  -0.01138281
-2.48000003e-009 -0.001484375
-2.46000003e-009  -0.01115625
-2.44000003e-009 -0.0009999997
-2.42000003e-009       -0.011
-2.40000003e-009 -0.002234375
-2.38000003e-009  -0.01005469
-2.36000003e-009 -0.002078125
-2.34000003e-009       -0.011
-2.32000003e-009 -0.0009999997
-2.30000003e-009   -0.0104375
-2.28000003e-009 -0.0007265622
-2.26000003e-009 -0.009085938
-2.24000003e-009 -0.0009999997
-2.22000003e-009 -0.009132813
-2.20000003e-009 -0.0005624997
-2.18000003e-009  -0.00946875
-2.16000003e-009 0.0002421879
-2.14000003e-009   -0.0088125
-2.12000003e-009 -3.124965e-005
-2.10000003e-009 -0.007367188
-2.08000003e-009   0.00115625
-2.06000003e-009  -0.00734375
-2.04000003e-009        0.003
-2.02000003e-009 -0.007117187
-2.00000003e-009   0.00246875
-1.98000003e-009 -0.007609375
-1.96000003e-009  0.002304688
-1.94000003e-009       -0.007
-1.92000003e-009   0.00196875
-1.90000003e-009       -0.007
-1.88000003e-009  0.003726563
-1.86000002e-009 -0.006546875
-1.84000002e-009  0.001632813
-1.82000002e-009  -0.00603125
-1.80000002e-009  0.003445313
-1.78000002e-009   -0.0058125
-1.76000002e-009  0.002726563
-1.74000002e-009       -0.007
-1.72000002e-009        0.003
-1.70000002e-009       -0.006
-1.68000002e-009  0.002976563
-1.66000002e-009 -0.005757812
-1.64000002e-009  0.003687501
-1.62000002e-009       -0.005
-1.60000002e-009  0.003570313
-1.58000002e-009 -0.005132812
-1.56000002e-009  0.004000001
-1.54000002e-009 -0.006304687
-1.52000002e-009  0.004226563
-1.50000002e-009       -0.007
-1.48000002e-009  0.003609376
-1.46000002e-009 -0.005304687
-1.44000002e-009  0.005796876
-1.42000002e-009 -0.005523437
-1.40000002e-009  0.005000001
-1.38000002e-009 -0.004367187
-1.36000002e-009  0.005406251
-1.34000002e-009 -0.005226562
-1.32000002e-009  0.005000001
-1.30000002e-009 -0.005492187
-1.28000002e-009  0.004359376
-1.26000002e-009 -0.006914062
-1.24000002e-009  0.005000001
-1.22000002e-009 -0.003445312
-1.20000002e-009  0.004531251
-1.18000002e-009 -0.005695312
-1.16000002e-009  0.003046875
-1.14000002e-009 -0.006078125
-1.12000001e-009  0.005000001
-1.10000001e-009   -0.0054375
-1.08000001e-009  0.003492188
-1.06000001e-009      -0.0055
-1.04000001e-009  0.003226563
-1.02000001e-009 -0.006695312
-1.00000001e-009        0.003
-9.80000013e-010 -0.005132812
-9.60000013e-010  0.003453126
-9.40000013e-010 -0.005992187
-9.20000012e-010  0.001820313
-9.00000012e-010       -0.007
-8.80000012e-010  0.001632813
-8.60000011e-010 -0.007945313
-8.40000011e-010  0.002195313
-8.20000011e-010  -0.01098438
-8.00000011e-010 -0.0006328122
-7.8000001e-010  -0.01000781
-7.6000001e-010 0.0003906254
-7.4000001e-010  -0.01405469
-7.2000001e-010 -0.006015625
-7.00000009e-010  -0.02289063
-6.80000009e-010  -0.01494531
-6.60000009e-010  -0.03913281
-6.40000009e-010  -0.03366406
-6.20000008e-010  -0.06238282
-6.00000008e-010  -0.05441406
-5.80000008e-010  -0.09263282
-5.60000007e-010  -0.08433594
-5.40000007e-010       -0.129
-5.20000007e-010   -0.1200313
-5.00000007e-010   -0.1519609
-4.80000006e-010   -0.1444063
-4.60000006e-010   -0.1659219
-4.40000006e-010   -0.1549766
-4.20000006e-010       -0.169
-4.00000005e-010   -0.1566953
-3.80000005e-010   -0.1660625
-3.60000005e-010   -0.1500469
-3.40000005e-010   -0.1597188
-3.20000004e-010   -0.1452344
-3.00000004e-010       -0.153
-2.80000004e-010   -0.1380156
-2.60000003e-010   -0.1496563
-2.40000003e-010   -0.1305469
-2.20000003e-010       -0.139
-2.00000003e-010       -0.121
-1.80000002e-010   -0.1256719
-1.60000002e-010  -0.09923438
-1.40000002e-010   -0.1102813
-1.20000002e-010       -0.077
-1.00000001e-010  -0.08640625
-8.00000011e-011  -0.04655469
-6.00000008e-011  -0.05267188
-4.00000005e-011  -0.01521094
-2.00000003e-011  -0.01903125
           0   0.01069531
2.00000003e-011   0.00315625
4.00000005e-011   0.02460156
6.00000008e-011   0.01625781
8.00000011e-011        0.031
1.00000001e-010         0.02
1.20000002e-010   0.02817188
1.40000002e-010   0.01636719
1.60000002e-010   0.02339844
1.80000002e-010   0.01292188
2.00000003e-010        0.023
2.20000003e-010   0.01223438
2.40000003e-010   0.02616406
2.60000003e-010        0.019
2.80000004e-010   0.03184375
3.00000004e-010        0.023
3.20000004e-010   0.03592969
3.40000005e-010   0.02665625
3.60000005e-010     0.036875
3.80000005e-010    0.0261875
4.00000005e-010        0.035
4.20000006e-010   0.02297656
4.40000006e-010   0.03391406
4.60000006e-010   0.01976563
4.80000006e-010   0.03150781
5.00000007e-010        0.019
5.20000007e-010   0.02896094
5.40000007e-010   0.01832031
5.60000007e-010   0.02917969
5.80000008e-010   0.01653906
6.00000008e-010   0.03071875
6.20000008e-010   0.01754688
6.40000009e-010   0.02913281
6.60000009e-010   0.01765625
6.80000009e-010        0.027
7.00000009e-010   0.01832031
7.2000001e-010   0.02615625
7.4000001e-010   0.01589063
7.6000001e-010   0.02671875
7.8000001e-010   0.01347656
8.00000011e-010   0.02339844
8.20000011e-010  0.009828126
8.40000011e-010   0.02299219
8.60000011e-010   0.01414844
8.80000012e-010   0.02492188
9.00000012e-010        0.015
9.20000012e-010   0.02603906
9.40000013e-010   0.01698438
9.60000013e-010        0.027
9.80000013e-010        0.019
1.00000001e-009        0.027
1.02000001e-009   0.01842969
1.04000001e-009    0.0308125
1.06000001e-009   0.01864063
1.08000001e-009   0.02830469
1.10000001e-009        0.019
1.12000001e-009   0.03002344
1.14000002e-009   0.01909375
1.16000002e-009   0.02961719
1.18000002e-009   0.02091406
1.20000002e-009        0.033
1.22000002e-009   0.02098438
1.24000002e-009   0.03290625
1.26000002e-009   0.02466406
1.28000002e-009        0.033
1.30000002e-009   0.02483594
1.32000002e-009   0.03423438
1.34000002e-009    0.0233125
1.36000002e-009   0.03352344
1.38000002e-009   0.02298438
1.40000002e-009        0.035
1.42000002e-009   0.02263281
1.44000002e-009   0.03370313
1.46000002e-009   0.02219531
1.48000002e-009   0.03197656
1.50000002e-009        0.021
1.52000002e-009   0.03134375
1.54000002e-009   0.02107031
1.56000002e-009        0.029
1.58000002e-009   0.01755469
1.60000002e-009        0.029
1.62000002e-009   0.01692969
1.64000002e-009   0.02660938
1.66000002e-009   0.01636719
1.68000002e-009   0.02735938
1.70000002e-009        0.017
1.72000002e-009   0.02419531
1.74000002e-009   0.01636719
1.76000002e-009        0.027
1.78000002e-009        0.015
1.80000002e-009        0.025
1.82000002e-009   0.01588281
1.84000002e-009   0.02589844
1.86000002e-009   0.01603906
1.88000003e-009     0.025125
1.90000003e-009        0.015
1.92000003e-009   0.02507813
1.94000003e-009   0.01464063
1.96000003e-009        0.025
1.98000003e-009   0.01500781
2.00000003e-009   0.02667188
2.02000003e-009   0.01614063
2.04000003e-009   0.02521094
2.06000003e-009        0.017
2.08000003e-009        0.027
2.10000003e-009   0.01574219
2.12000003e-009   0.02721094
2.14000003e-009   0.01727344
2.16000003e-009   0.02703906
2.18000003e-009        0.017
2.20000003e-009        0.027
2.22000003e-009   0.01664063
2.24000003e-009   0.02607031
2.26000003e-009        0.015
2.28000003e-009        0.027
2.30000003e-009        0.017
2.32000003e-009   0.02710938
2.34000003e-009   0.01449219
2.36000003e-009   0.02739844
2.38000003e-009   0.01492969
2.40000003e-009        0.025
2.42000003e-009   0.01610156
2.44000003e-009    0.0260625
2.46000003e-009   0.01636719
2.48000003e-009        0.027
2.50000003e-009   0.01498438
2.52000003e-009   0.02588281
2.54000003e-009   0.01417969
2.56000003e-009   0.02510938
2.58000003e-009        0.015
2.60000003e-009        0.025
2.62000003e-009   0.01488281
2.64000004e-009   0.02486719
2.66000004e-009   0.01464063
2.68000004e-009        0.023
2.70000004e-009   0.01391406
2.72000004e-009   0.02317969
2.74000004e-009   0.01371094
2.76000004e-009        0.023
2.78000004e-009        0.013
2.80000004e-009    0.0236875
2.82000004e-009   0.01177344
2.84000004e-009   0.02321875
2.86000004e-009        0.013
2.88000004e-009   0.02157813
2.90000004e-009  0.009742188
2.92000004e-009   0.02416406
2.94000004e-009   0.01123438
2.96000004e-009   0.02311719
2.98000004e-009   0.01267969
3.00000004e-009   0.02235156
3.02000004e-009   0.01285938
3.04000004e-009   0.02400781
3.06000004e-009   0.01276563
3.08000004e-009        0.023
3.10000004e-009   0.01411719
3.12000004e-009   0.02213281
3.14000004e-009   0.01250781
3.16000004e-009   0.02135156
3.18000004e-009  0.009960938
3.20000004e-009   0.02142188
3.22000004e-009   0.01134375
3.24000004e-009   0.02097656
3.26000004e-009   0.01048438
3.28000004e-009    0.0219375
3.30000004e-009        0.011
3.32000004e-009   0.02167969
3.34000004e-009   0.01182031
3.36000004e-009        0.021
3.38000005e-009        0.011
3.40000005e-009        0.021
3.42000005e-009   0.01047656
3.44000005e-009      0.01975
3.46000005e-009  0.008765626
3.48000005e-009        0.021
3.50000005e-009  0.009000001
3.52000005e-009   0.01905469
3.54000005e-009  0.009234376
3.56000005e-009   0.01878125
3.58000005e-009  0.009632813
3.60000005e-009        0.019
3.62000005e-009  0.008218751
3.64000005e-009   0.01744531
3.66000005e-009  0.009000001
3.68000005e-009        0.019
3.70000005e-009  0.007000001
3.72000005e-009   0.01871094
3.74000005e-009  0.009195313
3.76000005e-009   0.01746875
3.78000005e-009  0.009000001
3.80000005e-009   0.01714844
3.82000005e-009  0.007664063
3.84000005e-009    0.0191875
3.86000005e-009  0.008968751
3.88000005e-009        0.019
3.90000005e-009  0.008742188
3.92000005e-009   0.01878125
3.94000005e-009  0.008507813
3.96000005e-009   0.01967969
3.98000005e-009  0.007734376
4.00000005e-009   0.01942969
4.02000005e-009  0.007617188
4.04000005e-009   0.01913281
4.06000005e-009  0.008414063
4.08000005e-009        0.021
4.10000005e-009  0.008429688
4.12000006e-009   0.01914063
4.14000006e-009  0.007695313
4.16000006e-009   0.01705469
4.18000006e-009  0.007000001
4.20000006e-009   0.01692969
4.22000006e-009  0.007335938
4.24000006e-009   0.01676563
4.26000006e-009  0.007679688
4.28000006e-009        0.017
4.30000006e-009  0.007000001
4.32000006e-009   0.01790625
4.34000006e-009  0.005570313
4.36000006e-009   0.01547656
4.38000006e-009  0.007000001
4.40000006e-009   0.01645313
4.42000006e-009  0.006132813
4.44000006e-009   0.01596094
4.46000006e-009  0.004757813
4.48000006e-009        0.017
4.50000006e-009  0.006875001
4.52000006e-009   0.01732813
4.54000006e-009  0.006093751
4.56000006e-009   0.01521094
4.58000006e-009  0.005890626
4.60000006e-009        0.015
4.62000006e-009  0.005070313
4.64000006e-009   0.01560156
4.66000006e-009  0.004976563
4.68000006e-009   0.01577344
4.70000006e-009  0.006843751
4.72000006e-009   0.01692188
4.74000006e-009  0.005796876
4.76000006e-009        0.017
4.78000006e-009  0.005000001
4.80000006e-009   0.01605469
4.82000006e-009  0.006484376
4.84000006e-009   0.01479688
4.86000006e-009  0.005367188
4.88000007e-009   0.01503906
4.90000007e-009  0.006367188
4.92000007e-009   0.01529688
4.94000007e-009  0.005742188
4.96000007e-009   0.01488281
4.98000007e-009  0.006148438
5.00000007e-009   0.01501563
