-1.24500002e-009   -0.0024375
-1.24000002e-009 -0.002460937
-1.23500002e-009 -0.002453125
-1.23000002e-009 -0.002445312
-1.22500002e-009   -0.0024375
-1.22000002e-009 -0.002398437
-1.21500002e-009 -0.002390625
-1.21000002e-009 -0.002351562
-1.20500002e-009 -0.002328125
-1.20000002e-009 -0.002289062
-1.19500002e-009 -0.002242187
-1.19000002e-009 -0.002203125
-1.18500002e-009   -0.0021875
-1.18000002e-009 -0.002195312
-1.17500002e-009 -0.002179687
-1.17000002e-009 -0.002179687
-1.16500002e-009 -0.002195312
-1.16000002e-009 -0.002203125
-1.15500002e-009 -0.002203125
-1.15000002e-009 -0.002226562
-1.14500002e-009   -0.0021875
-1.14000002e-009 -0.002226562
-1.13500002e-009   -0.0021875
-1.13000002e-009   -0.0021875
-1.12500002e-009 -0.002132812
-1.12000001e-009    -0.002125
-1.11500001e-009 -0.002078125
-1.11000001e-009 -0.002054687
-1.10500001e-009  -0.00203125
-1.10000001e-009 -0.002015625
-1.09500001e-009 -0.002015625
-1.09000001e-009 -0.001984375
-1.08500001e-009 -0.001984375
-1.08000001e-009 -0.002039062
-1.07500001e-009 -0.002117187
-1.07000001e-009  -0.00215625
-1.06500001e-009 -0.002234375
-1.06000001e-009   -0.0023125
-1.05500001e-009 -0.002398437
-1.05000001e-009      -0.0025
-1.04500001e-009   -0.0025625
-1.04000001e-009 -0.002648437
-1.03500001e-009 -0.002695312
-1.03000001e-009 -0.002757812
-1.02500001e-009  -0.00278125
-1.02000001e-009 -0.002789062
-1.01500001e-009 -0.002820312
-1.01000001e-009 -0.002773437
-1.00500001e-009 -0.002734375
-1.00000001e-009 -0.002695312
-9.95000013e-010   -0.0026875
-9.90000013e-010 -0.002664062
-9.85000013e-010  -0.00259375
-9.80000013e-010 -0.002578125
-9.75000013e-010 -0.002578125
-9.70000013e-010 -0.002578125
-9.65000013e-010 -0.002609375
-9.60000013e-010 -0.002632812
-9.55000013e-010  -0.00265625
-9.50000013e-010 -0.002734375
-9.45000013e-010 -0.002796875
-9.40000013e-010 -0.002851562
-9.35000012e-010 -0.002914062
-9.30000012e-010  -0.00296875
-9.25000012e-010 -0.003023437
-9.20000012e-010 -0.003078125
-9.15000012e-010 -0.003140625
-9.10000012e-010 -0.003210937
-9.05000012e-010 -0.003210937
-9.00000012e-010 -0.003304687
-8.95000012e-010   -0.0033125
-8.90000012e-010    -0.003375
-8.85000012e-010 -0.003421875
-8.80000012e-010 -0.003460937
-8.75000012e-010 -0.003515625
-8.70000012e-010 -0.003578125
-8.65000012e-010 -0.003664062
-8.60000011e-010     -0.00375
-8.55000011e-010 -0.003835937
-8.50000011e-010 -0.003914062
-8.45000011e-010  -0.00403125
-8.40000011e-010 -0.004117187
-8.35000011e-010 -0.004195312
-8.30000011e-010 -0.004335937
-8.25000011e-010 -0.004414062
-8.20000011e-010 -0.004492187
-8.15000011e-010 -0.004585937
-8.10000011e-010   -0.0046875
-8.05000011e-010 -0.004734375
-8.00000011e-010 -0.004828125
-7.95000011e-010 -0.004929687
-7.90000011e-010       -0.005
-7.8500001e-010 -0.005109375
-7.8000001e-010 -0.005171875
-7.7500001e-010 -0.005296875
-7.7000001e-010 -0.005367187
-7.6500001e-010 -0.005492187
-7.6000001e-010    -0.005625
-7.5500001e-010 -0.005765625
-7.5000001e-010   -0.0059375
-7.4500001e-010 -0.006140625
-7.4000001e-010 -0.006367187
-7.3500001e-010  -0.00659375
-7.3000001e-010 -0.006867187
-7.2500001e-010 -0.007148437
-7.2000001e-010 -0.007460938
-7.1500001e-010  -0.00784375
-7.10000009e-010 -0.008265625
-7.05000009e-010 -0.008703125
-7.00000009e-010 -0.009171875
-6.95000009e-010 -0.009703125
-6.90000009e-010  -0.01029688
-6.85000009e-010  -0.01089063
-6.80000009e-010  -0.01151563
-6.75000009e-010  -0.01219531
-6.70000009e-010  -0.01292969
-6.65000009e-010  -0.01374219
-6.60000009e-010  -0.01458594
-6.55000009e-010  -0.01555469
-6.50000009e-010  -0.01655469
-6.45000009e-010  -0.01764063
-6.40000009e-010  -0.01885938
-6.35000008e-010  -0.02019531
-6.30000008e-010  -0.02163281
-6.25000008e-010  -0.02314844
-6.20000008e-010  -0.02486719
-6.15000008e-010  -0.02671094
-6.10000008e-010  -0.02867969
-6.05000008e-010   -0.0308125
-6.00000008e-010  -0.03313281
-5.95000008e-010  -0.03558594
-5.90000008e-010  -0.03815625
-5.85000008e-010  -0.04088281
-5.80000008e-010  -0.04373438
-5.75000008e-010   -0.0466875
-5.70000008e-010  -0.04977344
-5.65000008e-010  -0.05299219
-5.60000007e-010  -0.05632813
-5.55000007e-010  -0.05978906
-5.50000007e-010   -0.0633125
-5.45000007e-010  -0.06697657
-5.40000007e-010  -0.07078907
-5.35000007e-010  -0.07461719
-5.30000007e-010  -0.07860157
-5.25000007e-010  -0.08260157
-5.20000007e-010  -0.08672657
-5.15000007e-010  -0.09089844
-5.10000007e-010  -0.09508594
-5.05000007e-010  -0.09928125
-5.00000007e-010   -0.1035156
-4.95000007e-010   -0.1077031
-4.90000007e-010   -0.1118516
-4.85000006e-010   -0.1159219
-4.80000006e-010   -0.1199297
-4.75000006e-010   -0.1238359
-4.70000006e-010   -0.1275625
-4.65000006e-010   -0.1311484
-4.60000006e-010   -0.1346094
-4.55000006e-010    -0.137875
-4.50000006e-010   -0.1409688
-4.45000006e-010   -0.1438516
-4.40000006e-010   -0.1465859
-4.35000006e-010   -0.1491094
-4.30000006e-010   -0.1515234
-4.25000006e-010   -0.1537422
-4.20000006e-010   -0.1557266
-4.15000006e-010   -0.1575625
-4.10000005e-010   -0.1592188
-4.05000005e-010   -0.1606875
-4.00000005e-010   -0.1619531
-3.95000005e-010   -0.1630859
-3.90000005e-010       -0.164
-3.85000005e-010   -0.1647344
-3.80000005e-010   -0.1652813
-3.75000005e-010   -0.1656953
-3.70000005e-010   -0.1658594
-3.65000005e-010   -0.1658438
-3.60000005e-010   -0.1656797
-3.55000005e-010   -0.1653516
-3.50000005e-010   -0.1648828
-3.45000005e-010   -0.1642734
-3.40000005e-010   -0.1635938
-3.35000004e-010   -0.1628438
-3.30000004e-010   -0.1620625
-3.25000004e-010   -0.1611797
-3.20000004e-010   -0.1602969
-3.15000004e-010   -0.1594063
-3.10000004e-010   -0.1584609
-3.05000004e-010   -0.1575391
-3.00000004e-010   -0.1566406
-2.95000004e-010   -0.1556797
-2.90000004e-010   -0.1548047
-2.85000004e-010   -0.1539141
-2.80000004e-010   -0.1530156
-2.75000004e-010   -0.1521563
-2.70000004e-010   -0.1512344
-2.65000004e-010   -0.1502344
-2.60000003e-010   -0.1492578
-2.55000003e-010   -0.1482344
-2.50000003e-010   -0.1471563
-2.45000003e-010   -0.1460391
-2.40000003e-010   -0.1448828
-2.35000003e-010   -0.1437109
-2.30000003e-010   -0.1424609
-2.25000003e-010   -0.1412266
-2.20000003e-010   -0.1398672
-2.15000003e-010      -0.1385
-2.10000003e-010   -0.1370547
-2.05000003e-010   -0.1355547
-2.00000003e-010   -0.1339531
-1.95000003e-010   -0.1322969
-1.90000003e-010   -0.1304922
-1.85000002e-010    -0.128625
-1.80000002e-010   -0.1266406
-1.75000002e-010   -0.1245391
-1.70000002e-010   -0.1222734
-1.65000002e-010    -0.119875
-1.60000002e-010   -0.1173203
-1.55000002e-010   -0.1146016
-1.50000002e-010   -0.1117344
-1.45000002e-010   -0.1087266
-1.40000002e-010   -0.1055938
-1.35000002e-010   -0.1023281
-1.30000002e-010  -0.09892188
-1.25000002e-010  -0.09542969
-1.20000002e-010  -0.09185938
-1.15000002e-010  -0.08816407
-1.10000001e-010  -0.08439063
-1.05000001e-010  -0.08052344
-1.00000001e-010  -0.07663282
-9.50000013e-011  -0.07270313
-9.00000012e-011  -0.06871875
-8.50000011e-011  -0.06464063
-8.00000011e-011  -0.06057032
-7.5000001e-011  -0.05648438
-7.00000009e-011  -0.05239844
-6.50000009e-011  -0.04828125
-6.00000008e-011  -0.04419531
-5.50000007e-011  -0.04017969
-5.00000007e-011  -0.03616406
-4.50000006e-011  -0.03217969
-4.00000005e-011  -0.02828906
-3.50000005e-011  -0.02446875
-3.00000004e-011  -0.02072656
-2.50000003e-011  -0.01710938
-2.00000003e-011  -0.01365625
-1.50000002e-011  -0.01032031
-1.00000001e-011 -0.007109375
-5.00000007e-012  -0.00409375
           0 -0.001226562
5.00000007e-012   0.00146875
1.00000001e-011  0.004007813
1.50000002e-011  0.006335938
2.00000003e-011  0.008484376
2.50000003e-011   0.01047656
3.00000004e-011   0.01224219
3.50000005e-011   0.01382813
4.00000005e-011      0.01525
4.50000006e-011   0.01646875
5.00000007e-011   0.01754688
5.50000007e-011   0.01842188
6.00000008e-011    0.0191875
6.50000009e-011   0.01985156
7.00000009e-011   0.02032813
7.5000001e-011   0.02072656
8.00000011e-011   0.02096875
8.50000011e-011     0.021125
9.00000012e-011   0.02117188
9.50000013e-011   0.02117969
1.00000001e-010   0.02108594
1.05000001e-010   0.02096875
1.10000001e-010   0.02076563
1.15000002e-010   0.02050781
1.20000002e-010   0.02020313
1.25000002e-010   0.01989844
1.30000002e-010   0.01951563
1.35000002e-010     0.019125
1.40000002e-010   0.01871875
1.45000002e-010   0.01827344
1.50000002e-010   0.01786719
1.55000002e-010   0.01746094
1.60000002e-010   0.01709375
1.65000002e-010   0.01676563
1.70000002e-010   0.01645313
1.75000002e-010   0.01621094
1.80000002e-010   0.01602344
1.85000002e-010   0.01590625
1.90000003e-010   0.01584375
1.95000003e-010   0.01585156
2.00000003e-010   0.01594531
2.05000003e-010   0.01607813
2.10000003e-010   0.01632813
2.15000003e-010   0.01663281
2.20000003e-010   0.01696094
2.25000003e-010     0.017375
2.30000003e-010   0.01776563
2.35000003e-010   0.01826563
2.40000003e-010   0.01878125
2.45000003e-010   0.01929688
2.50000003e-010   0.01982813
2.55000003e-010   0.02042188
2.60000003e-010   0.02103125
2.65000004e-010   0.02163281
2.70000004e-010   0.02226563
2.75000004e-010    0.0229375
2.80000004e-010   0.02357031
2.85000004e-010   0.02423438
2.90000004e-010    0.0249375
2.95000004e-010   0.02559375
3.00000004e-010   0.02625781
3.05000004e-010   0.02688281
3.10000004e-010   0.02746875
3.15000004e-010   0.02804688
3.20000004e-010   0.02853906
3.25000004e-010   0.02898438
3.30000004e-010   0.02934375
3.35000004e-010   0.02963281
3.40000005e-010     0.029875
3.45000005e-010   0.02998438
3.50000005e-010   0.03002344
3.55000005e-010   0.02997656
3.60000005e-010   0.02984375
3.65000005e-010   0.02964844
3.70000005e-010   0.02941406
3.75000005e-010   0.02909375
3.80000005e-010   0.02874219
3.85000005e-010     0.028375
3.90000005e-010   0.02798438
3.95000005e-010   0.02754688
4.00000005e-010     0.027125
4.05000005e-010   0.02673438
4.10000005e-010   0.02629688
4.15000006e-010   0.02594531
4.20000006e-010   0.02553125
4.25000006e-010   0.02517188
4.30000006e-010   0.02479688
4.35000006e-010   0.02444531
4.40000006e-010   0.02409375
4.45000006e-010   0.02375781
4.50000006e-010   0.02346875
4.55000006e-010   0.02313281
4.60000006e-010   0.02284375
4.65000006e-010   0.02251563
4.70000006e-010   0.02224219
4.75000006e-010   0.02197656
4.80000006e-010   0.02173438
4.85000006e-010   0.02149219
4.90000007e-010   0.02129688
4.95000007e-010   0.02108594
5.00000007e-010   0.02096094
5.05000007e-010   0.02075781
5.10000007e-010   0.02064063
5.15000007e-010   0.02055469
5.20000007e-010   0.02044531
5.25000007e-010   0.02039063
5.30000007e-010   0.02032031
5.35000007e-010   0.02030469
5.40000007e-010   0.02025781
5.45000007e-010   0.02022656
5.50000007e-010   0.02022656
5.55000007e-010   0.02024219
5.60000007e-010      0.02025
5.65000008e-010   0.02027344
5.70000008e-010   0.02030469
5.75000008e-010   0.02036719
5.80000008e-010   0.02040625
5.85000008e-010   0.02048438
5.90000008e-010   0.02055469
5.95000008e-010   0.02063281
6.00000008e-010   0.02073438
6.05000008e-010   0.02079688
6.10000008e-010   0.02088281
6.15000008e-010   0.02092969
6.20000008e-010   0.02097656
6.25000008e-010   0.02100781
6.30000008e-010        0.021
6.35000008e-010   0.02095313
6.40000009e-010    0.0209375
6.45000009e-010   0.02083594
6.50000009e-010      0.02075
6.55000009e-010     0.020625
6.60000009e-010   0.02052344
6.65000009e-010   0.02039063
6.70000009e-010   0.02022656
6.75000009e-010   0.02010938
6.80000009e-010   0.01996875
6.85000009e-010   0.01982031
6.90000009e-010   0.01970313
6.95000009e-010    0.0195625
7.00000009e-010   0.01944531
7.05000009e-010   0.01928906
7.10000009e-010   0.01917969
7.1500001e-010   0.01903906
7.2000001e-010   0.01886719
7.2500001e-010   0.01869531
7.3000001e-010   0.01850781
7.3500001e-010   0.01827344
7.4000001e-010   0.01807813
7.4500001e-010     0.017875
7.5000001e-010   0.01764063
7.5500001e-010   0.01740625
7.6000001e-010    0.0171875
7.6500001e-010   0.01699219
7.7000001e-010   0.01677344
7.7500001e-010   0.01663281
7.8000001e-010   0.01646094
7.8500001e-010   0.01634375
7.90000011e-010   0.01626563
7.95000011e-010   0.01617969
8.00000011e-010   0.01614063
8.05000011e-010   0.01613281
8.10000011e-010   0.01616406
8.15000011e-010   0.01616406
8.20000011e-010   0.01621094
8.25000011e-010   0.01624219
8.30000011e-010   0.01630469
8.35000011e-010   0.01634375
8.40000011e-010   0.01640625
8.45000011e-010   0.01649219
8.50000011e-010    0.0165625
8.55000011e-010   0.01667188
8.60000011e-010   0.01676563
8.65000012e-010   0.01682813
8.70000012e-010   0.01696875
8.75000012e-010   0.01707813
8.80000012e-010      0.01725
8.85000012e-010   0.01739063
8.90000012e-010   0.01758594
8.95000012e-010      0.01775
9.00000012e-010   0.01791406
9.05000012e-010   0.01810156
9.10000012e-010   0.01823438
9.15000012e-010   0.01839063
9.20000012e-010   0.01850781
9.25000012e-010     0.018625
9.30000012e-010   0.01870313
9.35000012e-010   0.01874219
9.40000013e-010   0.01878906
9.45000013e-010   0.01883594
9.50000013e-010   0.01888281
9.55000013e-010   0.01888281
9.60000013e-010   0.01892188
9.65000013e-010   0.01896094
9.70000013e-010   0.01898438
9.75000013e-010    0.0190625
9.80000013e-010   0.01913281
9.85000013e-010   0.01921875
9.90000013e-010   0.01930469
9.95000013e-010   0.01942188
1.00000001e-009   0.01951563
1.00500001e-009   0.01959375
1.01000001e-009   0.01974219
1.01500001e-009   0.01984375
1.02000001e-009   0.01991406
1.02500001e-009         0.02
1.03000001e-009   0.02004688
1.03500001e-009   0.02010938
1.04000001e-009   0.02011719
1.04500001e-009   0.02017188
1.05000001e-009   0.02015625
1.05500001e-009   0.02015625
1.06000001e-009   0.02014844
1.06500001e-009   0.02010938
1.07000001e-009     0.020125
1.07500001e-009   0.02007813
1.08000001e-009   0.02008594
1.08500001e-009   0.02008594
1.09000001e-009   0.02011719
1.09500001e-009   0.02010156
1.10000001e-009   0.02011719
1.10500001e-009     0.020125
1.11000001e-009   0.02016406
1.11500001e-009   0.02020313
1.12000001e-009   0.02024219
1.12500002e-009   0.02032031
1.13000002e-009   0.02036719
1.13500002e-009   0.02049219
1.14000002e-009    0.0205625
1.14500002e-009   0.02070313
1.15000002e-009   0.02082813
1.15500002e-009        0.021
1.16000002e-009   0.02116406
1.16500002e-009   0.02135938
1.17000002e-009    0.0215625
1.17500002e-009   0.02177344
1.18000002e-009   0.02196875
1.18500002e-009   0.02223438
1.19000002e-009   0.02244531
1.19500002e-009   0.02264844
1.20000002e-009   0.02282813
1.20500002e-009   0.02305469
1.21000002e-009   0.02322656
1.21500002e-009   0.02341406
1.22000002e-009   0.02353125
1.22500002e-009   0.02369531
1.23000002e-009    0.0238125
1.23500002e-009    0.0239375
1.24000002e-009   0.02403125
1.24500002e-009   0.02414844
1.25000002e-009   0.02424219
