-2.49000003e-009  -0.01471875
-2.48000003e-009       -0.005
-2.47000003e-009  -0.01314844
-2.46000003e-009   -0.0055625
-2.45000003e-009  -0.01285156
-2.44000003e-009 -0.004992187
-2.43000003e-009  -0.01379688
-2.42000003e-009 -0.005296875
-2.41000003e-009  -0.01307813
-2.40000003e-009 -0.003617187
-2.39000003e-009       -0.013
-2.38000003e-009       -0.003
-2.37000003e-009  -0.01360156
-2.36000003e-009 -0.004234375
-2.35000003e-009       -0.013
-2.34000003e-009       -0.003
-2.33000003e-009  -0.01402344
-2.32000003e-009  -0.00309375
-2.31000003e-009  -0.01474219
-2.30000003e-009 -0.004039062
-2.29000003e-009   -0.0135625
-2.28000003e-009 -0.003546875
-2.27000003e-009  -0.01371094
-2.26000003e-009       -0.003
-2.25000003e-009   -0.0125625
-2.24000003e-009 -0.004265625
-2.23000003e-009       -0.013
-2.22000003e-009 -0.0009999997
-2.21000003e-009  -0.01289844
-2.20000003e-009 -0.0007968747
-2.19000003e-009       -0.013
-2.18000003e-009   -0.0028125
-2.17000003e-009   -0.0121875
-2.16000003e-009       -0.003
-2.15000003e-009  -0.01135156
-2.14000003e-009   -0.0028125
-2.13000003e-009  -0.01160938
-2.12000003e-009 -0.002976562
-2.11000003e-009  -0.01326563
-2.10000003e-009 -0.002351562
-2.09000003e-009   -0.0111875
-2.08000003e-009 -0.0007890622
-2.07000003e-009  -0.01280469
-2.06000003e-009        0.001
-2.05000003e-009  -0.01192188
-2.04000003e-009 0.0006015629
-2.03000003e-009  -0.01220313
-2.02000003e-009 -0.0009999997
-2.01000003e-009  -0.01061719
-2.00000003e-009 -0.0005468747
-1.99000003e-009 -0.009085938
-1.98000003e-009 -0.0002265622
-1.97000003e-009  -0.01004688
-1.96000003e-009        0.001
-1.95000003e-009  -0.01055469
-1.94000003e-009 0.0002343754
-1.93000003e-009 -0.009539063
-1.92000003e-009 -0.001015625
-1.91000003e-009 -0.009929688
-1.90000003e-009 -0.0007734372
-1.89000003e-009   -0.0090625
-1.88000003e-009 -0.0008671872
-1.87000002e-009 -0.009414063
-1.86000002e-009 -0.0006093747
-1.85000002e-009 -0.008882813
-1.84000002e-009        0.001
-1.83000002e-009       -0.009
-1.82000002e-009  0.001328125
-1.81000002e-009    -0.008625
-1.80000002e-009        0.001
-1.79000002e-009   -0.0078125
-1.78000002e-009 0.0001250004
-1.77000002e-009       -0.009
-1.76000002e-009        0.001
-1.75000002e-009 -0.008882813
-1.74000002e-009  0.001453125
-1.73000002e-009 -0.007773438
-1.72000002e-009   0.00140625
-1.71000002e-009 -0.007234375
-1.70000002e-009        0.001
-1.69000002e-009 -0.007320312
-1.68000002e-009  0.001953125
-1.67000002e-009       -0.007
-1.66000002e-009  0.003203126
-1.65000002e-009 -0.007398438
-1.64000002e-009  0.002710938
-1.63000002e-009   -0.0073125
-1.62000002e-009        0.001
-1.61000002e-009       -0.007
-1.60000002e-009   0.00146875
-1.59000002e-009 -0.006695312
-1.58000002e-009  0.002265625
-1.57000002e-009 -0.005578125
-1.56000002e-009  0.003195313
-1.55000002e-009 -0.006070312
-1.54000002e-009  0.001695313
-1.53000002e-009       -0.007
-1.52000002e-009  0.002546875
-1.51000002e-009 -0.007421875
-1.50000002e-009     0.003125
-1.49000002e-009 -0.006992187
-1.48000002e-009   0.00259375
-1.47000002e-009   -0.0064375
-1.46000002e-009  0.002773438
-1.45000002e-009     -0.00625
-1.44000002e-009        0.003
-1.43000002e-009       -0.007
-1.42000002e-009  0.002117188
-1.41000002e-009  -0.00671875
-1.40000002e-009  0.003023438
-1.39000002e-009 -0.005578125
-1.38000002e-009  0.002789063
-1.37000002e-009  -0.00609375
-1.36000002e-009  0.001828125
-1.35000002e-009 -0.006039062
-1.34000002e-009   0.00240625
-1.33000002e-009       -0.007
-1.32000002e-009  0.002820313
-1.31000002e-009  -0.00815625
-1.30000002e-009        0.003
-1.29000002e-009  -0.00903125
-1.28000002e-009  0.002710938
-1.27000002e-009  -0.00734375
-1.26000002e-009  0.001898438
-1.25000002e-009   -0.0061875
-1.24000002e-009  0.002507813
-1.23000002e-009  -0.00746875
-1.22000002e-009        0.003
-1.21000002e-009       -0.007
-1.20000002e-009  0.002554688
-1.19000002e-009 -0.007390625
-1.18000002e-009  0.002515625
-1.17000002e-009   -0.0061875
-1.16000002e-009        0.003
-1.15000002e-009 -0.007929688
-1.14000002e-009  0.002554688
-1.13000002e-009 -0.007414063
-1.12000001e-009  0.002804688
-1.11000001e-009 -0.007359375
-1.10000001e-009  0.002992188
-1.09000001e-009  -0.00709375
-1.08000001e-009        0.003
-1.07000001e-009 -0.007929688
-1.06000001e-009  0.003132813
-1.05000001e-009 -0.007703125
-1.04000001e-009        0.003
-1.03000001e-009       -0.007
-1.02000001e-009  0.002140625
-1.01000001e-009 -0.007546875
-1.00000001e-009  0.001632813
-9.90000013e-010 -0.008953125
-9.80000013e-010  0.001882813
-9.70000013e-010   -0.0084375
-9.60000013e-010    0.0014375
-9.50000013e-010      -0.0075
-9.40000013e-010  0.001171875
-9.30000012e-010 -0.009257813
-9.20000012e-010        0.001
-9.10000012e-010 -0.008109375
-9.00000012e-010     0.001375
-8.90000012e-010   -0.0073125
-8.80000012e-010        0.001
-8.70000012e-010 -0.008085938
-8.60000011e-010        0.001
-8.50000011e-010       -0.007
-8.40000011e-010   0.00271875
-8.30000011e-010       -0.009
-8.20000011e-010  0.001953125
-8.10000011e-010 -0.009671875
-8.00000011e-010 0.0005156254
-7.90000011e-010 -0.009328125
-7.8000001e-010 -0.001507812
-7.7000001e-010  -0.00934375
-7.6000001e-010 -0.002765625
-7.5000001e-010       -0.011
-7.4000001e-010  -0.00359375
-7.3000001e-010  -0.01214063
-7.2000001e-010 -0.003421875
-7.10000009e-010  -0.01476563
-7.00000009e-010 -0.006351562
-6.90000009e-010  -0.01753906
-6.80000009e-010       -0.007
-6.70000009e-010  -0.02185938
-6.60000009e-010       -0.013
-6.50000009e-010       -0.027
-6.40000009e-010  -0.01827344
-6.30000008e-010   -0.0364375
-6.20000008e-010  -0.02660156
-6.10000008e-010       -0.045
-6.00000008e-010       -0.035
-5.90000008e-010  -0.05580469
-5.80000008e-010  -0.04644531
-5.70000008e-010       -0.071
-5.60000007e-010  -0.06071875
-5.50000007e-010       -0.089
-5.40000007e-010  -0.07821875
-5.30000007e-010     -0.10375
-5.20000007e-010       -0.095
-5.10000007e-010       -0.119
-5.00000007e-010   -0.1109766
-4.90000007e-010       -0.135
-4.80000006e-010       -0.127
-4.70000006e-010   -0.1482031
-4.60000006e-010   -0.1399297
-4.50000006e-010       -0.161
-4.40000006e-010   -0.1488828
-4.30000006e-010   -0.1648281
-4.20000006e-010   -0.1560703
-4.10000005e-010       -0.169
-4.00000005e-010   -0.1574141
-3.90000005e-010   -0.1723359
-3.80000005e-010   -0.1586797
-3.70000005e-010   -0.1709141
-3.60000005e-010     -0.15875
-3.50000005e-010   -0.1693516
-3.40000005e-010   -0.1527422
-3.30000004e-010       -0.167
-3.20000004e-010   -0.1506875
-3.10000004e-010   -0.1604922
-3.00000004e-010   -0.1449297
-2.90000004e-010       -0.157
-2.80000004e-010       -0.141
-2.70000004e-010       -0.153
-2.60000003e-010   -0.1377813
-2.50000003e-010   -0.1475547
-2.40000003e-010   -0.1344609
-2.30000003e-010       -0.143
-2.20000003e-010   -0.1267344
-2.10000003e-010       -0.137
-2.00000003e-010   -0.1194063
-1.90000003e-010       -0.129
-1.80000002e-010   -0.1083906
-1.70000002e-010       -0.119
-1.60000002e-010  -0.09539844
-1.50000002e-010   -0.1048203
-1.40000002e-010  -0.08239063
-1.30000002e-010  -0.09122657
-1.20000002e-010  -0.06799219
-1.10000001e-010  -0.07792969
-1.00000001e-010  -0.05128906
-9.00000012e-011  -0.06141407
-8.00000011e-011  -0.03614063
-7.00000009e-011  -0.04335156
-6.00000008e-011  -0.02014844
-5.00000007e-011  -0.02645313
-4.00000005e-011       -0.007
-3.00000004e-011  -0.01260156
-2.00000003e-011  0.005726563
-1.00000001e-011 -0.0009999997
           0   0.01414063
1.00000001e-011  0.006656251
2.00000003e-011   0.01935938
3.00000004e-011   0.01155469
4.00000005e-011   0.02525781
5.00000007e-011        0.015
6.00000008e-011   0.02646875
7.00000009e-011   0.01738281
8.00000011e-011        0.027
9.00000012e-011   0.01621875
1.00000001e-010   0.02544531
1.10000001e-010        0.015
1.20000002e-010   0.02360938
1.30000002e-010   0.01171094
1.40000002e-010     0.021375
1.50000002e-010   0.01078125
1.60000002e-010   0.02115625
1.70000002e-010   0.01045313
1.80000002e-010        0.021
1.90000003e-010   0.01104688
2.00000003e-010        0.021
2.10000003e-010   0.01167188
2.20000003e-010   0.02304688
2.30000003e-010   0.01482031
2.40000003e-010        0.027
2.50000003e-010   0.01629688
2.60000003e-010   0.02963281
2.70000004e-010   0.02039844
2.80000004e-010   0.03069531
2.90000004e-010   0.02229688
3.00000004e-010   0.03373438
3.10000004e-010   0.02520313
3.20000004e-010   0.03475781
3.30000004e-010    0.0250625
3.40000005e-010   0.03422656
3.50000005e-010        0.023
3.60000005e-010   0.03351563
3.70000005e-010   0.02317969
3.80000005e-010        0.033
3.90000005e-010        0.021
4.00000005e-010   0.02947656
4.10000005e-010   0.01940625
4.20000006e-010        0.029
4.30000006e-010   0.01759375
4.40000006e-010   0.02794531
4.50000006e-010     0.017625
4.60000006e-010        0.027
4.70000006e-010   0.01545313
4.80000006e-010   0.02716406
4.90000007e-010        0.015
5.00000007e-010   0.02629688
5.10000007e-010   0.01446094
5.20000007e-010   0.02584375
5.30000007e-010   0.01446094
5.40000007e-010   0.02519531
5.50000007e-010        0.015
5.60000007e-010   0.02777344
5.70000008e-010        0.015
5.80000008e-010        0.027
5.90000008e-010   0.01582031
6.00000008e-010        0.027
6.10000008e-010   0.01611719
6.20000008e-010        0.025
6.30000008e-010    0.0160625
6.40000009e-010   0.02560156
6.50000009e-010   0.01396094
6.60000009e-010     0.025375
6.70000009e-010   0.01245313
6.80000009e-010   0.02642188
6.90000009e-010        0.013
7.00000009e-010   0.02489063
7.10000009e-010   0.01316406
7.2000001e-010   0.02260938
7.3000001e-010        0.013
7.4000001e-010        0.025
7.5000001e-010   0.01242188
7.6000001e-010   0.02442969
7.7000001e-010        0.011
7.8000001e-010   0.02361719
7.90000011e-010   0.01092969
8.00000011e-010    0.0214375
8.10000011e-010        0.011
8.20000011e-010   0.02182031
8.30000011e-010        0.011
8.40000011e-010      0.02175
8.50000011e-010        0.011
8.60000011e-010   0.02139844
8.70000012e-010   0.01141406
8.80000012e-010   0.02077344
8.90000012e-010   0.01277344
9.00000012e-010   0.02119531
9.10000012e-010   0.01278125
9.20000012e-010        0.023
9.30000012e-010        0.013
9.40000013e-010   0.02364063
9.50000013e-010   0.01483594
9.60000013e-010        0.025
9.70000013e-010    0.0145625
9.80000013e-010   0.02500781
9.90000013e-010   0.01478125
1.00000001e-009        0.025
1.01000001e-009        0.015
1.02000001e-009        0.025
1.03000001e-009   0.01489844
1.04000001e-009   0.02522656
1.05000001e-009        0.015
1.06000001e-009     0.025625
1.07000001e-009        0.015
1.08000001e-009   0.02507813
1.09000001e-009   0.01476563
1.10000001e-009   0.02629688
1.11000001e-009   0.01496094
1.12000001e-009   0.02717969
1.13000002e-009   0.01564063
1.14000002e-009   0.02671094
1.15000002e-009   0.01744531
1.16000002e-009   0.02742969
1.17000002e-009   0.01689844
1.18000002e-009   0.02879688
1.19000002e-009        0.017
1.20000002e-009     0.028375
1.21000002e-009   0.01702344
1.22000002e-009   0.02844531
1.23000002e-009   0.01952344
1.24000002e-009        0.029
1.25000002e-009   0.01910156
1.26000002e-009   0.02989063
1.27000002e-009   0.01929688
1.28000002e-009   0.02901563
1.29000002e-009        0.019
1.30000002e-009   0.02911719
1.31000002e-009   0.01872656
1.32000002e-009       0.0295
1.33000002e-009   0.01646875
1.34000002e-009        0.029
1.35000002e-009   0.01871094
1.36000002e-009   0.02903125
1.37000002e-009   0.01980469
1.38000002e-009   0.02977344
1.39000002e-009    0.0203125
1.40000002e-009        0.029
1.41000002e-009   0.02000781
1.42000002e-009   0.02869531
1.43000002e-009   0.01975781
1.44000002e-009   0.02872656
1.45000002e-009   0.01717969
1.46000002e-009   0.02839063
1.47000002e-009   0.01771094
1.48000002e-009   0.02747656
1.49000002e-009   0.01676563
1.50000002e-009   0.02717969
1.51000002e-009   0.01763281
1.52000002e-009        0.027
1.53000002e-009   0.01789844
1.54000002e-009   0.02610156
1.55000002e-009   0.01652344
1.56000002e-009   0.02670313
1.57000002e-009   0.01629688
1.58000002e-009   0.02664844
1.59000002e-009   0.01630469
1.60000002e-009        0.025
1.61000002e-009   0.01541406
1.62000002e-009   0.02551563
1.63000002e-009   0.01478906
1.64000002e-009        0.025
1.65000002e-009   0.01477344
1.66000002e-009    0.0241875
1.67000002e-009        0.015
1.68000002e-009        0.023
1.69000002e-009   0.01169531
1.70000002e-009   0.02405469
1.71000002e-009   0.01195313
1.72000002e-009        0.025
1.73000002e-009    0.0106875
1.74000002e-009        0.023
1.75000002e-009   0.01182813
1.76000002e-009   0.02191406
1.77000002e-009        0.013
1.78000002e-009   0.02265625
1.79000002e-009   0.01289063
1.80000002e-009        0.023
1.81000002e-009   0.01252344
1.82000002e-009        0.023
1.83000002e-009        0.013
1.84000002e-009    0.0230625
1.85000002e-009   0.01138281
1.86000002e-009   0.02177344
1.87000002e-009   0.01117969
1.88000003e-009   0.02125781
1.89000003e-009    0.0125625
1.90000003e-009   0.02121875
1.91000003e-009   0.01229688
1.92000003e-009        0.023
1.93000003e-009   0.01207031
1.94000003e-009   0.02230469
1.95000003e-009   0.01295313
1.96000003e-009   0.02152344
1.97000003e-009   0.01207031
1.98000003e-009        0.021
1.99000003e-009   0.01220313
2.00000003e-009   0.02276563
2.01000003e-009   0.01186719
2.02000003e-009        0.023
2.03000003e-009   0.01115625
2.04000003e-009   0.02215625
2.05000003e-009   0.01272656
2.06000003e-009        0.023
2.07000003e-009        0.013
2.08000003e-009   0.02175781
2.09000003e-009   0.01389063
2.10000003e-009   0.02367969
2.11000003e-009   0.01410156
2.12000003e-009        0.025
2.13000003e-009        0.015
2.14000003e-009        0.023
2.15000003e-009   0.01324219
2.16000003e-009   0.02340625
2.17000003e-009        0.013
2.18000003e-009   0.02369531
2.19000003e-009   0.01382813
2.20000003e-009   0.02349219
2.21000003e-009   0.01399219
2.22000003e-009        0.023
2.23000003e-009   0.01467969
2.24000003e-009   0.02325781
2.25000003e-009   0.01440625
2.26000003e-009        0.023
2.27000003e-009        0.015
2.28000003e-009   0.02285156
2.29000003e-009   0.01466406
2.30000003e-009        0.023
2.31000003e-009        0.013
2.32000003e-009        0.023
2.33000003e-009   0.01335938
2.34000003e-009   0.02376563
2.35000003e-009   0.01221875
2.36000003e-009   0.02240625
2.37000003e-009   0.01277344
2.38000003e-009   0.02169531
2.39000003e-009   0.01222656
2.40000003e-009    0.0223125
2.41000003e-009   0.01366406
2.42000003e-009        0.023
2.43000003e-009   0.01264063
2.44000003e-009   0.02298438
2.45000003e-009   0.01307813
2.46000003e-009        0.023
2.47000003e-009     0.012625
2.48000003e-009   0.02263281
2.49000003e-009   0.01233594
2.50000003e-009   0.02264063
