-4.98000007e-009 -0.003703125
-4.96000007e-009  0.005007813
-4.94000007e-009  -0.00540625
-4.92000007e-009  0.005000001
-4.90000007e-009 -0.004359375
-4.88000007e-009  0.005070313
-4.86000006e-009 -0.004804687
-4.84000006e-009  0.005171876
-4.82000006e-009       -0.005
-4.80000006e-009  0.005000001
-4.78000006e-009 -0.004679687
-4.76000006e-009  0.004710938
-4.74000006e-009       -0.005
-4.72000006e-009  0.004625001
-4.70000006e-009       -0.005
-4.68000006e-009  0.005492188
-4.66000006e-009 -0.004476562
-4.64000006e-009  0.005125001
-4.62000006e-009       -0.005
-4.60000006e-009  0.005000001
-4.58000006e-009 -0.004429687
-4.56000006e-009  0.004664063
-4.54000006e-009 -0.004382812
-4.52000006e-009  0.005062501
-4.50000006e-009 -0.003085937
-4.48000006e-009  0.004960938
-4.46000006e-009 -0.004210937
-4.44000006e-009  0.005000001
-4.42000006e-009       -0.007
-4.40000006e-009  0.005000001
-4.38000006e-009 -0.005742187
-4.36000006e-009  0.004796876
-4.34000006e-009 -0.003492187
-4.32000006e-009  0.005273438
-4.30000006e-009       -0.003
-4.28000006e-009  0.004968751
-4.26000006e-009 -0.003414062
-4.24000006e-009  0.005914063
-4.22000006e-009 -0.003820312
-4.20000006e-009  0.005000001
-4.18000006e-009  -0.00521875
-4.16000006e-009  0.004812501
-4.14000006e-009       -0.004
-4.12000006e-009  0.005523438
-4.10000005e-009       -0.005
-4.08000005e-009  0.005468751
-4.06000005e-009      -0.0045
-4.04000005e-009  0.004875001
-4.02000005e-009  -0.00478125
-4.00000005e-009  0.006140626
-3.98000005e-009 -0.005007812
-3.96000005e-009  0.005695313
-3.94000005e-009 -0.004601562
-3.92000005e-009  0.005046876
-3.90000005e-009 -0.005820312
-3.88000005e-009  0.004679688
-3.86000005e-009  -0.00415625
-3.84000005e-009  0.005531251
-3.82000005e-009 -0.004382812
-3.80000005e-009  0.005000001
-3.78000005e-009 -0.005007812
-3.76000005e-009  0.005007813
-3.74000005e-009       -0.005
-3.72000005e-009  0.005000001
-3.70000005e-009 -0.005015625
-3.68000005e-009  0.003609376
-3.66000005e-009 -0.006726562
-3.64000005e-009  0.003304688
-3.62000005e-009 -0.007578125
-3.60000005e-009        0.003
-3.58000005e-009 -0.006382812
-3.56000005e-009  0.003132813
-3.54000005e-009       -0.007
-3.52000005e-009  0.001820313
-3.50000005e-009 -0.007085937
-3.48000005e-009  0.002015625
-3.46000005e-009 -0.008992188
-3.44000005e-009        0.001
-3.42000005e-009 -0.009140625
-3.40000005e-009 -0.0004687497
-3.38000005e-009 -0.009570313
-3.36000004e-009 -0.0005234372
-3.34000004e-009       -0.011
-3.32000004e-009 -0.002164062
-3.30000004e-009       -0.011
-3.28000004e-009   -0.0010625
-3.26000004e-009  -0.01101563
-3.24000004e-009 -0.002460937
-3.22000004e-009  -0.01121875
-3.20000004e-009 -0.002507812
-3.18000004e-009  -0.01071094
-3.16000004e-009  -0.00221875
-3.14000004e-009       -0.013
-3.12000004e-009 -0.003882812
-3.10000004e-009       -0.015
-3.08000004e-009 -0.003835937
-3.06000004e-009  -0.01367188
-3.04000004e-009 -0.003421875
-3.02000004e-009       -0.013
-3.00000004e-009       -0.003
-2.98000004e-009  -0.01445313
-2.96000004e-009 -0.004796875
-2.94000004e-009  -0.01435938
-2.92000004e-009 -0.004773437
-2.90000004e-009  -0.01389844
-2.88000004e-009 -0.004867187
-2.86000004e-009  -0.01517969
-2.84000004e-009 -0.004859375
-2.82000004e-009  -0.01763281
-2.80000004e-009       -0.005
-2.78000004e-009  -0.01344531
-2.76000004e-009 -0.005234375
-2.74000004e-009  -0.01535938
-2.72000004e-009 -0.005257812
-2.70000004e-009       -0.015
-2.68000004e-009 -0.005265625
-2.66000004e-009  -0.01567188
-2.64000004e-009 -0.005328125
-2.62000003e-009       -0.015
-2.60000003e-009       -0.005
-2.58000003e-009  -0.01426563
-2.56000003e-009 -0.005492187
-2.54000003e-009  -0.01364063
-2.52000003e-009 -0.004546875
-2.50000003e-009  -0.01307031
-2.48000003e-009 -0.004554687
-2.46000003e-009  -0.01341406
-2.44000003e-009       -0.003
-2.42000003e-009       -0.013
-2.40000003e-009 -0.004632812
-2.38000003e-009  -0.01383594
-2.36000003e-009 -0.004273437
-2.34000003e-009  -0.01239844
-2.32000003e-009 -0.004148437
-2.30000003e-009  -0.01346094
-2.28000003e-009 -0.003398437
-2.26000003e-009   -0.0123125
-2.24000003e-009 -0.003414062
-2.22000003e-009       -0.013
-2.20000003e-009       -0.003
-2.18000003e-009  -0.01226563
-2.16000003e-009 -0.001054687
-2.14000003e-009       -0.011
-2.12000003e-009 -0.0009999997
-2.10000003e-009     -0.01175
-2.08000003e-009 -0.001078125
-2.06000003e-009  -0.01026563
-2.04000003e-009 -0.0009999997
-2.02000003e-009       -0.011
-2.00000003e-009 -0.0003906247
-1.98000003e-009  -0.01032813
-1.96000003e-009 0.0006562504
-1.94000003e-009   -0.0104375
-1.92000003e-009 3.906285e-005
-1.90000003e-009   -0.0095625
-1.88000003e-009  0.001117188
-1.86000002e-009 -0.009515625
-1.84000002e-009   0.00159375
-1.82000002e-009       -0.009
-1.80000002e-009        0.001
-1.78000002e-009  -0.00834375
-1.76000002e-009 0.0002265629
-1.74000002e-009 -0.007664063
-1.72000002e-009        0.003
-1.70000002e-009 -0.008734375
-1.68000002e-009  0.003078125
-1.66000002e-009 -0.008335938
-1.64000002e-009    0.0015625
-1.62000002e-009 -0.008007813
-1.60000002e-009   0.00121875
-1.58000002e-009  -0.00759375
-1.56000002e-009  0.002054688
-1.54000002e-009 -0.007335937
-1.52000002e-009  0.001601563
-1.50000002e-009       -0.007
-1.48000002e-009  0.003992188
-1.46000002e-009 -0.007460938
-1.44000002e-009        0.003
-1.42000002e-009    -0.005625
-1.40000002e-009        0.003
-1.38000002e-009  -0.00809375
-1.36000002e-009  0.003523438
-1.34000002e-009 -0.005617187
-1.32000002e-009        0.003
-1.30000002e-009   -0.0055625
-1.28000002e-009  0.003226563
-1.26000002e-009 -0.006453125
-1.24000002e-009  0.002570313
-1.22000002e-009 -0.007242187
-1.20000002e-009        0.003
-1.18000002e-009 -0.008085938
-1.16000002e-009  0.003289063
-1.14000002e-009 -0.006304687
-1.12000001e-009  0.004515626
-1.10000001e-009       -0.007
-1.08000001e-009  0.002179688
-1.06000001e-009 -0.007507813
-1.04000001e-009  0.002109375
-1.02000001e-009 -0.007351562
-1.00000001e-009  0.002789063
-9.80000013e-010 -0.006773437
-9.60000013e-010   0.00171875
-9.40000013e-010  -0.00771875
-9.20000012e-010        0.003
-9.00000012e-010       -0.007
-8.80000012e-010  0.004367188
-8.60000011e-010    -0.007375
-8.40000011e-010    0.0010625
-8.20000011e-010       -0.009
-8.00000011e-010 0.0005859379
-7.8000001e-010 -0.009984375
-7.6000001e-010 -0.001296875
-7.4000001e-010       -0.013
-7.2000001e-010       -0.003
-7.00000009e-010       -0.015
-6.80000009e-010 -0.006757812
-6.60000009e-010  -0.02114063
-6.40000009e-010  -0.01339844
-6.20000008e-010  -0.03421094
-6.00000008e-010  -0.02807031
-5.80000008e-010  -0.05616406
-5.60000007e-010      -0.0485
-5.40000007e-010       -0.089
-5.20000007e-010  -0.07978907
-5.00000007e-010   -0.1204531
-4.80000006e-010   -0.1134141
-4.60000006e-010   -0.1468047
-4.40000006e-010   -0.1397969
-4.20000006e-010       -0.167
-4.00000005e-010   -0.1550391
-3.80000005e-010   -0.1703203
-3.60000005e-010   -0.1591953
-3.40000005e-010   -0.1687656
-3.20000004e-010   -0.1521016
-3.00000004e-010       -0.161
-2.80000004e-010    -0.145875
-2.60000003e-010   -0.1561875
-2.40000003e-010   -0.1370703
-2.20000003e-010       -0.145
-2.00000003e-010   -0.1231172
-1.80000002e-010   -0.1320391
-1.60000002e-010    -0.103625
-1.40000002e-010   -0.1121875
-1.20000002e-010  -0.07582813
-1.00000001e-010  -0.08313282
-8.00000011e-011  -0.04566406
-6.00000008e-011  -0.04971094
-4.00000005e-011       -0.013
-2.00000003e-011       -0.019
           0        0.011
2.00000003e-011  0.003484376
4.00000005e-011   0.02123438
6.00000008e-011   0.01505469
8.00000011e-011        0.027
1.00000001e-010     0.015375
1.20000002e-010   0.02672656
1.40000002e-010   0.01326563
1.60000002e-010        0.022
1.80000002e-010        0.011
2.00000003e-010   0.02113281
2.20000003e-010    0.0124375
2.40000003e-010   0.02467969
2.60000003e-010   0.01673438
2.80000004e-010        0.031
3.00000004e-010   0.02272656
3.20000004e-010   0.03604688
3.40000005e-010   0.02324219
3.60000005e-010   0.03389063
3.80000005e-010   0.02360156
4.00000005e-010   0.03210156
4.20000006e-010   0.02073438
4.40000006e-010   0.03101563
4.60000006e-010   0.01608594
4.80000006e-010     0.027125
5.00000007e-010   0.01469531
5.20000007e-010   0.02496875
5.40000007e-010   0.01494531
5.60000007e-010   0.02588281
5.80000008e-010        0.015
6.00000008e-010    0.0259375
6.20000008e-010   0.01505469
6.40000009e-010      0.02625
6.60000009e-010   0.01492969
6.80000009e-010        0.027
7.00000009e-010   0.01432813
7.2000001e-010   0.02460156
7.4000001e-010   0.01245313
7.6000001e-010   0.02116406
7.8000001e-010   0.01116406
8.00000011e-010     0.022125
8.20000011e-010   0.01150781
8.40000011e-010   0.02332813
8.60000011e-010   0.01110938
8.80000012e-010   0.02425781
9.00000012e-010        0.013
9.20000012e-010   0.02298438
9.40000013e-010    0.0129375
9.60000013e-010   0.02351563
9.80000013e-010   0.01411719
1.00000001e-009        0.025
1.02000001e-009   0.01492969
1.04000001e-009   0.02603125
1.06000001e-009   0.01425781
1.08000001e-009    0.0250625
1.10000001e-009   0.01485938
1.12000001e-009   0.02499219
1.14000002e-009   0.01667969
1.16000002e-009   0.02553125
1.18000002e-009        0.017
1.20000002e-009   0.02705469
1.22000002e-009   0.01901563
1.24000002e-009   0.02982031
1.26000002e-009   0.01946875
1.28000002e-009        0.029
1.30000002e-009   0.02021094
1.32000002e-009     0.029625
1.34000002e-009   0.01896094
1.36000002e-009   0.02946875
1.38000002e-009   0.01780469
1.40000002e-009   0.02942188
1.42000002e-009   0.01842188
1.44000002e-009   0.03016406
1.46000002e-009      0.01875
1.48000002e-009   0.02941406
1.50000002e-009        0.017
1.52000002e-009   0.02655469
1.54000002e-009   0.01802344
1.56000002e-009   0.02753906
1.58000002e-009     0.016875
1.60000002e-009        0.027
1.62000002e-009   0.01580469
1.64000002e-009   0.02415625
1.66000002e-009   0.01461719
1.68000002e-009   0.02300781
1.70000002e-009        0.013
1.72000002e-009   0.02266406
1.74000002e-009   0.01261719
1.76000002e-009       0.0215
1.78000002e-009   0.01183594
1.80000002e-009        0.023
1.82000002e-009   0.01257031
1.84000002e-009   0.02101563
1.86000002e-009   0.01272656
1.88000003e-009   0.02322656
1.90000003e-009        0.011
1.92000003e-009   0.02184375
1.94000003e-009    0.0123125
1.96000003e-009   0.02149219
1.98000003e-009   0.01278906
2.00000003e-009        0.023
2.02000003e-009   0.01285156
2.04000003e-009   0.02323438
2.06000003e-009   0.01335156
2.08000003e-009        0.025
2.10000003e-009      0.01275
2.12000003e-009   0.02255469
2.14000003e-009   0.01313281
2.16000003e-009        0.023
2.18000003e-009   0.01332813
2.20000003e-009   0.02301563
2.22000003e-009      0.01425
2.24000003e-009   0.02252344
2.26000003e-009   0.01421094
2.28000003e-009        0.023
2.30000003e-009        0.013
2.32000003e-009   0.02360156
2.34000003e-009   0.01251563
2.36000003e-009   0.02295313
2.38000003e-009        0.013
2.40000003e-009        0.023
2.42000003e-009   0.01433594
2.44000003e-009   0.02361719
2.46000003e-009        0.011
2.48000003e-009   0.02128125
2.50000003e-009   0.01252344
2.52000003e-009   0.02113281
2.54000003e-009   0.01305469
2.56000003e-009        0.023
2.58000003e-009        0.011
2.60000003e-009        0.023
2.62000003e-009  0.009531251
2.64000004e-009   0.02103906
2.66000004e-009   0.01184375
2.68000004e-009        0.023
2.70000004e-009   0.01084375
2.72000004e-009   0.02073438
2.74000004e-009  0.009789063
2.76000004e-009        0.021
2.78000004e-009   0.01060156
2.80000004e-009    0.0196875
2.82000004e-009   0.01051563
2.84000004e-009   0.02060938
2.86000004e-009   0.01055469
2.88000004e-009   0.02148438
2.90000004e-009   0.01022656
2.92000004e-009   0.01864063
2.94000004e-009   0.01064063
2.96000004e-009   0.01871094
2.98000004e-009  0.009585938
3.00000004e-009   0.01990625
3.02000004e-009  0.009968751
3.04000004e-009   0.01945313
3.06000004e-009  0.009000001
3.08000004e-009   0.02010156
3.10000004e-009   0.01046875
3.12000004e-009   0.01892969
3.14000004e-009  0.009109376
3.16000004e-009   0.01779688
3.18000004e-009  0.008257813
3.20000004e-009        0.019
3.22000004e-009  0.008335938
3.24000004e-009   0.01898438
3.26000004e-009  0.008859376
3.28000004e-009        0.019
3.30000004e-009  0.009000001
3.32000004e-009   0.01915625
3.34000004e-009  0.009632813
3.36000004e-009        0.019
3.38000005e-009  0.009000001
3.40000005e-009    0.0176875
3.42000005e-009  0.008257813
3.44000005e-009   0.01689844
3.46000005e-009  0.007171876
3.48000005e-009   0.01577344
3.50000005e-009  0.006656251
3.52000005e-009   0.01651563
3.54000005e-009  0.005695313
3.56000005e-009   0.01570313
3.58000005e-009  0.006671876
3.60000005e-009   0.01584375
3.62000005e-009  0.007867188
3.64000005e-009   0.01840625
3.66000005e-009  0.008320313
3.68000005e-009   0.01715625
3.70000005e-009  0.007000001
3.72000005e-009   0.01721875
3.74000005e-009  0.005882813
3.76000005e-009   0.01711719
3.78000005e-009  0.007000001
3.80000005e-009        0.015
3.82000005e-009  0.007148438
3.84000005e-009   0.01764063
3.86000005e-009  0.005703126
3.88000005e-009   0.01546875
3.90000005e-009  0.005000001
3.92000005e-009   0.01535156
3.94000005e-009  0.006687501
3.96000005e-009   0.01792188
3.98000005e-009  0.007000001
4.00000005e-009        0.017
4.02000005e-009  0.006039063
4.04000005e-009   0.01817188
4.06000005e-009  0.007046876
4.08000005e-009   0.01536719
4.10000005e-009  0.005000001
4.12000006e-009   0.01524219
4.14000006e-009  0.005156251
4.16000006e-009   0.01539844
4.18000006e-009  0.005000001
4.20000006e-009   0.01352344
4.22000006e-009  0.002710938
4.24000006e-009   0.01479688
4.26000006e-009  0.006039063
4.28000006e-009        0.015
4.30000006e-009  0.004390626
4.32000006e-009   0.01525781
4.34000006e-009  0.004367188
4.36000006e-009   0.01376563
4.38000006e-009  0.005000001
4.40000006e-009        0.015
4.42000006e-009  0.002304688
4.44000006e-009   0.01661719
4.46000006e-009  0.005000001
4.48000006e-009        0.013
4.50000006e-009  0.004835938
4.52000006e-009   0.01363281
4.54000006e-009   0.00259375
4.56000006e-009    0.0151875
4.58000006e-009        0.003
4.60000006e-009   0.01349219
4.62000006e-009  0.002523438
4.64000006e-009   0.01705469
4.66000006e-009  0.002664063
4.68000006e-009   0.01408594
4.70000006e-009        0.003
4.72000006e-009   0.01332813
4.74000006e-009  0.004289063
4.76000006e-009   0.01322656
4.78000006e-009  0.002984375
4.80000006e-009        0.013
4.82000006e-009  0.002726563
4.84000006e-009   0.01248438
4.86000006e-009        0.003
4.88000007e-009        0.013
4.90000007e-009        0.003
4.92000007e-009   0.01257031
4.94000007e-009  0.001703125
4.96000007e-009   0.01178906
4.98000007e-009  0.002484375
5.00000007e-009        0.013
