+3.00000000000E+005  -8.65960399525E+001
+7.79850000000E+006  -9.04551018025E+001
+1.52970000000E+007  -8.42798105949E+001
+2.27955000000E+007  -9.85095093405E+001
+3.02940000000E+007  -7.41203921088E+001
+3.77925000000E+007  -7.71862360647E+001
+4.52910000000E+007  -7.21703229444E+001
+5.27895000000E+007  -7.39961865897E+001
+6.02880000000E+007  -6.83578615429E+001
+6.77865000000E+007  -6.71591592779E+001
+7.52850000000E+007  -6.87391390653E+001
+8.27835000000E+007  -7.42723222581E+001
+9.02820000000E+007  -7.02374173219E+001
+9.77805000000E+007  -7.11934601006E+001
+1.05279000000E+008  -8.73542708057E+001
+1.12777500000E+008  -7.16524594548E+001
+1.20276000000E+008  -7.78218027653E+001
+1.27774500000E+008  -6.49898269936E+001
+1.35273000000E+008  -6.47380398854E+001
+1.42771500000E+008  -7.78009626291E+001
+1.50270000000E+008  -7.12442618882E+001
+1.57768500000E+008  -6.87459002964E+001
+1.65267000000E+008  -6.74967967933E+001
+1.72765500000E+008  -6.58929018415E+001
+1.80264000000E+008  -6.58173255807E+001
+1.87762500000E+008  -5.62279264841E+001
+1.95261000000E+008  -6.69035768057E+001
+2.02759500000E+008  -6.87269171113E+001
+2.10258000000E+008  -5.76247832007E+001
+2.17756500000E+008  -6.12829152832E+001
+2.25255000000E+008  -5.87398162936E+001
+2.32753500000E+008  -6.85277856848E+001
+2.40252000000E+008  -5.81270786524E+001
+2.47750500000E+008  -5.69878020742E+001
+2.55249000000E+008  -6.21844623033E+001
+2.62747500000E+008  -6.10091984768E+001
+2.70246000000E+008  -7.02535300888E+001
+2.77744500000E+008  -7.16280147641E+001
+2.85243000000E+008  -6.35582129410E+001
+2.92741500000E+008  -6.73783282385E+001
+3.00240000000E+008  -8.88009390766E+001
+3.07738500000E+008  -6.07862129985E+001
+3.15237000000E+008  -6.16341924774E+001
+3.22735500000E+008  -6.85286147777E+001
+3.30234000000E+008  -5.43780370801E+001
+3.37732500000E+008  -5.50814994892E+001
+3.45231000000E+008  -5.69168354473E+001
+3.52729500000E+008  -7.05206151816E+001
+3.60228000000E+008  -5.97162368235E+001
+3.67726500000E+008  -7.10451638440E+001
+3.75225000000E+008  -6.52504242180E+001
+3.82723500000E+008  -5.82771962701E+001
+3.90222000000E+008  -6.37384319923E+001
+3.97720500000E+008  -6.23157773406E+001
+4.05219000000E+008  -5.08607990640E+001
+4.12717500000E+008  -6.27729356764E+001
+4.20216000000E+008  -5.79311059374E+001
+4.27714500000E+008  -7.61361826434E+001
+4.35213000000E+008  -5.71053377296E+001
+4.42711500000E+008  -6.47175600543E+001
+4.50210000000E+008  -5.14460016503E+001
+4.57708500000E+008  -5.80899683336E+001
+4.65207000000E+008  -6.35318978672E+001
+4.72705500000E+008  -6.09769980226E+001
+4.80204000000E+008  -6.00685238993E+001
+4.87702500000E+008  -5.73147109357E+001
+4.95201000000E+008  -6.63920329273E+001
+5.02699500000E+008  -6.06694305039E+001
+5.10198000000E+008  -6.89384903742E+001
+5.17696500000E+008  -5.71038051788E+001
+5.25195000000E+008  -5.85039752954E+001
+5.32693500000E+008  -5.88592041209E+001
+5.40192000000E+008  -6.16622830312E+001
+5.47690500000E+008  -6.26071664603E+001
+5.55189000000E+008  -5.67163339273E+001
+5.62687500000E+008  -6.89063217767E+001
+5.70186000000E+008  -6.42866129351E+001
+5.77684500000E+008  -5.86768418426E+001
+5.85183000000E+008  -6.33898783440E+001
+5.92681500000E+008  -6.15535847993E+001
+6.00180000000E+008  -6.73364697143E+001
+6.07678500000E+008  -6.49087697685E+001
+6.15177000000E+008  -6.32618434862E+001
+6.22675500000E+008  -6.48998008414E+001
+6.30174000000E+008  -5.93919848710E+001
+6.37672500000E+008  -5.88835930349E+001
+6.45171000000E+008  -5.60689981433E+001
+6.52669500000E+008  -5.73137767552E+001
+6.60168000000E+008  -6.27550500506E+001
+6.67666500000E+008  -5.79521791611E+001
+6.75165000000E+008  -6.19694977636E+001
+6.82663500000E+008  -6.74349931991E+001
+6.90162000000E+008  -5.69834353950E+001
+6.97660500000E+008  -6.02801860689E+001
+7.05159000000E+008  -5.96131847078E+001
+7.12657500000E+008  -5.71438462314E+001
+7.20156000000E+008  -6.08251943616E+001
+7.27654500000E+008  -7.68747234690E+001
+7.35153000000E+008  -6.15996473599E+001
+7.42651500000E+008  -6.31735593847E+001
+7.50150000000E+008  -6.63190801019E+001
+7.57648500000E+008  -6.58309670922E+001
+7.65147000000E+008  -6.42184681762E+001
+7.72645500000E+008  -6.51639984353E+001
+7.80144000000E+008  -7.33275606392E+001
+7.87642500000E+008  -5.74519709104E+001
+7.95141000000E+008  -5.65924960011E+001
+8.02639500000E+008  -6.39005443788E+001
+8.10138000000E+008  -7.38023741972E+001
+8.17636500000E+008  -5.76668796117E+001
+8.25135000000E+008  -6.83440002984E+001
+8.32633500000E+008  -7.68325049368E+001
+8.40132000000E+008  -6.04654949614E+001
+8.47630500000E+008  -7.14290074976E+001
+8.55129000000E+008  -6.26381010445E+001
+8.62627500000E+008  -7.29062707925E+001
+8.70126000000E+008  -6.89509832387E+001
+8.77624500000E+008  -6.50341259200E+001
+8.85123000000E+008  -7.11350477289E+001
+8.92621500000E+008  -6.04421267475E+001
+9.00120000000E+008  -7.76953006975E+001
+9.07618500000E+008  -6.41591384199E+001
+9.15117000000E+008  -6.12546108949E+001
+9.22615500000E+008  -7.04016719362E+001
+9.30114000000E+008  -6.48526282571E+001
+9.37612500000E+008  -6.64561603787E+001
+9.45111000000E+008  -6.84193666920E+001
+9.52609500000E+008  -6.71100581588E+001
+9.60108000000E+008  -6.55113923142E+001
+9.67606500000E+008  -7.57174401721E+001
+9.75105000000E+008  -6.43164215169E+001
+9.82603500000E+008  -6.34472150477E+001
+9.90102000000E+008  -7.37134946720E+001
+9.97600500000E+008  -7.30458965137E+001
+1.00509900000E+009  -6.81015427229E+001
+1.01259750000E+009  -6.57522161900E+001
+1.02009600000E+009  -6.69687857905E+001
+1.02759450000E+009  -7.37930458149E+001
+1.03509300000E+009  -8.58997776898E+001
+1.04259150000E+009  -7.70904015864E+001
+1.05009000000E+009  -6.24785605887E+001
+1.05758850000E+009  -6.56182990349E+001
+1.06508700000E+009  -6.91914086212E+001
+1.07258550000E+009  -6.67214120621E+001
+1.08008400000E+009  -6.96713704134E+001
+1.08758250000E+009  -6.96344566046E+001
+1.09508100000E+009  -6.88027715804E+001
+1.10257950000E+009  -6.56899114305E+001
+1.11007800000E+009  -6.81412646985E+001
+1.11757650000E+009  -6.39919928981E+001
+1.12507500000E+009  -6.22747396415E+001
+1.13257350000E+009  -6.49549342673E+001
+1.14007200000E+009  -7.20876822350E+001
+1.14757050000E+009  -6.22892992610E+001
+1.15506900000E+009  -6.94011913747E+001
+1.16256750000E+009  -7.24288843150E+001
+1.17006600000E+009  -7.13932231035E+001
+1.17756450000E+009  -7.07137106713E+001
+1.18506300000E+009  -6.76277254818E+001
+1.19256150000E+009  -7.09623948565E+001
+1.20006000000E+009  -7.94665857563E+001
+1.20755850000E+009  -7.07811209906E+001
+1.21505700000E+009  -8.27553395454E+001
+1.22255550000E+009  -7.20752506651E+001
+1.23005400000E+009  -7.56760032639E+001
+1.23755250000E+009  -6.75892365348E+001
+1.24505100000E+009  -6.39490867913E+001
+1.25254950000E+009  -7.03842042951E+001
+1.26004800000E+009  -8.01845039963E+001
+1.26754650000E+009  -7.37492758634E+001
+1.27504500000E+009  -7.09770649546E+001
+1.28254350000E+009  -7.83954804564E+001
+1.29004200000E+009  -6.67183378399E+001
+1.29754050000E+009  -7.47871721477E+001
+1.30503900000E+009  -7.08284153543E+001
+1.31253750000E+009  -6.66614786204E+001
+1.32003600000E+009  -7.02669250778E+001
+1.32753450000E+009  -7.03836614324E+001
+1.33503300000E+009  -6.89473940263E+001
+1.34253150000E+009  -6.77186298619E+001
+1.35003000000E+009  -8.92149053253E+001
+1.35752850000E+009  -6.81551402474E+001
+1.36502700000E+009  -7.03957938614E+001
+1.37252550000E+009  -7.46012419067E+001
+1.38002400000E+009  -7.10873842466E+001
+1.38752250000E+009  -6.62968037342E+001
+1.39502100000E+009  -7.48751894783E+001
+1.40251950000E+009  -6.93037482266E+001
+1.41001800000E+009  -7.67440442947E+001
+1.41751650000E+009  -7.43961542157E+001
+1.42501500000E+009  -6.56882470650E+001
+1.43251350000E+009  -7.87292085857E+001
+1.44001200000E+009  -8.06597823270E+001
+1.44751050000E+009  -8.19575257042E+001
+1.45500900000E+009  -7.06316416540E+001
+1.46250750000E+009  -6.68683963832E+001
+1.47000600000E+009  -7.22869594617E+001
+1.47750450000E+009  -7.20452489356E+001
+1.48500300000E+009  -8.01876458584E+001
+1.49250150000E+009  -7.43025835670E+001
+1.50000000000E+009  -7.11925544117E+001
