-2.49000003e-009 -0.008476563
-2.48000003e-009  -0.00840625
-2.47000003e-009 -0.008359375
-2.46000003e-009 -0.008398438
-2.45000003e-009 -0.008460938
-2.44000003e-009 -0.008539063
-2.43000003e-009 -0.008601563
-2.42000003e-009 -0.008601563
-2.41000003e-009 -0.008515625
-2.40000003e-009 -0.008390625
-2.39000003e-009 -0.008195313
-2.38000003e-009 -0.007976563
-2.37000003e-009 -0.007773438
-2.36000003e-009 -0.007664063
-2.35000003e-009 -0.007578125
-2.34000003e-009 -0.007523438
-2.33000003e-009 -0.007570313
-2.32000003e-009 -0.007601563
-2.31000003e-009 -0.007648438
-2.30000003e-009 -0.007664063
-2.29000003e-009 -0.007679688
-2.28000003e-009  -0.00765625
-2.27000003e-009 -0.007601563
-2.26000003e-009 -0.007570313
-2.25000003e-009 -0.007617188
-2.24000003e-009 -0.007632813
-2.23000003e-009 -0.007679688
-2.22000003e-009 -0.007703125
-2.21000003e-009 -0.007742188
-2.20000003e-009 -0.007734375
-2.19000003e-009    -0.007625
-2.18000003e-009 -0.007460938
-2.17000003e-009 -0.007234375
-2.16000003e-009 -0.006976562
-2.15000003e-009 -0.006671875
-2.14000003e-009 -0.006421875
-2.13000003e-009  -0.00615625
-2.12000003e-009 -0.005976562
-2.11000003e-009  -0.00584375
-2.10000003e-009 -0.005796875
-2.09000003e-009 -0.005742187
-2.08000003e-009 -0.005726562
-2.07000003e-009 -0.005703125
-2.06000003e-009  -0.00565625
-2.05000003e-009 -0.005554687
-2.04000003e-009 -0.005429687
-2.03000003e-009 -0.005289062
-2.02000003e-009 -0.005132812
-2.01000003e-009 -0.005046875
-2.00000003e-009 -0.004976562
-1.99000003e-009 -0.004914062
-1.98000003e-009 -0.004882812
-1.97000003e-009 -0.004867187
-1.96000003e-009 -0.004773437
-1.95000003e-009 -0.004640625
-1.94000003e-009 -0.004453125
-1.93000003e-009 -0.004296875
-1.92000003e-009    -0.004125
-1.91000003e-009       -0.004
-1.90000003e-009 -0.003992187
-1.89000003e-009 -0.003976562
-1.88000003e-009 -0.003976562
-1.87000002e-009 -0.003984375
-1.86000002e-009 -0.003953125
-1.85000002e-009 -0.003851562
-1.84000002e-009 -0.003695312
-1.83000002e-009      -0.0035
-1.82000002e-009 -0.003320312
-1.81000002e-009  -0.00321875
-1.80000002e-009 -0.003164062
-1.79000002e-009 -0.003171875
-1.78000002e-009 -0.003226562
-1.77000002e-009 -0.003296875
-1.76000002e-009  -0.00334375
-1.75000002e-009 -0.003296875
-1.74000002e-009   -0.0031875
-1.73000002e-009 -0.003070312
-1.72000002e-009 -0.002851562
-1.71000002e-009 -0.002703125
-1.70000002e-009 -0.002601562
-1.69000002e-009 -0.002539062
-1.68000002e-009 -0.002601562
-1.67000002e-009 -0.002570312
-1.66000002e-009 -0.002546875
-1.65000002e-009 -0.002492187
-1.64000002e-009 -0.002382812
-1.63000002e-009     -0.00225
-1.62000002e-009   -0.0020625
-1.61000002e-009 -0.001960937
-1.60000002e-009 -0.001921875
-1.59000002e-009    -0.001875
-1.58000002e-009 -0.001898437
-1.57000002e-009 -0.001898437
-1.56000002e-009 -0.001929687
-1.55000002e-009 -0.001929687
-1.54000002e-009 -0.001867187
-1.53000002e-009 -0.001796875
-1.52000002e-009     -0.00175
-1.51000002e-009 -0.001726562
-1.50000002e-009 -0.001757812
-1.49000002e-009 -0.001835937
-1.48000002e-009   -0.0019375
-1.47000002e-009  -0.00203125
-1.46000002e-009  -0.00209375
-1.45000002e-009 -0.002132812
-1.44000002e-009 -0.002101562
-1.43000002e-009       -0.002
-1.42000002e-009    -0.001875
-1.41000002e-009 -0.001734375
-1.40000002e-009 -0.001578125
-1.39000002e-009 -0.001445312
-1.38000002e-009    -0.001375
-1.37000002e-009   -0.0013125
-1.36000002e-009 -0.001296875
-1.35000002e-009     -0.00125
-1.34000002e-009   -0.0013125
-1.33000002e-009 -0.001320312
-1.32000002e-009 -0.001335937
-1.31000002e-009 -0.001320312
-1.30000002e-009  -0.00128125
-1.29000002e-009  -0.00121875
-1.28000002e-009 -0.001117187
-1.27000002e-009 -0.001085937
-1.26000002e-009 -0.001054687
-1.25000002e-009   -0.0010625
-1.24000002e-009 -0.001109375
-1.23000002e-009 -0.001234375
-1.22000002e-009 -0.001382812
-1.21000002e-009 -0.001492187
-1.20000002e-009   -0.0015625
-1.19000002e-009 -0.001609375
-1.18000002e-009  -0.00153125
-1.17000002e-009  -0.00146875
-1.16000002e-009    -0.001375
-1.15000002e-009 -0.001289062
-1.14000002e-009 -0.001242187
-1.13000002e-009  -0.00128125
-1.12000001e-009  -0.00134375
-1.11000001e-009 -0.001429687
-1.10000001e-009 -0.001539062
-1.09000001e-009   -0.0016875
-1.08000001e-009 -0.001789062
-1.07000001e-009  -0.00184375
-1.06000001e-009 -0.001867187
-1.05000001e-009  -0.00184375
-1.04000001e-009 -0.001796875
-1.03000001e-009  -0.00178125
-1.02000001e-009 -0.001757812
-1.01000001e-009 -0.001742187
-1.00000001e-009   -0.0018125
-9.90000013e-010 -0.001929687
-9.80000013e-010 -0.002046875
-9.70000013e-010 -0.002203125
-9.60000013e-010 -0.002359375
-9.50000013e-010 -0.002492187
-9.40000013e-010 -0.002601562
-9.30000012e-010 -0.002640625
-9.20000012e-010 -0.002632812
-9.10000012e-010 -0.002570312
-9.00000012e-010 -0.002523437
-8.90000012e-010 -0.002484375
-8.80000012e-010  -0.00246875
-8.70000012e-010 -0.002539062
-8.60000011e-010    -0.002625
-8.50000011e-010 -0.002742187
-8.40000011e-010 -0.002867187
-8.30000011e-010  -0.00296875
-8.20000011e-010   -0.0030625
-8.10000011e-010    -0.003125
-8.00000011e-010  -0.00321875
-7.90000011e-010 -0.003351562
-7.8000001e-010   -0.0035625
-7.7000001e-010  -0.00384375
-7.6000001e-010 -0.004164062
-7.5000001e-010 -0.004554687
-7.4000001e-010  -0.00503125
-7.3000001e-010 -0.005507812
-7.2000001e-010 -0.006085937
-7.10000009e-010  -0.00665625
-7.00000009e-010 -0.007242187
-6.90000009e-010 -0.007984375
-6.80000009e-010 -0.008859375
-6.70000009e-010  -0.00996875
-6.60000009e-010  -0.01125781
-6.50000009e-010  -0.01279688
-6.40000009e-010  -0.01470313
-6.30000008e-010  -0.01690625
-6.20000008e-010  -0.01964063
-6.10000008e-010  -0.02277344
-6.00000008e-010  -0.02636719
-5.90000008e-010  -0.03054688
-5.80000008e-010  -0.03529688
-5.70000008e-010  -0.04067188
-5.60000007e-010  -0.04663281
-5.50000007e-010  -0.05310156
-5.40000007e-010  -0.06016407
-5.30000007e-010  -0.06771094
-5.20000007e-010   -0.0756875
-5.10000007e-010  -0.08397657
-5.00000007e-010  -0.09246875
-4.90000007e-010   -0.1011172
-4.80000006e-010   -0.1096328
-4.70000006e-010   -0.1178828
-4.60000006e-010     -0.12575
-4.50000006e-010   -0.1330547
-4.40000006e-010   -0.1397109
-4.30000006e-010   -0.1455313
-4.20000006e-010   -0.1505156
-4.10000005e-010     -0.15475
-4.00000005e-010   -0.1581094
-3.90000005e-010    -0.160625
-3.80000005e-010   -0.1624375
-3.70000005e-010   -0.1634531
-3.60000005e-010    -0.163875
-3.50000005e-010   -0.1637656
-3.40000005e-010   -0.1632188
-3.30000004e-010   -0.1622813
-3.20000004e-010   -0.1610156
-3.10000004e-010   -0.1596328
-3.00000004e-010   -0.1581719
-2.90000004e-010   -0.1565547
-2.80000004e-010   -0.1548594
-2.70000004e-010   -0.1530391
-2.60000003e-010   -0.1512109
-2.50000003e-010   -0.1493125
-2.40000003e-010     -0.14725
-2.30000003e-010   -0.1451563
-2.20000003e-010   -0.1428047
-2.10000003e-010   -0.1403281
-2.00000003e-010   -0.1375938
-1.90000003e-010   -0.1344922
-1.80000002e-010   -0.1309922
-1.70000002e-010   -0.1269375
-1.60000002e-010   -0.1223438
-1.50000002e-010   -0.1171641
-1.40000002e-010   -0.1114375
-1.30000002e-010   -0.1051719
-1.20000002e-010  -0.09829688
-1.10000001e-010  -0.09107813
-1.00000001e-010  -0.08348438
-9.00000012e-011  -0.07555469
-8.00000011e-011  -0.06739844
-7.00000009e-011  -0.05908594
-6.00000008e-011  -0.05070313
-5.00000007e-011  -0.04235938
-4.00000005e-011  -0.03416406
-3.00000004e-011  -0.02628906
-2.00000003e-011  -0.01882813
-1.00000001e-011  -0.01186719
           0 -0.005523437
1.00000001e-011 0.0001328129
2.00000003e-011  0.005031251
3.00000004e-011  0.009179688
4.00000005e-011   0.01266406
5.00000007e-011       0.0155
6.00000008e-011   0.01775781
7.00000009e-011    0.0194375
8.00000011e-011   0.02057031
9.00000012e-011   0.02139844
1.00000001e-010   0.02174219
1.10000001e-010   0.02170313
1.20000002e-010   0.02136719
1.30000002e-010   0.02071875
1.40000002e-010   0.01994531
1.50000002e-010   0.01907031
1.60000002e-010    0.0181875
1.70000002e-010   0.01742188
1.80000002e-010   0.01676563
1.90000003e-010   0.01645313
2.00000003e-010    0.0163125
2.10000003e-010   0.01644531
2.20000003e-010   0.01678125
2.30000003e-010   0.01732813
2.40000003e-010   0.01810156
2.50000003e-010   0.01907813
2.60000003e-010   0.02021875
2.70000004e-010   0.02153906
2.80000004e-010   0.02297656
2.90000004e-010   0.02450781
3.00000004e-010   0.02603125
3.10000004e-010       0.0275
3.20000004e-010      0.02875
3.30000004e-010   0.02976563
3.40000005e-010   0.03046094
3.50000005e-010   0.03089844
3.60000005e-010   0.03096094
3.70000005e-010   0.03083594
3.80000005e-010   0.03044531
3.90000005e-010   0.02997656
4.00000005e-010   0.02933594
4.10000005e-010   0.02858594
4.20000006e-010   0.02776563
4.30000006e-010   0.02692188
4.40000006e-010   0.02603125
4.50000006e-010   0.02514063
4.60000006e-010   0.02428906
4.70000006e-010   0.02348438
4.80000006e-010   0.02285156
4.90000007e-010   0.02234375
5.00000007e-010   0.02194531
5.10000007e-010   0.02173438
5.20000007e-010   0.02161719
5.30000007e-010   0.02152344
5.40000007e-010   0.02146875
5.50000007e-010   0.02146094
5.60000007e-010   0.02146094
5.70000008e-010   0.02145313
5.80000008e-010   0.02146875
5.90000008e-010   0.02152344
6.00000008e-010     0.021625
6.10000008e-010   0.02174219
6.20000008e-010   0.02189844
6.30000008e-010   0.02202344
6.40000009e-010     0.022125
6.50000009e-010   0.02216406
6.60000009e-010   0.02214844
6.70000009e-010        0.022
6.80000009e-010   0.02178125
6.90000009e-010   0.02144531
7.00000009e-010   0.02102344
7.10000009e-010   0.02060156
7.2000001e-010   0.02009375
7.3000001e-010     0.019625
7.4000001e-010   0.01915625
7.5000001e-010   0.01872656
7.6000001e-010   0.01833594
7.7000001e-010        0.018
7.8000001e-010   0.01767969
7.90000011e-010   0.01741406
8.00000011e-010   0.01716406
8.10000011e-010        0.017
8.20000011e-010   0.01685938
8.30000011e-010   0.01680469
8.40000011e-010   0.01682031
8.50000011e-010   0.01688281
8.60000011e-010   0.01699219
8.70000012e-010     0.017125
8.80000012e-010   0.01725781
8.90000012e-010   0.01736719
9.00000012e-010       0.0175
9.10000012e-010   0.01763281
9.20000012e-010      0.01775
9.30000012e-010   0.01789844
9.40000013e-010   0.01810938
9.50000013e-010   0.01833594
9.60000013e-010   0.01860156
9.70000013e-010   0.01891406
9.80000013e-010   0.01917188
9.90000013e-010   0.01944531
1.00000001e-009   0.01964844
1.01000001e-009   0.01989844
1.02000001e-009   0.02002344
1.03000001e-009   0.02010938
1.04000001e-009   0.02017969
1.05000001e-009   0.02017969
1.06000001e-009   0.02020313
1.07000001e-009   0.02025781
1.08000001e-009   0.02029688
1.09000001e-009   0.02034375
1.10000001e-009   0.02046875
1.11000001e-009   0.02060156
1.12000001e-009   0.02071875
1.13000002e-009   0.02086719
1.14000002e-009   0.02109375
1.15000002e-009   0.02128125
1.16000002e-009   0.02149219
1.17000002e-009   0.02174219
1.18000002e-009   0.02202344
1.19000002e-009   0.02232813
1.20000002e-009   0.02270313
1.21000002e-009   0.02305469
1.22000002e-009   0.02342969
1.23000002e-009   0.02376563
1.24000002e-009   0.02403125
1.25000002e-009   0.02424219
1.26000002e-009   0.02441406
1.27000002e-009   0.02453906
1.28000002e-009   0.02464844
1.29000002e-009   0.02469531
1.30000002e-009      0.02475
1.31000002e-009    0.0248125
1.32000002e-009   0.02485938
1.33000002e-009   0.02490625
1.34000002e-009   0.02492969
1.35000002e-009   0.02492969
1.36000002e-009   0.02498438
1.37000002e-009   0.02503906
1.38000002e-009   0.02510156
1.39000002e-009   0.02519531
1.40000002e-009   0.02528125
1.41000002e-009   0.02535156
1.42000002e-009   0.02541406
1.43000002e-009   0.02535938
1.44000002e-009   0.02528125
1.45000002e-009   0.02510938
1.46000002e-009   0.02490625
1.47000002e-009   0.02465625
1.48000002e-009   0.02449219
1.49000002e-009   0.02428906
1.50000002e-009   0.02407031
1.51000002e-009   0.02396875
1.52000002e-009   0.02379688
1.53000002e-009   0.02363281
1.54000002e-009   0.02342188
1.55000002e-009   0.02324219
1.56000002e-009   0.02296875
1.57000002e-009   0.02269531
1.58000002e-009   0.02239844
1.59000002e-009   0.02207813
1.60000002e-009      0.02175
1.61000002e-009   0.02142188
1.62000002e-009   0.02108594
1.63000002e-009   0.02076563
1.64000002e-009   0.02050781
1.65000002e-009   0.02028125
1.66000002e-009   0.02014063
1.67000002e-009   0.02004688
1.68000002e-009   0.02002344
1.69000002e-009   0.02000781
1.70000002e-009   0.01997656
1.71000002e-009   0.01990625
1.72000002e-009   0.01978125
1.73000002e-009   0.01957813
1.74000002e-009   0.01927344
1.75000002e-009   0.01892188
1.76000002e-009   0.01861719
1.77000002e-009   0.01832813
1.78000002e-009   0.01815625
1.79000002e-009   0.01805469
1.80000002e-009   0.01804688
1.81000002e-009   0.01810938
1.82000002e-009   0.01816406
1.83000002e-009      0.01825
1.84000002e-009   0.01828906
1.85000002e-009   0.01832813
1.86000002e-009   0.01829688
1.87000002e-009   0.01822656
1.88000003e-009    0.0181875
1.89000003e-009   0.01814063
1.90000003e-009     0.018125
1.91000003e-009   0.01814844
1.92000003e-009   0.01817188
1.93000003e-009   0.01814844
1.94000003e-009   0.01817969
1.95000003e-009   0.01814063
1.96000003e-009   0.01814063
1.97000003e-009   0.01817969
1.98000003e-009   0.01821094
1.99000003e-009   0.01832813
2.00000003e-009    0.0184375
2.01000003e-009   0.01855469
2.02000003e-009   0.01867188
2.03000003e-009   0.01873438
2.04000003e-009   0.01880469
2.05000003e-009   0.01879688
2.06000003e-009   0.01876563
2.07000003e-009   0.01865625
2.08000003e-009     0.018625
2.09000003e-009   0.01853906
2.10000003e-009   0.01854688
2.11000003e-009   0.01857031
2.12000003e-009   0.01863281
2.13000003e-009   0.01871875
2.14000003e-009   0.01880469
2.15000003e-009   0.01890625
2.16000003e-009   0.01898438
2.17000003e-009    0.0190625
2.18000003e-009   0.01914844
2.19000003e-009    0.0191875
2.20000003e-009   0.01926563
2.21000003e-009   0.01932031
2.22000003e-009   0.01935938
2.23000003e-009   0.01944531
2.24000003e-009   0.01947656
2.25000003e-009    0.0195625
2.26000003e-009   0.01963281
2.27000003e-009   0.01971094
2.28000003e-009   0.01974219
2.29000003e-009   0.01973438
2.30000003e-009   0.01971094
2.31000003e-009   0.01964844
2.32000003e-009   0.01953125
2.33000003e-009   0.01944531
2.34000003e-009   0.01932813
2.35000003e-009   0.01924219
2.36000003e-009   0.01914063
2.37000003e-009   0.01908594
2.38000003e-009   0.01903906
2.39000003e-009   0.01896875
2.40000003e-009   0.01886719
2.41000003e-009   0.01878906
2.42000003e-009   0.01870313
2.43000003e-009   0.01857031
2.44000003e-009   0.01849219
2.45000003e-009   0.01844531
2.46000003e-009   0.01833594
2.47000003e-009   0.01827344
2.48000003e-009   0.01817969
2.49000003e-009   0.01807813
2.50000003e-009   0.01799219
