-1.24500002e-009   -0.0065625
-1.24000002e-009  0.003585938
-1.23500002e-009 -0.005882812
-1.23000002e-009  0.003054688
-1.22500002e-009 -0.006015625
-1.22000002e-009  0.002859375
-1.21500002e-009       -0.007
-1.21000002e-009   0.00290625
-1.20500002e-009    -0.007125
-1.20000002e-009        0.003
-1.19500002e-009 -0.006515625
-1.19000002e-009  0.003867188
-1.18500002e-009 -0.007484375
-1.18000002e-009  0.003679688
-1.17500002e-009 -0.008007813
-1.17000002e-009  0.003312501
-1.16500002e-009 -0.007851563
-1.16000002e-009  0.003484376
-1.15500002e-009       -0.007
-1.15000002e-009  0.003117188
-1.14500002e-009 -0.005695312
-1.14000002e-009  0.002367188
-1.13500002e-009 -0.006007812
-1.13000002e-009    0.0028125
-1.12500002e-009 -0.006132812
-1.12000001e-009  0.003234376
-1.11500001e-009 -0.005882812
-1.11000001e-009  0.004640626
-1.10500001e-009 -0.005859375
-1.10000001e-009  0.005000001
-1.09500001e-009 -0.005695312
-1.09000001e-009  0.004070313
-1.08500001e-009 -0.005445312
-1.08000001e-009        0.003
-1.07500001e-009 -0.006007812
-1.07000001e-009        0.003
-1.06500001e-009       -0.007
-1.06000001e-009  0.003492188
-1.05500001e-009 -0.006554687
-1.05000001e-009   0.00315625
-1.04500001e-009  -0.00571875
-1.04000001e-009        0.003
-1.03500001e-009  -0.00640625
-1.03000001e-009  0.001664063
-1.02500001e-009 -0.006335937
-1.02000001e-009  0.002703125
-1.01500001e-009 -0.006890625
-1.01000001e-009  0.003406251
-1.00500001e-009  -0.00696875
-1.00000001e-009  0.003625001
-9.95000013e-010   -0.0066875
-9.90000013e-010  0.003328126
-9.85000013e-010  -0.00740625
-9.80000013e-010        0.003
-9.75000013e-010 -0.007429688
-9.70000013e-010        0.003
-9.65000013e-010 -0.006546875
-9.60000013e-010  0.003312501
-9.55000013e-010 -0.006601562
-9.50000013e-010  0.002890625
-9.45000013e-010       -0.007
-9.40000013e-010     0.001875
-9.35000012e-010       -0.007
-9.30000012e-010   0.00165625
-9.25000012e-010 -0.006453125
-9.20000012e-010  0.001921875
-9.15000012e-010       -0.007
-9.10000012e-010  0.001890625
-9.05000012e-010  -0.00753125
-9.00000012e-010  0.001414063
-8.95000012e-010   -0.0076875
-8.90000012e-010  0.001351563
-8.85000012e-010 -0.007335937
-8.80000012e-010  0.001101563
-8.75000012e-010 -0.007898438
-8.70000012e-010  0.001015625
-8.65000012e-010    -0.009125
-8.60000011e-010  0.001015625
-8.55000011e-010 -0.009328125
-8.50000011e-010      0.00125
-8.45000011e-010 -0.008515625
-8.40000011e-010  0.001226563
-8.35000011e-010       -0.008
-8.30000011e-010        0.001
-8.25000011e-010 -0.007804688
-8.20000011e-010 0.0005781254
-8.15000011e-010 -0.007664063
-8.10000011e-010        0.001
-8.05000011e-010  -0.00771875
-8.00000011e-010 0.0006953129
-7.95000011e-010     -0.00875
-7.90000011e-010 0.0007343754
-7.8500001e-010    -0.009125
-7.8000001e-010 -0.0005703122
-7.7500001e-010       -0.009
-7.7000001e-010 -0.001601562
-7.6500001e-010  -0.01071094
-7.6000001e-010 -0.001054687
-7.5500001e-010  -0.01148438
-7.5000001e-010  -0.00203125
-7.4500001e-010  -0.01186719
-7.4000001e-010 -0.003289062
-7.3500001e-010  -0.01169531
-7.3000001e-010 -0.003984375
-7.2500001e-010     -0.01225
-7.2000001e-010 -0.004539062
-7.1500001e-010  -0.01326563
-7.10000009e-010       -0.005
-7.05000009e-010  -0.01542969
-7.00000009e-010 -0.005179687
-6.95000009e-010  -0.01671875
-6.90000009e-010 -0.005679687
-6.85000009e-010  -0.01754688
-6.80000009e-010   -0.0081875
-6.75000009e-010  -0.02061719
-6.70000009e-010  -0.01130469
-6.65000009e-010       -0.023
-6.60000009e-010       -0.013
-6.55000009e-010  -0.02541406
-6.50000009e-010     -0.01625
-6.45000009e-010  -0.02878906
-6.40000009e-010  -0.02022656
-6.35000008e-010  -0.03342188
-6.30000008e-010  -0.02477344
-6.25000008e-010  -0.03792188
-6.20000008e-010  -0.02951563
-6.15000008e-010  -0.04352344
-6.10000008e-010  -0.03311719
-6.05000008e-010  -0.04959375
-6.00000008e-010  -0.03844531
-5.95000008e-010  -0.05539844
-5.90000008e-010  -0.04507813
-5.85000008e-010       -0.061
-5.80000008e-010  -0.05207031
-5.75000008e-010  -0.06755469
-5.70000008e-010  -0.05945313
-5.65000008e-010  -0.07551563
-5.60000007e-010  -0.06749219
-5.55000007e-010  -0.08417188
-5.50000007e-010  -0.07632032
-5.45000007e-010  -0.09299219
-5.40000007e-010    -0.084375
-5.35000007e-010   -0.1013828
-5.30000007e-010  -0.09266407
-5.25000007e-010   -0.1101328
-5.20000007e-010   -0.1017422
-5.15000007e-010   -0.1190625
-5.10000007e-010   -0.1103281
-5.05000007e-010   -0.1272578
-5.00000007e-010   -0.1176641
-4.95000007e-010   -0.1349141
-4.90000007e-010   -0.1241563
-4.85000006e-010   -0.1423125
-4.80000006e-010   -0.1305547
-4.75000006e-010   -0.1498672
-4.70000006e-010   -0.1368672
-4.65000006e-010   -0.1554141
-4.60000006e-010       -0.143
-4.55000006e-010   -0.1607031
-4.50000006e-010   -0.1466953
-4.45000006e-010   -0.1647813
-4.40000006e-010   -0.1501172
-4.35000006e-010   -0.1675625
-4.30000006e-010   -0.1534141
-4.25000006e-010       -0.169
-4.20000006e-010   -0.1559219
-4.15000006e-010       -0.169
-4.10000005e-010   -0.1577891
-4.05000005e-010   -0.1698672
-4.00000005e-010   -0.1585156
-3.95000005e-010   -0.1702109
-3.90000005e-010   -0.1587578
-3.85000005e-010      -0.1695
-3.80000005e-010   -0.1585859
-3.75000005e-010   -0.1684922
-3.70000005e-010   -0.1571719
-3.65000005e-010   -0.1675313
-3.60000005e-010   -0.1540234
-3.55000005e-010   -0.1663281
-3.50000005e-010   -0.1518125
-3.45000005e-010       -0.165
-3.40000005e-010   -0.1507188
-3.35000004e-010   -0.1629141
-3.30000004e-010   -0.1506875
-3.25000004e-010   -0.1624141
-3.20000004e-010   -0.1500156
-3.15000004e-010   -0.1616094
-3.10000004e-010   -0.1478281
-3.05000004e-010   -0.1594141
-3.00000004e-010   -0.1456563
-2.95000004e-010    -0.155875
-2.90000004e-010   -0.1439141
-2.85000004e-010   -0.1552656
-2.80000004e-010   -0.1423047
-2.75000004e-010   -0.1538203
-2.70000004e-010   -0.1410547
-2.65000004e-010   -0.1516328
-2.60000003e-010   -0.1384688
-2.55000003e-010   -0.1490625
-2.50000003e-010   -0.1352734
-2.45000003e-010   -0.1472422
-2.40000003e-010   -0.1321953
-2.35000003e-010   -0.1453125
-2.30000003e-010   -0.1298906
-2.25000003e-010       -0.143
-2.20000003e-010   -0.1266094
-2.15000003e-010   -0.1387422
-2.10000003e-010   -0.1219531
-2.05000003e-010   -0.1335391
-2.00000003e-010   -0.1175078
-1.95000003e-010   -0.1286172
-1.90000003e-010   -0.1128672
-1.85000002e-010   -0.1235469
-1.80000002e-010       -0.107
-1.75000002e-010   -0.1179844
-1.70000002e-010   -0.1008828
-1.65000002e-010   -0.1116406
-1.60000002e-010  -0.09432813
-1.55000002e-010   -0.1049609
-1.50000002e-010  -0.08714063
-1.45000002e-010       -0.098
-1.40000002e-010  -0.07926563
-1.35000002e-010     -0.09075
-1.30000002e-010  -0.07079688
-1.25000002e-010  -0.08299219
-1.20000002e-010  -0.06260938
-1.15000002e-010  -0.07452344
-1.10000001e-010  -0.05478906
-1.05000001e-010  -0.06625782
-1.00000001e-010  -0.04738281
-9.50000013e-011       -0.059
-9.00000012e-011    -0.040375
-8.50000011e-011  -0.05092969
-8.00000011e-011   -0.0326875
-7.5000001e-011  -0.04196875
-7.00000009e-011     -0.02325
-6.50000009e-011  -0.03259375
-6.00000008e-011  -0.01541406
-5.50000007e-011   -0.0236875
-5.00000007e-011 -0.009148438
-4.50000006e-011  -0.01651563
-4.00000005e-011    -0.003625
-3.50000005e-011 -0.009757813
-3.00000004e-011  0.003101563
-2.50000003e-011    -0.004125
-2.00000003e-011  0.008937501
-1.50000002e-011        0.001
-1.00000001e-011   0.01363281
-5.00000007e-012  0.004984376
           0        0.017
5.00000007e-012  0.007812501
1.00000001e-011    0.0203125
1.50000002e-011   0.01047656
2.00000003e-011    0.0251875
2.50000003e-011   0.01267969
3.00000004e-011   0.02779688
3.50000005e-011   0.01455469
4.00000005e-011   0.02823438
4.50000006e-011    0.0163125
5.00000007e-011   0.02742969
5.50000007e-011   0.01609375
6.00000008e-011   0.02814844
6.50000009e-011   0.01595313
7.00000009e-011    0.0283125
7.5000001e-011    0.0165625
8.00000011e-011   0.02764844
8.50000011e-011   0.01658594
9.00000012e-011   0.02605469
9.50000013e-011   0.01614844
1.00000001e-010        0.025
1.05000001e-010   0.01474219
1.10000001e-010        0.025
1.15000002e-010   0.01330469
1.20000002e-010   0.02471094
1.25000002e-010   0.01276563
1.30000002e-010   0.02478906
1.35000002e-010   0.01171875
1.40000002e-010   0.02388281
1.45000002e-010   0.01041406
1.50000002e-010   0.02271094
1.55000002e-010     0.010375
1.60000002e-010   0.02301563
1.65000002e-010   0.01148438
1.70000002e-010   0.02282031
1.75000002e-010   0.01235156
1.80000002e-010   0.02300781
1.85000002e-010   0.01133594
1.90000003e-010   0.02317188
1.95000003e-010   0.01074219
2.00000003e-010   0.02353125
2.05000003e-010   0.01085938
2.10000003e-010   0.02405469
2.15000003e-010    0.0118125
2.20000003e-010   0.02467188
2.25000003e-010       0.0135
2.30000003e-010   0.02626563
2.35000003e-010   0.01574219
2.40000003e-010   0.02742969
2.45000003e-010   0.01783594
2.50000003e-010   0.02786719
2.55000003e-010   0.01985156
2.60000003e-010        0.029
2.65000004e-010        0.021
2.70000004e-010        0.031
2.75000004e-010   0.02153125
2.80000004e-010   0.03236719
2.85000004e-010   0.02234375
2.90000004e-010   0.03399219
2.95000004e-010    0.0225625
3.00000004e-010   0.03489844
3.05000004e-010   0.02213281
3.10000004e-010   0.03488281
3.15000004e-010   0.02248438
3.20000004e-010    0.0354375
3.25000004e-010   0.02371875
3.30000004e-010   0.03548438
3.35000004e-010   0.02529688
3.40000005e-010     0.035375
3.45000005e-010        0.025
3.50000005e-010   0.03516406
3.55000005e-010   0.02494531
3.60000005e-010   0.03467969
3.65000005e-010   0.02403125
3.70000005e-010   0.03394531
3.75000005e-010   0.02210938
3.80000005e-010        0.033
3.85000005e-010   0.02097656
3.90000005e-010   0.03171094
3.95000005e-010   0.02073438
4.00000005e-010   0.03067188
4.05000005e-010   0.02010156
4.10000005e-010   0.02994531
4.15000006e-010   0.01800781
4.20000006e-010     0.029375
4.25000006e-010   0.01700781
4.30000006e-010   0.02848438
4.35000006e-010   0.01732813
4.40000006e-010   0.02742188
4.45000006e-010   0.01745313
4.50000006e-010   0.02721875
4.55000006e-010    0.0168125
4.60000006e-010   0.02723438
4.65000006e-010   0.01664844
4.70000006e-010   0.02653125
4.75000006e-010        0.017
4.80000006e-010   0.02691406
4.85000006e-010   0.01616406
4.90000007e-010   0.02665625
4.95000007e-010   0.01600781
5.00000007e-010        0.027
5.05000007e-010   0.01651563
5.10000007e-010   0.02710156
5.15000007e-010   0.01703906
5.20000007e-010   0.02701563
5.25000007e-010    0.0165625
5.30000007e-010   0.02690625
5.35000007e-010        0.015
5.40000007e-010       0.0265
5.45000007e-010   0.01378906
5.50000007e-010   0.02686719
5.55000007e-010   0.01385938
5.60000007e-010   0.02711719
5.65000008e-010   0.01502344
5.70000008e-010   0.02667188
5.75000008e-010   0.01570313
5.80000008e-010   0.02685156
5.85000008e-010   0.01541406
5.90000008e-010        0.027
5.95000008e-010   0.01565625
6.00000008e-010        0.027
6.05000008e-010   0.01642969
6.10000008e-010   0.02727344
6.15000008e-010   0.01672656
6.20000008e-010   0.02757813
6.25000008e-010     0.016375
6.30000008e-010   0.02750781
6.35000008e-010   0.01627344
6.40000009e-010   0.02783594
6.45000009e-010   0.01586719
6.50000009e-010     0.027625
6.55000009e-010   0.01510938
6.60000009e-010   0.02659375
6.65000009e-010   0.01488281
6.70000009e-010   0.02567188
6.75000009e-010   0.01527344
6.80000009e-010        0.025
6.85000009e-010   0.01442188
6.90000009e-010        0.025
6.95000009e-010   0.01348438
7.00000009e-010   0.02502344
7.05000009e-010   0.01289063
7.10000009e-010   0.02434375
7.1500001e-010   0.01226563
7.2000001e-010   0.02292188
7.2500001e-010   0.01258594
7.3000001e-010   0.02404688
7.3500001e-010   0.01305469
7.4000001e-010   0.02489063
7.4500001e-010   0.01190625
7.5000001e-010   0.02482813
7.5500001e-010    0.0108125
7.6000001e-010    0.0238125
7.6500001e-010   0.01082031
7.7000001e-010    0.0230625
7.7500001e-010   0.01089844
7.8000001e-010   0.02369531
7.8500001e-010        0.011
7.90000011e-010   0.02345313
7.95000011e-010   0.01029688
8.00000011e-010    0.0223125
8.05000011e-010   0.01045313
8.10000011e-010   0.02269531
8.15000011e-010   0.01119531
8.20000011e-010   0.02307031
8.25000011e-010   0.01097656
8.30000011e-010    0.0226875
8.35000011e-010   0.01120313
8.40000011e-010        0.023
8.45000011e-010   0.01066406
8.50000011e-010     0.022625
8.55000011e-010    0.0105625
8.60000011e-010      0.02175
8.65000012e-010   0.01091406
8.70000012e-010   0.02107031
8.75000012e-010   0.01073438
8.80000012e-010   0.02182031
8.85000012e-010   0.01157813
8.90000012e-010      0.02275
8.95000012e-010   0.01335938
9.00000012e-010   0.02309375
9.05000012e-010    0.0144375
9.10000012e-010   0.02282031
9.15000012e-010        0.015
9.20000012e-010   0.02320313
9.25000012e-010     0.014375
9.30000012e-010   0.02321094
9.35000012e-010   0.01401563
9.40000013e-010   0.02321875
9.45000013e-010   0.01445313
9.50000013e-010   0.02389063
9.55000013e-010   0.01496875
9.60000013e-010   0.02522656
9.65000013e-010   0.01541406
9.70000013e-010   0.02589844
9.75000013e-010   0.01630469
9.80000013e-010   0.02592188
9.85000013e-010        0.017
9.90000013e-010   0.02539844
9.95000013e-010   0.01652344
1.00000001e-009   0.02495313
1.00500001e-009   0.01610938
1.01000001e-009   0.02646875
1.01500001e-009   0.01636719
1.02000001e-009   0.02721094
1.02500001e-009   0.01635156
1.03000001e-009   0.02679688
1.03500001e-009   0.01535938
1.04000001e-009   0.02546094
1.04500001e-009   0.01486719
1.05000001e-009   0.02422656
1.05500001e-009        0.015
1.06000001e-009   0.02407031
1.06500001e-009   0.01578906
1.07000001e-009      0.02475
1.07500001e-009    0.0161875
1.08000001e-009   0.02567969
1.08500001e-009   0.01657031
1.09000001e-009   0.02667969
1.09500001e-009   0.01700781
1.10000001e-009   0.02708594
1.10500001e-009   0.01705469
1.11000001e-009   0.02673438
1.11500001e-009   0.01711719
1.12000001e-009   0.02708594
1.12500002e-009   0.01701563
1.13000002e-009        0.027
1.13500002e-009        0.017
1.14000002e-009   0.02732031
1.14500002e-009   0.01698438
1.15000002e-009   0.02832813
1.15500002e-009    0.0175625
1.16000002e-009        0.029
1.16500002e-009   0.01864844
1.17000002e-009   0.02922656
1.17500002e-009   0.01884375
1.18000002e-009   0.02896875
1.18500002e-009   0.01896875
1.19000002e-009     0.028375
1.19500002e-009   0.01880469
1.20000002e-009        0.029
1.20500002e-009        0.019
1.21000002e-009   0.02919531
1.21500002e-009   0.01897656
1.22000002e-009   0.03125781
1.22500002e-009        0.019
1.23000002e-009   0.03264844
1.23500002e-009   0.01938281
1.24000002e-009        0.033
1.24500002e-009    0.0200625
1.25000002e-009   0.03198438
