-4.98000007e-009 0.0007265629
-4.96000007e-009 0.0007343754
-4.94000007e-009 0.0007343754
-4.92000007e-009 0.0006406254
-4.90000007e-009 0.0005000004
-4.88000007e-009 0.0004140629
-4.86000006e-009 0.0005625004
-4.84000006e-009 0.0008125004
-4.82000006e-009  0.001023438
-4.80000006e-009 0.0009531254
-4.78000006e-009 0.0006953129
-4.76000006e-009 0.0004687504
-4.74000006e-009 0.0004375004
-4.72000006e-009 0.0006015629
-4.70000006e-009 0.0008125004
-4.68000006e-009 0.0008828129
-4.66000006e-009 0.0008046879
-4.64000006e-009 0.0006562504
-4.62000006e-009 0.0006328129
-4.60000006e-009 0.0007031254
-4.58000006e-009 0.0008750004
-4.56000006e-009 0.0009062504
-4.54000006e-009 0.0008046879
-4.52000006e-009 0.0007187504
-4.50000006e-009 0.0007578129
-4.48000006e-009 0.0008437504
-4.46000006e-009 0.0008593754
-4.44000006e-009 0.0008359379
-4.42000006e-009 0.0007343754
-4.40000006e-009 0.0006718754
-4.38000006e-009 0.0005859379
-4.36000006e-009 0.0005468754
-4.34000006e-009 0.0004531254
-4.32000006e-009 0.0004296879
-4.30000006e-009 0.0004062504
-4.28000006e-009 0.0003984379
-4.26000006e-009 0.0003515629
-4.24000006e-009 0.0003046879
-4.22000006e-009 0.0003984379
-4.20000006e-009 0.0005546879
-4.18000006e-009 0.0008125004
-4.16000006e-009        0.001
-4.14000006e-009    0.0010625
-4.12000006e-009 0.0009453129
-4.10000005e-009 0.0007187504
-4.08000005e-009 0.0006328129
-4.06000005e-009 0.0006640629
-4.04000005e-009 0.0008046879
-4.02000005e-009 0.0008984379
-4.00000005e-009 0.0007031254
-3.98000005e-009 0.0004375004
-3.96000005e-009 0.0002109379
-3.94000005e-009 0.0001562504
-3.92000005e-009 0.0002343754
-3.90000005e-009 0.0003203129
-3.88000005e-009 0.0004140629
-3.86000005e-009 0.0004218754
-3.84000005e-009 0.0003984379
-3.82000005e-009 0.0003437504
-3.80000005e-009 0.0003515629
-3.78000005e-009 0.0004218754
-3.76000005e-009 0.0005546879
-3.74000005e-009 0.0005781254
-3.72000005e-009 0.0003828129
-3.70000005e-009 6.250035e-005
-3.68000005e-009 -0.0001718747
-3.66000005e-009 -0.0003281247
-3.64000005e-009 -0.0003906247
-3.62000005e-009 -0.0004921872
-3.60000005e-009 -0.0006171872
-3.58000005e-009 -0.0008515622
-3.56000005e-009 -0.001140625
-3.54000005e-009 -0.001507812
-3.52000005e-009 -0.001828125
-3.50000005e-009 -0.002039062
-3.48000005e-009 -0.002140625
-3.46000005e-009     -0.00225
-3.44000005e-009 -0.002546875
-3.42000005e-009 -0.002945312
-3.40000005e-009 -0.003328125
-3.38000005e-009 -0.003523437
-3.36000004e-009 -0.003726562
-3.34000004e-009 -0.004023437
-3.32000004e-009 -0.004570312
-3.30000004e-009 -0.005148437
-3.28000004e-009 -0.005617187
-3.26000004e-009 -0.005914062
-3.24000004e-009 -0.006046875
-3.22000004e-009 -0.006148437
-3.20000004e-009 -0.006351562
-3.18000004e-009 -0.006601562
-3.16000004e-009 -0.006890625
-3.14000004e-009 -0.007203125
-3.12000004e-009 -0.007414063
-3.10000004e-009 -0.007617188
-3.08000004e-009 -0.007851563
-3.06000004e-009   -0.0081875
-3.04000004e-009  -0.00846875
-3.02000004e-009 -0.008679688
-3.00000004e-009 -0.008632813
-2.98000004e-009 -0.008546875
-2.96000004e-009  -0.00853125
-2.94000004e-009 -0.008679688
-2.92000004e-009 -0.008929688
-2.90000004e-009 -0.009148438
-2.88000004e-009    -0.009375
-2.86000004e-009 -0.009484375
-2.84000004e-009 -0.009460938
-2.82000004e-009 -0.009382813
-2.80000004e-009  -0.00934375
-2.78000004e-009   -0.0094375
-2.76000004e-009 -0.009640625
-2.74000004e-009 -0.009742188
-2.72000004e-009 -0.009773438
-2.70000004e-009   -0.0096875
-2.68000004e-009 -0.009539063
-2.66000004e-009 -0.009476563
-2.64000004e-009 -0.009382813
-2.62000003e-009  -0.00934375
-2.60000003e-009 -0.009390625
-2.58000003e-009 -0.009460938
-2.56000003e-009 -0.009421875
-2.54000003e-009 -0.009359375
-2.52000003e-009 -0.009289063
-2.50000003e-009 -0.009335938
-2.48000003e-009 -0.009429688
-2.46000003e-009 -0.009476563
-2.44000003e-009  -0.00940625
-2.42000003e-009 -0.009164063
-2.40000003e-009 -0.009007813
-2.38000003e-009 -0.008960938
-2.36000003e-009 -0.009039063
-2.34000003e-009 -0.008992188
-2.32000003e-009   -0.0086875
-2.30000003e-009     -0.00825
-2.28000003e-009 -0.007828125
-2.26000003e-009     -0.00775
-2.24000003e-009 -0.007898438
-2.22000003e-009 -0.008085938
-2.20000003e-009  -0.00803125
-2.18000003e-009 -0.007742188
-2.16000003e-009 -0.007429688
-2.14000003e-009  -0.00728125
-2.12000003e-009 -0.007234375
-2.10000003e-009 -0.007085937
-2.08000003e-009 -0.006765625
-2.06000003e-009 -0.006445312
-2.04000003e-009 -0.006335937
-2.02000003e-009 -0.006328125
-2.00000003e-009  -0.00628125
-1.98000003e-009       -0.006
-1.96000003e-009 -0.005640625
-1.94000003e-009    -0.005375
-1.92000003e-009  -0.00528125
-1.90000003e-009 -0.005117187
-1.88000003e-009 -0.004734375
-1.86000002e-009 -0.004328125
-1.84000002e-009 -0.004140625
-1.82000002e-009  -0.00428125
-1.80000002e-009 -0.004460937
-1.78000002e-009  -0.00434375
-1.76000002e-009 -0.003945312
-1.74000002e-009 -0.003578125
-1.72000002e-009 -0.003421875
-1.70000002e-009 -0.003382812
-1.68000002e-009 -0.003265625
-1.66000002e-009 -0.003109375
-1.64000002e-009   -0.0030625
-1.62000002e-009 -0.003140625
-1.60000002e-009 -0.003171875
-1.58000002e-009 -0.002976562
-1.56000002e-009 -0.002640625
-1.54000002e-009   -0.0025625
-1.52000002e-009 -0.002648437
-1.50000002e-009 -0.002695312
-1.48000002e-009   -0.0025625
-1.46000002e-009 -0.002359375
-1.44000002e-009  -0.00234375
-1.42000002e-009 -0.002515625
-1.40000002e-009 -0.002546875
-1.38000002e-009 -0.002328125
-1.36000002e-009 -0.001953125
-1.34000002e-009 -0.001804687
-1.32000002e-009       -0.002
-1.30000002e-009    -0.002375
-1.28000002e-009   -0.0025625
-1.26000002e-009   -0.0024375
-1.24000002e-009  -0.00209375
-1.22000002e-009  -0.00184375
-1.20000002e-009 -0.001890625
-1.18000002e-009    -0.002125
-1.16000002e-009 -0.002234375
-1.14000002e-009 -0.002140625
-1.12000001e-009 -0.001976562
-1.10000001e-009 -0.001890625
-1.08000001e-009 -0.001945312
-1.06000001e-009 -0.002109375
-1.04000001e-009 -0.002242187
-1.02000001e-009 -0.002328125
-1.00000001e-009   -0.0023125
-9.80000013e-010 -0.002289062
-9.60000013e-010 -0.002390625
-9.40000013e-010  -0.00259375
-9.20000012e-010   -0.0028125
-9.00000012e-010 -0.002929687
-8.80000012e-010  -0.00296875
-8.60000011e-010 -0.003070312
-8.40000011e-010 -0.003289062
-8.20000011e-010      -0.0035
-8.00000011e-010 -0.003570312
-7.8000001e-010 -0.003820312
-7.6000001e-010 -0.004179687
-7.4000001e-010 -0.004796875
-7.2000001e-010 -0.005578125
-7.00000009e-010 -0.006242187
-6.80000009e-010 -0.007476563
-6.60000009e-010 -0.009085938
-6.40000009e-010     -0.01175
-6.20000008e-010  -0.01566406
-6.00000008e-010  -0.02074219
-5.80000008e-010  -0.02775781
-5.60000007e-010  -0.03660156
-5.40000007e-010  -0.04790625
-5.20000007e-010  -0.06192969
-5.00000007e-010  -0.07803125
-4.80000006e-010  -0.09527344
-4.60000006e-010   -0.1125078
-4.40000006e-010   -0.1283672
-4.20000006e-010   -0.1421094
-4.00000005e-010   -0.1531016
-3.80000005e-010   -0.1603359
-3.60000005e-010   -0.1645313
-3.40000005e-010   -0.1653047
-3.20000004e-010   -0.1638672
-3.00000004e-010   -0.1611641
-2.80000004e-010   -0.1573516
-2.60000003e-010   -0.1538672
-2.40000003e-010   -0.1500234
-2.20000003e-010   -0.1458594
-2.00000003e-010   -0.1414141
-1.80000002e-010   -0.1355391
-1.60000002e-010   -0.1283438
-1.40000002e-010   -0.1188672
-1.20000002e-010   -0.1069766
-1.00000001e-010  -0.09332032
-8.00000011e-011   -0.0781875
-6.00000008e-011  -0.06188282
-4.00000005e-011  -0.04505469
-2.00000003e-011   -0.0284375
           0  -0.01355469
2.00000003e-011 -0.001523437
4.00000005e-011  0.007914063
6.00000008e-011   0.01450781
8.00000011e-011   0.01879688
1.00000001e-010   0.02080469
1.20000002e-010   0.02060938
1.40000002e-010   0.01944531
1.60000002e-010    0.0176875
1.80000002e-010      0.01625
2.00000003e-010   0.01549219
2.20000003e-010   0.01550781
2.40000003e-010   0.01664063
2.60000003e-010   0.01864063
2.80000004e-010   0.02124219
3.00000004e-010   0.02407031
3.20000004e-010   0.02664063
3.40000005e-010   0.02876563
3.60000005e-010   0.03013281
3.80000005e-010   0.03048438
4.00000005e-010     0.029625
4.20000006e-010   0.02786719
4.40000006e-010   0.02582813
4.60000006e-010   0.02403906
4.80000006e-010   0.02285938
5.00000007e-010   0.02204688
5.20000007e-010   0.02144531
5.40000007e-010   0.02092969
5.60000007e-010   0.02063281
5.80000008e-010   0.02059375
6.00000008e-010    0.0208125
6.20000008e-010   0.02109375
6.40000009e-010   0.02116406
6.60000009e-010   0.02094531
6.80000009e-010   0.02040625
7.00000009e-010   0.01973438
7.2000001e-010   0.01914844
7.4000001e-010   0.01861719
7.6000001e-010   0.01801563
7.8000001e-010   0.01724219
8.00000011e-010   0.01646094
8.20000011e-010   0.01596094
8.40000011e-010   0.01574219
8.60000011e-010   0.01589844
8.80000012e-010   0.01620313
9.00000012e-010    0.0166875
9.20000012e-010   0.01714844
9.40000013e-010   0.01752344
9.60000013e-010   0.01779688
9.80000013e-010   0.01821094
1.00000001e-009   0.01882813
1.02000001e-009   0.01946094
1.04000001e-009   0.01983594
1.06000001e-009   0.01988281
1.08000001e-009   0.01967969
1.10000001e-009   0.01958594
1.12000001e-009   0.01974219
1.14000002e-009   0.02007031
1.16000002e-009   0.02053125
1.18000002e-009   0.02114063
1.20000002e-009    0.0218125
1.22000002e-009   0.02239063
1.24000002e-009   0.02279688
1.26000002e-009   0.02307031
1.28000002e-009   0.02341406
1.30000002e-009   0.02398438
1.32000002e-009   0.02450781
1.34000002e-009   0.02476563
1.36000002e-009   0.02460938
1.38000002e-009   0.02430469
1.40000002e-009      0.02425
1.42000002e-009   0.02442188
1.44000002e-009   0.02461719
1.46000002e-009   0.02454688
1.48000002e-009   0.02417969
1.50000002e-009   0.02370313
1.52000002e-009   0.02329688
1.54000002e-009   0.02295313
1.56000002e-009   0.02266406
1.58000002e-009   0.02222656
1.60000002e-009    0.0216875
1.62000002e-009   0.02100781
1.64000002e-009   0.02041406
1.66000002e-009   0.01984375
1.68000002e-009   0.01944531
1.70000002e-009    0.0191875
1.72000002e-009   0.01900781
1.74000002e-009   0.01863281
1.76000002e-009     0.018125
1.78000002e-009   0.01757813
1.80000002e-009   0.01728125
1.82000002e-009    0.0173125
1.84000002e-009   0.01741406
1.86000002e-009   0.01736719
1.88000003e-009     0.017125
1.90000003e-009   0.01691406
1.92000003e-009   0.01694531
1.94000003e-009    0.0171875
1.96000003e-009   0.01736719
1.98000003e-009   0.01747656
2.00000003e-009   0.01748438
2.02000003e-009   0.01758594
2.04000003e-009   0.01767188
2.06000003e-009     0.017875
2.08000003e-009   0.01810156
2.10000003e-009   0.01832813
2.12000003e-009   0.01855469
2.14000003e-009   0.01874219
2.16000003e-009   0.01882813
2.18000003e-009   0.01888281
2.20000003e-009   0.01892969
2.22000003e-009   0.01910938
2.24000003e-009   0.01921875
2.26000003e-009   0.01907813
2.28000003e-009   0.01877344
2.30000003e-009   0.01844531
2.32000003e-009     0.018375
2.34000003e-009   0.01854688
2.36000003e-009      0.01875
2.38000003e-009   0.01871094
2.40000003e-009    0.0184375
2.42000003e-009   0.01814063
2.44000003e-009   0.01797656
2.46000003e-009    0.0178125
2.48000003e-009   0.01750781
2.50000003e-009   0.01710938
2.52000003e-009   0.01678125
2.54000003e-009   0.01660156
2.56000003e-009   0.01648438
2.58000003e-009   0.01640625
2.60000003e-009   0.01632813
2.62000003e-009   0.01628906
2.64000004e-009   0.01624219
2.66000004e-009   0.01602344
2.68000004e-009   0.01565625
2.70000004e-009   0.01523438
2.72000004e-009   0.01510156
2.74000004e-009      0.01525
2.76000004e-009   0.01544531
2.78000004e-009   0.01544531
2.80000004e-009    0.0153125
2.82000004e-009   0.01510156
2.84000004e-009   0.01488281
2.86000004e-009   0.01464063
2.88000004e-009   0.01428125
2.90000004e-009   0.01419531
2.92000004e-009   0.01433594
2.94000004e-009   0.01461719
2.96000004e-009   0.01478125
2.98000004e-009   0.01467969
3.00000004e-009   0.01446094
3.02000004e-009    0.0144375
3.04000004e-009   0.01463281
3.06000004e-009   0.01485938
3.08000004e-009   0.01482813
3.10000004e-009   0.01459375
3.12000004e-009   0.01429688
3.14000004e-009   0.01417969
3.16000004e-009     0.014125
3.18000004e-009   0.01403906
3.20000004e-009   0.01371094
3.22000004e-009   0.01330469
3.24000004e-009   0.01303906
3.26000004e-009   0.01309375
3.28000004e-009   0.01332813
3.30000004e-009   0.01361719
3.32000004e-009   0.01376563
3.34000004e-009   0.01369531
3.36000004e-009   0.01344531
3.38000005e-009   0.01323438
3.40000005e-009   0.01308594
3.42000005e-009   0.01298438
3.44000005e-009   0.01286719
3.46000005e-009   0.01257031
3.48000005e-009   0.01217188
3.50000005e-009      0.01175
3.52000005e-009   0.01144531
3.54000005e-009   0.01139063
3.56000005e-009   0.01149219
3.58000005e-009   0.01171094
3.60000005e-009   0.01188281
3.62000005e-009   0.01188281
3.64000005e-009   0.01175781
3.66000005e-009   0.01171094
3.68000005e-009   0.01183594
3.70000005e-009   0.01200781
3.72000005e-009   0.01203125
3.74000005e-009   0.01171875
3.76000005e-009   0.01124219
3.78000005e-009   0.01092969
3.80000005e-009   0.01095313
3.82000005e-009   0.01123438
3.84000005e-009   0.01135156
3.86000005e-009   0.01132813
3.88000005e-009   0.01123438
3.90000005e-009   0.01127344
3.92000005e-009   0.01147656
3.94000005e-009     0.011625
3.96000005e-009    0.0115625
3.98000005e-009   0.01139844
4.00000005e-009   0.01123438
4.02000005e-009   0.01108594
4.04000005e-009   0.01080469
4.06000005e-009   0.01042969
4.08000005e-009   0.01020313
4.10000005e-009   0.01028906
4.12000006e-009   0.01046875
4.14000006e-009   0.01047656
4.16000006e-009   0.01025781
4.18000006e-009   0.01004688
4.20000006e-009  0.009976563
4.22000006e-009   0.01010938
4.24000006e-009   0.01019531
4.26000006e-009   0.01010156
4.28000006e-009  0.009929688
4.30000006e-009  0.009718751
4.32000006e-009  0.009507813
4.34000006e-009  0.009234376
4.36000006e-009  0.008984376
4.38000006e-009  0.008867188
4.40000006e-009  0.008812501
4.42000006e-009  0.008781251
4.44000006e-009  0.008687501
4.46000006e-009  0.008687501
4.48000006e-009  0.008781251
4.50000006e-009  0.008890626
4.52000006e-009  0.008929688
4.54000006e-009  0.008796876
4.56000006e-009  0.008656251
4.58000006e-009  0.008617188
4.60000006e-009  0.008648438
4.62000006e-009  0.008664063
4.64000006e-009  0.008585938
4.66000006e-009  0.008507813
4.68000006e-009  0.008476563
4.70000006e-009  0.008390626
4.72000006e-009  0.008273438
4.74000006e-009  0.008164063
4.76000006e-009  0.008203126
4.78000006e-009  0.008437501
4.80000006e-009  0.008515626
4.82000006e-009  0.008375001
4.84000006e-009  0.008070313
4.86000006e-009  0.008039063
4.88000007e-009  0.008265626
4.90000007e-009  0.008554688
4.92000007e-009  0.008562501
4.94000007e-009  0.008296876
4.96000007e-009  0.007976563
4.98000007e-009  0.007812501
5.00000007e-009  0.007742188
