-4.98000007e-009 -8.593715e-005
-4.96000007e-009 -0.0001406247
-4.94000007e-009 -3.906215e-005
-4.92000007e-009 4.687535e-005
-4.90000007e-009 3.125035e-005
-4.88000007e-009 -7.812465e-005
-4.86000006e-009 -0.0001484372
-4.84000006e-009 -7.031215e-005
-4.82000006e-009 -7.812151e-006
-4.80000006e-009 6.250035e-005
-4.78000006e-009 0.0002421879
-4.76000006e-009 0.0005000004
-4.74000006e-009 0.0006406254
-4.72000006e-009 0.0005234379
-4.70000006e-009 0.0002265629
-4.68000006e-009 -7.812151e-006
-4.66000006e-009 3.125035e-005
-4.64000006e-009 0.0001796879
-4.62000006e-009 0.0002421879
-4.60000006e-009 0.0001406254
-4.58000006e-009 7.81285e-006
-4.56000006e-009 -1.562465e-005
-4.54000006e-009 3.906285e-005
-4.52000006e-009 2.343785e-005
-4.50000006e-009 -0.0001249997
-4.48000006e-009 -0.0002109372
-4.46000006e-009 -0.0002421872
-4.44000006e-009 -0.0001718747
-4.42000006e-009 -7.031215e-005
-4.40000006e-009 2.343785e-005
-4.38000006e-009 1.562535e-005
-4.36000006e-009 -8.593715e-005
-4.34000006e-009 -0.0002343747
-4.32000006e-009 -0.0003359372
-4.30000006e-009 -0.0003203122
-4.28000006e-009 -0.0001640622
-4.26000006e-009 -7.812151e-006
-4.24000006e-009 6.250035e-005
-4.22000006e-009 2.343785e-005
-4.20000006e-009 -4.687465e-005
-4.18000006e-009 -7.812465e-005
-4.16000006e-009 -3.906215e-005
-4.14000006e-009 -4.687465e-005
-4.12000006e-009 -0.0002343747
-4.10000005e-009 -0.0004687497
-4.08000005e-009 -0.0006484372
-4.06000005e-009 -0.0005390622
-4.04000005e-009 -0.0001953122
-4.02000005e-009 0.0001093754
-4.00000005e-009 0.0002109379
-3.98000005e-009 9.375035e-005
-3.96000005e-009 -9.374966e-005
-3.94000005e-009 -0.0001796872
-3.92000005e-009 -0.0002734372
-3.90000005e-009 -0.0002890622
-3.88000005e-009 -0.0003515622
-3.86000005e-009 -0.0003281247
-3.84000005e-009 -0.0003046872
-3.82000005e-009 -0.0003671872
-3.80000005e-009 -0.0005312497
-3.78000005e-009 -0.0007812497
-3.76000005e-009 -0.0009765622
-3.74000005e-009 -0.001070312
-3.72000005e-009 -0.001140625
-3.70000005e-009 -0.001210937
-3.68000005e-009 -0.001390625
-3.66000005e-009    -0.001625
-3.64000005e-009 -0.001851562
-3.62000005e-009       -0.002
-3.60000005e-009 -0.002140625
-3.58000005e-009 -0.002359375
-3.56000005e-009 -0.002632812
-3.54000005e-009 -0.003007812
-3.52000005e-009 -0.003390625
-3.50000005e-009 -0.003796875
-3.48000005e-009 -0.004195312
-3.46000005e-009 -0.004554687
-3.44000005e-009   -0.0049375
-3.42000005e-009 -0.005328125
-3.40000005e-009  -0.00559375
-3.38000005e-009 -0.005789062
-3.36000004e-009 -0.005828125
-3.34000004e-009  -0.00584375
-3.32000004e-009  -0.00596875
-3.30000004e-009 -0.006351562
-3.28000004e-009   -0.0068125
-3.26000004e-009 -0.007304687
-3.24000004e-009 -0.007601563
-3.22000004e-009     -0.00775
-3.20000004e-009 -0.007828125
-3.18000004e-009 -0.007890625
-3.16000004e-009 -0.007992188
-3.14000004e-009 -0.008195313
-3.12000004e-009  -0.00840625
-3.10000004e-009 -0.008539063
-3.08000004e-009 -0.008570313
-3.06000004e-009  -0.00865625
-3.04000004e-009 -0.008859375
-3.02000004e-009 -0.009195313
-3.00000004e-009 -0.009382813
-2.98000004e-009 -0.009382813
-2.96000004e-009 -0.009335938
-2.94000004e-009 -0.009351563
-2.92000004e-009 -0.009492188
-2.90000004e-009 -0.009640625
-2.88000004e-009 -0.009695313
-2.86000004e-009     -0.00975
-2.84000004e-009 -0.009796875
-2.82000004e-009  -0.00984375
-2.80000004e-009  -0.00984375
-2.78000004e-009 -0.009859375
-2.76000004e-009 -0.009882813
-2.74000004e-009 -0.009828125
-2.72000004e-009  -0.00971875
-2.70000004e-009 -0.009539063
-2.68000004e-009  -0.00946875
-2.66000004e-009 -0.009507813
-2.64000004e-009 -0.009515625
-2.62000003e-009 -0.009546875
-2.60000003e-009 -0.009539063
-2.58000003e-009 -0.009515625
-2.56000003e-009 -0.009484375
-2.54000003e-009 -0.009390625
-2.52000003e-009  -0.00934375
-2.50000003e-009 -0.009429688
-2.48000003e-009 -0.009492188
-2.46000003e-009 -0.009398438
-2.44000003e-009 -0.009070313
-2.42000003e-009 -0.008679688
-2.40000003e-009 -0.008515625
-2.38000003e-009 -0.008539063
-2.36000003e-009   -0.0085625
-2.34000003e-009 -0.008398438
-2.32000003e-009   -0.0081875
-2.30000003e-009   -0.0080625
-2.28000003e-009 -0.007960938
-2.26000003e-009 -0.007726563
-2.24000003e-009 -0.007445313
-2.22000003e-009 -0.007203125
-2.20000003e-009 -0.007164062
-2.18000003e-009 -0.007148437
-2.16000003e-009  -0.00703125
-2.14000003e-009 -0.006828125
-2.12000003e-009 -0.006648437
-2.10000003e-009 -0.006617187
-2.08000003e-009 -0.006578125
-2.06000003e-009 -0.006351562
-2.04000003e-009    -0.005875
-2.02000003e-009 -0.005460937
-2.00000003e-009 -0.005328125
-1.98000003e-009 -0.005445312
-1.96000003e-009  -0.00546875
-1.94000003e-009  -0.00528125
-1.92000003e-009 -0.005039062
-1.90000003e-009 -0.004859375
-1.88000003e-009 -0.004734375
-1.86000002e-009 -0.004570312
-1.84000002e-009 -0.004335937
-1.82000002e-009 -0.004085937
-1.80000002e-009 -0.003953125
-1.78000002e-009   -0.0038125
-1.76000002e-009 -0.003734375
-1.74000002e-009  -0.00365625
-1.72000002e-009  -0.00365625
-1.70000002e-009 -0.003734375
-1.68000002e-009   -0.0038125
-1.66000002e-009  -0.00371875
-1.64000002e-009 -0.003507812
-1.62000002e-009 -0.003234375
-1.60000002e-009   -0.0029375
-1.58000002e-009 -0.002757812
-1.56000002e-009 -0.002632812
-1.54000002e-009 -0.002585937
-1.52000002e-009 -0.002648437
-1.50000002e-009 -0.002773437
-1.48000002e-009 -0.002851562
-1.46000002e-009 -0.002929687
-1.44000002e-009 -0.002976562
-1.42000002e-009 -0.002945312
-1.40000002e-009   -0.0028125
-1.38000002e-009 -0.002617187
-1.36000002e-009 -0.002507812
-1.34000002e-009 -0.002460937
-1.32000002e-009 -0.002539062
-1.30000002e-009 -0.002648437
-1.28000002e-009  -0.00271875
-1.26000002e-009 -0.002664062
-1.24000002e-009 -0.002578125
-1.22000002e-009  -0.00240625
-1.20000002e-009 -0.002234375
-1.18000002e-009 -0.002296875
-1.16000002e-009 -0.002484375
-1.14000002e-009 -0.002734375
-1.12000001e-009 -0.002867187
-1.10000001e-009 -0.002796875
-1.08000001e-009  -0.00271875
-1.06000001e-009 -0.002757812
-1.04000001e-009 -0.002960937
-1.02000001e-009  -0.00315625
-1.00000001e-009   -0.0033125
-9.80000013e-010 -0.003359375
-9.60000013e-010 -0.003492187
-9.40000013e-010  -0.00359375
-9.20000012e-010 -0.003671875
-9.00000012e-010 -0.003773437
-8.80000012e-010 -0.003960937
-8.60000011e-010 -0.004164062
-8.40000011e-010  -0.00434375
-8.20000011e-010  -0.00440625
-8.00000011e-010 -0.004476562
-7.8000001e-010 -0.004789062
-7.6000001e-010 -0.005359375
-7.4000001e-010 -0.006257812
-7.2000001e-010  -0.00721875
-7.00000009e-010 -0.008507813
-6.80000009e-010  -0.01026563
-6.60000009e-010  -0.01246094
-6.40000009e-010  -0.01569531
-6.20000008e-010  -0.02023438
-6.00000008e-010  -0.02666406
-5.80000008e-010  -0.03521875
-5.60000007e-010  -0.04567969
-5.40000007e-010  -0.05848438
-5.20000007e-010      -0.0735
-5.00000007e-010  -0.09029688
-4.80000006e-010   -0.1077578
-4.60000006e-010   -0.1242813
-4.40000006e-010    -0.138625
-4.20000006e-010   -0.1502188
-4.00000005e-010   -0.1585625
-3.80000005e-010   -0.1636406
-3.60000005e-010   -0.1656875
-3.40000005e-010   -0.1647891
-3.20000004e-010   -0.1622891
-3.00000004e-010   -0.1587734
-2.80000004e-010   -0.1551094
-2.60000003e-010   -0.1518203
-2.40000003e-010   -0.1483203
-2.20000003e-010   -0.1445703
-2.00000003e-010   -0.1401328
-1.80000002e-010   -0.1344219
-1.60000002e-010   -0.1271953
-1.40000002e-010   -0.1175859
-1.20000002e-010   -0.1057578
-1.00000001e-010  -0.09188282
-8.00000011e-011    -0.076375
-6.00000008e-011  -0.05964844
-4.00000005e-011  -0.04260156
-2.00000003e-011  -0.02625781
           0   -0.0120625
2.00000003e-011 -0.0004531247
4.00000005e-011  0.008492188
6.00000008e-011   0.01464844
8.00000011e-011   0.01830469
1.00000001e-010   0.01952344
1.20000002e-010   0.01924219
1.40000002e-010   0.01823438
1.60000002e-010   0.01673438
1.80000002e-010      0.01525
2.00000003e-010        0.014
2.20000003e-010    0.0136875
2.40000003e-010   0.01460156
2.60000003e-010   0.01660156
2.80000004e-010   0.01940625
3.00000004e-010   0.02265625
3.20000004e-010   0.02575781
3.40000005e-010   0.02821094
3.60000005e-010   0.02944531
3.80000005e-010   0.02939844
4.00000005e-010   0.02845313
4.20000006e-010   0.02698438
4.40000006e-010   0.02529688
4.60000006e-010   0.02347656
4.80000006e-010   0.02184375
5.00000007e-010   0.02075781
5.20000007e-010   0.02046094
5.40000007e-010     0.020625
5.60000007e-010   0.02077344
5.80000008e-010   0.02074219
6.00000008e-010    0.0206875
6.20000008e-010   0.02089844
6.40000009e-010   0.02121875
6.60000009e-010   0.02139063
6.80000009e-010   0.02096875
7.00000009e-010   0.02007813
7.2000001e-010   0.01903125
7.4000001e-010   0.01813281
7.6000001e-010   0.01746094
7.8000001e-010   0.01695313
8.00000011e-010   0.01653125
8.20000011e-010   0.01627344
8.40000011e-010    0.0161875
8.60000011e-010   0.01616406
8.80000012e-010   0.01621875
9.00000012e-010   0.01639844
9.20000012e-010   0.01670313
9.40000013e-010   0.01710938
9.60000013e-010   0.01754688
9.80000013e-010   0.01794531
1.00000001e-009   0.01829688
1.02000001e-009   0.01860156
1.04000001e-009     0.018875
1.06000001e-009   0.01899219
1.08000001e-009   0.01899219
1.10000001e-009   0.01894531
1.12000001e-009   0.01902344
1.14000002e-009    0.0193125
1.16000002e-009   0.01976563
1.18000002e-009   0.02032813
1.20000002e-009   0.02104688
1.22000002e-009   0.02176563
1.24000002e-009   0.02236719
1.26000002e-009   0.02280469
1.28000002e-009   0.02310156
1.30000002e-009   0.02335938
1.32000002e-009   0.02367188
1.34000002e-009   0.02391406
1.36000002e-009   0.02390625
1.38000002e-009   0.02371094
1.40000002e-009   0.02347656
1.42000002e-009   0.02336719
1.44000002e-009    0.0234375
1.46000002e-009   0.02348438
1.48000002e-009   0.02333594
1.50000002e-009    0.0229375
1.52000002e-009   0.02244531
1.54000002e-009   0.02197656
1.56000002e-009   0.02148438
1.58000002e-009   0.02099219
1.60000002e-009   0.02047656
1.62000002e-009   0.02009375
1.64000002e-009   0.01984375
1.66000002e-009       0.0195
1.68000002e-009   0.01901563
1.70000002e-009   0.01845313
1.72000002e-009   0.01807031
1.74000002e-009   0.01785156
1.76000002e-009   0.01775781
1.78000002e-009   0.01749219
1.80000002e-009    0.0171875
1.82000002e-009   0.01705469
1.84000002e-009   0.01717188
1.86000002e-009   0.01741406
1.88000003e-009   0.01746875
1.90000003e-009    0.0173125
1.92000003e-009   0.01705469
1.94000003e-009   0.01695313
1.96000003e-009   0.01708594
1.98000003e-009   0.01732031
2.00000003e-009   0.01764063
2.02000003e-009   0.01792969
2.04000003e-009   0.01803125
2.06000003e-009   0.01790625
2.08000003e-009   0.01764063
2.10000003e-009   0.01760156
2.12000003e-009   0.01784375
2.14000003e-009   0.01825781
2.16000003e-009   0.01853125
2.18000003e-009    0.0185625
2.20000003e-009    0.0184375
2.22000003e-009   0.01839063
2.24000003e-009   0.01840625
2.26000003e-009     0.018375
2.28000003e-009   0.01823438
2.30000003e-009   0.01805469
2.32000003e-009   0.01796094
2.34000003e-009   0.01799219
2.36000003e-009   0.01798438
2.38000003e-009   0.01792969
2.40000003e-009   0.01782031
2.42000003e-009   0.01771875
2.44000003e-009   0.01755469
2.46000003e-009    0.0173125
2.48000003e-009     0.016875
2.50000003e-009   0.01654688
2.52000003e-009   0.01640625
2.54000003e-009   0.01653125
2.56000003e-009   0.01660156
2.58000003e-009   0.01653125
2.60000003e-009   0.01628906
2.62000003e-009    0.0160625
2.64000004e-009   0.01607813
2.66000004e-009   0.01603125
2.68000004e-009   0.01586719
2.70000004e-009   0.01545313
2.72000004e-009   0.01507031
2.74000004e-009   0.01490625
2.76000004e-009   0.01503906
2.78000004e-009   0.01511719
2.80000004e-009   0.01498438
2.82000004e-009   0.01471094
2.84000004e-009   0.01451563
2.86000004e-009   0.01435938
2.88000004e-009   0.01429688
2.90000004e-009   0.01421094
2.92000004e-009   0.01408594
2.94000004e-009     0.014125
2.96000004e-009      0.01425
2.98000004e-009   0.01435156
3.00000004e-009   0.01428906
3.02000004e-009   0.01414063
3.04000004e-009   0.01408594
3.06000004e-009   0.01409375
3.08000004e-009   0.01427344
3.10000004e-009   0.01434375
3.12000004e-009   0.01413281
3.14000004e-009   0.01376563
3.16000004e-009   0.01332813
3.18000004e-009   0.01311719
3.20000004e-009    0.0130625
3.22000004e-009   0.01307031
3.24000004e-009   0.01302344
3.26000004e-009   0.01300781
3.28000004e-009   0.01296875
3.30000004e-009   0.01298438
3.32000004e-009   0.01300781
3.34000004e-009   0.01298438
3.36000004e-009     0.012875
3.38000005e-009   0.01269531
3.40000005e-009   0.01255469
3.42000005e-009   0.01242969
3.44000005e-009   0.01230469
3.46000005e-009   0.01207813
3.48000005e-009   0.01190625
3.50000005e-009   0.01163281
3.52000005e-009    0.0114375
3.54000005e-009   0.01119531
3.56000005e-009     0.011125
3.58000005e-009   0.01117188
3.60000005e-009   0.01130469
3.62000005e-009   0.01141406
3.64000005e-009   0.01133594
3.66000005e-009   0.01107031
3.68000005e-009   0.01085156
3.70000005e-009   0.01089844
3.72000005e-009   0.01114844
3.74000005e-009   0.01133594
3.76000005e-009   0.01126563
3.78000005e-009   0.01089063
3.80000005e-009   0.01054688
3.82000005e-009   0.01040625
3.84000005e-009   0.01046094
3.86000005e-009     0.010625
3.88000005e-009   0.01071094
3.90000005e-009   0.01078906
3.92000005e-009    0.0108125
3.94000005e-009   0.01078906
3.96000005e-009   0.01071875
3.98000005e-009   0.01060156
4.00000005e-009   0.01046875
4.02000005e-009   0.01039844
4.04000005e-009   0.01032031
4.06000005e-009   0.01013281
4.08000005e-009         0.01
4.10000005e-009  0.009984376
4.12000006e-009   0.01007813
4.14000006e-009   0.01014063
4.16000006e-009     0.010125
4.18000006e-009  0.009984376
4.20000006e-009  0.009804688
4.22000006e-009  0.009671876
4.24000006e-009  0.009570313
4.26000006e-009  0.009414063
4.28000006e-009  0.009242188
4.30000006e-009  0.009101563
4.32000006e-009  0.008960938
4.34000006e-009  0.008773438
4.36000006e-009  0.008546876
4.38000006e-009  0.008421876
4.40000006e-009  0.008421876
4.42000006e-009  0.008476563
4.44000006e-009  0.008468751
4.46000006e-009  0.008320313
4.48000006e-009  0.008195313
4.50000006e-009  0.008171876
4.52000006e-009  0.008320313
4.54000006e-009  0.008367188
4.56000006e-009  0.008187501
4.58000006e-009  0.007773438
4.60000006e-009  0.007476563
4.62000006e-009  0.007453126
4.64000006e-009  0.007726563
4.66000006e-009  0.007992188
4.68000006e-009  0.008070313
4.70000006e-009  0.008078126
4.72000006e-009  0.008015626
4.74000006e-009  0.007906251
4.76000006e-009  0.007867188
4.78000006e-009  0.007835938
4.80000006e-009  0.007929688
4.82000006e-009  0.007992188
4.84000006e-009  0.007882813
4.86000006e-009  0.007570313
4.88000007e-009  0.007226563
4.90000007e-009  0.007140626
4.92000007e-009  0.007320313
4.94000007e-009  0.007539063
4.96000007e-009  0.007578126
4.98000007e-009  0.007429688
5.00000007e-009  0.007265626
