-2.49000003e-009  -0.01370313
-2.48000003e-009  -0.00434375
-2.47000003e-009  -0.01169531
-2.46000003e-009       -0.003
-2.45000003e-009  -0.01392969
-2.44000003e-009 -0.002328125
-2.43000003e-009  -0.01513281
-2.42000003e-009 -0.003710937
-2.41000003e-009  -0.01328906
-2.40000003e-009 -0.003539062
-2.39000003e-009  -0.01338281
-2.38000003e-009   -0.0034375
-2.37000003e-009  -0.01232031
-2.36000003e-009 -0.004289062
-2.35000003e-009  -0.01253906
-2.34000003e-009  -0.00303125
-2.33000003e-009  -0.01266406
-2.32000003e-009 -0.002523437
-2.31000003e-009       -0.013
-2.30000003e-009 -0.003984375
-2.29000003e-009  -0.01141406
-2.28000003e-009   -0.0049375
-2.27000003e-009  -0.01194531
-2.26000003e-009 -0.002757812
-2.25000003e-009    -0.011375
-2.24000003e-009 -0.0009999997
-2.23000003e-009       -0.013
-2.22000003e-009 -0.002601562
-2.21000003e-009       -0.013
-2.20000003e-009 -0.002789062
-2.19000003e-009  -0.01161719
-2.18000003e-009       -0.003
-2.17000003e-009  -0.01114844
-2.16000003e-009 -0.002117187
-2.15000003e-009  -0.01252344
-2.14000003e-009 -0.001101562
-2.13000003e-009  -0.01270313
-2.12000003e-009 -0.001539062
-2.11000003e-009  -0.01155469
-2.10000003e-009 -0.0009999997
-2.09000003e-009  -0.01025781
-2.08000003e-009 -0.001648437
-2.07000003e-009       -0.011
-2.06000003e-009 -0.0009999997
-2.05000003e-009  -0.00940625
-2.04000003e-009 -0.0009999997
-2.03000003e-009 -0.009742188
-2.02000003e-009 -0.0009140622
-2.01000003e-009  -0.01102344
-2.00000003e-009 -0.0009531247
-1.99000003e-009   -0.0128125
-1.98000003e-009 -0.0005624997
-1.97000003e-009  -0.01236719
-1.96000003e-009 -0.0009999997
-1.95000003e-009     -0.00975
-1.94000003e-009 -0.0009296872
-1.93000003e-009 -0.009085938
-1.92000003e-009 0.0003281254
-1.91000003e-009       -0.011
-1.90000003e-009 0.0006484379
-1.89000003e-009  -0.01019531
-1.88000003e-009 0.0003671879
-1.87000002e-009 -0.009617188
-1.86000002e-009 0.0004843754
-1.85000002e-009 -0.009015625
-1.84000002e-009 -0.0001406247
-1.83000002e-009       -0.009
-1.82000002e-009 0.0008906254
-1.81000002e-009 -0.008820313
-1.80000002e-009        0.001
-1.79000002e-009       -0.009
-1.78000002e-009    0.0018125
-1.77000002e-009       -0.008
-1.76000002e-009  0.001195313
-1.75000002e-009 -0.007601563
-1.74000002e-009  0.001445313
-1.73000002e-009 -0.008367188
-1.72000002e-009  0.001234375
-1.71000002e-009  -0.00853125
-1.70000002e-009 0.0006796879
-1.69000002e-009       -0.007
-1.68000002e-009        0.001
-1.67000002e-009 -0.006882812
-1.66000002e-009  0.002148438
-1.65000002e-009   -0.0073125
-1.64000002e-009        0.003
-1.63000002e-009 -0.007796875
-1.62000002e-009  0.002757813
-1.61000002e-009  -0.00696875
-1.60000002e-009   0.00228125
-1.59000002e-009 -0.006804687
-1.58000002e-009  0.001539063
-1.57000002e-009   -0.0069375
-1.56000002e-009   0.00240625
-1.55000002e-009 -0.007179687
-1.54000002e-009  0.002421875
-1.53000002e-009 -0.007101562
-1.52000002e-009  0.001828125
-1.51000002e-009   -0.0073125
-1.50000002e-009  0.002148438
-1.49000002e-009 -0.007796875
-1.48000002e-009  0.002070313
-1.47000002e-009    -0.007125
-1.46000002e-009        0.003
-1.45000002e-009 -0.007648438
-1.44000002e-009  0.003101563
-1.43000002e-009       -0.007
-1.42000002e-009  0.002390625
-1.41000002e-009   -0.0073125
-1.40000002e-009        0.001
-1.39000002e-009 -0.006242187
-1.38000002e-009        0.003
-1.37000002e-009 -0.007390625
-1.36000002e-009  0.001648438
-1.35000002e-009       -0.007
-1.34000002e-009  0.001570313
-1.33000002e-009 -0.006929687
-1.32000002e-009  0.001445313
-1.31000002e-009 -0.006304687
-1.30000002e-009  0.001890625
-1.29000002e-009     -0.00725
-1.28000002e-009  0.002320313
-1.27000002e-009 -0.006765625
-1.26000002e-009  0.001835938
-1.25000002e-009 -0.006835937
-1.24000002e-009  0.002882813
-1.23000002e-009       -0.009
-1.22000002e-009  0.003421876
-1.21000002e-009 -0.008257813
-1.20000002e-009  0.005000001
-1.19000002e-009 -0.008023438
-1.18000002e-009  0.003109375
-1.17000002e-009 -0.007679688
-1.16000002e-009  0.001007813
-1.15000002e-009  -0.00809375
-1.14000002e-009  0.001421875
-1.13000002e-009 -0.007757813
-1.12000001e-009  0.002578125
-1.11000001e-009 -0.007921875
-1.10000001e-009        0.003
-1.09000001e-009 -0.009539063
-1.08000001e-009  0.002515625
-1.07000001e-009       -0.011
-1.06000001e-009 0.0009453129
-1.05000001e-009       -0.009
-1.04000001e-009 0.0008046879
-1.03000001e-009 -0.007890625
-1.02000001e-009  0.001234375
-1.01000001e-009 -0.006492187
-1.00000001e-009   0.00171875
-9.90000013e-010 -0.007492188
-9.80000013e-010  0.002867188
-9.70000013e-010       -0.007
-9.60000013e-010        0.003
-9.50000013e-010 -0.007734375
-9.40000013e-010        0.001
-9.30000012e-010 -0.007609375
-9.20000012e-010    0.0011875
-9.10000012e-010  -0.00765625
-9.00000012e-010 0.0001562504
-8.90000012e-010 -0.008960938
-8.80000012e-010 -0.0004609372
-8.70000012e-010  -0.01052344
-8.60000011e-010 -0.0007656247
-8.50000011e-010       -0.011
-8.40000011e-010        0.001
-8.30000011e-010 -0.009257813
-8.20000011e-010 0.0007500004
-8.10000011e-010  -0.01057813
-8.00000011e-010 -0.001367187
-7.90000011e-010  -0.01000781
-7.8000001e-010 -0.0009999997
-7.7000001e-010  -0.01202344
-7.6000001e-010    -0.003625
-7.5000001e-010       -0.013
-7.4000001e-010 -0.004898437
-7.3000001e-010  -0.01410938
-7.2000001e-010 -0.006171875
-7.10000009e-010  -0.01683594
-7.00000009e-010  -0.00678125
-6.90000009e-010  -0.01995313
-6.80000009e-010 -0.009195313
-6.70000009e-010  -0.02374219
-6.60000009e-010  -0.01641406
-6.50000009e-010  -0.03040625
-6.40000009e-010  -0.02279688
-6.30000008e-010       -0.037
-6.20000008e-010       -0.031
-6.10000008e-010  -0.04758594
-6.00000008e-010  -0.04046875
-5.90000008e-010  -0.06172657
-5.80000008e-010  -0.05363281
-5.70000008e-010  -0.07696094
-5.60000007e-010  -0.06883594
-5.50000007e-010  -0.09338282
-5.40000007e-010       -0.085
-5.30000007e-010   -0.1101406
-5.20000007e-010   -0.1017344
-5.10000007e-010       -0.125
-5.00000007e-010   -0.1183438
-4.90000007e-010   -0.1407109
-4.80000006e-010   -0.1310938
-4.70000006e-010   -0.1508906
-4.60000006e-010   -0.1436563
-4.50000006e-010   -0.1602891
-4.40000006e-010   -0.1515781
-4.30000006e-010       -0.167
-4.20000006e-010   -0.1575156
-4.10000005e-010   -0.1708672
-4.00000005e-010   -0.1598906
-3.90000005e-010       -0.171
-3.80000005e-010       -0.159
-3.70000005e-010   -0.1701016
-3.60000005e-010   -0.1572813
-3.50000005e-010   -0.1692578
-3.40000005e-010   -0.1534766
-3.30000004e-010   -0.1666016
-3.20000004e-010   -0.1510859
-3.10000004e-010   -0.1614297
-3.00000004e-010   -0.1468672
-2.90000004e-010       -0.157
-2.80000004e-010   -0.1432969
-2.70000004e-010   -0.1524531
-2.60000003e-010   -0.1386406
-2.50000003e-010       -0.151
-2.40000003e-010   -0.1335547
-2.30000003e-010   -0.1448125
-2.20000003e-010   -0.1278125
-2.10000003e-010   -0.1361719
-2.00000003e-010   -0.1191953
-1.90000003e-010   -0.1271719
-1.80000002e-010   -0.1065938
-1.70000002e-010   -0.1151563
-1.60000002e-010  -0.09258594
-1.50000002e-010       -0.103
-1.40000002e-010  -0.07772657
-1.30000002e-010  -0.08772657
-1.20000002e-010  -0.06286719
-1.10000001e-010  -0.07390625
-1.00000001e-010  -0.04782031
-9.00000012e-011  -0.05810156
-8.00000011e-011       -0.033
-7.00000009e-011  -0.04074219
-6.00000008e-011  -0.01765625
-5.00000007e-011  -0.02438281
-4.00000005e-011  -0.00284375
-3.00000004e-011  -0.01114844
-2.00000003e-011  0.006421876
-1.00000001e-011 -0.002070312
           0        0.015
1.00000001e-011  0.003968751
2.00000003e-011        0.019
3.00000004e-011     0.011375
4.00000005e-011        0.023
5.00000007e-011    0.0134375
6.00000008e-011     0.023125
7.00000009e-011   0.01469531
8.00000011e-011   0.02492969
9.00000012e-011   0.01464844
1.00000001e-010   0.02423438
1.10000001e-010        0.013
1.20000002e-010        0.023
1.30000002e-010   0.01091406
1.40000002e-010        0.021
1.50000002e-010   0.01051563
1.60000002e-010   0.02050781
1.70000002e-010        0.011
1.80000002e-010      0.02025
1.90000003e-010   0.01271094
2.00000003e-010   0.02211719
2.10000003e-010     0.013375
2.20000003e-010   0.02467188
2.30000003e-010   0.01482813
2.40000003e-010   0.02635156
2.50000003e-010   0.01538281
2.60000003e-010        0.031
2.70000004e-010   0.01733594
2.80000004e-010   0.03163281
2.90000004e-010   0.02072656
3.00000004e-010   0.03105469
3.10000004e-010   0.02189844
3.20000004e-010        0.033
3.30000004e-010   0.02313281
3.40000005e-010   0.03242969
3.50000005e-010   0.02244531
3.60000005e-010        0.033
3.70000005e-010        0.021
3.80000005e-010        0.031
3.90000005e-010   0.01710156
4.00000005e-010        0.029
4.10000005e-010   0.01740625
4.20000006e-010   0.02647656
4.30000006e-010   0.01602344
4.40000006e-010   0.02599219
4.50000006e-010    0.0148125
4.60000006e-010   0.02607031
4.70000006e-010   0.01507813
4.80000006e-010   0.02685938
4.90000007e-010        0.015
5.00000007e-010        0.025
5.10000007e-010   0.01544531
5.20000007e-010        0.027
5.30000007e-010   0.01400781
5.40000007e-010   0.02534375
5.50000007e-010   0.01325781
5.60000007e-010   0.02621875
5.70000008e-010        0.015
5.80000008e-010    0.0270625
5.90000008e-010   0.01616406
6.00000008e-010   0.02578125
6.10000008e-010   0.01479688
6.20000008e-010        0.025
6.30000008e-010     0.015875
6.40000009e-010   0.02457813
6.50000009e-010   0.01595313
6.60000009e-010   0.02499219
6.70000009e-010   0.01400781
6.80000009e-010   0.02479688
6.90000009e-010     0.013125
7.00000009e-010        0.023
7.10000009e-010   0.01270313
7.2000001e-010        0.023
7.3000001e-010        0.013
7.4000001e-010    0.0220625
7.5000001e-010   0.01228906
7.6000001e-010   0.02014844
7.7000001e-010   0.01161719
7.8000001e-010   0.02203906
7.90000011e-010    0.0109375
8.00000011e-010   0.02290625
8.10000011e-010   0.01139844
8.20000011e-010   0.02102344
8.30000011e-010   0.01119531
8.40000011e-010     0.021125
8.50000011e-010   0.01155469
8.60000011e-010   0.02147656
8.70000012e-010   0.01149219
8.80000012e-010   0.02178906
8.90000012e-010   0.01274219
9.00000012e-010   0.02473438
9.10000012e-010   0.01310938
9.20000012e-010   0.02609375
9.30000012e-010   0.01451563
9.40000013e-010        0.025
9.50000013e-010        0.013
9.60000013e-010   0.02329688
9.70000013e-010        0.013
9.80000013e-010   0.02296094
9.90000013e-010   0.01310156
1.00000001e-009        0.025
1.01000001e-009   0.01350781
1.02000001e-009   0.02426563
1.03000001e-009   0.01257813
1.04000001e-009   0.02421094
1.05000001e-009        0.013
1.06000001e-009   0.02528906
1.07000001e-009   0.01298438
1.08000001e-009   0.02460156
1.09000001e-009   0.01344531
1.10000001e-009   0.02508594
1.11000001e-009   0.01416406
1.12000001e-009   0.02504688
1.13000002e-009   0.01632031
1.14000002e-009        0.025
1.15000002e-009        0.017
1.16000002e-009   0.02614063
1.17000002e-009        0.017
1.18000002e-009   0.02738281
1.19000002e-009   0.01678125
1.20000002e-009   0.02774219
1.21000002e-009   0.01872656
1.22000002e-009   0.02805469
1.23000002e-009   0.01696875
1.24000002e-009   0.02771094
1.25000002e-009   0.01780469
1.26000002e-009   0.02736719
1.27000002e-009        0.019
1.28000002e-009    0.0276875
1.29000002e-009   0.01848438
1.30000002e-009   0.02821875
1.31000002e-009   0.01874219
1.32000002e-009   0.02715625
1.33000002e-009   0.01864063
1.34000002e-009   0.02754688
1.35000002e-009   0.01866406
1.36000002e-009   0.02733594
1.37000002e-009   0.01875781
1.38000002e-009   0.02842969
1.39000002e-009    0.0179375
1.40000002e-009   0.02874219
1.41000002e-009   0.01884375
1.42000002e-009        0.029
1.43000002e-009        0.019
1.44000002e-009       0.0285
1.45000002e-009   0.01832813
1.46000002e-009   0.02805469
1.47000002e-009   0.01783594
1.48000002e-009    0.0288125
1.49000002e-009   0.01813281
1.50000002e-009        0.027
1.51000002e-009   0.01815625
1.52000002e-009        0.027
1.53000002e-009   0.01602344
1.54000002e-009   0.02586719
1.55000002e-009   0.01489844
1.56000002e-009   0.02710156
1.57000002e-009   0.01550781
1.58000002e-009   0.02573438
1.59000002e-009   0.01580469
1.60000002e-009   0.02353906
1.61000002e-009        0.015
1.62000002e-009   0.02435156
1.63000002e-009   0.01370313
1.64000002e-009        0.025
1.65000002e-009   0.01314844
1.66000002e-009   0.02432813
1.67000002e-009   0.01330469
1.68000002e-009    0.0238125
1.69000002e-009   0.01299219
1.70000002e-009   0.02335156
1.71000002e-009   0.01244531
1.72000002e-009   0.02267188
1.73000002e-009   0.01184375
1.74000002e-009        0.023
1.75000002e-009   0.01114063
1.76000002e-009   0.02191406
1.77000002e-009   0.01123438
1.78000002e-009   0.02092188
1.79000002e-009    0.0114375
1.80000002e-009   0.02153125
1.81000002e-009    0.0116875
1.82000002e-009        0.021
1.83000002e-009   0.01088281
1.84000002e-009   0.02214063
1.85000002e-009   0.01101563
1.86000002e-009        0.023
1.87000002e-009   0.01195313
1.88000003e-009   0.02303906
1.89000003e-009    0.0123125
1.90000003e-009   0.02328906
1.91000003e-009   0.01217969
1.92000003e-009    0.0216875
1.93000003e-009        0.013
1.94000003e-009     0.022125
1.95000003e-009   0.01257813
1.96000003e-009   0.02353906
1.97000003e-009   0.01280469
1.98000003e-009   0.02311719
1.99000003e-009   0.01165625
2.00000003e-009        0.023
2.01000003e-009   0.01153125
2.02000003e-009   0.02264063
2.03000003e-009   0.01129688
2.04000003e-009     0.022625
2.05000003e-009        0.013
2.06000003e-009   0.02267188
2.07000003e-009   0.01417969
2.08000003e-009   0.02382031
2.09000003e-009   0.01314844
2.10000003e-009   0.02446875
2.11000003e-009   0.01196094
2.12000003e-009        0.023
2.13000003e-009        0.013
2.14000003e-009   0.02285156
2.15000003e-009        0.011
2.16000003e-009        0.025
2.17000003e-009   0.01297656
2.18000003e-009   0.02460938
2.19000003e-009        0.013
2.20000003e-009   0.02450781
2.21000003e-009     0.013875
2.22000003e-009   0.02439063
2.23000003e-009        0.013
2.24000003e-009   0.02539844
2.25000003e-009    0.0133125
2.26000003e-009   0.02398438
2.27000003e-009   0.01390625
2.28000003e-009        0.025
2.29000003e-009        0.013
2.30000003e-009        0.023
2.31000003e-009   0.01165625
2.32000003e-009    0.0223125
2.33000003e-009   0.01198438
2.34000003e-009        0.023
2.35000003e-009   0.01314063
2.36000003e-009        0.023
2.37000003e-009   0.01278125
2.38000003e-009   0.02314844
2.39000003e-009   0.01232031
2.40000003e-009   0.02195313
2.41000003e-009        0.011
2.42000003e-009   0.02176563
2.43000003e-009   0.01215625
2.44000003e-009        0.021
2.45000003e-009        0.011
2.46000003e-009        0.021
2.47000003e-009   0.01242188
2.48000003e-009   0.02264844
2.49000003e-009        0.011
2.50000003e-009   0.02208594
