-1.24500002e-009 -0.006804687
-1.24000002e-009        0.003
-1.23500002e-009 -0.007039062
-1.23000002e-009  0.002898438
-1.22500002e-009 -0.007015625
-1.22000002e-009  0.003023438
-1.21500002e-009  -0.00684375
-1.21000002e-009        0.003
-1.20500002e-009 -0.007070312
-1.20000002e-009  0.002273438
-1.19500002e-009    -0.007375
-1.19000002e-009  0.001515625
-1.18500002e-009  -0.00734375
-1.18000002e-009  0.001796875
-1.17500002e-009       -0.009
-1.17000002e-009  0.001601563
-1.16500002e-009 -0.009648438
-1.16000002e-009  0.001148438
-1.15500002e-009       -0.009
-1.15000002e-009   0.00140625
-1.14500002e-009 -0.007757813
-1.14000002e-009  0.001265625
-1.13500002e-009       -0.007
-1.13000002e-009    0.0010625
-1.12500002e-009 -0.006664062
-1.12000001e-009  0.002265625
-1.11500001e-009 -0.006445312
-1.11000001e-009        0.003
-1.10500001e-009 -0.007234375
-1.10000001e-009  0.003226563
-1.09500001e-009  -0.00728125
-1.09000001e-009  0.002929688
-1.08500001e-009 -0.006492187
-1.08000001e-009    0.0021875
-1.07500001e-009       -0.007
-1.07000001e-009        0.001
-1.06500001e-009    -0.007375
-1.06000001e-009  0.001226563
-1.05500001e-009 -0.007304687
-1.05000001e-009  0.001164063
-1.04500001e-009 -0.007304687
-1.04000001e-009  0.001507813
-1.03500001e-009 -0.007234375
-1.03000001e-009  0.001773438
-1.02500001e-009 -0.007289062
-1.02000001e-009  0.001070313
-1.01500001e-009 -0.007546875
-1.01000001e-009        0.001
-1.00500001e-009  -0.00734375
-1.00000001e-009        0.001
-9.95000013e-010    -0.008125
-9.90000013e-010  0.001203125
-9.85000013e-010       -0.009
-9.80000013e-010  0.001039063
-9.75000013e-010 -0.008828125
-9.70000013e-010  0.001140625
-9.65000013e-010 -0.009109375
-9.60000013e-010 0.0006484379
-9.55000013e-010       -0.009
-9.50000013e-010 -3.906215e-005
-9.45000013e-010    -0.009375
-9.40000013e-010        0.001
-9.35000012e-010 -0.008992188
-9.30000012e-010  0.001492188
-9.25000012e-010 -0.008445313
-9.20000012e-010       0.0015
-9.15000012e-010       -0.009
-9.10000012e-010  0.001039063
-9.05000012e-010 -0.009070313
-9.00000012e-010 0.0001718754
-8.95000012e-010 -0.009046875
-8.90000012e-010 -0.0005468747
-8.85000012e-010 -0.008789063
-8.80000012e-010 -0.0006796872
-8.75000012e-010 -0.008265625
-8.70000012e-010 -0.0009296872
-8.65000012e-010 -0.008304688
-8.60000011e-010 -0.001109375
-8.55000011e-010 -0.009328125
-8.50000011e-010 -0.0009999997
-8.45000011e-010 -0.009585938
-8.40000011e-010 -0.001015625
-8.35000011e-010  -0.00909375
-8.30000011e-010 -0.0009999997
-8.25000011e-010   -0.0094375
-8.20000011e-010 -0.0001562497
-8.15000011e-010  -0.01071094
-8.10000011e-010 0.0002656254
-8.05000011e-010  -0.01126563
-8.00000011e-010 0.0002421879
-7.95000011e-010   -0.0111875
-7.90000011e-010 -0.0002031247
-7.8500001e-010  -0.01072656
-7.8000001e-010 -0.0009999997
-7.7500001e-010    -0.011875
-7.7000001e-010  -0.00290625
-7.6500001e-010  -0.01271094
-7.6000001e-010 -0.003914062
-7.5500001e-010   -0.0141875
-7.5000001e-010   -0.0033125
-7.4500001e-010    -0.015125
-7.4000001e-010 -0.002976562
-7.3500001e-010  -0.01601563
-7.3000001e-010 -0.003710937
-7.2500001e-010  -0.01748438
-7.2000001e-010 -0.005601562
-7.1500001e-010  -0.01866406
-7.10000009e-010 -0.007289062
-7.05000009e-010       -0.019
-7.00000009e-010 -0.009429688
-6.95000009e-010  -0.01991406
-6.90000009e-010  -0.01171875
-6.85000009e-010  -0.02140625
-6.80000009e-010  -0.01358594
-6.75000009e-010  -0.02432031
-6.70000009e-010       -0.015
-6.65000009e-010  -0.02785938
-6.60000009e-010  -0.01819531
-6.55000009e-010  -0.03152344
-6.50000009e-010     -0.02125
-6.45000009e-010  -0.03539063
-6.40000009e-010  -0.02485938
-6.35000008e-010  -0.03946875
-6.30000008e-010  -0.02935938
-6.25000008e-010  -0.04454688
-6.20000008e-010  -0.03410156
-6.15000008e-010  -0.05007031
-6.10000008e-010       -0.039
-6.05000008e-010  -0.05634375
-6.00000008e-010  -0.04527344
-5.95000008e-010  -0.06271875
-5.90000008e-010   -0.0528125
-5.85000008e-010  -0.07032813
-5.80000008e-010  -0.05935938
-5.75000008e-010  -0.07764844
-5.70000008e-010    -0.067125
-5.65000008e-010  -0.08513282
-5.60000007e-010    -0.076375
-5.55000007e-010  -0.09298438
-5.50000007e-010  -0.08486719
-5.45000007e-010   -0.1017813
-5.40000007e-010  -0.09201563
-5.35000007e-010   -0.1108984
-5.30000007e-010       -0.099
-5.25000007e-010   -0.1190156
-5.20000007e-010   -0.1065547
-5.15000007e-010   -0.1280781
-5.10000007e-010   -0.1151172
-5.05000007e-010       -0.137
-5.00000007e-010   -0.1243984
-4.95000007e-010    -0.143625
-4.90000007e-010   -0.1318906
-4.85000006e-010   -0.1490313
-4.80000006e-010   -0.1375547
-4.75000006e-010   -0.1535234
-4.70000006e-010   -0.1423906
-4.65000006e-010   -0.1576094
-4.60000006e-010   -0.1466406
-4.55000006e-010   -0.1616875
-4.50000006e-010   -0.1504375
-4.45000006e-010   -0.1644453
-4.40000006e-010   -0.1533594
-4.35000006e-010   -0.1676484
-4.30000006e-010   -0.1552578
-4.25000006e-010   -0.1693516
-4.20000006e-010   -0.1572969
-4.15000006e-010   -0.1696328
-4.10000005e-010   -0.1569219
-4.05000005e-010   -0.1711484
-4.00000005e-010       -0.157
-3.95000005e-010   -0.1726328
-3.90000005e-010   -0.1564453
-3.85000005e-010       -0.173
-3.80000005e-010   -0.1567031
-3.75000005e-010   -0.1705703
-3.70000005e-010   -0.1561094
-3.65000005e-010       -0.169
-3.60000005e-010   -0.1551719
-3.55000005e-010   -0.1689141
-3.50000005e-010   -0.1542969
-3.45000005e-010   -0.1680234
-3.40000005e-010   -0.1532578
-3.35000004e-010   -0.1654688
-3.30000004e-010   -0.1515313
-3.25000004e-010   -0.1624141
-3.20000004e-010   -0.1495156
-3.15000004e-010   -0.1592578
-3.10000004e-010   -0.1486641
-3.05000004e-010   -0.1581563
-3.00000004e-010   -0.1455625
-2.95000004e-010   -0.1560156
-2.90000004e-010   -0.1430391
-2.85000004e-010      -0.1535
-2.80000004e-010   -0.1411953
-2.75000004e-010   -0.1515234
-2.70000004e-010   -0.1383203
-2.65000004e-010       -0.151
-2.60000003e-010   -0.1363984
-2.55000003e-010   -0.1481641
-2.50000003e-010   -0.1353203
-2.45000003e-010   -0.1443047
-2.40000003e-010   -0.1324453
-2.35000003e-010    -0.140625
-2.30000003e-010    -0.127625
-2.25000003e-010   -0.1372734
-2.20000003e-010       -0.123
-2.15000003e-010   -0.1335938
-2.10000003e-010   -0.1177344
-2.05000003e-010   -0.1294375
-2.00000003e-010   -0.1126484
-1.95000003e-010   -0.1245781
-1.90000003e-010   -0.1078516
-1.85000002e-010       -0.119
-1.80000002e-010   -0.1033516
-1.75000002e-010   -0.1124063
-1.70000002e-010  -0.09742188
-1.65000002e-010       -0.107
-1.60000002e-010  -0.09039844
-1.55000002e-010   -0.1001641
-1.50000002e-010  -0.08314063
-1.45000002e-010  -0.09353125
-1.40000002e-010  -0.07508594
-1.35000002e-010  -0.08572657
-1.30000002e-010  -0.06709375
-1.25000002e-010  -0.07692188
-1.20000002e-010  -0.05970313
-1.15000002e-010  -0.06921094
-1.10000001e-010  -0.05110938
-1.05000001e-010  -0.06057813
-1.00000001e-010  -0.04144531
-9.50000013e-011  -0.05199219
-9.00000012e-011  -0.03307813
-8.50000011e-011  -0.04339063
-8.00000011e-011  -0.02598438
-7.5000001e-011  -0.03545313
-7.00000009e-011  -0.01979688
-6.50000009e-011   -0.0278125
-6.00000008e-011  -0.01414844
-5.50000007e-011  -0.02149219
-5.00000007e-011 -0.006507812
-4.50000006e-011  -0.01522656
-4.00000005e-011 0.0001328129
-3.50000005e-011 -0.009734375
-3.00000004e-011  0.005093751
-2.50000003e-011      -0.0045
-2.00000003e-011  0.009000001
-1.50000002e-011 0.0006328129
-1.00000001e-011   0.01283594
-5.00000007e-012  0.003171875
           0   0.01553125
5.00000007e-012  0.005523438
1.00000001e-011   0.01770313
1.50000002e-011  0.007960938
2.00000003e-011   0.02053906
2.50000003e-011   0.01042969
3.00000004e-011        0.023
3.50000005e-011        0.013
4.00000005e-011   0.02334375
4.50000006e-011   0.01374219
5.00000007e-011   0.02376563
5.50000007e-011   0.01432031
6.00000008e-011   0.02614063
6.50000009e-011   0.01346875
7.00000009e-011        0.027
7.5000001e-011   0.01335938
8.00000011e-011   0.02526563
8.50000011e-011    0.0136875
9.00000012e-011   0.02344531
9.50000013e-011   0.01315625
1.00000001e-010   0.02301563
1.05000001e-010        0.013
1.10000001e-010   0.02246094
1.15000002e-010   0.01274219
1.20000002e-010        0.023
1.25000002e-010   0.01292188
1.30000002e-010   0.02260156
1.35000002e-010   0.01221875
1.40000002e-010   0.02286719
1.45000002e-010     0.011125
1.50000002e-010   0.02273438
1.55000002e-010   0.01082031
1.60000002e-010   0.02194531
1.65000002e-010   0.01126563
1.70000002e-010   0.02097656
1.75000002e-010        0.011
1.80000002e-010   0.02000781
1.85000002e-010   0.01054688
1.90000003e-010   0.02034375
1.95000003e-010   0.01107031
2.00000003e-010   0.02066406
2.05000003e-010   0.01247656
2.10000003e-010   0.02214063
2.15000003e-010   0.01416406
2.20000003e-010   0.02382031
2.25000003e-010   0.01594531
2.30000003e-010   0.02524219
2.35000003e-010   0.01678125
2.40000003e-010   0.02639063
2.45000003e-010   0.01703906
2.50000003e-010   0.02728906
2.55000003e-010   0.01785938
2.60000003e-010   0.02973438
2.65000004e-010   0.01942188
2.70000004e-010        0.031
2.75000004e-010   0.02057813
2.80000004e-010    0.0314375
2.85000004e-010   0.02089063
2.90000004e-010   0.03176563
2.95000004e-010   0.02065625
3.00000004e-010   0.03144531
3.05000004e-010       0.0205
3.10000004e-010   0.03157813
3.15000004e-010   0.02051563
3.20000004e-010   0.03241406
3.25000004e-010   0.02035156
3.30000004e-010        0.033
3.35000004e-010         0.02
3.40000005e-010   0.03278906
3.45000005e-010   0.02078125
3.50000005e-010   0.03321875
3.55000005e-010   0.02090625
3.60000005e-010   0.03236719
3.65000005e-010        0.021
3.70000005e-010   0.03042188
3.75000005e-010   0.02146875
3.80000005e-010   0.02961719
3.85000005e-010   0.02034375
3.90000005e-010        0.029
3.95000005e-010   0.01941406
4.00000005e-010   0.02839844
4.05000005e-010        0.019
4.10000005e-010   0.02771094
4.15000006e-010   0.01811719
4.20000006e-010   0.02792969
4.25000006e-010   0.01771875
4.30000006e-010      0.02775
4.35000006e-010   0.01695313
4.40000006e-010        0.027
4.45000006e-010   0.01647656
4.50000006e-010   0.02586719
4.55000006e-010   0.01641406
4.60000006e-010   0.02639063
4.65000006e-010   0.01582813
4.70000006e-010   0.02680469
4.75000006e-010   0.01523438
4.80000006e-010        0.027
4.85000006e-010   0.01526563
4.90000007e-010      0.02675
4.95000007e-010   0.01588281
5.00000007e-010   0.02614063
5.05000007e-010   0.01653125
5.10000007e-010   0.02667969
5.15000007e-010   0.01632031
5.20000007e-010   0.02711719
5.25000007e-010   0.01642188
5.30000007e-010   0.02699219
5.35000007e-010   0.01658594
5.40000007e-010   0.02750781
5.45000007e-010   0.01601563
5.50000007e-010   0.02797656
5.55000007e-010   0.01583594
5.60000007e-010   0.02779688
5.65000008e-010   0.01594531
5.70000008e-010        0.027
5.75000008e-010   0.01617188
5.80000008e-010   0.02561719
5.85000008e-010   0.01520313
5.90000008e-010   0.02492188
5.95000008e-010    0.0150625
6.00000008e-010   0.02511719
6.05000008e-010   0.01559375
6.10000008e-010   0.02485156
6.15000008e-010   0.01630469
6.20000008e-010   0.02489063
6.25000008e-010   0.01604688
6.30000008e-010   0.02526563
6.35000008e-010        0.015
6.40000009e-010   0.02515625
6.45000009e-010   0.01428125
6.50000009e-010   0.02554688
6.55000009e-010   0.01432813
6.60000009e-010   0.02540625
6.65000009e-010   0.01357813
6.70000009e-010   0.02476563
6.75000009e-010   0.01166406
6.80000009e-010   0.02501563
6.85000009e-010   0.01055469
6.90000009e-010   0.02454688
6.95000009e-010   0.01054688
7.00000009e-010   0.02344531
7.05000009e-010   0.01178906
7.10000009e-010   0.02324219
7.1500001e-010   0.01264844
7.2000001e-010   0.02303906
7.2500001e-010   0.01267188
7.3000001e-010        0.023
7.3500001e-010   0.01257813
7.4000001e-010   0.02310938
7.4500001e-010   0.01164063
7.5000001e-010   0.02335938
7.5500001e-010   0.01107813
7.6000001e-010   0.02357031
7.6500001e-010        0.011
7.7000001e-010   0.02351563
7.7500001e-010   0.01148438
7.8000001e-010   0.02310156
7.8500001e-010   0.01130469
7.90000011e-010   0.02261719
7.95000011e-010        0.011
8.00000011e-010   0.02120313
8.05000011e-010   0.01123438
8.10000011e-010   0.02114063
8.15000011e-010   0.01103906
8.20000011e-010   0.02139063
8.25000011e-010   0.01171094
8.30000011e-010    0.0213125
8.35000011e-010   0.01240625
8.40000011e-010   0.02164063
8.45000011e-010   0.01255469
8.50000011e-010   0.02189844
8.55000011e-010        0.013
8.60000011e-010   0.02182031
8.65000012e-010   0.01278125
8.70000012e-010   0.02148438
8.75000012e-010   0.01296875
8.80000012e-010   0.02188281
8.85000012e-010   0.01299219
8.90000012e-010   0.02264063
8.95000012e-010   0.01324219
9.00000012e-010        0.023
9.05000012e-010   0.01347656
9.10000012e-010     0.023375
9.15000012e-010   0.01338281
9.20000012e-010   0.02390625
9.25000012e-010   0.01288281
9.30000012e-010   0.02409375
9.35000012e-010   0.01339844
9.40000013e-010   0.02396875
9.45000013e-010   0.01377344
9.50000013e-010   0.02348438
9.55000013e-010   0.01289063
9.60000013e-010   0.02307813
9.65000013e-010        0.013
9.70000013e-010   0.02325781
9.75000013e-010   0.01422656
9.80000013e-010   0.02339844
9.85000013e-010   0.01439063
9.90000013e-010   0.02339844
9.95000013e-010   0.01399219
1.00000001e-009   0.02326563
1.00500001e-009   0.01421875
1.01000001e-009   0.02307031
1.01500001e-009   0.01435938
1.02000001e-009   0.02382813
1.02500001e-009   0.01433594
1.03000001e-009   0.02588281
1.03500001e-009   0.01482813
1.04000001e-009        0.027
1.04500001e-009   0.01434375
1.05000001e-009   0.02684375
1.05500001e-009   0.01424219
1.06000001e-009   0.02557813
1.06500001e-009   0.01471875
1.07000001e-009   0.02416406
1.07500001e-009   0.01469531
1.08000001e-009   0.02383594
1.08500001e-009   0.01489844
1.09000001e-009        0.025
1.09500001e-009   0.01492188
1.10000001e-009   0.02523438
1.10500001e-009   0.01479688
1.11000001e-009   0.02507813
1.11500001e-009    0.0146875
1.12000001e-009   0.02501563
1.12500002e-009   0.01539063
1.13000002e-009   0.02535938
1.13500002e-009   0.01582813
1.14000002e-009   0.02539844
1.14500002e-009        0.017
1.15000002e-009    0.0261875
1.15500002e-009   0.01675781
1.16000002e-009   0.02679688
1.16500002e-009   0.01641406
1.17000002e-009   0.02764844
1.17500002e-009   0.01640625
1.18000002e-009   0.02872656
1.18500002e-009   0.01528906
1.19000002e-009   0.02903906
1.19500002e-009   0.01457031
1.20000002e-009        0.029
1.20500002e-009        0.015
1.21000002e-009   0.02920313
1.21500002e-009   0.01661719
1.22000002e-009   0.02870313
1.22500002e-009   0.01892969
1.23000002e-009   0.02822656
1.23500002e-009   0.01853906
1.24000002e-009        0.029
1.24500002e-009   0.01846875
1.25000002e-009   0.02902344
