-1.24500002e-009 -0.007210937
-1.24000002e-009        0.003
-1.23500002e-009       -0.007
-1.23000002e-009  0.002710938
-1.22500002e-009 -0.006195312
-1.22000002e-009  0.002601563
-1.21500002e-009 -0.006335937
-1.21000002e-009        0.003
-1.20500002e-009       -0.007
-1.20000002e-009    0.0028125
-1.19500002e-009 -0.007101562
-1.19000002e-009  0.002171875
-1.18500002e-009 -0.007320312
-1.18000002e-009   0.00271875
-1.17500002e-009       -0.007
-1.17000002e-009        0.003
-1.16500002e-009       -0.007
-1.16000002e-009  0.002367188
-1.15500002e-009 -0.007070312
-1.15000002e-009  0.001609375
-1.14500002e-009 -0.006804687
-1.14000002e-009    0.0016875
-1.13500002e-009 -0.007617188
-1.13000002e-009       0.0015
-1.12500002e-009    -0.007875
-1.12000001e-009        0.001
-1.11500001e-009 -0.007453125
-1.11000001e-009        0.001
-1.10500001e-009 -0.007648438
-1.10000001e-009 0.0009531254
-1.09500001e-009 -0.007640625
-1.09000001e-009  0.001148438
-1.08500001e-009 -0.007539063
-1.08000001e-009  0.001351563
-1.07500001e-009 -0.007765625
-1.07000001e-009  0.001445313
-1.06500001e-009      -0.0075
-1.06000001e-009        0.001
-1.05500001e-009 -0.007390625
-1.05000001e-009 0.0002734379
-1.04500001e-009 -0.007351562
-1.04000001e-009 0.0004843754
-1.03500001e-009 -0.008539063
-1.03000001e-009 0.0009609379
-1.02500001e-009 -0.009242188
-1.02000001e-009  0.001265625
-1.01500001e-009 -0.009195313
-1.01000001e-009  0.001460938
-1.00500001e-009  -0.00846875
-1.00000001e-009   0.00240625
-9.95000013e-010 -0.008914063
-9.90000013e-010  0.003375001
-9.85000013e-010 -0.009265625
-9.80000013e-010  0.003601563
-9.75000013e-010 -0.009203125
-9.70000013e-010        0.003
-9.65000013e-010 -0.008648438
-9.60000013e-010  0.001546875
-9.55000013e-010 -0.007921875
-9.50000013e-010   0.00103125
-9.45000013e-010 -0.008726563
-9.40000013e-010   0.00109375
-9.35000012e-010       -0.009
-9.30000012e-010  0.001257813
-9.25000012e-010 -0.009070313
-9.20000012e-010  0.001289063
-9.15000012e-010 -0.009765625
-9.10000012e-010 0.0004062504
-9.05000012e-010  -0.01004688
-9.00000012e-010 -0.0002187497
-8.95000012e-010       -0.009
-8.90000012e-010        0.001
-8.85000012e-010 -0.007460938
-8.80000012e-010   0.00103125
-8.75000012e-010 -0.008273438
-8.70000012e-010 0.0001328129
-8.65000012e-010 -0.009640625
-8.60000011e-010 -0.0002499997
-8.55000011e-010  -0.01036719
-8.50000011e-010 0.0009687504
-8.45000011e-010  -0.01026563
-8.40000011e-010 0.0003828129
-8.35000011e-010    -0.009375
-8.30000011e-010  0.001117188
-8.25000011e-010   -0.0091875
-8.20000011e-010  0.001234375
-8.15000011e-010 -0.009601563
-8.10000011e-010 0.0002578129
-8.05000011e-010  -0.01023438
-8.00000011e-010 -0.001789062
-7.95000011e-010       -0.011
-7.90000011e-010  -0.00190625
-7.8500001e-010  -0.01135938
-7.8000001e-010 -0.001054687
-7.7500001e-010   -0.0111875
-7.7000001e-010 -0.001671875
-7.6500001e-010   -0.0124375
-7.6000001e-010       -0.003
-7.5500001e-010  -0.01310938
-7.5000001e-010 -0.003046875
-7.4500001e-010  -0.01408594
-7.4000001e-010 -0.002945312
-7.3500001e-010  -0.01579688
-7.3000001e-010  -0.00378125
-7.2500001e-010    -0.016875
-7.2000001e-010 -0.006117187
-7.1500001e-010  -0.01714844
-7.10000009e-010       -0.007
-7.05000009e-010  -0.01785938
-7.00000009e-010   -0.0093125
-6.95000009e-010  -0.01944531
-6.90000009e-010  -0.01067188
-6.85000009e-010  -0.02146875
-6.80000009e-010  -0.01217969
-6.75000009e-010   -0.0243125
-6.70000009e-010     -0.01575
-6.65000009e-010  -0.02678125
-6.60000009e-010       -0.019
-6.55000009e-010  -0.02924219
-6.50000009e-010  -0.02229688
-6.45000009e-010  -0.03357031
-6.40000009e-010  -0.02585938
-6.35000008e-010    -0.038375
-6.30000008e-010  -0.02973438
-6.25000008e-010  -0.04510938
-6.20000008e-010  -0.03402344
-6.15000008e-010       -0.052
-6.10000008e-010       -0.039
-6.05000008e-010  -0.05810938
-6.00000008e-010  -0.04540625
-5.95000008e-010  -0.06551563
-5.90000008e-010  -0.05174219
-5.85000008e-010  -0.07240625
-5.80000008e-010       -0.059
-5.75000008e-010  -0.07889844
-5.70000008e-010       -0.067
-5.65000008e-010    -0.085125
-5.60000007e-010       -0.075
-5.55000007e-010   -0.0931875
-5.50000007e-010  -0.08325782
-5.45000007e-010   -0.1011797
-5.40000007e-010       -0.091
-5.35000007e-010   -0.1112891
-5.30000007e-010  -0.09814063
-5.25000007e-010   -0.1206953
-5.20000007e-010   -0.1057188
-5.15000007e-010       -0.129
-5.10000007e-010   -0.1135547
-5.05000007e-010   -0.1353906
-5.00000007e-010   -0.1214063
-4.95000007e-010   -0.1408828
-4.90000007e-010       -0.129
-4.85000006e-010   -0.1475078
-4.80000006e-010   -0.1355156
-4.75000006e-010   -0.1558047
-4.70000006e-010   -0.1417969
-4.65000006e-010   -0.1624688
-4.60000006e-010    -0.147875
-4.55000006e-010   -0.1662969
-4.50000006e-010   -0.1536563
-4.45000006e-010   -0.1675313
-4.40000006e-010   -0.1566563
-4.35000006e-010   -0.1690234
-4.30000006e-010       -0.159
-4.25000006e-010       -0.171
-4.20000006e-010   -0.1602266
-4.15000006e-010   -0.1724219
-4.10000005e-010   -0.1616641
-4.05000005e-010   -0.1722344
-4.00000005e-010   -0.1613203
-3.95000005e-010   -0.1706172
-3.90000005e-010   -0.1592109
-3.85000005e-010   -0.1700625
-3.80000005e-010   -0.1576563
-3.75000005e-010   -0.1692891
-3.70000005e-010   -0.1566797
-3.65000005e-010   -0.1683906
-3.60000005e-010       -0.155
-3.55000005e-010       -0.167
-3.50000005e-010   -0.1529453
-3.45000005e-010   -0.1643828
-3.40000005e-010       -0.152
-3.35000004e-010   -0.1639141
-3.30000004e-010   -0.1500313
-3.25000004e-010       -0.163
-3.20000004e-010     -0.14825
-3.15000004e-010   -0.1597422
-3.10000004e-010   -0.1472344
-3.05000004e-010   -0.1573047
-3.00000004e-010   -0.1454609
-2.95000004e-010   -0.1559766
-2.90000004e-010   -0.1429297
-2.85000004e-010   -0.1536719
-2.80000004e-010   -0.1400078
-2.75000004e-010       -0.152
-2.70000004e-010   -0.1376875
-2.65000004e-010   -0.1501719
-2.60000003e-010   -0.1358594
-2.55000003e-010   -0.1484375
-2.50000003e-010   -0.1335391
-2.45000003e-010   -0.1458828
-2.40000003e-010   -0.1313359
-2.35000003e-010   -0.1433516
-2.30000003e-010   -0.1294063
-2.25000003e-010   -0.1400234
-2.20000003e-010   -0.1262109
-2.15000003e-010       -0.137
-2.10000003e-010   -0.1212734
-2.05000003e-010   -0.1317734
-2.00000003e-010   -0.1158906
-1.95000003e-010   -0.1261641
-1.90000003e-010   -0.1105938
-1.85000002e-010       -0.121
-1.80000002e-010   -0.1054922
-1.75000002e-010   -0.1152813
-1.70000002e-010  -0.09933594
-1.65000002e-010    -0.109125
-1.60000002e-010   -0.0920625
-1.55000002e-010   -0.1023203
-1.50000002e-010  -0.08452344
-1.45000002e-010       -0.095
-1.40000002e-010   -0.0775625
-1.35000002e-010  -0.08680469
-1.30000002e-010  -0.06849219
-1.25000002e-010  -0.07871094
-1.20000002e-010  -0.05986719
-1.15000002e-010  -0.07109375
-1.10000001e-010       -0.051
-1.05000001e-010  -0.06392188
-1.00000001e-010  -0.04259375
-9.50000013e-011       -0.057
-9.00000012e-011  -0.03532031
-8.50000011e-011  -0.04958594
-8.00000011e-011  -0.02699219
-7.5000001e-011  -0.04136719
-7.00000009e-011  -0.01978125
-6.50000009e-011  -0.03257813
-6.00000008e-011  -0.01439844
-5.50000007e-011    -0.023625
-5.00000007e-011 -0.006726562
-4.50000006e-011       -0.015
-4.00000005e-011 0.0003671879
-3.50000005e-011 -0.008171875
-3.00000004e-011  0.006429688
-2.50000003e-011 -0.003304687
-2.00000003e-011   0.01103125
-1.50000002e-011 0.0009296879
-1.00000001e-011   0.01405469
-5.00000007e-012  0.004507813
           0   0.01710938
5.00000007e-012  0.008054688
1.00000001e-011   0.02000781
1.50000002e-011   0.01080469
2.00000003e-011   0.02130469
2.50000003e-011   0.01257031
3.00000004e-011   0.02196875
3.50000005e-011   0.01326563
4.00000005e-011   0.02322656
4.50000006e-011   0.01432031
5.00000007e-011   0.02474219
5.50000007e-011   0.01535156
6.00000008e-011   0.02445313
6.50000009e-011   0.01564844
7.00000009e-011   0.02346875
7.5000001e-011   0.01525781
8.00000011e-011   0.02344531
8.50000011e-011   0.01439063
9.00000012e-011   0.02379688
9.50000013e-011   0.01341406
1.00000001e-010       0.0235
1.05000001e-010   0.01160938
1.10000001e-010     0.021875
1.15000002e-010   0.01085938
1.20000002e-010   0.02024219
1.25000002e-010  0.009945313
1.30000002e-010   0.02111719
1.35000002e-010  0.009718751
1.40000002e-010        0.021
1.45000002e-010  0.008273438
1.50000002e-010   0.01960938
1.55000002e-010  0.007578126
1.60000002e-010        0.019
1.65000002e-010  0.007828126
1.70000002e-010   0.01886719
1.75000002e-010  0.008804688
1.80000002e-010   0.01909375
1.85000002e-010  0.009085938
1.90000003e-010   0.01976563
1.95000003e-010  0.008734376
2.00000003e-010   0.02060156
2.05000003e-010  0.009546876
2.10000003e-010   0.02179688
2.15000003e-010      0.01125
2.20000003e-010   0.02314844
2.25000003e-010   0.01273438
2.30000003e-010   0.02421094
2.35000003e-010   0.01528125
2.40000003e-010   0.02560938
2.45000003e-010   0.01635938
2.50000003e-010   0.02678125
2.55000003e-010        0.017
2.60000003e-010        0.029
2.65000004e-010    0.0184375
2.70000004e-010   0.03160156
2.75000004e-010   0.02050781
2.80000004e-010   0.03335156
2.85000004e-010   0.02151563
2.90000004e-010   0.03435156
2.95000004e-010    0.0223125
3.00000004e-010   0.03482031
3.05000004e-010        0.023
3.10000004e-010        0.035
3.15000004e-010   0.02398438
3.20000004e-010   0.03529688
3.25000004e-010   0.02459375
3.30000004e-010   0.03522656
3.35000004e-010   0.02409375
3.40000005e-010   0.03442188
3.45000005e-010   0.02292969
3.50000005e-010   0.03385156
3.55000005e-010   0.02114063
3.60000005e-010        0.033
3.65000005e-010   0.01979688
3.70000005e-010   0.03155469
3.75000005e-010        0.019
3.80000005e-010   0.03032813
3.85000005e-010   0.01875781
3.90000005e-010    0.0294375
3.95000005e-010   0.01903125
4.00000005e-010   0.02835938
4.05000005e-010   0.01964063
4.10000005e-010   0.02724219
4.15000006e-010   0.01842188
4.20000006e-010      0.02725
4.25000006e-010   0.01775781
4.30000006e-010   0.02647656
4.35000006e-010   0.01667969
4.40000006e-010   0.02564844
4.45000006e-010    0.0151875
4.50000006e-010   0.02596094
4.55000006e-010   0.01434375
4.60000006e-010        0.027
4.65000006e-010   0.01429688
4.70000006e-010   0.02667969
4.75000006e-010        0.015
4.80000006e-010   0.02514063
4.85000006e-010        0.015
4.90000007e-010        0.025
4.95000007e-010   0.01521875
5.00000007e-010   0.02503906
5.05000007e-010   0.01464844
5.10000007e-010   0.02517969
5.15000007e-010        0.015
5.20000007e-010        0.025
5.25000007e-010   0.01427344
5.30000007e-010   0.02453906
5.35000007e-010   0.01378125
5.40000007e-010   0.02501563
5.45000007e-010   0.01438281
5.50000007e-010   0.02532031
5.55000007e-010   0.01554688
5.60000007e-010   0.02723438
5.65000008e-010   0.01523438
5.70000008e-010   0.02853906
5.75000008e-010        0.015
5.80000008e-010        0.029
5.85000008e-010   0.01549219
5.90000008e-010    0.0284375
5.95000008e-010     0.016375
6.00000008e-010   0.02703125
6.05000008e-010   0.01682813
6.10000008e-010     0.027625
6.15000008e-010   0.01610938
6.20000008e-010   0.02714844
6.25000008e-010   0.01592969
6.30000008e-010   0.02646875
6.35000008e-010   0.01539844
6.40000009e-010   0.02528906
6.45000009e-010      0.01475
6.50000009e-010   0.02460938
6.55000009e-010   0.01464063
6.60000009e-010   0.02394531
6.65000009e-010   0.01499219
6.70000009e-010   0.02480469
6.75000009e-010   0.01478125
6.80000009e-010   0.02482813
6.85000009e-010   0.01214063
6.90000009e-010   0.02361719
6.95000009e-010   0.01016406
7.00000009e-010   0.02289063
7.05000009e-010  0.009382813
7.10000009e-010   0.02263281
7.1500001e-010  0.009812501
7.2000001e-010    0.0224375
7.2500001e-010   0.01132813
7.3000001e-010    0.0230625
7.3500001e-010   0.01228125
7.4000001e-010   0.02332031
7.4500001e-010   0.01224219
7.5000001e-010   0.02319531
7.5500001e-010   0.01228125
7.6000001e-010   0.02324219
7.6500001e-010   0.01246875
7.7000001e-010   0.02325781
7.7500001e-010   0.01278125
7.8000001e-010   0.02309375
7.8500001e-010        0.011
7.90000011e-010        0.023
7.95000011e-010  0.009859376
8.00000011e-010   0.02189844
8.05000011e-010  0.009367188
8.10000011e-010   0.02253906
8.15000011e-010  0.009492188
8.20000011e-010   0.02333594
8.25000011e-010   0.01009375
8.30000011e-010   0.02333594
8.35000011e-010   0.01045313
8.40000011e-010   0.02241406
8.45000011e-010   0.01000781
8.50000011e-010   0.02113281
8.55000011e-010  0.009070313
8.60000011e-010   0.02071875
8.65000012e-010  0.009273438
8.70000012e-010   0.02103906
8.75000012e-010   0.01053125
8.80000012e-010   0.02079688
8.85000012e-010   0.01095313
8.90000012e-010   0.02136719
8.95000012e-010   0.01139844
9.00000012e-010        0.023
9.05000012e-010   0.01274219
9.10000012e-010   0.02382031
9.15000012e-010    0.0128125
9.20000012e-010   0.02380469
9.25000012e-010   0.01292969
9.30000012e-010   0.02311719
9.35000012e-010   0.01364844
9.40000013e-010   0.02225781
9.45000013e-010   0.01291406
9.50000013e-010   0.02294531
9.55000013e-010   0.01247656
9.60000013e-010   0.02315625
9.65000013e-010   0.01253125
9.70000013e-010   0.02363281
9.75000013e-010    0.0130625
9.80000013e-010   0.02494531
9.85000013e-010   0.01324219
9.90000013e-010        0.025
9.95000013e-010   0.01389844
1.00000001e-009        0.025
1.00500001e-009   0.01353906
1.01000001e-009   0.02500781
1.01500001e-009   0.01367188
1.02000001e-009   0.02410156
1.02500001e-009   0.01440625
1.03000001e-009   0.02336719
1.03500001e-009   0.01432813
1.04000001e-009   0.02323438
1.04500001e-009      0.01425
1.05000001e-009   0.02342969
1.05500001e-009   0.01410938
1.06000001e-009   0.02367188
1.06500001e-009   0.01426563
1.07000001e-009   0.02482813
1.07500001e-009   0.01467188
1.08000001e-009   0.02484375
1.08500001e-009        0.015
1.09000001e-009   0.02402344
1.09500001e-009        0.015
1.10000001e-009   0.02597656
1.10500001e-009   0.01494531
1.11000001e-009        0.027
1.11500001e-009   0.01490625
1.12000001e-009   0.02684375
1.12500002e-009   0.01509375
1.13000002e-009   0.02588281
1.13500002e-009      0.01575
1.14000002e-009   0.02538281
1.14500002e-009   0.01560156
1.15000002e-009   0.02524219
1.15500002e-009    0.0150625
1.16000002e-009   0.02507031
1.16500002e-009   0.01503906
1.17000002e-009        0.025
1.17500002e-009   0.01489063
1.18000002e-009   0.02610938
1.18500002e-009   0.01528906
1.19000002e-009        0.027
1.19500002e-009   0.01623438
1.20000002e-009    0.0271875
1.20500002e-009   0.01754688
1.21000002e-009   0.02740625
1.21500002e-009   0.01799219
1.22000002e-009   0.02771094
1.22500002e-009   0.01828125
1.23000002e-009   0.02752344
1.23500002e-009   0.01835938
1.24000002e-009   0.02764844
1.24500002e-009   0.01841406
1.25000002e-009   0.02758594
