-4.98000007e-009 -0.005398437
-4.96000007e-009  0.004835938
-4.94000007e-009    -0.006625
-4.92000007e-009  0.005679688
-4.90000007e-009 -0.005140625
-4.88000007e-009  0.004500001
-4.86000006e-009 -0.004273437
-4.84000006e-009  0.005000001
-4.82000006e-009       -0.005
-4.80000006e-009  0.006820313
-4.78000006e-009 -0.006351562
-4.76000006e-009  0.004875001
-4.74000006e-009 -0.005585937
-4.72000006e-009  0.004515626
-4.70000006e-009       -0.005
-4.68000006e-009  0.004429688
-4.66000006e-009 -0.005585937
-4.64000006e-009  0.004210938
-4.62000006e-009 -0.005226562
-4.60000006e-009  0.005625001
-4.58000006e-009 -0.004679687
-4.56000006e-009  0.003703126
-4.54000006e-009 -0.005960937
-4.52000006e-009  0.004734376
-4.50000006e-009 -0.005578125
-4.48000006e-009  0.005703126
-4.46000006e-009 -0.005210937
-4.44000006e-009  0.003937501
-4.42000006e-009       -0.005
-4.40000006e-009  0.003867188
-4.38000006e-009 -0.004992187
-4.36000006e-009  0.003500001
-4.34000006e-009 -0.003820312
-4.32000006e-009  0.003203126
-4.30000006e-009       -0.006
-4.28000006e-009  0.004117188
-4.26000006e-009 -0.003976562
-4.24000006e-009  0.003546876
-4.22000006e-009 -0.005679687
-4.20000006e-009  0.003367188
-4.18000006e-009 -0.005304687
-4.16000006e-009  0.003562501
-4.14000006e-009 -0.003632812
-4.12000006e-009  0.005000001
-4.10000005e-009 -0.006304687
-4.08000005e-009  0.003656251
-4.06000005e-009  -0.00596875
-4.04000005e-009  0.003539063
-4.02000005e-009       -0.005
-4.00000005e-009  0.004085938
-3.98000005e-009       -0.005
-3.96000005e-009  0.003531251
-3.94000005e-009 -0.004679687
-3.92000005e-009  0.005000001
-3.90000005e-009  -0.00434375
-3.88000005e-009  0.003992188
-3.86000005e-009 -0.005429687
-3.84000005e-009  0.005000001
-3.82000005e-009 -0.007765625
-3.80000005e-009  0.005000001
-3.78000005e-009 -0.004960937
-3.76000005e-009  0.004523438
-3.74000005e-009 -0.005523437
-3.72000005e-009  0.005000001
-3.70000005e-009   -0.0050625
-3.68000005e-009  0.005265626
-3.66000005e-009 -0.005296875
-3.64000005e-009  0.003671876
-3.62000005e-009   -0.0055625
-3.60000005e-009        0.003
-3.58000005e-009   -0.0044375
-3.56000005e-009  0.003539063
-3.54000005e-009 -0.004804687
-3.52000005e-009  0.003101563
-3.50000005e-009 -0.005390625
-3.48000005e-009  0.003578126
-3.46000005e-009 -0.005890625
-3.44000005e-009   0.00290625
-3.42000005e-009    -0.005125
-3.40000005e-009  0.005000001
-3.38000005e-009 -0.006242187
-3.36000004e-009  0.002890625
-3.34000004e-009 -0.006804687
-3.32000004e-009        0.003
-3.30000004e-009 -0.007171875
-3.28000004e-009  0.002453125
-3.26000004e-009   -0.0075625
-3.24000004e-009  0.001179688
-3.22000004e-009       -0.011
-3.20000004e-009        0.001
-3.18000004e-009 -0.007445313
-3.16000004e-009 -0.0005156247
-3.14000004e-009  -0.01146875
-3.12000004e-009 3.906285e-005
-3.10000004e-009      -0.0095
-3.08000004e-009  -0.00153125
-3.06000004e-009  -0.01095313
-3.04000004e-009 -0.001078125
-3.02000004e-009       -0.011
-3.00000004e-009 -0.002960937
-2.98000004e-009  -0.01339063
-2.96000004e-009 -0.003117187
-2.94000004e-009  -0.01151563
-2.92000004e-009  -0.00259375
-2.90000004e-009       -0.013
-2.88000004e-009 -0.004742187
-2.86000004e-009  -0.01513281
-2.84000004e-009 -0.005226562
-2.82000004e-009       -0.013
-2.80000004e-009       -0.003
-2.78000004e-009  -0.01428125
-2.76000004e-009 -0.004203125
-2.74000004e-009  -0.01434375
-2.72000004e-009 -0.004453125
-2.70000004e-009       -0.015
-2.68000004e-009 -0.004601562
-2.66000004e-009  -0.01488281
-2.64000004e-009  -0.00440625
-2.62000003e-009       -0.015
-2.60000003e-009    -0.005125
-2.58000003e-009  -0.01578906
-2.56000003e-009 -0.005320312
-2.54000003e-009  -0.01586719
-2.52000003e-009       -0.003
-2.50000003e-009  -0.01626563
-2.48000003e-009  -0.00646875
-2.46000003e-009  -0.01610938
-2.44000003e-009 -0.005023437
-2.42000003e-009       -0.015
-2.40000003e-009 -0.005351562
-2.38000003e-009   -0.0153125
-2.36000003e-009  -0.00559375
-2.34000003e-009  -0.01452344
-2.32000003e-009   -0.0066875
-2.30000003e-009       -0.017
-2.28000003e-009 -0.006335937
-2.26000003e-009  -0.01410938
-2.24000003e-009 -0.005289062
-2.22000003e-009  -0.01636719
-2.20000003e-009       -0.005
-2.18000003e-009  -0.01727344
-2.16000003e-009 -0.005476562
-2.14000003e-009  -0.01442188
-2.12000003e-009    -0.004625
-2.10000003e-009  -0.01308594
-2.08000003e-009       -0.005
-2.06000003e-009  -0.01353125
-2.04000003e-009       -0.005
-2.02000003e-009       -0.015
-2.00000003e-009    -0.004375
-1.98000003e-009  -0.01399219
-1.96000003e-009 -0.004757812
-1.94000003e-009  -0.01365625
-1.92000003e-009       -0.005
-1.90000003e-009       -0.013
-1.88000003e-009 -0.003804687
-1.86000002e-009  -0.01216406
-1.84000002e-009 -0.002867187
-1.82000002e-009       -0.015
-1.80000002e-009       -0.003
-1.78000002e-009  -0.01121875
-1.76000002e-009 -0.002523437
-1.74000002e-009  -0.01267969
-1.72000002e-009 -0.001234375
-1.70000002e-009  -0.01122656
-1.68000002e-009   -0.0019375
-1.66000002e-009  -0.01164063
-1.64000002e-009 -0.002476562
-1.62000002e-009  -0.01207813
-1.60000002e-009 -0.0009999997
-1.58000002e-009  -0.01171875
-1.56000002e-009 0.0009921879
-1.54000002e-009       -0.011
-1.52000002e-009 -0.0001249997
-1.50000002e-009       -0.011
-1.48000002e-009 -0.0008281247
-1.46000002e-009 -0.009921875
-1.44000002e-009 -0.0009999997
-1.42000002e-009 -0.009414063
-1.40000002e-009        0.001
-1.38000002e-009 -0.009367188
-1.36000002e-009  0.001882813
-1.34000002e-009 -0.008835938
-1.32000002e-009 0.0003828129
-1.30000002e-009 -0.009046875
-1.28000002e-009  0.001257813
-1.26000002e-009   -0.0093125
-1.24000002e-009 0.0003671879
-1.22000002e-009       -0.009
-1.20000002e-009 -0.0007968747
-1.18000002e-009   -0.0105625
-1.16000002e-009  0.001101563
-1.14000002e-009  -0.00984375
-1.12000001e-009 -0.0004374997
-1.10000001e-009    -0.009125
-1.08000001e-009 0.0004062504
-1.06000001e-009 -0.009054688
-1.04000001e-009 0.0005312504
-1.02000001e-009   -0.0115625
-1.00000001e-009 -0.0009999997
-9.80000013e-010  -0.01066406
-9.60000013e-010 -0.002078125
-9.40000013e-010  -0.01071094
-9.20000012e-010 -0.0009999997
-9.00000012e-010  -0.01164844
-8.80000012e-010 -0.002648437
-8.60000011e-010  -0.01421875
-8.40000011e-010       -0.005
-8.20000011e-010  -0.01628125
-8.00000011e-010  -0.01067188
-7.8000001e-010  -0.02447656
-7.6000001e-010   -0.0168125
-7.4000001e-010  -0.03978906
-7.2000001e-010       -0.031
-7.00000009e-010  -0.06311719
-6.80000009e-010  -0.05802344
-6.60000009e-010  -0.09096094
-6.40000009e-010  -0.08254688
-6.20000008e-010   -0.1234922
-6.00000008e-010   -0.1151797
-5.80000008e-010   -0.1472344
-5.60000007e-010   -0.1386094
-5.40000007e-010   -0.1585859
-5.20000007e-010   -0.1489063
-5.00000007e-010       -0.161
-4.80000006e-010   -0.1471406
-4.60000006e-010   -0.1566172
-4.40000006e-010   -0.1434922
-4.20000006e-010       -0.153
-4.00000005e-010    -0.138375
-3.80000005e-010   -0.1493906
-3.60000005e-010   -0.1356719
-3.40000005e-010   -0.1466641
-3.20000004e-010   -0.1337891
-3.00000004e-010       -0.143
-2.80000004e-010   -0.1278047
-2.60000003e-010   -0.1374766
-2.40000003e-010   -0.1256172
-2.20000003e-010       -0.133
-2.00000003e-010       -0.117
-1.80000002e-010   -0.1247266
-1.60000002e-010   -0.1027813
-1.40000002e-010   -0.1086328
-1.20000002e-010       -0.075
-1.00000001e-010       -0.085
-8.00000011e-011  -0.04167969
-6.00000008e-011  -0.05008594
-4.00000005e-011  -0.01097656
-2.00000003e-011       -0.021
           0        0.013
2.00000003e-011  0.006562501
4.00000005e-011   0.02408594
6.00000008e-011   0.01640625
8.00000011e-011   0.02764063
1.00000001e-010     0.016625
1.20000002e-010   0.02410156
1.40000002e-010   0.01272656
1.60000002e-010   0.02216406
1.80000002e-010   0.01376563
2.00000003e-010        0.025
2.20000003e-010        0.015
2.40000003e-010   0.02800781
2.60000003e-010   0.01842969
2.80000004e-010   0.03264063
3.00000004e-010        0.023
3.20000004e-010   0.03389063
3.40000005e-010   0.02283594
3.60000005e-010   0.03285938
3.80000005e-010   0.02295313
4.00000005e-010   0.03028906
4.20000006e-010   0.02023438
4.40000006e-010   0.03107031
4.60000006e-010   0.01783594
4.80000006e-010   0.02950781
5.00000007e-010   0.01702344
5.20000007e-010   0.03086719
5.40000007e-010   0.01872656
5.60000007e-010        0.031
5.80000008e-010   0.01984375
6.00000008e-010   0.03096094
6.20000008e-010      0.01975
6.40000009e-010   0.02850781
6.60000009e-010   0.01797656
6.80000009e-010        0.029
7.00000009e-010   0.01814844
7.2000001e-010     0.025875
7.4000001e-010   0.01639063
7.6000001e-010   0.02549219
7.8000001e-010   0.01423438
8.00000011e-010   0.02639844
8.20000011e-010   0.01364844
8.40000011e-010   0.02370313
8.60000011e-010        0.015
8.80000012e-010        0.025
9.00000012e-010        0.017
9.20000012e-010   0.02607031
9.40000013e-010   0.01642188
9.60000013e-010   0.02869531
9.80000013e-010   0.01835938
1.00000001e-009   0.02908594
1.02000001e-009   0.01815625
1.04000001e-009   0.02883594
1.06000001e-009   0.01979688
1.08000001e-009   0.02940625
1.10000001e-009        0.019
1.12000001e-009   0.02955469
1.14000002e-009   0.01979688
1.16000002e-009   0.03164844
1.18000002e-009        0.021
1.20000002e-009   0.03103125
1.22000002e-009   0.02130469
1.24000002e-009    0.0315625
1.26000002e-009        0.023
1.28000002e-009        0.031
1.30000002e-009        0.023
1.32000002e-009   0.03170313
1.34000002e-009   0.02307813
1.36000002e-009        0.033
1.38000002e-009        0.021
1.40000002e-009   0.03167188
1.42000002e-009   0.02125781
1.44000002e-009   0.03339063
1.46000002e-009   0.02098438
1.48000002e-009   0.03032031
1.50000002e-009        0.021
1.52000002e-009   0.03061719
1.54000002e-009   0.02042969
1.56000002e-009   0.02882813
1.58000002e-009        0.019
1.60000002e-009   0.02709375
1.62000002e-009   0.01696875
1.64000002e-009   0.02735156
1.66000002e-009        0.015
1.68000002e-009        0.025
1.70000002e-009        0.015
1.72000002e-009   0.02780469
1.74000002e-009   0.01464063
1.76000002e-009   0.02499219
1.78000002e-009        0.015
1.80000002e-009        0.027
1.82000002e-009   0.01461719
1.84000002e-009   0.02520313
1.86000002e-009   0.01383594
1.88000003e-009        0.025
1.90000003e-009        0.013
1.92000003e-009   0.02598438
1.94000003e-009   0.01491406
1.96000003e-009   0.02433594
1.98000003e-009        0.013
2.00000003e-009   0.02485156
2.02000003e-009   0.01336719
2.04000003e-009   0.02489063
2.06000003e-009   0.01327344
2.08000003e-009        0.025
2.10000003e-009   0.01234375
2.12000003e-009   0.02439844
2.14000003e-009     0.014375
2.16000003e-009   0.02523438
2.18000003e-009        0.015
2.20000003e-009   0.02557031
2.22000003e-009   0.01467969
2.24000003e-009   0.02671875
2.26000003e-009   0.01589063
2.28000003e-009        0.025
2.30000003e-009        0.015
2.32000003e-009   0.02530469
2.34000003e-009   0.01596094
2.36000003e-009   0.02354688
2.38000003e-009   0.01327344
2.40000003e-009        0.023
2.42000003e-009   0.01320313
2.44000003e-009   0.02553125
2.46000003e-009   0.01432031
2.48000003e-009   0.02324219
2.50000003e-009   0.01439844
2.52000003e-009   0.02325781
2.54000003e-009   0.01164844
2.56000003e-009   0.02316406
2.58000003e-009   0.01194531
2.60000003e-009   0.02200781
2.62000003e-009     0.012375
2.64000004e-009   0.02440625
2.66000004e-009   0.01155469
2.68000004e-009   0.02148438
2.70000004e-009        0.013
2.72000004e-009    0.0218125
2.74000004e-009   0.01164063
2.76000004e-009   0.02194531
2.78000004e-009   0.01259375
2.80000004e-009        0.023
2.82000004e-009   0.01233594
2.84000004e-009   0.02255469
2.86000004e-009   0.01170313
2.88000004e-009        0.021
2.90000004e-009        0.013
2.92000004e-009   0.02276563
2.94000004e-009    0.0119375
2.96000004e-009   0.02217969
2.98000004e-009   0.01114844
3.00000004e-009        0.023
3.02000004e-009   0.01080469
3.04000004e-009   0.02053125
3.06000004e-009  0.009343751
3.08000004e-009   0.02100781
3.10000004e-009        0.011
3.12000004e-009   0.02114063
3.14000004e-009   0.01027344
3.16000004e-009   0.01977344
3.18000004e-009   0.01042188
3.20000004e-009    0.0199375
3.22000004e-009   0.01046094
3.24000004e-009   0.02082813
3.26000004e-009   0.01099219
3.28000004e-009        0.023
3.30000004e-009   0.01025781
3.32000004e-009   0.01880469
3.34000004e-009  0.009804688
3.36000004e-009        0.019
3.38000005e-009  0.007000001
3.40000005e-009   0.01939063
3.42000005e-009  0.008460938
3.44000005e-009   0.01925781
3.46000005e-009  0.009000001
3.48000005e-009   0.01747656
3.50000005e-009  0.007000001
3.52000005e-009   0.01882031
3.54000005e-009  0.008210938
3.56000005e-009   0.01770313
3.58000005e-009  0.007453126
3.60000005e-009   0.01740625
3.62000005e-009  0.007820313
3.64000005e-009   0.01741406
3.66000005e-009  0.008148438
3.68000005e-009    0.0176875
3.70000005e-009  0.006875001
3.72000005e-009   0.01748438
3.74000005e-009  0.006492188
3.76000005e-009   0.01845313
3.78000005e-009  0.007445313
3.80000005e-009        0.017
3.82000005e-009  0.007382813
3.84000005e-009   0.01779688
3.86000005e-009  0.007156251
3.88000005e-009   0.01678125
3.90000005e-009  0.008281251
3.92000005e-009   0.01696094
3.94000005e-009  0.006976563
3.96000005e-009   0.01871094
3.98000005e-009  0.007000001
4.00000005e-009   0.01570313
4.02000005e-009  0.008304688
4.04000005e-009   0.01810938
4.06000005e-009  0.006492188
4.08000005e-009   0.01732031
4.10000005e-009  0.007000001
4.12000006e-009   0.01607031
4.14000006e-009  0.006054688
4.16000006e-009   0.01538281
4.18000006e-009  0.007000001
4.20000006e-009        0.015
4.22000006e-009  0.006640626
4.24000006e-009   0.01583594
4.26000006e-009  0.006523438
4.28000006e-009        0.015
4.30000006e-009  0.005000001
4.32000006e-009   0.01635938
4.34000006e-009  0.006539063
4.36000006e-009   0.01372656
4.38000006e-009  0.004851563
4.40000006e-009        0.015
4.42000006e-009  0.004562501
4.44000006e-009        0.015
4.46000006e-009  0.005546876
4.48000006e-009   0.01414844
4.50000006e-009  0.005000001
4.52000006e-009   0.01629688
4.54000006e-009  0.005648438
4.56000006e-009   0.01597656
4.58000006e-009  0.005000001
4.60000006e-009       0.0135
4.62000006e-009  0.003773438
4.64000006e-009   0.01471094
4.66000006e-009  0.002867188
4.68000006e-009        0.015
4.70000006e-009  0.004914063
4.72000006e-009   0.01660156
4.74000006e-009  0.004664063
4.76000006e-009        0.015
4.78000006e-009        0.003
4.80000006e-009    0.0131875
4.82000006e-009  0.003429688
4.84000006e-009     0.014625
4.86000006e-009        0.003
4.88000007e-009   0.01314844
4.90000007e-009  0.002078125
4.92000007e-009       0.0125
4.94000007e-009     0.002125
4.96000007e-009   0.01332031
4.98000007e-009  0.002421875
5.00000007e-009        0.013
