-2.49000003e-009  -0.01046094
-2.48000003e-009  -0.01046094
-2.47000003e-009  -0.01041406
-2.46000003e-009  -0.01032813
-2.45000003e-009     -0.01025
-2.44000003e-009  -0.01017188
-2.43000003e-009  -0.01014063
-2.42000003e-009  -0.01013281
-2.41000003e-009  -0.01013281
-2.40000003e-009  -0.01017188
-2.39000003e-009  -0.01020313
-2.38000003e-009  -0.01020313
-2.37000003e-009  -0.01021875
-2.36000003e-009  -0.01021094
-2.35000003e-009  -0.01017969
-2.34000003e-009  -0.01015625
-2.33000003e-009  -0.01019531
-2.32000003e-009  -0.01021094
-2.31000003e-009  -0.01021875
-2.30000003e-009  -0.01023438
-2.29000003e-009  -0.01028906
-2.28000003e-009   -0.0103125
-2.27000003e-009  -0.01024219
-2.26000003e-009  -0.01024219
-2.25000003e-009   -0.0101875
-2.24000003e-009  -0.01013281
-2.23000003e-009  -0.01009375
-2.22000003e-009  -0.01008594
-2.21000003e-009  -0.01003125
-2.20000003e-009  -0.01002344
-2.19000003e-009 -0.009945313
-2.18000003e-009 -0.009835938
-2.17000003e-009 -0.009742188
-2.16000003e-009 -0.009679688
-2.15000003e-009    -0.009625
-2.14000003e-009 -0.009585938
-2.13000003e-009 -0.009617188
-2.12000003e-009 -0.009734375
-2.11000003e-009 -0.009804688
-2.10000003e-009 -0.009867188
-2.09000003e-009 -0.009882813
-2.08000003e-009 -0.009835938
-2.07000003e-009  -0.00965625
-2.06000003e-009      -0.0095
-2.05000003e-009 -0.009304688
-2.04000003e-009 -0.009132813
-2.03000003e-009 -0.009054688
-2.02000003e-009 -0.009039063
-2.01000003e-009 -0.009023438
-2.00000003e-009 -0.009046875
-1.99000003e-009 -0.009070313
-1.98000003e-009 -0.008992188
-1.97000003e-009 -0.008921875
-1.96000003e-009 -0.008804688
-1.95000003e-009   -0.0086875
-1.94000003e-009   -0.0086875
-1.93000003e-009 -0.008703125
-1.92000003e-009     -0.00875
-1.91000003e-009 -0.008859375
-1.90000003e-009 -0.008921875
-1.89000003e-009 -0.008960938
-1.88000003e-009 -0.008953125
-1.87000002e-009 -0.008859375
-1.86000002e-009     -0.00875
-1.85000002e-009 -0.008570313
-1.84000002e-009 -0.008414063
-1.83000002e-009  -0.00828125
-1.82000002e-009 -0.008171875
-1.81000002e-009 -0.008070313
-1.80000002e-009  -0.00796875
-1.79000002e-009 -0.007851563
-1.78000002e-009 -0.007734375
-1.77000002e-009 -0.007609375
-1.76000002e-009 -0.007476563
-1.75000002e-009    -0.007375
-1.74000002e-009 -0.007367188
-1.73000002e-009 -0.007296875
-1.72000002e-009 -0.007296875
-1.71000002e-009   -0.0073125
-1.70000002e-009  -0.00728125
-1.69000002e-009 -0.007210937
-1.68000002e-009 -0.007148437
-1.67000002e-009 -0.006992187
-1.66000002e-009   -0.0068125
-1.65000002e-009 -0.006664062
-1.64000002e-009 -0.006539062
-1.63000002e-009  -0.00640625
-1.62000002e-009 -0.006304687
-1.61000002e-009 -0.006234375
-1.60000002e-009 -0.006164062
-1.59000002e-009  -0.00609375
-1.58000002e-009 -0.006039062
-1.57000002e-009 -0.005953125
-1.56000002e-009 -0.005921875
-1.55000002e-009 -0.005835937
-1.54000002e-009 -0.005789062
-1.53000002e-009 -0.005726562
-1.52000002e-009 -0.005671875
-1.51000002e-009 -0.005640625
-1.50000002e-009 -0.005617187
-1.49000002e-009 -0.005601562
-1.48000002e-009 -0.005585937
-1.47000002e-009 -0.005539062
-1.46000002e-009 -0.005554687
-1.45000002e-009 -0.005523437
-1.44000002e-009 -0.005484375
-1.43000002e-009 -0.005421875
-1.42000002e-009 -0.005320312
-1.41000002e-009 -0.005171875
-1.40000002e-009   -0.0050625
-1.39000002e-009   -0.0049375
-1.38000002e-009 -0.004867187
-1.37000002e-009 -0.004765625
-1.36000002e-009 -0.004726562
-1.35000002e-009 -0.004703125
-1.34000002e-009 -0.004703125
-1.33000002e-009 -0.004734375
-1.32000002e-009 -0.004742187
-1.31000002e-009 -0.004703125
-1.30000002e-009     -0.00475
-1.29000002e-009 -0.004742187
-1.28000002e-009     -0.00475
-1.27000002e-009 -0.004703125
-1.26000002e-009 -0.004734375
-1.25000002e-009 -0.004703125
-1.24000002e-009 -0.004679687
-1.23000002e-009    -0.004625
-1.22000002e-009   -0.0045625
-1.21000002e-009 -0.004476562
-1.20000002e-009 -0.004429687
-1.19000002e-009 -0.004382812
-1.18000002e-009  -0.00440625
-1.17000002e-009 -0.004484375
-1.16000002e-009 -0.004539062
-1.15000002e-009 -0.004679687
-1.14000002e-009  -0.00478125
-1.13000002e-009 -0.004890625
-1.12000001e-009 -0.004921875
-1.11000001e-009 -0.004953125
-1.10000001e-009 -0.004929687
-1.09000001e-009 -0.004914062
-1.08000001e-009 -0.004890625
-1.07000001e-009 -0.004859375
-1.06000001e-009    -0.004875
-1.05000001e-009    -0.004875
-1.04000001e-009 -0.004851562
-1.03000001e-009 -0.004867187
-1.02000001e-009 -0.004867187
-1.01000001e-009 -0.004882812
-1.00000001e-009 -0.004945312
-9.90000013e-010 -0.005007812
-9.80000013e-010 -0.005101562
-9.70000013e-010 -0.005265625
-9.60000013e-010 -0.005414062
-9.50000013e-010 -0.005570312
-9.40000013e-010     -0.00575
-9.30000012e-010 -0.005890625
-9.20000012e-010 -0.006070312
-9.10000012e-010 -0.006328125
-9.00000012e-010   -0.0065625
-8.90000012e-010 -0.006882812
-8.80000012e-010 -0.007203125
-8.70000012e-010 -0.007648438
-8.60000011e-010    -0.008125
-8.50000011e-010 -0.008671875
-8.40000011e-010 -0.009242188
-8.30000011e-010 -0.009890625
-8.20000011e-010  -0.01066406
-8.10000011e-010  -0.01164063
-8.00000011e-010     -0.01275
-7.90000011e-010  -0.01408594
-7.8000001e-010  -0.01565625
-7.7000001e-010  -0.01752344
-7.6000001e-010  -0.01971875
-7.5000001e-010  -0.02227344
-7.4000001e-010   -0.0251875
-7.3000001e-010   -0.0285625
-7.2000001e-010  -0.03239844
-7.10000009e-010  -0.03682813
-7.00000009e-010  -0.04177344
-6.90000009e-010  -0.04724219
-6.80000009e-010  -0.05321094
-6.70000009e-010     -0.05975
-6.60000009e-010  -0.06677344
-6.50000009e-010  -0.07423438
-6.40000009e-010  -0.08202344
-6.30000008e-010  -0.09000782
-6.20000008e-010  -0.09807032
-6.10000008e-010   -0.1059922
-6.00000008e-010   -0.1136328
-5.90000008e-010   -0.1208203
-5.80000008e-010   -0.1274688
-5.70000008e-010   -0.1334063
-5.60000007e-010   -0.1386406
-5.50000007e-010   -0.1431484
-5.40000007e-010   -0.1469609
-5.30000007e-010   -0.1500547
-5.20000007e-010   -0.1522969
-5.10000007e-010    -0.153875
-5.00000007e-010   -0.1547656
-4.90000007e-010   -0.1551406
-4.80000006e-010   -0.1549531
-4.70000006e-010   -0.1543516
-4.60000006e-010   -0.1534453
-4.50000006e-010   -0.1523828
-4.40000006e-010   -0.1513359
-4.30000006e-010   -0.1502891
-4.20000006e-010   -0.1492578
-4.10000005e-010   -0.1482266
-4.00000005e-010   -0.1472656
-3.90000005e-010   -0.1463828
-3.80000005e-010   -0.1454688
-3.70000005e-010      -0.1445
-3.60000005e-010   -0.1435313
-3.50000005e-010   -0.1426484
-3.40000005e-010   -0.1418047
-3.30000004e-010   -0.1410234
-3.20000004e-010   -0.1401719
-3.10000004e-010   -0.1393047
-3.00000004e-010   -0.1384375
-2.90000004e-010   -0.1375313
-2.80000004e-010   -0.1365703
-2.70000004e-010   -0.1354688
-2.60000003e-010   -0.1343125
-2.50000003e-010   -0.1331094
-2.40000003e-010   -0.1319219
-2.30000003e-010   -0.1306719
-2.20000003e-010   -0.1293359
-2.10000003e-010   -0.1278594
-2.00000003e-010   -0.1261484
-1.90000003e-010   -0.1241641
-1.80000002e-010   -0.1218047
-1.70000002e-010   -0.1189531
-1.60000002e-010   -0.1154766
-1.50000002e-010   -0.1114766
-1.40000002e-010   -0.1068281
-1.30000002e-010   -0.1016406
-1.20000002e-010  -0.09576563
-1.10000001e-010   -0.0893125
-1.00000001e-010     -0.08225
-9.00000012e-011  -0.07471094
-8.00000011e-011  -0.06671875
-7.00000009e-011  -0.05844531
-6.00000008e-011  -0.04989844
-5.00000007e-011  -0.04130469
-4.00000005e-011  -0.03284375
-3.00000004e-011  -0.02464063
-2.00000003e-011  -0.01692969
-1.00000001e-011 -0.009828125
           0 -0.003304687
1.00000001e-011  0.002460938
2.00000003e-011  0.007523438
3.00000004e-011   0.01166406
4.00000005e-011   0.01507813
5.00000007e-011   0.01778125
6.00000008e-011   0.01977344
7.00000009e-011   0.02110938
8.00000011e-011    0.0218125
9.00000012e-011   0.02192969
1.00000001e-010    0.0216875
1.10000001e-010   0.02121875
1.20000002e-010   0.02054688
1.30000002e-010   0.01977344
1.40000002e-010   0.01900781
1.50000002e-010     0.018375
1.60000002e-010   0.01792969
1.70000002e-010     0.017625
1.80000002e-010   0.01751563
1.90000003e-010    0.0175625
2.00000003e-010   0.01780469
2.10000003e-010   0.01821875
2.20000003e-010   0.01878125
2.30000003e-010       0.0195
2.40000003e-010   0.02034375
2.50000003e-010   0.02129688
2.60000003e-010   0.02236719
2.70000004e-010   0.02351563
2.80000004e-010    0.0246875
2.90000004e-010   0.02578125
3.00000004e-010   0.02679688
3.10000004e-010   0.02763281
3.20000004e-010   0.02827344
3.30000004e-010   0.02865625
3.40000005e-010   0.02885156
3.50000005e-010    0.0288125
3.60000005e-010   0.02866406
3.70000005e-010   0.02839844
3.80000005e-010   0.02803906
3.90000005e-010   0.02757031
4.00000005e-010   0.02710156
4.10000005e-010   0.02657031
4.20000006e-010    0.0260625
4.30000006e-010   0.02549219
4.40000006e-010        0.025
4.50000006e-010   0.02459375
4.60000006e-010   0.02428125
4.70000006e-010   0.02408594
4.80000006e-010   0.02401563
4.90000007e-010   0.02403906
5.00000007e-010   0.02413281
5.10000007e-010   0.02419531
5.20000007e-010   0.02426563
5.30000007e-010   0.02429688
5.40000007e-010   0.02432031
5.50000007e-010   0.02427344
5.60000007e-010   0.02432031
5.70000008e-010    0.0244375
5.80000008e-010   0.02466406
5.90000008e-010    0.0249375
6.00000008e-010   0.02523438
6.10000008e-010   0.02548438
6.20000008e-010   0.02560156
6.30000008e-010   0.02559375
6.40000009e-010   0.02540625
6.50000009e-010   0.02501563
6.60000009e-010   0.02453125
6.70000009e-010   0.02396875
6.80000009e-010   0.02340625
6.90000009e-010   0.02289063
7.00000009e-010   0.02241406
7.10000009e-010   0.02205469
7.2000001e-010   0.02170313
7.3000001e-010     0.021375
7.4000001e-010    0.0210625
7.5000001e-010   0.02074219
7.6000001e-010     0.020375
7.7000001e-010   0.02007031
7.8000001e-010   0.01982813
7.90000011e-010     0.019625
8.00000011e-010   0.01945313
8.10000011e-010   0.01939844
8.20000011e-010   0.01934375
8.30000011e-010   0.01936719
8.40000011e-010   0.01938281
8.50000011e-010   0.01945313
8.60000011e-010   0.01952344
8.70000012e-010   0.01966406
8.80000012e-010   0.01984375
8.90000012e-010   0.02007031
9.00000012e-010   0.02032813
9.10000012e-010   0.02067188
9.20000012e-010        0.021
9.30000012e-010   0.02139063
9.40000013e-010   0.02172656
9.50000013e-010        0.022
9.60000013e-010   0.02228125
9.70000013e-010   0.02255469
9.80000013e-010   0.02278125
9.90000013e-010   0.02303125
1.00000001e-009   0.02330469
1.01000001e-009   0.02353125
1.02000001e-009   0.02377344
1.03000001e-009   0.02395313
1.04000001e-009   0.02404688
1.05000001e-009     0.024125
1.06000001e-009   0.02411719
1.07000001e-009   0.02410938
1.08000001e-009   0.02404688
1.09000001e-009   0.02407813
1.10000001e-009   0.02416406
1.11000001e-009   0.02433594
1.12000001e-009   0.02454688
1.13000002e-009   0.02477344
1.14000002e-009   0.02496875
1.15000002e-009   0.02514063
1.16000002e-009   0.02528906
1.17000002e-009   0.02536719
1.18000002e-009   0.02541406
1.19000002e-009   0.02553125
1.20000002e-009   0.02566406
1.21000002e-009   0.02584375
1.22000002e-009   0.02605469
1.23000002e-009   0.02623438
1.24000002e-009   0.02641406
1.25000002e-009   0.02654688
1.26000002e-009   0.02660938
1.27000002e-009   0.02664844
1.28000002e-009    0.0266875
1.29000002e-009      0.02675
1.30000002e-009   0.02680469
1.31000002e-009   0.02686719
1.32000002e-009   0.02700781
1.33000002e-009   0.02709375
1.34000002e-009   0.02723438
1.35000002e-009   0.02732031
1.36000002e-009   0.02735938
1.37000002e-009   0.02732813
1.38000002e-009   0.02727344
1.39000002e-009   0.02715625
1.40000002e-009   0.02698438
1.41000002e-009   0.02685938
1.42000002e-009   0.02671094
1.43000002e-009   0.02651563
1.44000002e-009   0.02635938
1.45000002e-009    0.0261875
1.46000002e-009   0.02610938
1.47000002e-009   0.02596094
1.48000002e-009    0.0258125
1.49000002e-009   0.02566406
1.50000002e-009   0.02547656
1.51000002e-009   0.02532031
1.52000002e-009   0.02510156
1.53000002e-009   0.02491406
1.54000002e-009   0.02473438
1.55000002e-009   0.02451563
1.56000002e-009   0.02432031
1.57000002e-009   0.02411719
1.58000002e-009   0.02385938
1.59000002e-009     0.023625
1.60000002e-009   0.02335938
1.61000002e-009   0.02307813
1.62000002e-009   0.02278125
1.63000002e-009   0.02253125
1.64000002e-009   0.02224219
1.65000002e-009   0.02195313
1.66000002e-009   0.02164063
1.67000002e-009     0.021375
1.68000002e-009   0.02108594
1.69000002e-009   0.02080469
1.70000002e-009   0.02055469
1.71000002e-009   0.02034375
1.72000002e-009   0.02009375
1.73000002e-009   0.01990625
1.74000002e-009   0.01970313
1.75000002e-009   0.01953906
1.76000002e-009   0.01939063
1.77000002e-009   0.01928125
1.78000002e-009   0.01921094
1.79000002e-009   0.01919531
1.80000002e-009   0.01921875
1.81000002e-009    0.0193125
1.82000002e-009   0.01939844
1.83000002e-009   0.01946875
1.84000002e-009       0.0195
1.85000002e-009   0.01946094
1.86000002e-009   0.01936719
1.87000002e-009   0.01921094
1.88000003e-009   0.01905469
1.89000003e-009   0.01898438
1.90000003e-009   0.01892969
1.91000003e-009   0.01898438
1.92000003e-009   0.01909375
1.93000003e-009   0.01930469
1.94000003e-009   0.01954688
1.95000003e-009   0.01971875
1.96000003e-009   0.01980469
1.97000003e-009   0.01983594
1.98000003e-009   0.01977344
1.99000003e-009   0.01960156
2.00000003e-009   0.01942188
2.01000003e-009   0.01921094
2.02000003e-009   0.01908594
2.03000003e-009   0.01898438
2.04000003e-009   0.01904688
2.05000003e-009   0.01917188
2.06000003e-009   0.01933594
2.07000003e-009   0.01952344
2.08000003e-009   0.01964063
2.09000003e-009   0.01970313
2.10000003e-009   0.01970313
2.11000003e-009   0.01961719
2.12000003e-009   0.01953125
2.13000003e-009   0.01939063
2.14000003e-009   0.01932031
2.15000003e-009   0.01933594
2.16000003e-009   0.01942188
2.17000003e-009   0.01959375
2.18000003e-009   0.01977344
2.19000003e-009   0.01995313
2.20000003e-009   0.02013281
2.21000003e-009   0.02022656
2.22000003e-009   0.02030469
2.23000003e-009      0.02025
2.24000003e-009    0.0201875
2.25000003e-009   0.02007813
2.26000003e-009   0.01994531
2.27000003e-009   0.01978906
2.28000003e-009   0.01967188
2.29000003e-009   0.01960156
2.30000003e-009   0.01957813
2.31000003e-009   0.01957031
2.32000003e-009   0.01960156
2.33000003e-009    0.0196875
2.34000003e-009   0.01976563
2.35000003e-009   0.01984375
2.36000003e-009   0.01994531
2.37000003e-009   0.01992969
2.38000003e-009   0.01990625
2.39000003e-009    0.0198125
2.40000003e-009   0.01967969
2.41000003e-009   0.01950781
2.42000003e-009   0.01933594
2.43000003e-009   0.01911719
2.44000003e-009   0.01891406
2.45000003e-009      0.01875
2.46000003e-009   0.01860938
2.47000003e-009   0.01846875
2.48000003e-009   0.01839063
2.49000003e-009   0.01828125
2.50000003e-009   0.01819531
