-4.98000007e-009 -0.0004296872
-4.96000007e-009 -0.0003437497
-4.94000007e-009 -0.0002968747
-4.92000007e-009 -0.0002421872
-4.90000007e-009 -0.0002265622
-4.88000007e-009 -0.0002890622
-4.86000006e-009 -0.0004140622
-4.84000006e-009 -0.0005546872
-4.82000006e-009 -0.0006484372
-4.80000006e-009 -0.0006953122
-4.78000006e-009 -0.0007031247
-4.76000006e-009 -0.0006562497
-4.74000006e-009 -0.0005390622
-4.72000006e-009 -0.0004453122
-4.70000006e-009 -0.0004609372
-4.68000006e-009 -0.0005546872
-4.66000006e-009 -0.0006328122
-4.64000006e-009 -0.0005781247
-4.62000006e-009 -0.0004296872
-4.60000006e-009 -0.0003437497
-4.58000006e-009 -0.0003203122
-4.56000006e-009 -0.0002890622
-4.54000006e-009 -0.0002187497
-4.52000006e-009 -0.0002187497
-4.50000006e-009 -0.0003281247
-4.48000006e-009 -0.0005546872
-4.46000006e-009 -0.0006249997
-4.44000006e-009 -0.0005859372
-4.42000006e-009 -0.0004687497
-4.40000006e-009 -0.0003593747
-4.38000006e-009 -0.0003281247
-4.36000006e-009 -0.0003124997
-4.34000006e-009 -0.0002499997
-4.32000006e-009 -0.0003359372
-4.30000006e-009 -0.0004609372
-4.28000006e-009 -0.0004843747
-4.26000006e-009 -0.0003593747
-4.24000006e-009 -0.0001640622
-4.22000006e-009 -0.0001406247
-4.20000006e-009 -0.0002499997
-4.18000006e-009 -0.0003671872
-4.16000006e-009 -0.0004062497
-4.14000006e-009 -0.0003437497
-4.12000006e-009 -0.0002734372
-4.10000005e-009 -0.0001953122
-4.08000005e-009 -0.0001953122
-4.06000005e-009 -0.0002499997
-4.04000005e-009 -0.0004062497
-4.02000005e-009 -0.0005312497
-4.00000005e-009 -0.0005703122
-3.98000005e-009 -0.0004921872
-3.96000005e-009 -0.0003671872
-3.94000005e-009 -0.0003828122
-3.92000005e-009 -0.0004921872
-3.90000005e-009 -0.0006015622
-3.88000005e-009 -0.0006093747
-3.86000005e-009 -0.0005078122
-3.84000005e-009 -0.0004140622
-3.82000005e-009 -0.0003906247
-3.80000005e-009 -0.0004531247
-3.78000005e-009 -0.0005078122
-3.76000005e-009 -0.0005234372
-3.74000005e-009 -0.0004374997
-3.72000005e-009 -0.0004140622
-3.70000005e-009 -0.0004687497
-3.68000005e-009 -0.0006484372
-3.66000005e-009 -0.0007343747
-3.64000005e-009 -0.0006718747
-3.62000005e-009 -0.0004609372
-3.60000005e-009 -0.0003437497
-3.58000005e-009 -0.0003593747
-3.56000005e-009 -0.0005078122
-3.54000005e-009 -0.0006171872
-3.52000005e-009 -0.0007187497
-3.50000005e-009 -0.0007187497
-3.48000005e-009 -0.0007968747
-3.46000005e-009 -0.0008124997
-3.44000005e-009 -0.0008359372
-3.42000005e-009 -0.0008359372
-3.40000005e-009 -0.0008593747
-3.38000005e-009 -0.0009531247
-3.36000004e-009  -0.00121875
-3.34000004e-009 -0.001507812
-3.32000004e-009 -0.001757812
-3.30000004e-009  -0.00190625
-3.28000004e-009 -0.001976562
-3.26000004e-009 -0.001929687
-3.24000004e-009 -0.001960937
-3.22000004e-009 -0.002117187
-3.20000004e-009 -0.002515625
-3.18000004e-009 -0.003070312
-3.16000004e-009 -0.003484375
-3.14000004e-009 -0.003671875
-3.12000004e-009 -0.003734375
-3.10000004e-009  -0.00390625
-3.08000004e-009  -0.00434375
-3.06000004e-009 -0.004890625
-3.04000004e-009 -0.005296875
-3.02000004e-009 -0.005515625
-3.00000004e-009 -0.005679687
-2.98000004e-009  -0.00603125
-2.96000004e-009 -0.006476562
-2.94000004e-009 -0.006953125
-2.92000004e-009  -0.00728125
-2.90000004e-009 -0.007476563
-2.88000004e-009 -0.007601563
-2.86000004e-009 -0.007734375
-2.84000004e-009 -0.007898438
-2.82000004e-009 -0.008101563
-2.80000004e-009 -0.008359375
-2.78000004e-009 -0.008726563
-2.76000004e-009 -0.009023438
-2.74000004e-009 -0.009226563
-2.72000004e-009 -0.009328125
-2.70000004e-009 -0.009359375
-2.68000004e-009      -0.0095
-2.66000004e-009 -0.009632813
-2.64000004e-009 -0.009710938
-2.62000003e-009 -0.009742188
-2.60000003e-009 -0.009859375
-2.58000003e-009  -0.01009375
-2.56000003e-009  -0.01024219
-2.54000003e-009  -0.01016406
-2.52000003e-009 -0.009992188
-2.50000003e-009 -0.009914063
-2.48000003e-009 -0.009976563
-2.46000003e-009    -0.010125
-2.44000003e-009   -0.0101875
-2.42000003e-009  -0.01014844
-2.40000003e-009  -0.01016406
-2.38000003e-009  -0.01022656
-2.36000003e-009  -0.01027344
-2.34000003e-009  -0.01022656
-2.32000003e-009  -0.01015625
-2.30000003e-009  -0.01016406
-2.28000003e-009  -0.01024219
-2.26000003e-009  -0.01025781
-2.24000003e-009     -0.01025
-2.22000003e-009  -0.01021094
-2.20000003e-009  -0.01022656
-2.18000003e-009  -0.01023438
-2.16000003e-009  -0.01025781
-2.14000003e-009  -0.01020313
-2.12000003e-009  -0.01014844
-2.10000003e-009   -0.0100625
-2.08000003e-009 -0.009882813
-2.06000003e-009 -0.009671875
-2.04000003e-009 -0.009578125
-2.02000003e-009 -0.009609375
-2.00000003e-009    -0.009625
-1.98000003e-009 -0.009484375
-1.96000003e-009 -0.009195313
-1.94000003e-009 -0.008929688
-1.92000003e-009 -0.008796875
-1.90000003e-009   -0.0088125
-1.88000003e-009 -0.008734375
-1.86000002e-009 -0.008609375
-1.84000002e-009 -0.008492188
-1.82000002e-009 -0.008414063
-1.80000002e-009  -0.00834375
-1.78000002e-009 -0.008179688
-1.76000002e-009 -0.007953125
-1.74000002e-009 -0.007789063
-1.72000002e-009 -0.007703125
-1.70000002e-009  -0.00753125
-1.68000002e-009 -0.007273437
-1.66000002e-009 -0.006976562
-1.64000002e-009 -0.006851562
-1.62000002e-009 -0.006804687
-1.60000002e-009 -0.006789062
-1.58000002e-009 -0.006664062
-1.56000002e-009 -0.006421875
-1.54000002e-009 -0.006203125
-1.52000002e-009 -0.006007812
-1.50000002e-009 -0.005796875
-1.48000002e-009 -0.005671875
-1.46000002e-009 -0.005585937
-1.44000002e-009  -0.00553125
-1.42000002e-009 -0.005398437
-1.40000002e-009 -0.005273437
-1.38000002e-009 -0.005148437
-1.36000002e-009 -0.004992187
-1.34000002e-009  -0.00484375
-1.32000002e-009   -0.0046875
-1.30000002e-009  -0.00459375
-1.28000002e-009 -0.004648437
-1.26000002e-009     -0.00475
-1.24000002e-009 -0.004789062
-1.22000002e-009 -0.004742187
-1.20000002e-009 -0.004703125
-1.18000002e-009 -0.004734375
-1.16000002e-009  -0.00471875
-1.14000002e-009 -0.004664062
-1.12000001e-009      -0.0045
-1.10000001e-009 -0.004398437
-1.08000001e-009 -0.004453125
-1.06000001e-009  -0.00465625
-1.04000001e-009 -0.004882812
-1.02000001e-009 -0.005039062
-1.00000001e-009 -0.005140625
-9.80000013e-010 -0.005359375
-9.60000013e-010 -0.005601562
-9.40000013e-010     -0.00575
-9.20000012e-010  -0.00584375
-9.00000012e-010 -0.005929687
-8.80000012e-010 -0.006445312
-8.60000011e-010 -0.007257812
-8.40000011e-010 -0.008234375
-8.20000011e-010 -0.009320313
-8.00000011e-010  -0.01046875
-7.8000001e-010  -0.01252344
-7.6000001e-010  -0.01516406
-7.4000001e-010  -0.01915625
-7.2000001e-010  -0.02480469
-7.00000009e-010  -0.03217188
-6.80000009e-010  -0.04185156
-6.60000009e-010  -0.05321875
-6.40000009e-010  -0.06640625
-6.20000008e-010   -0.0811875
-6.00000008e-010  -0.09698438
-5.80000008e-010   -0.1125234
-5.60000007e-010   -0.1268594
-5.40000007e-010   -0.1384141
-5.20000007e-010   -0.1468125
-5.00000007e-010   -0.1520938
-4.80000006e-010     -0.15425
-4.60000006e-010   -0.1547188
-4.40000006e-010   -0.1534844
-4.20000006e-010   -0.1514922
-4.00000005e-010   -0.1493125
-3.80000005e-010   -0.1470547
-3.60000005e-010   -0.1454141
-3.40000005e-010   -0.1438047
-3.20000004e-010   -0.1419844
-3.00000004e-010   -0.1401094
-2.80000004e-010   -0.1377734
-2.60000003e-010   -0.1355859
-2.40000003e-010   -0.1333516
-2.20000003e-010    -0.130875
-2.00000003e-010   -0.1283359
-1.80000002e-010   -0.1247031
-1.60000002e-010   -0.1198594
-1.40000002e-010   -0.1128906
-1.20000002e-010   -0.1033203
-1.00000001e-010  -0.09151563
-8.00000011e-011  -0.07746875
-6.00000008e-011  -0.06171094
-4.00000005e-011  -0.04495313
-2.00000003e-011  -0.02807031
           0  -0.01267969
2.00000003e-011 -5.468715e-005
4.00000005e-011  0.009718751
6.00000008e-011     0.016375
8.00000011e-011   0.02033594
1.00000001e-010   0.02192188
1.20000002e-010   0.02142188
1.40000002e-010   0.02024219
1.60000002e-010   0.01864844
1.80000002e-010   0.01752344
2.00000003e-010   0.01716406
2.20000003e-010   0.01753125
2.40000003e-010   0.01877344
2.60000003e-010   0.02060156
2.80000004e-010   0.02275781
3.00000004e-010   0.02499219
3.20000004e-010   0.02676563
3.40000005e-010     0.027875
3.60000005e-010   0.02810156
3.80000005e-010   0.02764844
4.00000005e-010   0.02684375
4.20000006e-010   0.02598438
4.40000006e-010   0.02521875
4.60000006e-010   0.02457813
4.80000006e-010   0.02407813
5.00000007e-010   0.02365625
5.20000007e-010   0.02334375
5.40000007e-010   0.02330469
5.60000007e-010   0.02353906
5.80000008e-010   0.02396875
6.00000008e-010   0.02448438
6.20000008e-010   0.02476563
6.40000009e-010   0.02471875
6.60000009e-010    0.0243125
6.80000009e-010   0.02367969
7.00000009e-010   0.02286719
7.2000001e-010   0.02196094
7.4000001e-010   0.02119531
7.6000001e-010   0.02050781
7.8000001e-010   0.01990625
8.00000011e-010   0.01944531
8.20000011e-010   0.01915625
8.40000011e-010   0.01910938
8.60000011e-010   0.01917969
8.80000012e-010   0.01942969
9.00000012e-010   0.01978906
9.20000012e-010    0.0203125
9.40000013e-010   0.02089844
9.60000013e-010   0.02149219
9.80000013e-010   0.02204688
1.00000001e-009   0.02252344
1.02000001e-009   0.02297656
1.04000001e-009   0.02336719
1.06000001e-009     0.023625
1.08000001e-009    0.0238125
1.10000001e-009   0.02392188
1.12000001e-009   0.02408594
1.14000002e-009     0.024375
1.16000002e-009   0.02467188
1.18000002e-009   0.02495313
1.20000002e-009     0.025125
1.22000002e-009   0.02521875
1.24000002e-009   0.02547656
1.26000002e-009     0.025875
1.28000002e-009   0.02632813
1.30000002e-009   0.02663281
1.32000002e-009   0.02675781
1.34000002e-009   0.02680469
1.36000002e-009   0.02686719
1.38000002e-009   0.02696875
1.40000002e-009   0.02689844
1.42000002e-009   0.02671094
1.44000002e-009    0.0264375
1.46000002e-009    0.0261875
1.48000002e-009   0.02592188
1.50000002e-009    0.0255625
1.52000002e-009   0.02510938
1.54000002e-009   0.02463281
1.56000002e-009      0.02425
1.58000002e-009   0.02382031
1.60000002e-009   0.02335156
1.62000002e-009   0.02282813
1.64000002e-009   0.02234375
1.66000002e-009   0.02185156
1.68000002e-009   0.02133594
1.70000002e-009    0.0209375
1.72000002e-009   0.02058594
1.74000002e-009   0.02039844
1.76000002e-009   0.02021094
1.78000002e-009   0.01982813
1.80000002e-009   0.01929688
1.82000002e-009   0.01889844
1.84000002e-009   0.01877344
1.86000002e-009     0.018875
1.88000003e-009   0.01894531
1.90000003e-009   0.01879688
1.92000003e-009   0.01850781
1.94000003e-009   0.01846094
1.96000003e-009      0.01875
1.98000003e-009   0.01915625
2.00000003e-009   0.01932813
2.02000003e-009   0.01919531
2.04000003e-009   0.01900781
2.06000003e-009   0.01909375
2.08000003e-009   0.01933594
2.10000003e-009   0.01948438
2.12000003e-009   0.01942188
2.14000003e-009   0.01921094
2.16000003e-009   0.01919531
2.18000003e-009   0.01933594
2.20000003e-009   0.01942188
2.22000003e-009   0.01939063
2.24000003e-009   0.01946094
2.26000003e-009   0.01971094
2.28000003e-009   0.02003906
2.30000003e-009   0.02013281
2.32000003e-009   0.01988281
2.34000003e-009   0.01953125
2.36000003e-009      0.01925
2.38000003e-009   0.01907031
2.40000003e-009   0.01885156
2.42000003e-009   0.01869531
2.44000003e-009   0.01864844
2.46000003e-009   0.01865625
2.48000003e-009   0.01860156
2.50000003e-009   0.01838281
2.52000003e-009   0.01809375
2.54000003e-009   0.01785156
2.56000003e-009   0.01773438
2.58000003e-009   0.01763281
2.60000003e-009   0.01757813
2.62000003e-009    0.0175625
2.64000004e-009   0.01748438
2.66000004e-009   0.01735938
2.68000004e-009   0.01727344
2.70000004e-009   0.01722656
2.72000004e-009   0.01725781
2.74000004e-009   0.01722656
2.76000004e-009   0.01700781
2.78000004e-009   0.01666406
2.80000004e-009   0.01635938
2.82000004e-009   0.01613281
2.84000004e-009   0.01617969
2.86000004e-009   0.01633594
2.88000004e-009       0.0165
2.90000004e-009   0.01659375
2.92000004e-009       0.0165
2.94000004e-009   0.01639063
2.96000004e-009   0.01639844
2.98000004e-009       0.0165
3.00000004e-009   0.01651563
3.02000004e-009   0.01639063
3.04000004e-009   0.01610938
3.06000004e-009   0.01584375
3.08000004e-009   0.01566406
3.10000004e-009   0.01561719
3.12000004e-009   0.01560156
3.14000004e-009   0.01540625
3.16000004e-009   0.01510938
3.18000004e-009   0.01472656
3.20000004e-009   0.01458594
3.22000004e-009   0.01467969
3.24000004e-009     0.014875
3.26000004e-009   0.01491406
3.28000004e-009   0.01475781
3.30000004e-009   0.01453906
3.32000004e-009   0.01449219
3.34000004e-009   0.01451563
3.36000004e-009   0.01446094
3.38000005e-009   0.01419531
3.40000005e-009   0.01385156
3.42000005e-009   0.01364063
3.44000005e-009   0.01350781
3.46000005e-009   0.01341406
3.48000005e-009   0.01328906
3.50000005e-009   0.01311719
3.52000005e-009   0.01288281
3.54000005e-009   0.01267969
3.56000005e-009   0.01257813
3.58000005e-009   0.01253906
3.60000005e-009   0.01267188
3.62000005e-009   0.01282031
3.64000005e-009   0.01288281
3.66000005e-009   0.01280469
3.68000005e-009   0.01271875
3.70000005e-009   0.01264844
3.72000005e-009   0.01266406
3.74000005e-009   0.01264844
3.76000005e-009   0.01257813
3.78000005e-009   0.01239844
3.80000005e-009   0.01229688
3.82000005e-009   0.01228906
3.84000005e-009     0.012375
3.86000005e-009   0.01252344
3.88000005e-009   0.01269531
3.90000005e-009   0.01272656
3.92000005e-009   0.01264063
3.94000005e-009   0.01241406
3.96000005e-009   0.01219531
3.98000005e-009   0.01210938
4.00000005e-009   0.01213281
4.02000005e-009   0.01213281
4.04000005e-009   0.01201563
4.06000005e-009   0.01174219
4.08000005e-009   0.01146875
4.10000005e-009   0.01132031
4.12000006e-009    0.0113125
4.14000006e-009   0.01146094
4.16000006e-009   0.01152344
4.18000006e-009   0.01142188
4.20000006e-009    0.0111875
4.22000006e-009   0.01096875
4.24000006e-009   0.01089844
4.26000006e-009   0.01079688
4.28000006e-009   0.01064844
4.30000006e-009   0.01030469
4.32000006e-009  0.009960938
4.34000006e-009  0.009773438
4.36000006e-009  0.009679688
4.38000006e-009  0.009492188
4.40000006e-009  0.009304688
4.42000006e-009  0.009195313
4.44000006e-009  0.009273438
4.46000006e-009  0.009367188
4.48000006e-009  0.009367188
4.50000006e-009  0.009312501
4.52000006e-009  0.009273438
4.54000006e-009  0.009242188
4.56000006e-009  0.009187501
4.58000006e-009  0.009015626
4.60000006e-009  0.008898438
4.62000006e-009  0.008960938
4.64000006e-009  0.009140626
4.66000006e-009  0.009242188
4.68000006e-009  0.009242188
4.70000006e-009  0.009070313
4.72000006e-009  0.008984376
4.74000006e-009  0.008929688
4.76000006e-009  0.008898438
4.78000006e-009  0.008890626
4.80000006e-009  0.008796876
4.82000006e-009  0.008687501
4.84000006e-009  0.008578126
4.86000006e-009  0.008484376
4.88000007e-009  0.008437501
4.90000007e-009  0.008406251
4.92000007e-009  0.008351563
4.94000007e-009  0.008250001
4.96000007e-009  0.008132813
4.98000007e-009  0.008054688
5.00000007e-009  0.007976563
