-4.98000007e-009 -8.593715e-005
-4.96000007e-009 -7.812465e-005
-4.94000007e-009 -0.0002265622
-4.92000007e-009 -0.0003984372
-4.90000007e-009 -0.0004374997
-4.88000007e-009 -0.0001484372
-4.86000006e-009 0.0001250004
-4.84000006e-009 0.0001796879
-4.82000006e-009 3.49246e-010
-4.80000006e-009 -0.0002656247
-4.78000006e-009 -0.0003671872
-4.76000006e-009 -0.0003281247
-4.74000006e-009 -0.0002578122
-4.72000006e-009 -0.0001406247
-4.70000006e-009 -4.687465e-005
-4.68000006e-009 0.0001093754
-4.66000006e-009 0.0001406254
-4.64000006e-009 1.562535e-005
-4.62000006e-009 -0.0001093747
-4.60000006e-009 -0.0001171872
-4.58000006e-009 -0.0001171872
-4.56000006e-009 -3.906215e-005
-4.54000006e-009 -5.468715e-005
-4.52000006e-009 -0.0001015622
-4.50000006e-009 -6.249965e-005
-4.48000006e-009 -2.343715e-005
-4.46000006e-009 2.343785e-005
-4.44000006e-009 -2.343715e-005
-4.42000006e-009 -0.0001874997
-4.40000006e-009 -0.0003671872
-4.38000006e-009 -0.0004453122
-4.36000006e-009 -0.0003749997
-4.34000006e-009 -0.0002187497
-4.32000006e-009 -9.374966e-005
-4.30000006e-009 -0.0001328122
-4.28000006e-009 -0.0003046872
-4.26000006e-009 -0.0004453122
-4.24000006e-009 -0.0004296872
-4.22000006e-009 -0.0002890622
-4.20000006e-009 -0.0001874997
-4.18000006e-009 -0.0001718747
-4.16000006e-009 -0.0001953122
-4.14000006e-009 -0.0002265622
-4.12000006e-009 -0.0001328122
-4.10000005e-009 -4.687465e-005
-4.08000005e-009 6.250035e-005
-4.06000005e-009 8.593785e-005
-4.04000005e-009 1.562535e-005
-4.02000005e-009 -0.0001249997
-4.00000005e-009 -0.0002734372
-3.98000005e-009 -0.0003359372
-3.96000005e-009 -0.0003515622
-3.94000005e-009 -0.0003124997
-3.92000005e-009 -0.0002499997
-3.90000005e-009 -0.0002031247
-3.88000005e-009 -0.0001640622
-3.86000005e-009 -0.0001484372
-3.84000005e-009 -0.0002031247
-3.82000005e-009 -0.0002187497
-3.80000005e-009 -0.0002031247
-3.78000005e-009 -0.0001718747
-3.76000005e-009 -0.0001874997
-3.74000005e-009 -0.0003046872
-3.72000005e-009 -0.0003593747
-3.70000005e-009 -0.0003437497
-3.68000005e-009 -0.0001874997
-3.66000005e-009 -0.0001171872
-3.64000005e-009 -0.0002499997
-3.62000005e-009 -0.0005078122
-3.60000005e-009 -0.0006874997
-3.58000005e-009 -0.0006249997
-3.56000005e-009 -0.0003828122
-3.54000005e-009 -0.0001328122
-3.52000005e-009 -7.812465e-005
-3.50000005e-009 -0.0002499997
-3.48000005e-009 -0.0003749997
-3.46000005e-009 -0.0004296872
-3.44000005e-009 -0.0004453122
-3.42000005e-009 -0.0006484372
-3.40000005e-009 -0.0009609372
-3.38000005e-009 -0.001289062
-3.36000004e-009 -0.001453125
-3.34000004e-009  -0.00159375
-3.32000004e-009 -0.001820312
-3.30000004e-009 -0.002101562
-3.28000004e-009  -0.00228125
-3.26000004e-009 -0.002304687
-3.24000004e-009 -0.002359375
-3.22000004e-009 -0.002726562
-3.20000004e-009 -0.003273437
-3.18000004e-009  -0.00384375
-3.16000004e-009 -0.004179687
-3.14000004e-009 -0.004335937
-3.12000004e-009 -0.004515625
-3.10000004e-009 -0.004851562
-3.08000004e-009 -0.005148437
-3.06000004e-009 -0.005265625
-3.04000004e-009 -0.005328125
-3.02000004e-009 -0.005554687
-3.00000004e-009 -0.006023437
-2.98000004e-009  -0.00659375
-2.96000004e-009   -0.0070625
-2.94000004e-009   -0.0073125
-2.92000004e-009 -0.007445313
-2.90000004e-009 -0.007554688
-2.88000004e-009  -0.00771875
-2.86000004e-009 -0.007953125
-2.84000004e-009 -0.008203125
-2.82000004e-009 -0.008492188
-2.80000004e-009     -0.00875
-2.78000004e-009 -0.008882813
-2.76000004e-009 -0.008929688
-2.74000004e-009 -0.008984375
-2.72000004e-009  -0.00909375
-2.70000004e-009  -0.00928125
-2.68000004e-009 -0.009421875
-2.66000004e-009 -0.009492188
-2.64000004e-009 -0.009492188
-2.62000003e-009 -0.009492188
-2.60000003e-009 -0.009617188
-2.58000003e-009 -0.009773438
-2.56000003e-009 -0.009898438
-2.54000003e-009  -0.01000781
-2.52000003e-009  -0.01001563
-2.50000003e-009  -0.01001563
-2.48000003e-009 -0.009984375
-2.46000003e-009   -0.0100625
-2.44000003e-009   -0.0101875
-2.42000003e-009  -0.01029688
-2.40000003e-009  -0.01035938
-2.38000003e-009  -0.01042188
-2.36000003e-009  -0.01047656
-2.34000003e-009  -0.01050781
-2.32000003e-009    -0.010375
-2.30000003e-009  -0.01011719
-2.28000003e-009 -0.009914063
-2.26000003e-009 -0.009867188
-2.24000003e-009 -0.009898438
-2.22000003e-009 -0.009929688
-2.20000003e-009  -0.00984375
-2.18000003e-009 -0.009773438
-2.16000003e-009 -0.009820313
-2.14000003e-009 -0.009835938
-2.12000003e-009 -0.009734375
-2.10000003e-009 -0.009484375
-2.08000003e-009   -0.0093125
-2.06000003e-009 -0.009359375
-2.04000003e-009 -0.009507813
-2.02000003e-009      -0.0095
-2.00000003e-009   -0.0091875
-1.98000003e-009     -0.00875
-1.96000003e-009 -0.008507813
-1.94000003e-009 -0.008578125
-1.92000003e-009  -0.00865625
-1.90000003e-009 -0.008523438
-1.88000003e-009 -0.008242188
-1.86000002e-009 -0.008132813
-1.84000002e-009    -0.008125
-1.82000002e-009 -0.008132813
-1.80000002e-009    -0.007875
-1.78000002e-009      -0.0075
-1.76000002e-009 -0.007257812
-1.74000002e-009 -0.007328125
-1.72000002e-009 -0.007382813
-1.70000002e-009 -0.007265625
-1.68000002e-009  -0.00703125
-1.66000002e-009 -0.006765625
-1.64000002e-009 -0.006617187
-1.62000002e-009  -0.00640625
-1.60000002e-009  -0.00615625
-1.58000002e-009   -0.0059375
-1.56000002e-009  -0.00584375
-1.54000002e-009 -0.005882812
-1.52000002e-009  -0.00590625
-1.50000002e-009 -0.005734375
-1.48000002e-009 -0.005453125
-1.46000002e-009  -0.00515625
-1.44000002e-009 -0.004945312
-1.42000002e-009 -0.004914062
-1.40000002e-009 -0.004953125
-1.38000002e-009 -0.005039062
-1.36000002e-009 -0.004992187
-1.34000002e-009 -0.004851562
-1.32000002e-009 -0.004617187
-1.30000002e-009 -0.004429687
-1.28000002e-009 -0.004257812
-1.26000002e-009 -0.004226562
-1.24000002e-009 -0.004273437
-1.22000002e-009 -0.004421875
-1.20000002e-009   -0.0045625
-1.18000002e-009  -0.00459375
-1.16000002e-009 -0.004554687
-1.14000002e-009   -0.0045625
-1.12000001e-009 -0.004664062
-1.10000001e-009 -0.004828125
-1.08000001e-009 -0.004867187
-1.06000001e-009 -0.004867187
-1.04000001e-009 -0.004890625
-1.02000001e-009   -0.0049375
-1.00000001e-009 -0.005054687
-9.80000013e-010  -0.00521875
-9.60000013e-010      -0.0055
-9.40000013e-010 -0.005929687
-9.20000012e-010    -0.006375
-9.00000012e-010 -0.006710937
-8.80000012e-010 -0.007054687
-8.60000011e-010 -0.007484375
-8.40000011e-010 -0.008523438
-8.20000011e-010  -0.01017188
-8.00000011e-010  -0.01220313
-7.8000001e-010  -0.01479688
-7.6000001e-010       -0.018
-7.4000001e-010  -0.02280469
-7.2000001e-010  -0.02985156
-7.00000009e-010  -0.03901563
-6.80000009e-010  -0.05010156
-6.60000009e-010   -0.0625625
-6.40000009e-010  -0.07636719
-6.20000008e-010     -0.09125
-6.00000008e-010   -0.1063516
-5.80000008e-010   -0.1206094
-5.60000007e-010   -0.1329375
-5.40000007e-010   -0.1424375
-5.20000007e-010   -0.1489844
-5.00000007e-010   -0.1526016
-4.80000006e-010     -0.15375
-4.60000006e-010   -0.1536406
-4.40000006e-010   -0.1524844
-4.20000006e-010   -0.1510625
-4.00000005e-010   -0.1493672
-3.80000005e-010   -0.1473828
-3.60000005e-010   -0.1454141
-3.40000005e-010   -0.1433828
-3.20000004e-010   -0.1413516
-3.00000004e-010   -0.1393203
-2.80000004e-010   -0.1370547
-2.60000003e-010   -0.1348984
-2.40000003e-010   -0.1325938
-2.20000003e-010   -0.1300938
-2.00000003e-010   -0.1271797
-1.80000002e-010   -0.1232422
-1.60000002e-010   -0.1179141
-1.40000002e-010   -0.1106719
-1.20000002e-010   -0.1012109
-1.00000001e-010  -0.08952344
-8.00000011e-011  -0.07570313
-6.00000008e-011  -0.06013282
-4.00000005e-011  -0.04363281
-2.00000003e-011  -0.02741406
           0  -0.01291406
2.00000003e-011 -0.0009140622
4.00000005e-011  0.008593751
6.00000008e-011   0.01541406
8.00000011e-011   0.01964844
1.00000001e-010   0.02126563
1.20000002e-010   0.02107031
1.40000002e-010    0.0204375
1.60000002e-010   0.01977344
1.80000002e-010   0.01934375
2.00000003e-010   0.01905469
2.20000003e-010   0.01900781
2.40000003e-010   0.01967188
2.60000003e-010   0.02098438
2.80000004e-010   0.02266406
3.00000004e-010   0.02424219
3.20000004e-010   0.02553125
3.40000005e-010   0.02633594
3.60000005e-010   0.02664844
3.80000005e-010    0.0264375
4.00000005e-010   0.02590625
4.20000006e-010   0.02548438
4.40000006e-010   0.02534375
4.60000006e-010   0.02532031
4.80000006e-010   0.02517188
5.00000007e-010   0.02494531
5.20000007e-010   0.02494531
5.40000007e-010   0.02532031
5.60000007e-010   0.02590625
5.80000008e-010   0.02622656
6.00000008e-010   0.02596875
6.20000008e-010   0.02528125
6.40000009e-010   0.02448438
6.60000009e-010   0.02378906
6.80000009e-010    0.0231875
7.00000009e-010   0.02267188
7.2000001e-010   0.02219531
7.4000001e-010   0.02164844
7.6000001e-010   0.02091406
7.8000001e-010   0.02025781
8.00000011e-010   0.01994531
8.20000011e-010   0.02019531
8.40000011e-010   0.02070313
8.60000011e-010   0.02123438
8.80000012e-010   0.02159375
9.00000012e-010   0.02194531
9.20000012e-010   0.02246875
9.40000013e-010   0.02309375
9.60000013e-010    0.0235625
9.80000013e-010   0.02372656
1.00000001e-009   0.02360938
1.02000001e-009   0.02342969
1.04000001e-009   0.02332031
1.06000001e-009    0.0233125
1.08000001e-009   0.02335156
1.10000001e-009   0.02348438
1.12000001e-009   0.02382031
1.14000002e-009   0.02435156
1.16000002e-009     0.024875
1.18000002e-009   0.02524219
1.20000002e-009   0.02546094
1.22000002e-009   0.02574219
1.24000002e-009   0.02625781
1.26000002e-009   0.02682813
1.28000002e-009   0.02732031
1.30000002e-009   0.02746094
1.32000002e-009    0.0273125
1.34000002e-009   0.02707031
1.36000002e-009   0.02685938
1.38000002e-009   0.02667188
1.40000002e-009   0.02640625
1.42000002e-009   0.02610156
1.44000002e-009   0.02588281
1.46000002e-009   0.02571094
1.48000002e-009   0.02564063
1.50000002e-009   0.02557813
1.52000002e-009   0.02544531
1.54000002e-009   0.02520313
1.56000002e-009   0.02474219
1.58000002e-009   0.02407813
1.60000002e-009    0.0234375
1.62000002e-009        0.023
1.64000002e-009   0.02278906
1.66000002e-009   0.02260938
1.68000002e-009   0.02216406
1.70000002e-009   0.02157813
1.72000002e-009   0.02100781
1.74000002e-009   0.02071094
1.76000002e-009   0.02053125
1.78000002e-009   0.02039063
1.80000002e-009   0.02008594
1.82000002e-009   0.01977344
1.84000002e-009   0.01952344
1.86000002e-009   0.01934375
1.88000003e-009   0.01925781
1.90000003e-009      0.01925
1.92000003e-009    0.0194375
1.94000003e-009   0.01973438
1.96000003e-009   0.01996875
1.98000003e-009         0.02
2.00000003e-009   0.01988281
2.02000003e-009   0.01978125
2.04000003e-009   0.01969531
2.06000003e-009   0.01974219
2.08000003e-009   0.01983594
2.10000003e-009   0.01996875
2.12000003e-009   0.01998438
2.14000003e-009   0.01983594
2.16000003e-009    0.0196875
2.18000003e-009   0.01970313
2.20000003e-009   0.01978125
2.22000003e-009   0.01984375
2.24000003e-009   0.01969531
2.26000003e-009       0.0195
2.28000003e-009   0.01951563
2.30000003e-009   0.01985156
2.32000003e-009   0.02028125
2.34000003e-009     0.020375
2.36000003e-009   0.02008594
2.38000003e-009   0.01969531
2.40000003e-009   0.01949219
2.42000003e-009   0.01948438
2.44000003e-009   0.01939063
2.46000003e-009    0.0191875
2.48000003e-009   0.01901563
2.50000003e-009    0.0189375
2.52000003e-009   0.01894531
2.54000003e-009   0.01890625
2.56000003e-009   0.01877344
2.58000003e-009   0.01874219
2.60000003e-009   0.01870313
2.62000003e-009   0.01857031
2.64000004e-009   0.01824219
2.66000004e-009   0.01784375
2.68000004e-009   0.01767969
2.70000004e-009   0.01783594
2.72000004e-009   0.01808594
2.74000004e-009   0.01807813
2.76000004e-009   0.01760938
2.78000004e-009   0.01703906
2.80000004e-009   0.01664063
2.82000004e-009   0.01655469
2.84000004e-009   0.01665625
2.86000004e-009   0.01673438
2.88000004e-009   0.01664063
2.90000004e-009   0.01646875
2.92000004e-009   0.01634375
2.94000004e-009     0.016375
2.96000004e-009   0.01667188
2.98000004e-009   0.01701563
3.00000004e-009   0.01719531
3.02000004e-009   0.01707031
3.04000004e-009   0.01671875
3.06000004e-009     0.016375
3.08000004e-009   0.01621875
3.10000004e-009   0.01605469
3.12000004e-009   0.01592188
3.14000004e-009   0.01567188
3.16000004e-009   0.01549219
3.18000004e-009   0.01533594
3.20000004e-009   0.01523438
3.22000004e-009   0.01514063
3.24000004e-009   0.01507031
3.26000004e-009   0.01510938
3.28000004e-009   0.01513281
3.30000004e-009     0.015125
3.32000004e-009    0.0150625
3.34000004e-009   0.01497656
3.36000004e-009   0.01500781
3.38000005e-009   0.01503906
3.40000005e-009   0.01491406
3.42000005e-009   0.01463281
3.44000005e-009   0.01433594
3.46000005e-009   0.01403906
3.48000005e-009   0.01379688
3.50000005e-009   0.01357031
3.52000005e-009   0.01342969
3.54000005e-009    0.0133125
3.56000005e-009   0.01321875
3.58000005e-009   0.01305469
3.60000005e-009     0.012875
3.62000005e-009   0.01279688
3.64000005e-009   0.01278125
3.66000005e-009   0.01278125
3.68000005e-009   0.01278906
3.70000005e-009   0.01292188
3.72000005e-009   0.01311719
3.74000005e-009   0.01329688
3.76000005e-009   0.01330469
3.78000005e-009    0.0131875
3.80000005e-009   0.01304688
3.82000005e-009   0.01291406
3.84000005e-009   0.01289063
3.86000005e-009   0.01286719
3.88000005e-009   0.01285938
3.90000005e-009   0.01280469
3.92000005e-009   0.01267188
3.94000005e-009   0.01251563
3.96000005e-009   0.01232813
3.98000005e-009   0.01213281
4.00000005e-009   0.01209375
4.02000005e-009   0.01204688
4.04000005e-009    0.0119375
4.06000005e-009   0.01180469
4.08000005e-009   0.01166406
4.10000005e-009   0.01164063
4.12000006e-009   0.01163281
4.14000006e-009   0.01160156
4.16000006e-009   0.01163281
4.18000006e-009   0.01169531
4.20000006e-009      0.01175
4.22000006e-009   0.01160938
4.24000006e-009   0.01125781
4.26000006e-009   0.01082031
4.28000006e-009   0.01060156
4.30000006e-009   0.01061719
4.32000006e-009   0.01073438
4.34000006e-009   0.01066406
4.36000006e-009   0.01038281
4.38000006e-009  0.009960938
4.40000006e-009  0.009640626
4.42000006e-009  0.009601563
4.44000006e-009  0.009640626
4.46000006e-009  0.009515626
4.48000006e-009  0.009273438
4.50000006e-009  0.009203126
4.52000006e-009  0.009390626
4.54000006e-009  0.009687501
4.56000006e-009  0.009804688
4.58000006e-009  0.009664063
4.60000006e-009  0.009421876
4.62000006e-009  0.009304688
4.64000006e-009  0.009375001
4.66000006e-009  0.009429688
4.68000006e-009  0.009437501
4.70000006e-009  0.009453126
4.72000006e-009  0.009562501
4.74000006e-009  0.009601563
4.76000006e-009  0.009437501
4.78000006e-009  0.009148438
4.80000006e-009  0.008890626
4.82000006e-009  0.008820313
4.84000006e-009  0.008898438
4.86000006e-009  0.008960938
4.88000007e-009  0.008929688
4.90000007e-009  0.008859376
4.92000007e-009  0.008937501
4.94000007e-009  0.009093751
4.96000007e-009  0.009132813
4.98000007e-009  0.009070313
5.00000007e-009  0.008835938
