-2.49000003e-009       -0.015
-2.48000003e-009 -0.004640625
-2.47000003e-009    -0.015625
-2.46000003e-009 -0.005882812
-2.45000003e-009  -0.01532813
-2.44000003e-009    -0.004625
-2.43000003e-009  -0.01471094
-2.42000003e-009       -0.005
-2.41000003e-009  -0.01558594
-2.40000003e-009 -0.005976562
-2.39000003e-009       -0.017
-2.38000003e-009       -0.005
-2.37000003e-009  -0.01570313
-2.36000003e-009 -0.005367187
-2.35000003e-009  -0.01675781
-2.34000003e-009 -0.004578125
-2.33000003e-009  -0.01646875
-2.32000003e-009 -0.006054687
-2.31000003e-009       -0.015
-2.30000003e-009 -0.005257812
-2.29000003e-009  -0.01399219
-2.28000003e-009   -0.0038125
-2.27000003e-009  -0.01346094
-2.26000003e-009       -0.003
-2.25000003e-009       -0.015
-2.24000003e-009       -0.005
-2.23000003e-009  -0.01471094
-2.22000003e-009       -0.005
-2.21000003e-009       -0.015
-2.20000003e-009 -0.004601562
-2.19000003e-009  -0.01489063
-2.18000003e-009 -0.006179687
-2.17000003e-009  -0.01392188
-2.16000003e-009  -0.00521875
-2.15000003e-009  -0.01432031
-2.14000003e-009 -0.005367187
-2.13000003e-009       -0.015
-2.12000003e-009       -0.005
-2.11000003e-009  -0.01500781
-2.10000003e-009       -0.005
-2.09000003e-009  -0.01392188
-2.08000003e-009  -0.00509375
-2.07000003e-009       -0.015
-2.06000003e-009 -0.004726562
-2.05000003e-009  -0.01384375
-2.04000003e-009       -0.005
-2.03000003e-009  -0.01395313
-2.02000003e-009 -0.004992187
-2.01000003e-009  -0.01252344
-2.00000003e-009  -0.00428125
-1.99000003e-009  -0.01300781
-1.98000003e-009    -0.003625
-1.97000003e-009       -0.015
-1.96000003e-009 -0.004671875
-1.95000003e-009  -0.01383594
-1.94000003e-009 -0.004007812
-1.93000003e-009  -0.01261719
-1.92000003e-009 -0.003242187
-1.91000003e-009  -0.01298438
-1.90000003e-009 -0.003351562
-1.89000003e-009  -0.01204688
-1.88000003e-009    -0.003875
-1.87000002e-009  -0.01124219
-1.86000002e-009       -0.003
-1.85000002e-009       -0.013
-1.84000002e-009       -0.003
-1.83000002e-009  -0.01329688
-1.82000002e-009 -0.002046875
-1.81000002e-009       -0.013
-1.80000002e-009 -0.001507812
-1.79000002e-009  -0.01266406
-1.78000002e-009 -0.001859375
-1.77000002e-009  -0.01185938
-1.76000002e-009  -0.00159375
-1.75000002e-009       -0.013
-1.74000002e-009 -0.001445312
-1.73000002e-009  -0.01232813
-1.72000002e-009 -0.002695312
-1.71000002e-009  -0.01232813
-1.70000002e-009 -0.0009999997
-1.69000002e-009       -0.011
-1.68000002e-009 -0.001726562
-1.67000002e-009       -0.011
-1.66000002e-009 -0.0009531247
-1.65000002e-009 -0.009828125
-1.64000002e-009  -0.00190625
-1.63000002e-009   -0.0093125
-1.62000002e-009 -0.001476562
-1.61000002e-009 -0.009460938
-1.60000002e-009   -0.0010625
-1.59000002e-009       -0.009
-1.58000002e-009 -0.0004296872
-1.57000002e-009       -0.009
-1.56000002e-009        0.001
-1.55000002e-009  -0.00946875
-1.54000002e-009        0.001
-1.53000002e-009       -0.011
-1.52000002e-009 -0.001140625
-1.51000002e-009 -0.009601563
-1.50000002e-009    -0.001125
-1.49000002e-009       -0.009
-1.48000002e-009 -0.0005937497
-1.47000002e-009       -0.011
-1.46000002e-009 -0.0001953122
-1.45000002e-009 -0.009796875
-1.44000002e-009 0.0001015629
-1.43000002e-009 -0.009320313
-1.42000002e-009        0.001
-1.41000002e-009 -0.009796875
-1.40000002e-009        0.001
-1.39000002e-009       -0.009
-1.38000002e-009  0.001109375
-1.37000002e-009       -0.009
-1.36000002e-009 -0.0001718747
-1.35000002e-009  -0.01050781
-1.34000002e-009 -0.0004374997
-1.33000002e-009       -0.011
-1.32000002e-009 -0.0007968747
-1.31000002e-009 -0.009164063
-1.30000002e-009 -0.0002265622
-1.29000002e-009       -0.009
-1.28000002e-009        0.001
-1.27000002e-009 -0.009578125
-1.26000002e-009  0.001585938
-1.25000002e-009 -0.008640625
-1.24000002e-009 7.812535e-005
-1.23000002e-009  -0.01001563
-1.22000002e-009 0.0006171879
-1.21000002e-009 -0.009632813
-1.20000002e-009 0.0006796879
-1.19000002e-009 -0.009007813
-1.18000002e-009 0.0001328129
-1.17000002e-009       -0.009
-1.16000002e-009    0.0013125
-1.15000002e-009 -0.008164063
-1.14000002e-009        0.001
-1.13000002e-009 -0.009671875
-1.12000001e-009        0.001
-1.11000001e-009  -0.00921875
-1.10000001e-009 0.0004765629
-1.09000001e-009       -0.011
-1.08000001e-009 0.0009062504
-1.07000001e-009  -0.01073438
-1.06000001e-009        0.001
-1.05000001e-009      -0.0085
-1.04000001e-009  0.001492188
-1.03000001e-009       -0.009
-1.02000001e-009 -0.0005234372
-1.01000001e-009       -0.009
-1.00000001e-009  -0.00115625
-9.90000013e-010  -0.01032813
-9.80000013e-010 -0.0009062497
-9.70000013e-010  -0.01235938
-9.60000013e-010  -0.00215625
-9.50000013e-010  -0.01327344
-9.40000013e-010 -0.001179687
-9.30000012e-010  -0.01248438
-9.20000012e-010  -0.00190625
-9.10000012e-010  -0.01348438
-9.00000012e-010       -0.003
-8.90000012e-010  -0.01310938
-8.80000012e-010 -0.002742187
-8.70000012e-010  -0.01303906
-8.60000011e-010 -0.005210937
-8.50000011e-010  -0.01678906
-8.40000011e-010       -0.007
-8.30000011e-010  -0.01839844
-8.20000011e-010 -0.008289063
-8.10000011e-010  -0.02107031
-8.00000011e-010  -0.01338281
-7.90000011e-010  -0.02644531
-7.8000001e-010  -0.01708594
-7.7000001e-010  -0.03280469
-7.6000001e-010  -0.02305469
-7.5000001e-010  -0.04095313
-7.4000001e-010  -0.03246094
-7.3000001e-010       -0.053
-7.2000001e-010     -0.04325
-7.10000009e-010  -0.06522657
-7.00000009e-010       -0.057
-6.90000009e-010  -0.07715625
-6.80000009e-010     -0.07075
-6.70000009e-010  -0.09378907
-6.60000009e-010       -0.085
-6.50000009e-010   -0.1099688
-6.40000009e-010   -0.1005234
-6.30000008e-010   -0.1256641
-6.20000008e-010   -0.1153203
-6.10000008e-010   -0.1370078
-6.00000008e-010       -0.127
-5.90000008e-010   -0.1462891
-5.80000008e-010   -0.1361484
-5.70000008e-010       -0.153
-5.60000007e-010      -0.1425
-5.50000007e-010   -0.1572422
-5.40000007e-010   -0.1468906
-5.30000007e-010   -0.1606406
-5.20000007e-010   -0.1484375
-5.10000007e-010   -0.1590859
-5.00000007e-010   -0.1469453
-4.90000007e-010   -0.1577188
-4.80000006e-010   -0.1461641
-4.70000006e-010       -0.157
-4.60000006e-010   -0.1448906
-4.50000006e-010   -0.1542422
-4.40000006e-010       -0.143
-4.30000006e-010       -0.153
-4.20000006e-010       -0.141
-4.10000005e-010   -0.1524531
-4.00000005e-010   -0.1391719
-3.90000005e-010       -0.151
-3.80000005e-010       -0.137
-3.70000005e-010       -0.147
-3.60000005e-010       -0.135
-3.50000005e-010   -0.1445156
-3.40000005e-010   -0.1329844
-3.30000004e-010   -0.1419688
-3.20000004e-010   -0.1306563
-3.10000004e-010   -0.1415469
-3.00000004e-010   -0.1285859
-2.90000004e-010   -0.1414297
-2.80000004e-010   -0.1267969
-2.70000004e-010       -0.139
-2.60000003e-010   -0.1238984
-2.50000003e-010       -0.135
-2.40000003e-010   -0.1201875
-2.30000003e-010   -0.1315156
-2.20000003e-010   -0.1170469
-2.10000003e-010   -0.1261953
-2.00000003e-010   -0.1112969
-1.90000003e-010   -0.1207578
-1.80000002e-010   -0.1033984
-1.70000002e-010   -0.1126563
-1.60000002e-010  -0.09310938
-1.50000002e-010   -0.1034609
-1.40000002e-010   -0.0809375
-1.30000002e-010  -0.08954688
-1.20000002e-010    -0.066875
-1.10000001e-010  -0.07536719
-1.00000001e-010  -0.05167188
-9.00000012e-011  -0.05828906
-8.00000011e-011    -0.035125
-7.00000009e-011       -0.041
-6.00000008e-011  -0.01979688
-5.00000007e-011  -0.02545313
-4.00000005e-011 -0.003992187
-3.00000004e-011  -0.01169531
-2.00000003e-011  0.007828126
-1.00000001e-011 -0.001898437
           0        0.015
1.00000001e-011  0.005601563
2.00000003e-011        0.023
3.00000004e-011   0.01221875
4.00000005e-011   0.02591406
5.00000007e-011   0.01460156
6.00000008e-011   0.02585156
7.00000009e-011   0.01467969
8.00000011e-011   0.02617188
9.00000012e-011   0.01355469
1.00000001e-010        0.027
1.10000001e-010    0.0138125
1.20000002e-010        0.027
1.30000002e-010   0.01445313
1.40000002e-010   0.02567188
1.50000002e-010        0.013
1.60000002e-010   0.02344531
1.70000002e-010   0.01484375
1.80000002e-010   0.02371094
1.90000003e-010   0.01503125
2.00000003e-010   0.02535156
2.10000003e-010   0.01442188
2.20000003e-010   0.02807813
2.30000003e-010   0.01542188
2.40000003e-010        0.029
2.50000003e-010     0.018625
2.60000003e-010   0.02971094
2.70000004e-010     0.020375
2.80000004e-010   0.02947656
2.90000004e-010   0.02073438
3.00000004e-010        0.033
3.10000004e-010        0.021
3.20000004e-010        0.033
3.30000004e-010        0.019
3.40000005e-010        0.033
3.50000005e-010   0.02060156
3.60000005e-010   0.03122656
3.70000005e-010        0.021
3.80000005e-010        0.031
3.90000005e-010        0.021
4.00000005e-010   0.02990625
4.10000005e-010   0.01982031
4.20000006e-010   0.03117188
4.30000006e-010        0.021
4.40000006e-010        0.031
4.50000006e-010        0.021
4.60000006e-010   0.03144531
4.70000006e-010   0.02085938
4.80000006e-010   0.03007031
4.90000007e-010   0.02094531
5.00000007e-010     0.031375
5.10000007e-010   0.02021094
5.20000007e-010        0.031
5.30000007e-010    0.0199375
5.40000007e-010        0.031
5.50000007e-010   0.01939844
5.60000007e-010   0.02984375
5.70000008e-010        0.019
5.80000008e-010   0.03157813
5.90000008e-010        0.019
6.00000008e-010   0.03021094
6.10000008e-010   0.01883594
6.20000008e-010   0.02925781
6.30000008e-010   0.01924219
6.40000009e-010   0.02814844
6.50000009e-010        0.019
6.60000009e-010   0.02777344
6.70000009e-010   0.01679688
6.80000009e-010   0.02702344
6.90000009e-010        0.017
7.00000009e-010        0.027
7.10000009e-010   0.01671094
7.2000001e-010   0.02609375
7.3000001e-010   0.01677344
7.4000001e-010   0.02692969
7.5000001e-010   0.01575781
7.6000001e-010   0.02570313
7.7000001e-010   0.01630469
7.8000001e-010   0.02790625
7.90000011e-010        0.015
8.00000011e-010   0.02934375
8.10000011e-010   0.01639063
8.20000011e-010   0.02792969
8.30000011e-010   0.01614844
8.40000011e-010        0.027
8.50000011e-010   0.01754688
8.60000011e-010   0.02613281
8.70000012e-010   0.01761719
8.80000012e-010   0.02683594
8.90000012e-010   0.01696875
9.00000012e-010   0.02865625
9.10000012e-010        0.017
9.20000012e-010   0.02846875
9.30000012e-010     0.018125
9.40000013e-010   0.02707813
9.50000013e-010   0.01903125
9.60000013e-010        0.027
9.70000013e-010    0.0184375
9.80000013e-010   0.02729688
9.90000013e-010   0.01865625
1.00000001e-009   0.02746875
1.01000001e-009        0.019
1.02000001e-009   0.02825781
1.03000001e-009        0.019
1.04000001e-009   0.02897656
1.05000001e-009        0.019
1.06000001e-009        0.029
1.07000001e-009   0.01757813
1.08000001e-009   0.02759375
1.09000001e-009   0.01714063
1.10000001e-009   0.02853906
1.11000001e-009        0.019
1.12000001e-009   0.02927344
1.13000002e-009     0.018125
1.14000002e-009        0.031
1.15000002e-009   0.01969531
1.16000002e-009   0.03202344
1.17000002e-009   0.02240625
1.18000002e-009   0.03164844
1.19000002e-009   0.02249219
1.20000002e-009   0.03084375
1.21000002e-009        0.023
1.22000002e-009   0.03100781
1.23000002e-009   0.02358594
1.24000002e-009        0.031
1.25000002e-009   0.02303125
1.26000002e-009   0.03233594
1.27000002e-009   0.02185938
1.28000002e-009   0.03294531
1.29000002e-009        0.023
1.30000002e-009   0.03303125
1.31000002e-009   0.02099219
1.32000002e-009    0.0331875
1.33000002e-009   0.02132031
1.34000002e-009   0.03154688
1.35000002e-009    0.0216875
1.36000002e-009        0.033
1.37000002e-009        0.021
1.38000002e-009   0.03117969
1.39000002e-009   0.02161719
1.40000002e-009   0.02985938
1.41000002e-009   0.02192188
1.42000002e-009   0.02950781
1.43000002e-009   0.02021094
1.44000002e-009   0.03109375
1.45000002e-009   0.02016406
1.46000002e-009   0.03100781
1.47000002e-009   0.02082031
1.48000002e-009        0.031
1.49000002e-009   0.02148438
1.50000002e-009        0.029
1.51000002e-009   0.01998438
1.52000002e-009   0.02949219
1.53000002e-009   0.01899219
1.54000002e-009   0.02960938
1.55000002e-009   0.01839063
1.56000002e-009        0.029
1.57000002e-009   0.02011719
1.58000002e-009   0.02778906
1.59000002e-009    0.0186875
1.60000002e-009   0.02838281
1.61000002e-009        0.017
1.62000002e-009   0.02764844
1.63000002e-009        0.015
1.64000002e-009        0.027
1.65000002e-009   0.01678906
1.66000002e-009        0.027
1.67000002e-009   0.01589063
1.68000002e-009   0.02701563
1.69000002e-009        0.015
1.70000002e-009   0.02548438
1.71000002e-009   0.01557031
1.72000002e-009   0.02519531
1.73000002e-009   0.01494531
1.74000002e-009   0.02540625
1.75000002e-009   0.01439844
1.76000002e-009   0.02561719
1.77000002e-009        0.015
1.78000002e-009    0.0251875
1.79000002e-009   0.01370313
1.80000002e-009   0.02360156
1.81000002e-009   0.01354688
1.82000002e-009   0.02364844
1.83000002e-009   0.01435938
1.84000002e-009   0.02471875
1.85000002e-009   0.01440625
1.86000002e-009   0.02467969
1.87000002e-009   0.01411719
1.88000003e-009   0.02355469
1.89000003e-009   0.01375781
1.90000003e-009    0.0235625
1.91000003e-009    0.0149375
1.92000003e-009   0.02321094
1.93000003e-009   0.01548438
1.94000003e-009   0.02307031
1.95000003e-009   0.01558594
1.96000003e-009   0.02410938
1.97000003e-009        0.015
1.98000003e-009        0.025
1.99000003e-009   0.01499219
2.00000003e-009   0.02472656
2.01000003e-009        0.015
2.02000003e-009   0.02560156
2.03000003e-009   0.01465625
2.04000003e-009   0.02620313
2.05000003e-009   0.01432031
2.06000003e-009        0.025
2.07000003e-009   0.01411719
2.08000003e-009        0.025
2.09000003e-009   0.01257813
2.10000003e-009   0.02394531
2.11000003e-009   0.01320313
2.12000003e-009   0.02494531
2.13000003e-009        0.013
2.14000003e-009        0.025
2.15000003e-009        0.015
2.16000003e-009    0.0243125
2.17000003e-009   0.01660938
2.18000003e-009   0.02515625
2.19000003e-009   0.01628906
2.20000003e-009   0.02559375
2.21000003e-009   0.01452344
2.22000003e-009   0.02608594
2.23000003e-009        0.015
2.24000003e-009     0.025375
2.25000003e-009        0.015
2.26000003e-009   0.02502344
2.27000003e-009        0.015
2.28000003e-009   0.02441406
2.29000003e-009        0.015
2.30000003e-009   0.02373438
2.31000003e-009   0.01504688
2.32000003e-009        0.025
2.33000003e-009   0.01504688
2.34000003e-009   0.02485156
2.35000003e-009   0.01482031
2.36000003e-009        0.025
2.37000003e-009   0.01602344
2.38000003e-009   0.02494531
2.39000003e-009   0.01519531
2.40000003e-009   0.02602344
2.41000003e-009        0.015
2.42000003e-009        0.025
2.43000003e-009        0.013
2.44000003e-009   0.02374219
2.45000003e-009   0.01289063
2.46000003e-009   0.02350781
2.47000003e-009        0.013
2.48000003e-009        0.025
2.49000003e-009     0.012625
2.50000003e-009        0.023
