-1.24500002e-009  -0.00434375
-1.24000002e-009 -0.004320312
-1.23500002e-009 -0.004328125
-1.23000002e-009 -0.004351562
-1.22500002e-009  -0.00434375
-1.22000002e-009 -0.004398437
-1.21500002e-009 -0.004445312
-1.21000002e-009 -0.004492187
-1.20500002e-009 -0.004546875
-1.20000002e-009  -0.00459375
-1.19500002e-009 -0.004703125
-1.19000002e-009 -0.004726562
-1.18500002e-009 -0.004765625
-1.18000002e-009 -0.004820312
-1.17500002e-009    -0.004875
-1.17000002e-009    -0.004875
-1.16500002e-009 -0.004882812
-1.16000002e-009    -0.004875
-1.15500002e-009 -0.004851562
-1.15000002e-009 -0.004820312
-1.14500002e-009 -0.004789062
-1.14000002e-009  -0.00478125
-1.13500002e-009 -0.004726562
-1.13000002e-009   -0.0046875
-1.12500002e-009 -0.004671875
-1.12000001e-009 -0.004617187
-1.11500001e-009 -0.004578125
-1.11000001e-009 -0.004578125
-1.10500001e-009 -0.004585937
-1.10000001e-009   -0.0045625
-1.09500001e-009 -0.004539062
-1.09000001e-009 -0.004570312
-1.08500001e-009 -0.004585937
-1.08000001e-009 -0.004554687
-1.07500001e-009 -0.004617187
-1.07000001e-009    -0.004625
-1.06500001e-009 -0.004648437
-1.06000001e-009   -0.0046875
-1.05500001e-009 -0.004710937
-1.05000001e-009  -0.00478125
-1.04500001e-009   -0.0048125
-1.04000001e-009 -0.004882812
-1.03500001e-009 -0.004953125
-1.03000001e-009 -0.004976562
-1.02500001e-009   -0.0050625
-1.02000001e-009    -0.005125
-1.01500001e-009 -0.005179687
-1.01000001e-009 -0.005257812
-1.00500001e-009 -0.005304687
-1.00000001e-009 -0.005320312
-9.95000013e-010    -0.005375
-9.90000013e-010 -0.005421875
-9.85000013e-010 -0.005445312
-9.80000013e-010  -0.00546875
-9.75000013e-010 -0.005476562
-9.70000013e-010 -0.005515625
-9.65000013e-010 -0.005546875
-9.60000013e-010 -0.005585937
-9.55000013e-010 -0.005632812
-9.50000013e-010 -0.005703125
-9.45000013e-010 -0.005789062
-9.40000013e-010 -0.005890625
-9.35000012e-010 -0.005984375
-9.30000012e-010 -0.006132812
-9.25000012e-010     -0.00625
-9.20000012e-010 -0.006398437
-9.15000012e-010 -0.006554687
-9.10000012e-010 -0.006734375
-9.05000012e-010 -0.006929687
-9.00000012e-010 -0.007132812
-8.95000012e-010  -0.00734375
-8.90000012e-010  -0.00753125
-8.85000012e-010 -0.007765625
-8.80000012e-010 -0.007953125
-8.75000012e-010 -0.008171875
-8.70000012e-010  -0.00840625
-8.65000012e-010   -0.0086875
-8.60000011e-010 -0.008945313
-8.55000011e-010 -0.009265625
-8.50000011e-010 -0.009585938
-8.45000011e-010 -0.009945313
-8.40000011e-010  -0.01034375
-8.35000011e-010  -0.01078125
-8.30000011e-010  -0.01121875
-8.25000011e-010  -0.01169531
-8.20000011e-010  -0.01228125
-8.15000011e-010  -0.01283594
-8.10000011e-010      -0.0135
-8.05000011e-010  -0.01417969
-8.00000011e-010  -0.01495313
-7.95000011e-010  -0.01578906
-7.90000011e-010  -0.01664844
-7.8500001e-010  -0.01766406
-7.8000001e-010  -0.01870313
-7.7500001e-010   -0.0198125
-7.7000001e-010  -0.02104688
-7.6500001e-010    -0.022375
-7.6000001e-010  -0.02384375
-7.5500001e-010  -0.02540625
-7.5000001e-010  -0.02708594
-7.4500001e-010  -0.02891406
-7.4000001e-010  -0.03083594
-7.3500001e-010  -0.03288281
-7.3000001e-010   -0.0350625
-7.2500001e-010  -0.03734375
-7.2000001e-010  -0.03978906
-7.1500001e-010  -0.04234375
-7.10000009e-010  -0.04501563
-7.05000009e-010  -0.04782031
-7.00000009e-010  -0.05074219
-6.95000009e-010  -0.05378125
-6.90000009e-010  -0.05692969
-6.85000009e-010   -0.0601875
-6.80000009e-010  -0.06353907
-6.75000009e-010  -0.06694532
-6.70000009e-010  -0.07046094
-6.65000009e-010  -0.07408594
-6.60000009e-010  -0.07772657
-6.55000009e-010      -0.0815
-6.50000009e-010  -0.08525782
-6.45000009e-010  -0.08909375
-6.40000009e-010  -0.09290625
-6.35000008e-010  -0.09675782
-6.30000008e-010   -0.1005781
-6.25000008e-010   -0.1043516
-6.20000008e-010   -0.1080703
-6.15000008e-010   -0.1117188
-6.10000008e-010   -0.1152656
-6.05000008e-010   -0.1186953
-6.00000008e-010       -0.122
-5.95000008e-010   -0.1251953
-5.90000008e-010   -0.1281797
-5.85000008e-010   -0.1310156
-5.80000008e-010   -0.1337344
-5.75000008e-010   -0.1362344
-5.70000008e-010   -0.1385313
-5.65000008e-010   -0.1406563
-5.60000007e-010   -0.1425859
-5.55000007e-010   -0.1443906
-5.50000007e-010   -0.1459688
-5.45000007e-010   -0.1474141
-5.40000007e-010   -0.1486563
-5.35000007e-010   -0.1497891
-5.30000007e-010   -0.1507813
-5.25000007e-010   -0.1516094
-5.20000007e-010   -0.1522734
-5.15000007e-010   -0.1528438
-5.10000007e-010   -0.1532578
-5.05000007e-010   -0.1535703
-5.00000007e-010   -0.1537578
-4.95000007e-010   -0.1538516
-4.90000007e-010   -0.1538594
-4.85000006e-010   -0.1537891
-4.80000006e-010   -0.1536641
-4.75000006e-010   -0.1534141
-4.70000006e-010   -0.1531172
-4.65000006e-010   -0.1528047
-4.60000006e-010   -0.1523516
-4.55000006e-010   -0.1519688
-4.50000006e-010   -0.1515156
-4.45000006e-010   -0.1510078
-4.40000006e-010   -0.1505625
-4.35000006e-010   -0.1500938
-4.30000006e-010    -0.149625
-4.25000006e-010   -0.1491406
-4.20000006e-010   -0.1486641
-4.15000006e-010   -0.1481563
-4.10000005e-010   -0.1477031
-4.05000005e-010   -0.1472344
-4.00000005e-010   -0.1468047
-3.95000005e-010   -0.1463203
-3.90000005e-010   -0.1458906
-3.85000005e-010   -0.1454531
-3.80000005e-010   -0.1450469
-3.75000005e-010   -0.1446172
-3.70000005e-010   -0.1441641
-3.65000005e-010   -0.1437188
-3.60000005e-010   -0.1432734
-3.55000005e-010   -0.1428281
-3.50000005e-010   -0.1423203
-3.45000005e-010   -0.1418359
-3.40000005e-010   -0.1413594
-3.35000004e-010   -0.1408281
-3.30000004e-010   -0.1403203
-3.25000004e-010   -0.1397813
-3.20000004e-010   -0.1392344
-3.15000004e-010   -0.1386875
-3.10000004e-010   -0.1380859
-3.05000004e-010   -0.1375313
-3.00000004e-010   -0.1369453
-2.95000004e-010   -0.1363828
-2.90000004e-010   -0.1358047
-2.85000004e-010   -0.1352344
-2.80000004e-010   -0.1346797
-2.75000004e-010   -0.1341484
-2.70000004e-010   -0.1335781
-2.65000004e-010       -0.133
-2.60000003e-010   -0.1324141
-2.55000003e-010   -0.1318281
-2.50000003e-010   -0.1312188
-2.45000003e-010   -0.1305859
-2.40000003e-010   -0.1299141
-2.35000003e-010   -0.1292344
-2.30000003e-010   -0.1285313
-2.25000003e-010   -0.1277969
-2.20000003e-010       -0.127
-2.15000003e-010    -0.126125
-2.10000003e-010   -0.1252031
-2.05000003e-010   -0.1241563
-2.00000003e-010   -0.1230781
-1.95000003e-010    -0.121875
-1.90000003e-010   -0.1205938
-1.85000002e-010   -0.1192188
-1.80000002e-010   -0.1177188
-1.75000002e-010   -0.1160938
-1.70000002e-010   -0.1143281
-1.65000002e-010   -0.1124609
-1.60000002e-010   -0.1103984
-1.55000002e-010   -0.1082188
-1.50000002e-010   -0.1058672
-1.45000002e-010   -0.1033672
-1.40000002e-010   -0.1007422
-1.35000002e-010  -0.09791407
-1.30000002e-010  -0.09499219
-1.25000002e-010  -0.09191407
-1.20000002e-010  -0.08867188
-1.15000002e-010   -0.0853125
-1.10000001e-010  -0.08180469
-1.05000001e-010   -0.0781875
-1.00000001e-010  -0.07444532
-9.50000013e-011  -0.07060938
-9.00000012e-011  -0.06667969
-8.50000011e-011  -0.06270313
-8.00000011e-011  -0.05866406
-7.5000001e-011  -0.05459375
-7.00000009e-011  -0.05050781
-6.50000009e-011  -0.04639844
-6.00000008e-011  -0.04233594
-5.50000007e-011  -0.03827344
-5.00000007e-011  -0.03426563
-4.50000006e-011  -0.03030469
-4.00000005e-011  -0.02640625
-3.50000005e-011  -0.02265625
-3.00000004e-011  -0.01897656
-2.50000003e-011  -0.01542188
-2.00000003e-011  -0.01196875
-1.50000002e-011 -0.008757813
-1.00000001e-011 -0.005632812
-5.00000007e-012 -0.002679687
           0 0.0001015629
5.00000007e-012  0.002703125
1.00000001e-011  0.005140626
1.50000002e-011  0.007421876
2.00000003e-011  0.009515626
2.50000003e-011   0.01139844
3.00000004e-011   0.01311719
3.50000005e-011   0.01461719
4.00000005e-011   0.01599219
4.50000006e-011   0.01716406
5.00000007e-011   0.01817188
5.50000007e-011   0.01903906
6.00000008e-011   0.01979688
6.50000009e-011   0.02041406
7.00000009e-011   0.02092188
7.5000001e-011   0.02127344
8.00000011e-011   0.02157813
8.50000011e-011   0.02171875
9.00000012e-011   0.02182031
9.50000013e-011   0.02184375
1.00000001e-010   0.02178906
1.05000001e-010   0.02170313
1.10000001e-010   0.02155469
1.15000002e-010   0.02136719
1.20000002e-010   0.02117188
1.25000002e-010   0.02089844
1.30000002e-010   0.02064844
1.35000002e-010   0.02032031
1.40000002e-010   0.02003125
1.45000002e-010      0.01975
1.50000002e-010   0.01945313
1.55000002e-010    0.0191875
1.60000002e-010   0.01895313
1.65000002e-010      0.01875
1.70000002e-010     0.018625
1.75000002e-010   0.01854688
1.80000002e-010   0.01849219
1.85000002e-010   0.01848438
1.90000003e-010   0.01854688
1.95000003e-010   0.01867188
2.00000003e-010   0.01884375
2.05000003e-010   0.01911719
2.10000003e-010   0.01938281
2.15000003e-010   0.01972656
2.20000003e-010   0.02009375
2.25000003e-010   0.02049219
2.30000003e-010   0.02089844
2.35000003e-010   0.02135156
2.40000003e-010   0.02172656
2.45000003e-010   0.02214844
2.50000003e-010   0.02257031
2.55000003e-010   0.02296094
2.60000003e-010   0.02335938
2.65000004e-010   0.02374219
2.70000004e-010   0.02407031
2.75000004e-010   0.02439844
2.80000004e-010   0.02472656
2.85000004e-010   0.02501563
2.90000004e-010   0.02528906
2.95000004e-010   0.02554688
3.00000004e-010   0.02580469
3.05000004e-010   0.02603125
3.10000004e-010      0.02625
3.15000004e-010   0.02639844
3.20000004e-010   0.02659375
3.25000004e-010   0.02671094
3.30000004e-010   0.02683594
3.35000004e-010   0.02691406
3.40000005e-010   0.02695313
3.45000005e-010   0.02697656
3.50000005e-010   0.02696094
3.55000005e-010   0.02691406
3.60000005e-010   0.02684375
3.65000005e-010   0.02672656
3.70000005e-010   0.02661719
3.75000005e-010   0.02644531
3.80000005e-010   0.02625781
3.85000005e-010   0.02611719
3.90000005e-010   0.02596094
3.95000005e-010   0.02578906
4.00000005e-010   0.02559375
4.05000005e-010   0.02547656
4.10000005e-010   0.02535938
4.15000006e-010   0.02524219
4.20000006e-010   0.02517188
4.25000006e-010     0.025125
4.30000006e-010   0.02505469
4.35000006e-010   0.02507031
4.40000006e-010   0.02507813
4.45000006e-010   0.02509375
4.50000006e-010   0.02515625
4.55000006e-010   0.02519531
4.60000006e-010   0.02524219
4.65000006e-010   0.02529688
4.70000006e-010   0.02533594
4.75000006e-010   0.02538281
4.80000006e-010   0.02540625
4.85000006e-010   0.02546875
4.90000007e-010   0.02550781
4.95000007e-010   0.02554688
5.00000007e-010   0.02555469
5.05000007e-010   0.02557031
5.10000007e-010   0.02557031
5.15000007e-010   0.02559375
5.20000007e-010   0.02559375
5.25000007e-010   0.02560938
5.30000007e-010   0.02559375
5.35000007e-010   0.02560938
5.40000007e-010    0.0255625
5.45000007e-010   0.02554688
5.50000007e-010   0.02550781
5.55000007e-010   0.02545313
5.60000007e-010   0.02540625
5.65000008e-010   0.02535156
5.70000008e-010      0.02525
5.75000008e-010   0.02517188
5.80000008e-010     0.025125
5.85000008e-010        0.025
5.90000008e-010   0.02489844
5.95000008e-010   0.02484375
6.00000008e-010   0.02476563
6.05000008e-010   0.02469531
6.10000008e-010   0.02463281
6.15000008e-010   0.02457031
6.20000008e-010   0.02452344
6.25000008e-010   0.02446875
6.30000008e-010   0.02442188
6.35000008e-010   0.02434375
6.40000009e-010   0.02428906
6.45000009e-010   0.02422656
6.50000009e-010   0.02411719
6.55000009e-010   0.02400781
6.60000009e-010   0.02385938
6.65000009e-010   0.02369531
6.70000009e-010   0.02350781
6.75000009e-010    0.0233125
6.80000009e-010     0.023125
6.85000009e-010     0.022875
6.90000009e-010   0.02265625
6.95000009e-010   0.02241406
7.00000009e-010   0.02219531
7.05000009e-010   0.02197656
7.10000009e-010   0.02179688
7.1500001e-010   0.02159375
7.2000001e-010   0.02141406
7.2500001e-010   0.02125781
7.3000001e-010   0.02110156
7.3500001e-010   0.02097656
7.4000001e-010     0.020875
7.4500001e-010   0.02079688
7.5000001e-010    0.0206875
7.5500001e-010   0.02060938
7.6000001e-010   0.02054688
7.6500001e-010   0.02049219
7.7000001e-010   0.02046094
7.7500001e-010   0.02044531
7.8000001e-010    0.0204375
7.8500001e-010   0.02042188
7.90000011e-010   0.02046875
7.95000011e-010   0.02048438
8.00000011e-010   0.02050781
8.05000011e-010   0.02057031
8.10000011e-010   0.02063281
8.15000011e-010   0.02071094
8.20000011e-010   0.02075781
8.25000011e-010   0.02085156
8.30000011e-010   0.02094531
8.35000011e-010   0.02101563
8.40000011e-010   0.02113281
8.45000011e-010   0.02124219
8.50000011e-010    0.0213125
8.55000011e-010   0.02141406
8.60000011e-010   0.02151563
8.65000012e-010     0.021625
8.70000012e-010   0.02174219
8.75000012e-010     0.021875
8.80000012e-010        0.022
8.85000012e-010   0.02214063
8.90000012e-010   0.02226563
8.95000012e-010   0.02239844
9.00000012e-010   0.02253906
9.05000012e-010   0.02266406
9.10000012e-010   0.02275781
9.15000012e-010   0.02289844
9.20000012e-010   0.02298438
9.25000012e-010   0.02309375
9.30000012e-010   0.02314063
9.35000012e-010    0.0231875
9.40000013e-010   0.02321875
9.45000013e-010   0.02324219
9.50000013e-010   0.02327344
9.55000013e-010   0.02327344
9.60000013e-010   0.02330469
9.65000013e-010   0.02330469
9.70000013e-010   0.02333594
9.75000013e-010   0.02336719
9.80000013e-010   0.02340625
9.85000013e-010   0.02344531
9.90000013e-010   0.02349219
9.95000013e-010   0.02355469
1.00000001e-009   0.02359375
1.00500001e-009   0.02365625
1.01000001e-009   0.02370313
1.01500001e-009   0.02374219
1.02000001e-009   0.02378906
1.02500001e-009   0.02382813
1.03000001e-009   0.02385156
1.03500001e-009   0.02388281
1.04000001e-009   0.02390625
1.04500001e-009   0.02389844
1.05000001e-009   0.02392188
1.05500001e-009    0.0239375
1.06000001e-009    0.0239375
1.06500001e-009   0.02392969
1.07000001e-009   0.02396094
1.07500001e-009   0.02397656
1.08000001e-009   0.02399219
1.08500001e-009        0.024
1.09000001e-009   0.02403906
1.09500001e-009   0.02409375
1.10000001e-009   0.02411719
1.10500001e-009   0.02414844
1.11000001e-009   0.02417188
1.11500001e-009      0.02425
1.12000001e-009   0.02430469
1.12500002e-009   0.02434375
1.13000002e-009   0.02446094
1.13500002e-009    0.0245625
1.14000002e-009   0.02465625
1.14500002e-009   0.02478125
1.15000002e-009   0.02491406
1.15500002e-009   0.02505469
1.16000002e-009   0.02520313
1.16500002e-009   0.02539063
1.17000002e-009   0.02550781
1.17500002e-009   0.02569531
1.18000002e-009   0.02582813
1.18500002e-009   0.02597656
1.19000002e-009   0.02610938
1.19500002e-009   0.02622656
1.20000002e-009   0.02633594
1.20500002e-009   0.02644531
1.21000002e-009   0.02650781
1.21500002e-009   0.02660156
1.22000002e-009   0.02664844
1.22500002e-009   0.02667188
1.23000002e-009   0.02673438
1.23500002e-009   0.02675781
1.24000002e-009   0.02680469
1.24500002e-009   0.02678906
1.25000002e-009   0.02685156
