-4.98000007e-009 -0.0002109372
-4.96000007e-009 -0.0004999997
-4.94000007e-009 -0.0006953122
-4.92000007e-009 -0.0007343747
-4.90000007e-009 -0.0007031247
-4.88000007e-009 -0.0007109372
-4.86000006e-009 -0.0007109372
-4.84000006e-009 -0.0006249997
-4.82000006e-009 -0.0004062497
-4.80000006e-009 -0.0002031247
-4.78000006e-009 -0.0001406247
-4.76000006e-009 -0.0002578122
-4.74000006e-009 -0.0003828122
-4.72000006e-009 -0.0003359372
-4.70000006e-009 -0.0001874997
-4.68000006e-009 -0.0001093747
-4.66000006e-009 -0.0001874997
-4.64000006e-009 -0.0003828122
-4.62000006e-009 -0.0005312497
-4.60000006e-009 -0.0005546872
-4.58000006e-009 -0.0004999997
-4.56000006e-009 -0.0004453122
-4.54000006e-009 -0.0004296872
-4.52000006e-009 -0.0003906247
-4.50000006e-009 -0.0002890622
-4.48000006e-009 -0.0001718747
-4.46000006e-009 -7.031215e-005
-4.44000006e-009 -0.0001249997
-4.42000006e-009 -0.0002109372
-4.40000006e-009 -0.0003828122
-4.38000006e-009 -0.0004140622
-4.36000006e-009 -0.0002421872
-4.34000006e-009 -3.124965e-005
-4.32000006e-009 0.0001640629
-4.30000006e-009 0.0001718754
-4.28000006e-009 7.031285e-005
-4.26000006e-009 -3.124965e-005
-4.24000006e-009 -6.249965e-005
-4.22000006e-009 -3.124965e-005
-4.20000006e-009 1.562535e-005
-4.18000006e-009 -6.249965e-005
-4.16000006e-009 -0.0001406247
-4.14000006e-009 -0.0001874997
-4.12000006e-009 -0.0001796872
-4.10000005e-009 -0.0002499997
-4.08000005e-009 -0.0002578122
-4.06000005e-009 -0.0001874997
-4.04000005e-009 -0.0001562497
-4.02000005e-009 -0.0001718747
-4.00000005e-009 -0.0002968747
-3.98000005e-009 -0.0003515622
-3.96000005e-009 -0.0002812497
-3.94000005e-009 -0.0001406247
-3.92000005e-009 -0.0001874997
-3.90000005e-009 -0.0004453122
-3.88000005e-009 -0.0007187497
-3.86000005e-009 -0.0007499997
-3.84000005e-009 -0.0006093747
-3.82000005e-009 -0.0004296872
-3.80000005e-009 -0.0005078122
-3.78000005e-009 -0.0006562497
-3.76000005e-009 -0.0007734372
-3.74000005e-009 -0.0007187497
-3.72000005e-009 -0.0006484372
-3.70000005e-009 -0.0004921872
-3.68000005e-009 -0.0003124997
-3.66000005e-009 -0.0001640622
-3.64000005e-009 -0.0001640622
-3.62000005e-009 -0.0003593747
-3.60000005e-009 -0.0005937497
-3.58000005e-009 -0.0006874997
-3.56000005e-009 -0.0005546872
-3.54000005e-009 -0.0003515622
-3.52000005e-009 -0.0003281247
-3.50000005e-009 -0.0004296872
-3.48000005e-009 -0.0005468747
-3.46000005e-009 -0.0005703122
-3.44000005e-009 -0.0004687497
-3.42000005e-009 -0.0003437497
-3.40000005e-009 -0.0002187497
-3.38000005e-009 -0.0002734372
-3.36000004e-009 -0.0003984372
-3.34000004e-009 -0.0006874997
-3.32000004e-009 -0.0009765622
-3.30000004e-009 -0.001171875
-3.28000004e-009 -0.001273437
-3.26000004e-009 -0.001328125
-3.24000004e-009 -0.001429687
-3.22000004e-009 -0.001648437
-3.20000004e-009 -0.001953125
-3.18000004e-009 -0.002273437
-3.16000004e-009 -0.002585937
-3.14000004e-009 -0.002867187
-3.12000004e-009 -0.003070312
-3.10000004e-009 -0.003328125
-3.08000004e-009 -0.003664062
-3.06000004e-009 -0.004015625
-3.04000004e-009   -0.0044375
-3.02000004e-009    -0.004875
-3.00000004e-009   -0.0053125
-2.98000004e-009 -0.005710937
-2.96000004e-009 -0.006070312
-2.94000004e-009 -0.006242187
-2.92000004e-009 -0.006429687
-2.90000004e-009     -0.00675
-2.88000004e-009 -0.007242187
-2.86000004e-009 -0.007789063
-2.84000004e-009  -0.00828125
-2.82000004e-009 -0.008515625
-2.80000004e-009 -0.008484375
-2.78000004e-009 -0.008335938
-2.76000004e-009 -0.008242188
-2.74000004e-009 -0.008367188
-2.72000004e-009 -0.008664063
-2.70000004e-009 -0.008976563
-2.68000004e-009 -0.009132813
-2.66000004e-009 -0.009171875
-2.64000004e-009 -0.009179688
-2.62000003e-009 -0.009328125
-2.60000003e-009 -0.009523438
-2.58000003e-009 -0.009578125
-2.56000003e-009 -0.009460938
-2.54000003e-009 -0.009304688
-2.52000003e-009 -0.009304688
-2.50000003e-009  -0.00946875
-2.48000003e-009 -0.009570313
-2.46000003e-009 -0.009609375
-2.44000003e-009 -0.009539063
-2.42000003e-009 -0.009554688
-2.40000003e-009 -0.009585938
-2.38000003e-009 -0.009507813
-2.36000003e-009     -0.00925
-2.34000003e-009  -0.00896875
-2.32000003e-009  -0.00878125
-2.30000003e-009 -0.008789063
-2.28000003e-009 -0.008882813
-2.26000003e-009 -0.008882813
-2.24000003e-009 -0.008695313
-2.22000003e-009 -0.008460938
-2.20000003e-009   -0.0083125
-2.18000003e-009   -0.0083125
-2.16000003e-009 -0.008398438
-2.14000003e-009    -0.008375
-2.12000003e-009 -0.008273438
-2.10000003e-009 -0.008140625
-2.08000003e-009 -0.008023438
-2.06000003e-009 -0.007882813
-2.04000003e-009 -0.007664063
-2.02000003e-009 -0.007515625
-2.00000003e-009 -0.007445313
-1.98000003e-009 -0.007445313
-1.96000003e-009    -0.007375
-1.94000003e-009   -0.0071875
-1.92000003e-009 -0.006882812
-1.90000003e-009 -0.006570312
-1.88000003e-009 -0.006359375
-1.86000002e-009 -0.006242187
-1.84000002e-009 -0.006203125
-1.82000002e-009 -0.006210937
-1.80000002e-009  -0.00609375
-1.78000002e-009 -0.005804687
-1.76000002e-009 -0.005453125
-1.74000002e-009  -0.00509375
-1.72000002e-009 -0.004976562
-1.70000002e-009  -0.00496875
-1.68000002e-009 -0.004945312
-1.66000002e-009 -0.004765625
-1.64000002e-009 -0.004546875
-1.62000002e-009 -0.004414062
-1.60000002e-009 -0.004320312
-1.58000002e-009 -0.004132812
-1.56000002e-009 -0.003835937
-1.54000002e-009  -0.00359375
-1.52000002e-009 -0.003484375
-1.50000002e-009 -0.003453125
-1.48000002e-009 -0.003367187
-1.46000002e-009  -0.00321875
-1.44000002e-009 -0.003132812
-1.42000002e-009 -0.003085937
-1.40000002e-009 -0.003023437
-1.38000002e-009 -0.002867187
-1.36000002e-009 -0.002679687
-1.34000002e-009 -0.002640625
-1.32000002e-009  -0.00278125
-1.30000002e-009 -0.002757812
-1.28000002e-009 -0.002539062
-1.26000002e-009 -0.002226562
-1.24000002e-009    -0.002125
-1.22000002e-009  -0.00228125
-1.20000002e-009 -0.002398437
-1.18000002e-009 -0.002273437
-1.16000002e-009  -0.00203125
-1.14000002e-009  -0.00190625
-1.12000001e-009 -0.002007812
-1.10000001e-009 -0.002101562
-1.08000001e-009 -0.002078125
-1.06000001e-009  -0.00190625
-1.04000001e-009    -0.001875
-1.02000001e-009 -0.002085937
-1.00000001e-009 -0.002289062
-9.80000013e-010  -0.00228125
-9.60000013e-010 -0.002023437
-9.40000013e-010 -0.001890625
-9.20000012e-010 -0.001929687
-9.00000012e-010  -0.00215625
-8.80000012e-010 -0.002367187
-8.60000011e-010 -0.002476562
-8.40000011e-010 -0.002585937
-8.20000011e-010 -0.002804687
-8.00000011e-010   -0.0030625
-7.8000001e-010 -0.003265625
-7.6000001e-010 -0.003390625
-7.4000001e-010 -0.003421875
-7.2000001e-010   -0.0034375
-7.00000009e-010 -0.003703125
-6.80000009e-010 -0.004289062
-6.60000009e-010 -0.004921875
-6.40000009e-010 -0.005640625
-6.20000008e-010 -0.006414062
-6.00000008e-010 -0.007414063
-5.80000008e-010 -0.009007813
-5.60000007e-010     -0.01125
-5.40000007e-010  -0.01464063
-5.20000007e-010  -0.01970313
-5.00000007e-010  -0.02677344
-4.80000006e-010  -0.03610156
-4.60000006e-010  -0.04736719
-4.40000006e-010  -0.06016407
-4.20000006e-010  -0.07400782
-4.00000005e-010  -0.08811719
-3.80000005e-010   -0.1016328
-3.60000005e-010   -0.1138125
-3.40000005e-010   -0.1234844
-3.20000004e-010   -0.1300703
-3.00000004e-010   -0.1332188
-2.80000004e-010   -0.1337031
-2.60000003e-010    -0.132875
-2.40000003e-010   -0.1310078
-2.20000003e-010   -0.1283438
-2.00000003e-010   -0.1247422
-1.80000002e-010   -0.1199063
-1.60000002e-010   -0.1139844
-1.40000002e-010   -0.1063281
-1.20000002e-010  -0.09671875
-1.00000001e-010  -0.08519532
-8.00000011e-011  -0.07200782
-6.00000008e-011  -0.05764844
-4.00000005e-011  -0.04260156
-2.00000003e-011  -0.02778906
           0  -0.01471875
2.00000003e-011 -0.004351562
4.00000005e-011  0.003195313
6.00000008e-011  0.008156251
8.00000011e-011   0.01096875
1.00000001e-010   0.01174219
1.20000002e-010    0.0109375
1.40000002e-010  0.009468751
1.60000002e-010  0.008109376
1.80000002e-010  0.007367188
2.00000003e-010  0.007320313
2.20000003e-010  0.007859376
2.40000003e-010  0.009117188
2.60000003e-010   0.01098438
2.80000004e-010   0.01310938
3.00000004e-010   0.01494531
3.20000004e-010   0.01607031
3.40000005e-010   0.01647656
3.60000005e-010   0.01626563
3.80000005e-010   0.01560938
4.00000005e-010   0.01455469
4.20000006e-010   0.01316406
4.40000006e-010   0.01174219
4.60000006e-010     0.010375
4.80000006e-010  0.009343751
5.00000007e-010  0.008539063
5.20000007e-010  0.007992188
5.40000007e-010  0.007859376
5.60000007e-010  0.008085938
5.80000008e-010  0.008562501
6.00000008e-010  0.009156251
6.20000008e-010  0.009632813
6.40000009e-010  0.009968751
6.60000009e-010    0.0101875
6.80000009e-010   0.01028125
7.00000009e-010    0.0103125
7.2000001e-010   0.01017188
7.4000001e-010   0.01001563
7.6000001e-010   0.01001563
7.8000001e-010   0.01032031
8.00000011e-010   0.01091406
8.20000011e-010     0.011625
8.40000011e-010     0.012375
8.60000011e-010   0.01305469
8.80000012e-010   0.01384375
9.00000012e-010   0.01457031
9.20000012e-010   0.01508594
9.40000013e-010   0.01530469
9.60000013e-010   0.01532813
9.80000013e-010   0.01529688
1.00000001e-009   0.01522656
1.02000001e-009   0.01503906
1.04000001e-009   0.01460156
1.06000001e-009   0.01416406
1.08000001e-009   0.01389063
1.10000001e-009   0.01376563
1.12000001e-009   0.01366406
1.14000002e-009   0.01345313
1.16000002e-009     0.013375
1.18000002e-009   0.01372656
1.20000002e-009   0.01430469
1.22000002e-009   0.01479688
1.24000002e-009   0.01489844
1.26000002e-009   0.01478125
1.28000002e-009      0.01475
1.30000002e-009   0.01486719
1.32000002e-009   0.01496875
1.34000002e-009   0.01475781
1.36000002e-009   0.01434375
1.38000002e-009   0.01414844
1.40000002e-009   0.01442188
1.42000002e-009   0.01490625
1.44000002e-009      0.01525
1.46000002e-009   0.01520313
1.48000002e-009   0.01497656
1.50000002e-009   0.01482031
1.52000002e-009   0.01492969
1.54000002e-009   0.01521094
1.56000002e-009   0.01530469
1.58000002e-009   0.01507813
1.60000002e-009   0.01464063
1.62000002e-009   0.01413281
1.64000002e-009   0.01382031
1.66000002e-009   0.01367969
1.68000002e-009   0.01346094
1.70000002e-009   0.01310156
1.72000002e-009   0.01264844
1.74000002e-009   0.01230469
1.76000002e-009     0.012125
1.78000002e-009   0.01216406
1.80000002e-009   0.01228125
1.82000002e-009   0.01239063
1.84000002e-009   0.01242188
1.86000002e-009   0.01241406
1.88000003e-009   0.01240625
1.90000003e-009   0.01232813
1.92000003e-009   0.01217969
1.94000003e-009   0.01196094
1.96000003e-009   0.01180469
1.98000003e-009   0.01180469
2.00000003e-009   0.01192969
2.02000003e-009   0.01205469
2.04000003e-009   0.01197656
2.06000003e-009   0.01192188
2.08000003e-009   0.01186719
2.10000003e-009   0.01191406
2.12000003e-009   0.01200781
2.14000003e-009   0.01214063
2.16000003e-009   0.01227344
2.18000003e-009   0.01240625
2.20000003e-009    0.0124375
2.22000003e-009   0.01236719
2.24000003e-009   0.01225781
2.26000003e-009   0.01224219
2.28000003e-009   0.01229688
2.30000003e-009   0.01242969
2.32000003e-009   0.01250781
2.34000003e-009   0.01253906
2.36000003e-009   0.01251563
2.38000003e-009   0.01242969
2.40000003e-009    0.0123125
2.42000003e-009    0.0121875
2.44000003e-009    0.0120625
2.46000003e-009   0.01189063
2.48000003e-009     0.011625
2.50000003e-009   0.01139063
2.52000003e-009   0.01132813
2.54000003e-009   0.01142969
2.56000003e-009   0.01164844
2.58000003e-009   0.01167969
2.60000003e-009   0.01159375
2.62000003e-009   0.01135938
2.64000004e-009   0.01115625
2.66000004e-009   0.01107031
2.68000004e-009   0.01108594
2.70000004e-009   0.01110156
2.72000004e-009   0.01098438
2.74000004e-009   0.01069531
2.76000004e-009   0.01038281
2.78000004e-009   0.01021875
2.80000004e-009   0.01027344
2.82000004e-009    0.0104375
2.84000004e-009   0.01046094
2.86000004e-009   0.01032031
2.88000004e-009   0.01010156
2.90000004e-009   0.01000781
2.92000004e-009   0.01007031
2.94000004e-009   0.01017188
2.96000004e-009   0.01016406
2.98000004e-009   0.01004688
3.00000004e-009  0.009968751
3.02000004e-009  0.009937501
3.04000004e-009  0.009890626
3.06000004e-009  0.009765626
3.08000004e-009  0.009593751
3.10000004e-009  0.009515626
3.12000004e-009  0.009500001
3.14000004e-009  0.009468751
3.16000004e-009  0.009390626
3.18000004e-009  0.009265626
3.20000004e-009  0.009304688
3.22000004e-009  0.009500001
3.24000004e-009  0.009703126
3.26000004e-009  0.009703126
3.28000004e-009  0.009539063
3.30000004e-009  0.009343751
3.32000004e-009  0.009273438
3.34000004e-009  0.009156251
3.36000004e-009  0.008953126
3.38000005e-009  0.008742188
3.40000005e-009  0.008718751
3.42000005e-009  0.008859376
3.44000005e-009  0.008929688
3.46000005e-009  0.008648438
3.48000005e-009  0.008101563
3.50000005e-009  0.007687501
3.52000005e-009  0.007578126
3.54000005e-009  0.007734376
3.56000005e-009  0.007906251
3.58000005e-009  0.007937501
3.60000005e-009  0.007984376
3.62000005e-009  0.008070313
3.64000005e-009  0.008179688
3.66000005e-009  0.008164063
3.68000005e-009  0.008093751
3.70000005e-009  0.007968751
3.72000005e-009  0.007921876
3.74000005e-009  0.007773438
3.76000005e-009  0.007531251
3.78000005e-009  0.007203126
3.80000005e-009  0.007031251
3.82000005e-009  0.007031251
3.84000005e-009  0.007109376
3.86000005e-009  0.007117188
3.88000005e-009  0.006992188
3.90000005e-009  0.006851563
3.92000005e-009  0.006820313
3.94000005e-009  0.006945313
3.96000005e-009  0.007078126
3.98000005e-009  0.007117188
4.00000005e-009  0.007062501
4.02000005e-009  0.006960938
4.04000005e-009  0.007062501
4.06000005e-009  0.007343751
4.08000005e-009  0.007632813
4.10000005e-009  0.007695313
4.12000006e-009  0.007421876
4.14000006e-009  0.007023438
4.16000006e-009  0.006867188
4.18000006e-009  0.006945313
4.20000006e-009  0.007109376
4.22000006e-009  0.007054688
4.24000006e-009  0.006804688
4.26000006e-009  0.006515626
4.28000006e-009  0.006460938
4.30000006e-009  0.006546876
4.32000006e-009  0.006523438
4.34000006e-009  0.006359376
4.36000006e-009  0.006164063
4.38000006e-009  0.006085938
4.40000006e-009  0.006242188
4.42000006e-009  0.006429688
4.44000006e-009  0.006523438
4.46000006e-009  0.006546876
4.48000006e-009  0.006570313
4.50000006e-009  0.006570313
4.52000006e-009  0.006507813
4.54000006e-009  0.006390626
4.56000006e-009  0.006382813
4.58000006e-009  0.006382813
4.60000006e-009  0.006382813
4.62000006e-009  0.006304688
4.64000006e-009  0.006218751
4.66000006e-009  0.006218751
4.68000006e-009  0.006242188
4.70000006e-009  0.006265626
4.72000006e-009  0.006218751
4.74000006e-009  0.006304688
4.76000006e-009  0.006523438
4.78000006e-009  0.006726563
4.80000006e-009  0.006726563
4.82000006e-009  0.006570313
4.84000006e-009  0.006445313
4.86000006e-009  0.006554688
4.88000007e-009  0.006765626
4.90000007e-009  0.006820313
4.92000007e-009  0.006695313
4.94000007e-009  0.006656251
4.96000007e-009  0.006828126
4.98000007e-009  0.007062501
5.00000007e-009  0.007101563
