-2.49000003e-009 -0.009695313
-2.48000003e-009 -0.009773438
-2.47000003e-009 -0.009804688
-2.46000003e-009 -0.009828125
-2.45000003e-009 -0.009742188
-2.44000003e-009 -0.009601563
-2.43000003e-009   -0.0094375
-2.42000003e-009 -0.009226563
-2.41000003e-009 -0.009070313
-2.40000003e-009 -0.008953125
-2.39000003e-009 -0.008929688
-2.38000003e-009 -0.008992188
-2.37000003e-009    -0.009125
-2.36000003e-009 -0.009210938
-2.35000003e-009 -0.009289063
-2.34000003e-009 -0.009242188
-2.33000003e-009    -0.009125
-2.32000003e-009 -0.008984375
-2.31000003e-009 -0.008804688
-2.30000003e-009 -0.008648438
-2.29000003e-009 -0.008578125
-2.28000003e-009   -0.0085625
-2.27000003e-009  -0.00859375
-2.26000003e-009 -0.008695313
-2.25000003e-009 -0.008789063
-2.24000003e-009 -0.008820313
-2.23000003e-009   -0.0088125
-2.22000003e-009 -0.008757813
-2.21000003e-009 -0.008648438
-2.20000003e-009   -0.0085625
-2.19000003e-009 -0.008476563
-2.18000003e-009    -0.008375
-2.17000003e-009 -0.008328125
-2.16000003e-009 -0.008265625
-2.15000003e-009 -0.008164063
-2.14000003e-009 -0.008078125
-2.13000003e-009 -0.007960938
-2.12000003e-009 -0.007851563
-2.11000003e-009 -0.007765625
-2.10000003e-009 -0.007726563
-2.09000003e-009 -0.007664063
-2.08000003e-009 -0.007648438
-2.07000003e-009   -0.0076875
-2.06000003e-009 -0.007601563
-2.05000003e-009 -0.007546875
-2.04000003e-009   -0.0074375
-2.03000003e-009 -0.007304687
-2.02000003e-009 -0.007210937
-2.01000003e-009  -0.00709375
-2.00000003e-009 -0.007039062
-1.99000003e-009 -0.007015625
-1.98000003e-009 -0.007023437
-1.97000003e-009 -0.007078125
-1.96000003e-009 -0.007085937
-1.95000003e-009 -0.007140625
-1.94000003e-009 -0.007109375
-1.93000003e-009  -0.00703125
-1.92000003e-009 -0.006984375
-1.91000003e-009 -0.006851562
-1.90000003e-009 -0.006726562
-1.89000003e-009 -0.006617187
-1.88000003e-009 -0.006515625
-1.87000002e-009 -0.006445312
-1.86000002e-009 -0.006421875
-1.85000002e-009  -0.00640625
-1.84000002e-009    -0.006375
-1.83000002e-009 -0.006359375
-1.82000002e-009 -0.006304687
-1.81000002e-009   -0.0061875
-1.80000002e-009  -0.00603125
-1.79000002e-009 -0.005828125
-1.78000002e-009 -0.005601562
-1.77000002e-009 -0.005335937
-1.76000002e-009 -0.005179687
-1.75000002e-009 -0.005078125
-1.74000002e-009 -0.005023437
-1.73000002e-009 -0.005007812
-1.72000002e-009 -0.005007812
-1.71000002e-009 -0.005015625
-1.70000002e-009 -0.005015625
-1.69000002e-009 -0.005015625
-1.68000002e-009 -0.004984375
-1.67000002e-009 -0.004898437
-1.66000002e-009  -0.00484375
-1.65000002e-009 -0.004757812
-1.64000002e-009 -0.004648437
-1.63000002e-009 -0.004554687
-1.62000002e-009 -0.004460937
-1.61000002e-009 -0.004320312
-1.60000002e-009 -0.004148437
-1.59000002e-009 -0.004007812
-1.58000002e-009 -0.003867187
-1.57000002e-009 -0.003765625
-1.56000002e-009 -0.003679687
-1.55000002e-009 -0.003648437
-1.54000002e-009 -0.003617187
-1.53000002e-009 -0.003640625
-1.52000002e-009 -0.003671875
-1.51000002e-009 -0.003679687
-1.50000002e-009  -0.00365625
-1.49000002e-009    -0.003625
-1.48000002e-009 -0.003523437
-1.47000002e-009 -0.003390625
-1.46000002e-009 -0.003242187
-1.45000002e-009  -0.00309375
-1.44000002e-009       -0.003
-1.43000002e-009 -0.002898437
-1.42000002e-009 -0.002882812
-1.41000002e-009   -0.0029375
-1.40000002e-009 -0.003007812
-1.39000002e-009 -0.003046875
-1.38000002e-009 -0.003101562
-1.37000002e-009 -0.003148437
-1.36000002e-009 -0.003148437
-1.35000002e-009 -0.003085937
-1.34000002e-009 -0.002953125
-1.33000002e-009 -0.002828125
-1.32000002e-009   -0.0026875
-1.31000002e-009 -0.002515625
-1.30000002e-009   -0.0024375
-1.29000002e-009   -0.0024375
-1.28000002e-009   -0.0024375
-1.27000002e-009 -0.002476562
-1.26000002e-009 -0.002523437
-1.25000002e-009 -0.002585937
-1.24000002e-009 -0.002546875
-1.23000002e-009 -0.002523437
-1.22000002e-009 -0.002484375
-1.21000002e-009  -0.00240625
-1.20000002e-009 -0.002335937
-1.19000002e-009 -0.002273437
-1.18000002e-009 -0.002234375
-1.17000002e-009 -0.002242187
-1.16000002e-009 -0.002203125
-1.15000002e-009 -0.002164062
-1.14000002e-009    -0.002125
-1.13000002e-009 -0.002023437
-1.12000001e-009 -0.001929687
-1.11000001e-009   -0.0018125
-1.10000001e-009 -0.001742187
-1.09000001e-009 -0.001757812
-1.08000001e-009 -0.001765625
-1.07000001e-009 -0.001828125
-1.06000001e-009 -0.001914062
-1.05000001e-009 -0.002007812
-1.04000001e-009  -0.00209375
-1.03000001e-009 -0.002109375
-1.02000001e-009    -0.002125
-1.01000001e-009 -0.002109375
-1.00000001e-009 -0.002078125
-9.90000013e-010   -0.0020625
-9.80000013e-010 -0.001992187
-9.70000013e-010 -0.001945312
-9.60000013e-010    -0.001875
-9.50000013e-010 -0.001835937
-9.40000013e-010 -0.001757812
-9.30000012e-010     -0.00175
-9.20000012e-010 -0.001765625
-9.10000012e-010 -0.001820312
-9.00000012e-010 -0.001921875
-8.90000012e-010 -0.002101562
-8.80000012e-010 -0.002265625
-8.70000012e-010 -0.002484375
-8.60000011e-010  -0.00259375
-8.50000011e-010 -0.002671875
-8.40000011e-010 -0.002734375
-8.30000011e-010 -0.002765625
-8.20000011e-010 -0.002734375
-8.10000011e-010 -0.002742187
-8.00000011e-010 -0.002726562
-7.90000011e-010 -0.002773437
-7.8000001e-010   -0.0028125
-7.7000001e-010  -0.00290625
-7.6000001e-010  -0.00303125
-7.5000001e-010 -0.003164062
-7.4000001e-010 -0.003265625
-7.3000001e-010 -0.003421875
-7.2000001e-010  -0.00353125
-7.10000009e-010 -0.003703125
-7.00000009e-010 -0.003835937
-6.90000009e-010 -0.003992187
-6.80000009e-010 -0.004117187
-6.70000009e-010 -0.004296875
-6.60000009e-010 -0.004554687
-6.50000009e-010 -0.004867187
-6.40000009e-010 -0.005273437
-6.30000008e-010 -0.005695312
-6.20000008e-010     -0.00625
-6.10000008e-010 -0.006914062
-6.00000008e-010 -0.007632813
-5.90000008e-010 -0.008507813
-5.80000008e-010 -0.009507813
-5.70000008e-010  -0.01070313
-5.60000007e-010  -0.01228125
-5.50000007e-010  -0.01422656
-5.40000007e-010    -0.016625
-5.30000007e-010  -0.01949219
-5.20000007e-010  -0.02285938
-5.10000007e-010  -0.02682031
-5.00000007e-010  -0.03129688
-4.90000007e-010     -0.03625
-4.80000006e-010    -0.041625
-4.70000006e-010  -0.04741406
-4.60000006e-010  -0.05364063
-4.50000006e-010     -0.06025
-4.40000006e-010  -0.06725782
-4.30000006e-010  -0.07452344
-4.20000006e-010       -0.082
-4.10000005e-010  -0.08948438
-4.00000005e-010  -0.09685157
-3.90000005e-010   -0.1039766
-3.80000005e-010   -0.1106172
-3.70000005e-010   -0.1165859
-3.60000005e-010   -0.1216641
-3.50000005e-010   -0.1259688
-3.40000005e-010    -0.129375
-3.30000004e-010   -0.1319844
-3.20000004e-010   -0.1337969
-3.10000004e-010   -0.1347031
-3.00000004e-010   -0.1350234
-2.90000004e-010   -0.1347266
-2.80000004e-010   -0.1339766
-2.70000004e-010   -0.1328594
-2.60000003e-010   -0.1313359
-2.50000003e-010    -0.129625
-2.40000003e-010   -0.1278359
-2.30000003e-010   -0.1260781
-2.20000003e-010     -0.12425
-2.10000003e-010   -0.1222578
-2.00000003e-010   -0.1200859
-1.90000003e-010   -0.1177266
-1.80000002e-010   -0.1150234
-1.70000002e-010   -0.1119297
-1.60000002e-010   -0.1083125
-1.50000002e-010   -0.1042109
-1.40000002e-010  -0.09964063
-1.30000002e-010  -0.09465625
-1.20000002e-010  -0.08921875
-1.10000001e-010  -0.08332032
-1.00000001e-010  -0.07698438
-9.00000012e-011  -0.07026563
-8.00000011e-011  -0.06317969
-7.00000009e-011   -0.0556875
-6.00000008e-011  -0.04807813
-5.00000007e-011  -0.04034375
-4.00000005e-011  -0.03269531
-3.00000004e-011  -0.02535938
-2.00000003e-011  -0.01853906
-1.00000001e-011  -0.01232813
           0 -0.006820312
1.00000001e-011 -0.002085937
2.00000003e-011  0.001945313
3.00000004e-011  0.005226563
4.00000005e-011  0.007781251
5.00000007e-011  0.009726563
6.00000008e-011    0.0111875
7.00000009e-011   0.01210156
8.00000011e-011   0.01253125
9.00000012e-011   0.01245313
1.00000001e-010   0.01205469
1.10000001e-010   0.01134375
1.20000002e-010   0.01044531
1.30000002e-010  0.009492188
1.40000002e-010  0.008460938
1.50000002e-010  0.007578126
1.60000002e-010  0.006843751
1.70000002e-010  0.006343751
1.80000002e-010  0.006046876
1.90000003e-010  0.005929688
2.00000003e-010  0.006054688
2.10000003e-010  0.006460938
2.20000003e-010  0.007015626
2.30000003e-010  0.007828126
2.40000003e-010  0.008851563
2.50000003e-010  0.009968751
2.60000003e-010   0.01123438
2.70000004e-010   0.01249219
2.80000004e-010   0.01371875
2.90000004e-010   0.01478125
3.00000004e-010     0.015625
3.10000004e-010   0.01622656
3.20000004e-010   0.01657813
3.30000004e-010   0.01666406
3.40000005e-010   0.01652344
3.50000005e-010    0.0161875
3.60000005e-010   0.01573438
3.70000005e-010   0.01519531
3.80000005e-010   0.01460938
3.90000005e-010   0.01392969
4.00000005e-010      0.01325
4.10000005e-010   0.01251563
4.20000006e-010   0.01182031
4.30000006e-010   0.01114063
4.40000006e-010   0.01050781
4.50000006e-010  0.009914063
4.60000006e-010  0.009398438
4.70000006e-010  0.008929688
4.80000006e-010  0.008632813
4.90000007e-010  0.008398438
5.00000007e-010  0.008273438
5.10000007e-010  0.008187501
5.20000007e-010  0.008218751
5.30000007e-010  0.008289063
5.40000007e-010  0.008460938
5.50000007e-010  0.008640626
5.60000007e-010  0.008843751
5.70000008e-010  0.009054688
5.80000008e-010  0.009335938
5.90000008e-010  0.009609376
6.00000008e-010  0.009875001
6.10000008e-010   0.01016406
6.20000008e-010     0.010375
6.30000008e-010    0.0105625
6.40000009e-010   0.01064844
6.50000009e-010   0.01064844
6.60000009e-010   0.01059375
6.70000009e-010   0.01046094
6.80000009e-010   0.01032813
6.90000009e-010   0.01015625
7.00000009e-010   0.01005469
7.10000009e-010         0.01
7.2000001e-010  0.009953126
7.3000001e-010   0.01000781
7.4000001e-010   0.01008594
7.5000001e-010   0.01021094
7.6000001e-010   0.01036719
7.7000001e-010   0.01055469
7.8000001e-010      0.01075
7.90000011e-010   0.01094531
8.00000011e-010   0.01120313
8.10000011e-010   0.01146094
8.20000011e-010   0.01172656
8.30000011e-010   0.01201563
8.40000011e-010   0.01235938
8.50000011e-010   0.01267969
8.60000011e-010   0.01301563
8.70000012e-010     0.013375
8.80000012e-010    0.0136875
8.90000012e-010   0.01398438
9.00000012e-010   0.01424219
9.10000012e-010   0.01442188
9.20000012e-010   0.01457813
9.30000012e-010   0.01464063
9.40000013e-010   0.01464844
9.50000013e-010   0.01460156
9.60000013e-010   0.01454688
9.70000013e-010   0.01450781
9.80000013e-010   0.01446094
9.90000013e-010   0.01440625
1.00000001e-009   0.01432031
1.01000001e-009   0.01419531
1.02000001e-009   0.01401563
1.03000001e-009   0.01384375
1.04000001e-009   0.01364063
1.05000001e-009   0.01345313
1.06000001e-009   0.01333594
1.07000001e-009   0.01335156
1.08000001e-009   0.01336719
1.09000001e-009    0.0134375
1.10000001e-009   0.01354688
1.11000001e-009   0.01355469
1.12000001e-009   0.01360156
1.13000002e-009   0.01361719
1.14000002e-009   0.01365625
1.15000002e-009   0.01374219
1.16000002e-009   0.01389063
1.17000002e-009   0.01410156
1.18000002e-009   0.01428906
1.19000002e-009   0.01445313
1.20000002e-009   0.01455469
1.21000002e-009   0.01458594
1.22000002e-009   0.01452344
1.23000002e-009   0.01444531
1.24000002e-009   0.01435156
1.25000002e-009   0.01434375
1.26000002e-009   0.01439063
1.27000002e-009   0.01453125
1.28000002e-009   0.01471094
1.29000002e-009     0.014875
1.30000002e-009   0.01499219
1.31000002e-009   0.01502344
1.32000002e-009        0.015
1.33000002e-009   0.01492969
1.34000002e-009    0.0148125
1.35000002e-009   0.01474219
1.36000002e-009   0.01474219
1.37000002e-009   0.01482031
1.38000002e-009    0.0149375
1.39000002e-009   0.01510156
1.40000002e-009   0.01525781
1.41000002e-009   0.01533594
1.42000002e-009   0.01539844
1.43000002e-009   0.01539063
1.44000002e-009    0.0153125
1.45000002e-009      0.01525
1.46000002e-009   0.01516406
1.47000002e-009   0.01511719
1.48000002e-009   0.01509375
1.49000002e-009   0.01507031
1.50000002e-009   0.01507031
1.51000002e-009   0.01501563
1.52000002e-009   0.01495313
1.53000002e-009   0.01480469
1.54000002e-009   0.01460938
1.55000002e-009   0.01440625
1.56000002e-009   0.01419531
1.57000002e-009   0.01397656
1.58000002e-009   0.01384375
1.59000002e-009   0.01367188
1.60000002e-009   0.01353906
1.61000002e-009   0.01342188
1.62000002e-009   0.01332031
1.63000002e-009   0.01315625
1.64000002e-009   0.01300781
1.65000002e-009   0.01289844
1.66000002e-009   0.01276563
1.67000002e-009    0.0126875
1.68000002e-009   0.01263281
1.69000002e-009   0.01260156
1.70000002e-009   0.01259375
1.71000002e-009   0.01260156
1.72000002e-009   0.01261719
1.73000002e-009   0.01260156
1.74000002e-009   0.01265625
1.75000002e-009   0.01261719
1.76000002e-009   0.01257813
1.77000002e-009   0.01260938
1.78000002e-009   0.01258594
1.79000002e-009   0.01258594
1.80000002e-009    0.0125625
1.81000002e-009   0.01255469
1.82000002e-009   0.01250781
1.83000002e-009   0.01245313
1.84000002e-009   0.01239844
1.85000002e-009   0.01232813
1.86000002e-009   0.01229688
1.87000002e-009      0.01225
1.88000003e-009   0.01222656
1.89000003e-009   0.01223438
1.90000003e-009   0.01221875
1.91000003e-009   0.01217969
1.92000003e-009   0.01213281
1.93000003e-009    0.0120625
1.94000003e-009   0.01196875
1.95000003e-009   0.01189063
1.96000003e-009   0.01177344
1.97000003e-009   0.01174219
1.98000003e-009   0.01176563
1.99000003e-009   0.01180469
2.00000003e-009   0.01189063
2.01000003e-009   0.01197656
2.02000003e-009   0.01204688
2.03000003e-009   0.01211719
2.04000003e-009   0.01211719
2.05000003e-009   0.01209375
2.06000003e-009   0.01204688
2.07000003e-009   0.01205469
2.08000003e-009   0.01208594
2.09000003e-009   0.01214063
2.10000003e-009   0.01225781
2.11000003e-009     0.012375
2.12000003e-009   0.01244531
2.13000003e-009       0.0125
2.14000003e-009   0.01252344
2.15000003e-009   0.01249219
2.16000003e-009   0.01241406
2.17000003e-009   0.01235938
2.18000003e-009    0.0123125
2.19000003e-009    0.0123125
2.20000003e-009   0.01233594
2.21000003e-009   0.01235938
2.22000003e-009   0.01239844
2.23000003e-009   0.01241406
2.24000003e-009   0.01236719
2.25000003e-009   0.01230469
2.26000003e-009   0.01221875
2.27000003e-009     0.012125
2.28000003e-009   0.01209375
2.29000003e-009   0.01205469
2.30000003e-009   0.01205469
2.31000003e-009   0.01204688
2.32000003e-009   0.01204688
2.33000003e-009   0.01204688
2.34000003e-009    0.0120625
2.35000003e-009   0.01205469
2.36000003e-009   0.01211719
2.37000003e-009   0.01217969
2.38000003e-009   0.01227344
2.39000003e-009   0.01235938
2.40000003e-009   0.01236719
2.41000003e-009   0.01238281
2.42000003e-009   0.01232031
2.43000003e-009    0.0121875
2.44000003e-009   0.01202344
2.45000003e-009   0.01182813
2.46000003e-009    0.0116875
2.47000003e-009   0.01157813
2.48000003e-009   0.01158594
2.49000003e-009   0.01163281
2.50000003e-009   0.01170313
