-1.24500002e-009  -0.00203125
-1.24000002e-009 -0.002039062
-1.23500002e-009 -0.002085937
-1.23000002e-009 -0.002101562
-1.22500002e-009 -0.002179687
-1.22000002e-009 -0.002210937
-1.21500002e-009  -0.00228125
-1.21000002e-009 -0.002328125
-1.20500002e-009    -0.002375
-1.20000002e-009 -0.002398437
-1.19500002e-009  -0.00246875
-1.19000002e-009 -0.002445312
-1.18500002e-009 -0.002492187
-1.18000002e-009 -0.002546875
-1.17500002e-009 -0.002515625
-1.17000002e-009 -0.002507812
-1.16500002e-009      -0.0025
-1.16000002e-009   -0.0024375
-1.15500002e-009 -0.002429687
-1.15000002e-009 -0.002398437
-1.14500002e-009 -0.002367187
-1.14000002e-009  -0.00234375
-1.13500002e-009   -0.0023125
-1.13000002e-009 -0.002289062
-1.12500002e-009 -0.002304687
-1.12000001e-009 -0.002289062
-1.11500001e-009 -0.002335937
-1.11000001e-009 -0.002351562
-1.10500001e-009 -0.002414062
-1.10000001e-009 -0.002421875
-1.09500001e-009 -0.002476562
-1.09000001e-009 -0.002539062
-1.08500001e-009 -0.002585937
-1.08000001e-009 -0.002609375
-1.07500001e-009 -0.002664062
-1.07000001e-009 -0.002679687
-1.06500001e-009  -0.00265625
-1.06000001e-009 -0.002664062
-1.05500001e-009    -0.002625
-1.05000001e-009   -0.0025625
-1.04500001e-009 -0.002492187
-1.04000001e-009  -0.00240625
-1.03500001e-009   -0.0023125
-1.03000001e-009   -0.0021875
-1.02500001e-009 -0.002101562
-1.02000001e-009 -0.001976562
-1.01500001e-009 -0.001898437
-1.01000001e-009 -0.001828125
-1.00500001e-009 -0.001773437
-1.00000001e-009 -0.001726562
-9.95000013e-010 -0.001734375
-9.90000013e-010 -0.001726562
-9.85000013e-010 -0.001765625
-9.80000013e-010  -0.00178125
-9.75000013e-010 -0.001820312
-9.70000013e-010    -0.001875
-9.65000013e-010 -0.001945312
-9.60000013e-010       -0.002
-9.55000013e-010 -0.002046875
-9.50000013e-010  -0.00209375
-9.45000013e-010 -0.002132812
-9.40000013e-010 -0.002117187
-9.35000012e-010 -0.002148437
-9.30000012e-010 -0.002101562
-9.25000012e-010 -0.002117187
-9.20000012e-010 -0.002078125
-9.15000012e-010   -0.0020625
-9.10000012e-010 -0.002046875
-9.05000012e-010 -0.002015625
-9.00000012e-010 -0.002023437
-8.95000012e-010       -0.002
-8.90000012e-010 -0.002039062
-8.85000012e-010 -0.002039062
-8.80000012e-010 -0.002101562
-8.75000012e-010 -0.002148437
-8.70000012e-010 -0.002203125
-8.65000012e-010 -0.002273437
-8.60000011e-010  -0.00234375
-8.55000011e-010    -0.002375
-8.50000011e-010   -0.0024375
-8.45000011e-010 -0.002484375
-8.40000011e-010      -0.0025
-8.35000011e-010   -0.0025625
-8.30000011e-010 -0.002585937
-8.25000011e-010 -0.002601562
-8.20000011e-010 -0.002609375
-8.15000011e-010 -0.002617187
-8.10000011e-010 -0.002609375
-8.05000011e-010 -0.002617187
-8.00000011e-010 -0.002648437
-7.95000011e-010  -0.00265625
-7.90000011e-010 -0.002710937
-7.8500001e-010     -0.00275
-7.8000001e-010 -0.002835937
-7.7500001e-010  -0.00290625
-7.7000001e-010 -0.002992187
-7.6500001e-010 -0.003054687
-7.6000001e-010 -0.003179687
-7.5500001e-010     -0.00325
-7.5000001e-010 -0.003351562
-7.4500001e-010  -0.00346875
-7.4000001e-010  -0.00353125
-7.3500001e-010 -0.003640625
-7.3000001e-010   -0.0036875
-7.2500001e-010 -0.003757812
-7.2000001e-010 -0.003820312
-7.1500001e-010 -0.003867187
-7.10000009e-010 -0.003945312
-7.05000009e-010 -0.004023437
-7.00000009e-010 -0.004078125
-6.95000009e-010  -0.00415625
-6.90000009e-010     -0.00425
-6.85000009e-010 -0.004328125
-6.80000009e-010 -0.004460937
-6.75000009e-010 -0.004578125
-6.70000009e-010 -0.004710937
-6.65000009e-010 -0.004882812
-6.60000009e-010  -0.00503125
-6.55000009e-010  -0.00521875
-6.50000009e-010 -0.005398437
-6.45000009e-010    -0.005625
-6.40000009e-010 -0.005820312
-6.35000008e-010 -0.006015625
-6.30000008e-010     -0.00625
-6.25000008e-010 -0.006453125
-6.20000008e-010 -0.006734375
-6.15000008e-010 -0.007023437
-6.10000008e-010 -0.007335937
-6.05000008e-010 -0.007671875
-6.00000008e-010 -0.008054688
-5.95000008e-010 -0.008507813
-5.90000008e-010       -0.009
-5.85000008e-010 -0.009578125
-5.80000008e-010   -0.0101875
-5.75000008e-010  -0.01092188
-5.70000008e-010  -0.01167969
-5.65000008e-010  -0.01257813
-5.60000007e-010  -0.01354688
-5.55000007e-010  -0.01457813
-5.50000007e-010     -0.01575
-5.45000007e-010  -0.01703906
-5.40000007e-010  -0.01844531
-5.35000007e-010  -0.01996094
-5.30000007e-010  -0.02157031
-5.25000007e-010  -0.02332031
-5.20000007e-010  -0.02517188
-5.15000007e-010  -0.02721094
-5.10000007e-010  -0.02935938
-5.05000007e-010  -0.03161719
-5.00000007e-010  -0.03407031
-4.95000007e-010  -0.03661719
-4.90000007e-010  -0.03930469
-4.85000006e-010  -0.04217188
-4.80000006e-010  -0.04510938
-4.75000006e-010  -0.04817188
-4.70000006e-010    -0.051375
-4.65000006e-010  -0.05469531
-4.60000006e-010  -0.05808594
-4.55000006e-010  -0.06154688
-4.50000006e-010  -0.06510157
-4.45000006e-010  -0.06869532
-4.40000006e-010  -0.07232813
-4.35000006e-010  -0.07598438
-4.30000006e-010  -0.07964844
-4.25000006e-010   -0.0833125
-4.20000006e-010  -0.08696094
-4.15000006e-010  -0.09055469
-4.10000005e-010  -0.09411719
-4.05000005e-010    -0.097625
-4.00000005e-010   -0.1010391
-3.95000005e-010   -0.1043672
-3.90000005e-010   -0.1075859
-3.85000005e-010   -0.1106719
-3.80000005e-010   -0.1136016
-3.75000005e-010   -0.1164297
-3.70000005e-010   -0.1190391
-3.65000005e-010   -0.1214453
-3.60000005e-010   -0.1237344
-3.55000005e-010   -0.1257656
-3.50000005e-010   -0.1275703
-3.45000005e-010   -0.1291875
-3.40000005e-010   -0.1305547
-3.35000004e-010   -0.1317266
-3.30000004e-010   -0.1326563
-3.25000004e-010   -0.1334141
-3.20000004e-010   -0.1339375
-3.15000004e-010   -0.1342813
-3.10000004e-010   -0.1344297
-3.05000004e-010   -0.1344922
-3.00000004e-010   -0.1343672
-2.95000004e-010   -0.1341016
-2.90000004e-010   -0.1337422
-2.85000004e-010   -0.1332109
-2.80000004e-010   -0.1327109
-2.75000004e-010   -0.1320781
-2.70000004e-010   -0.1314219
-2.65000004e-010   -0.1306484
-2.60000003e-010   -0.1298438
-2.55000003e-010   -0.1290781
-2.50000003e-010   -0.1281797
-2.45000003e-010   -0.1273125
-2.40000003e-010   -0.1263672
-2.35000003e-010    -0.125375
-2.30000003e-010   -0.1244219
-2.25000003e-010   -0.1233828
-2.20000003e-010   -0.1223438
-2.15000003e-010   -0.1212109
-2.10000003e-010   -0.1200625
-2.05000003e-010   -0.1188984
-2.00000003e-010   -0.1176328
-1.95000003e-010   -0.1163047
-1.90000003e-010   -0.1149063
-1.85000002e-010   -0.1134141
-1.80000002e-010   -0.1118672
-1.75000002e-010   -0.1102578
-1.70000002e-010      -0.1085
-1.65000002e-010   -0.1066406
-1.60000002e-010   -0.1046797
-1.55000002e-010   -0.1025781
-1.50000002e-010   -0.1004063
-1.45000002e-010  -0.09807813
-1.40000002e-010  -0.09564844
-1.35000002e-010  -0.09307813
-1.30000002e-010  -0.09041407
-1.25000002e-010   -0.0875625
-1.20000002e-010  -0.08461719
-1.15000002e-010  -0.08160938
-1.10000001e-010  -0.07842969
-1.05000001e-010   -0.0751875
-1.00000001e-010  -0.07179688
-9.50000013e-011  -0.06828125
-9.00000012e-011  -0.06471094
-8.50000011e-011  -0.06107032
-8.00000011e-011   -0.0573125
-7.5000001e-011  -0.05353125
-7.00000009e-011  -0.04967969
-6.50000009e-011    -0.045875
-6.00000008e-011  -0.04202344
-5.50000007e-011   -0.0381875
-5.00000007e-011  -0.03441406
-4.50000006e-011  -0.03071875
-4.00000005e-011  -0.02707813
-3.50000005e-011  -0.02359375
-3.00000004e-011  -0.02024219
-2.50000003e-011  -0.01701563
-2.00000003e-011   -0.0139375
-1.50000002e-011  -0.01107031
-1.00000001e-011 -0.008351563
-5.00000007e-012 -0.005773437
           0 -0.003445312
5.00000007e-012     -0.00125
1.00000001e-011 0.0007500004
1.50000002e-011  0.002539063
2.00000003e-011  0.004218751
2.50000003e-011  0.005718751
3.00000004e-011  0.007070313
3.50000005e-011  0.008226563
4.00000005e-011  0.009242188
4.50000006e-011     0.010125
5.00000007e-011   0.01082031
5.50000007e-011   0.01142188
6.00000008e-011   0.01179688
6.50000009e-011   0.01207031
7.00000009e-011   0.01223438
7.5000001e-011   0.01227344
8.00000011e-011   0.01217188
8.50000011e-011   0.01199219
9.00000012e-011   0.01173438
9.50000013e-011   0.01140625
1.00000001e-010   0.01101563
1.05000001e-010   0.01054688
1.10000001e-010   0.01013281
1.15000002e-010  0.009648438
1.20000002e-010  0.009210938
1.25000002e-010  0.008796876
1.30000002e-010  0.008398438
1.35000002e-010  0.007992188
1.40000002e-010  0.007656251
1.45000002e-010  0.007375001
1.50000002e-010  0.007117188
1.55000002e-010  0.006898438
1.60000002e-010  0.006750001
1.65000002e-010  0.006562501
1.70000002e-010  0.006484376
1.75000002e-010  0.006445313
1.80000002e-010  0.006437501
1.85000002e-010  0.006437501
1.90000003e-010  0.006500001
1.95000003e-010  0.006609376
2.00000003e-010  0.006781251
2.05000003e-010  0.006960938
2.10000003e-010  0.007242188
2.15000003e-010  0.007554688
2.20000003e-010  0.007937501
2.25000003e-010  0.008359376
2.30000003e-010  0.008820313
2.35000003e-010  0.009320313
2.40000003e-010  0.009882813
2.45000003e-010   0.01046875
2.50000003e-010   0.01107813
2.55000003e-010      0.01175
2.60000003e-010   0.01233594
2.65000004e-010   0.01297656
2.70000004e-010   0.01353906
2.75000004e-010     0.014125
2.80000004e-010   0.01467188
2.85000004e-010   0.01516406
2.90000004e-010   0.01552344
2.95000004e-010   0.01592188
3.00000004e-010    0.0161875
3.05000004e-010   0.01641406
3.10000004e-010   0.01657813
3.15000004e-010   0.01667969
3.20000004e-010    0.0166875
3.25000004e-010   0.01667188
3.30000004e-010   0.01657031
3.35000004e-010   0.01642188
3.40000005e-010   0.01626563
3.45000005e-010   0.01605469
3.50000005e-010    0.0158125
3.55000005e-010   0.01553906
3.60000005e-010   0.01528906
3.65000005e-010   0.01501563
3.70000005e-010   0.01474219
3.75000005e-010   0.01444531
3.80000005e-010   0.01417188
3.85000005e-010     0.013875
3.90000005e-010   0.01361719
3.95000005e-010   0.01330469
4.00000005e-010   0.01303125
4.05000005e-010   0.01270313
4.10000005e-010   0.01239063
4.15000006e-010   0.01207813
4.20000006e-010   0.01172656
4.25000006e-010   0.01138281
4.30000006e-010   0.01105469
4.35000006e-010   0.01069531
4.40000006e-010    0.0103125
4.45000006e-010  0.009953126
4.50000006e-010  0.009625001
4.55000006e-010  0.009312501
4.60000006e-010  0.009007813
4.65000006e-010  0.008773438
4.70000006e-010  0.008546876
4.75000006e-010  0.008351563
4.80000006e-010  0.008218751
4.85000006e-010  0.008140626
4.90000007e-010  0.008085938
4.95000007e-010  0.008062501
5.00000007e-010  0.008046876
5.05000007e-010  0.008109376
5.10000007e-010  0.008179688
5.15000007e-010  0.008250001
5.20000007e-010  0.008320313
5.25000007e-010  0.008390626
5.30000007e-010  0.008492188
5.35000007e-010  0.008531251
5.40000007e-010  0.008609376
5.45000007e-010  0.008640626
5.50000007e-010  0.008734376
5.55000007e-010  0.008757813
5.60000007e-010  0.008851563
5.65000008e-010  0.008921876
5.70000008e-010  0.008992188
5.75000008e-010  0.009093751
5.80000008e-010  0.009218751
5.85000008e-010  0.009343751
5.90000008e-010  0.009507813
5.95000008e-010  0.009664063
6.00000008e-010  0.009820313
6.05000008e-010  0.009992188
6.10000008e-010   0.01013281
6.15000008e-010   0.01025781
6.20000008e-010   0.01039063
6.25000008e-010   0.01047656
6.30000008e-010    0.0105625
6.35000008e-010   0.01063281
6.40000009e-010   0.01061719
6.45000009e-010   0.01063281
6.50000009e-010   0.01060156
6.55000009e-010   0.01059375
6.60000009e-010   0.01050781
6.65000009e-010   0.01046094
6.70000009e-010   0.01039063
6.75000009e-010     0.010375
6.80000009e-010    0.0103125
6.85000009e-010   0.01028125
6.90000009e-010    0.0103125
6.95000009e-010   0.01032031
7.00000009e-010   0.01035938
7.05000009e-010   0.01041406
7.10000009e-010   0.01044531
7.1500001e-010   0.01052344
7.2000001e-010   0.01057813
7.2500001e-010     0.010625
7.3000001e-010   0.01065625
7.3500001e-010   0.01069531
7.4000001e-010   0.01074219
7.4500001e-010   0.01071875
7.5000001e-010   0.01072656
7.5500001e-010   0.01074219
7.6000001e-010   0.01073438
7.6500001e-010   0.01071094
7.7000001e-010   0.01072656
7.7500001e-010   0.01074219
7.8000001e-010   0.01076563
7.8500001e-010   0.01083594
7.90000011e-010    0.0109375
7.95000011e-010   0.01100781
8.00000011e-010   0.01113281
8.05000011e-010   0.01132031
8.10000011e-010       0.0115
8.15000011e-010   0.01165625
8.20000011e-010   0.01184375
8.25000011e-010   0.01208594
8.30000011e-010   0.01228906
8.35000011e-010   0.01252344
8.40000011e-010   0.01269531
8.45000011e-010   0.01292188
8.50000011e-010   0.01309375
8.55000011e-010   0.01325781
8.60000011e-010     0.013375
8.65000012e-010       0.0135
8.70000012e-010   0.01359375
8.75000012e-010   0.01367188
8.80000012e-010   0.01371875
8.85000012e-010   0.01378125
8.90000012e-010   0.01379688
8.95000012e-010   0.01382813
9.00000012e-010   0.01379688
9.05000012e-010   0.01378125
9.10000012e-010   0.01377344
9.15000012e-010   0.01376563
9.20000012e-010      0.01375
9.25000012e-010   0.01374219
9.30000012e-010   0.01373438
9.35000012e-010   0.01377344
9.40000013e-010   0.01378125
9.45000013e-010   0.01379688
9.50000013e-010   0.01385156
9.55000013e-010     0.013875
9.60000013e-010   0.01392188
9.65000013e-010   0.01398438
9.70000013e-010   0.01402344
9.75000013e-010    0.0140625
9.80000013e-010   0.01409375
9.85000013e-010     0.014125
9.90000013e-010   0.01414063
9.95000013e-010   0.01413281
1.00000001e-009     0.014125
1.00500001e-009   0.01405469
1.01000001e-009   0.01403125
1.01500001e-009   0.01397656
1.02000001e-009   0.01391406
1.02500001e-009   0.01383594
1.03000001e-009   0.01377344
1.03500001e-009   0.01369531
1.04000001e-009   0.01364063
1.04500001e-009   0.01359375
1.05000001e-009   0.01358594
1.05500001e-009   0.01354688
1.06000001e-009   0.01352344
1.06500001e-009   0.01354688
1.07000001e-009   0.01359375
1.07500001e-009   0.01359375
1.08000001e-009   0.01361719
1.08500001e-009   0.01364844
1.09000001e-009   0.01370313
1.09500001e-009   0.01369531
1.10000001e-009   0.01374219
1.10500001e-009   0.01376563
1.11000001e-009      0.01375
1.11500001e-009   0.01371875
1.12000001e-009   0.01373438
1.12500002e-009    0.0136875
1.13000002e-009    0.0136875
1.13500002e-009   0.01364844
1.14000002e-009   0.01363281
1.14500002e-009   0.01363281
1.15000002e-009     0.013625
1.15500002e-009     0.013625
1.16000002e-009   0.01367188
1.16500002e-009   0.01373438
1.17000002e-009   0.01382031
1.17500002e-009   0.01391406
1.18000002e-009   0.01399219
1.18500002e-009     0.014125
1.19000002e-009   0.01420313
1.19500002e-009   0.01432031
1.20000002e-009    0.0144375
1.20500002e-009   0.01452344
1.21000002e-009   0.01459375
1.21500002e-009   0.01467969
1.22000002e-009   0.01470313
1.22500002e-009   0.01469531
1.23000002e-009   0.01469531
1.23500002e-009    0.0146875
1.24000002e-009   0.01465625
1.24500002e-009   0.01459375
1.25000002e-009   0.01453125
