-1.24500002e-009 -0.001820312
-1.24000002e-009 -0.001867187
-1.23500002e-009 -0.001921875
-1.23000002e-009  -0.00196875
-1.22500002e-009 -0.002039062
-1.22000002e-009 -0.002117187
-1.21500002e-009 -0.002195312
-1.21000002e-009 -0.002304687
-1.20500002e-009 -0.002359375
-1.20000002e-009 -0.002429687
-1.19500002e-009 -0.002476562
-1.19000002e-009  -0.00246875
-1.18500002e-009      -0.0025
-1.18000002e-009 -0.002484375
-1.17500002e-009 -0.002476562
-1.17000002e-009   -0.0024375
-1.16500002e-009 -0.002398437
-1.16000002e-009  -0.00234375
-1.15500002e-009 -0.002320312
-1.15000002e-009 -0.002226562
-1.14500002e-009 -0.002195312
-1.14000002e-009 -0.002132812
-1.13500002e-009 -0.002101562
-1.13000002e-009       -0.002
-1.12500002e-009 -0.002007812
-1.12000001e-009 -0.002007812
-1.11500001e-009 -0.001992187
-1.11000001e-009 -0.001992187
-1.10500001e-009 -0.002015625
-1.10000001e-009   -0.0020625
-1.09500001e-009 -0.002109375
-1.09000001e-009 -0.002164062
-1.08500001e-009  -0.00221875
-1.08000001e-009 -0.002273437
-1.07500001e-009 -0.002304687
-1.07000001e-009 -0.002382812
-1.06500001e-009   -0.0024375
-1.06000001e-009 -0.002460937
-1.05500001e-009  -0.00246875
-1.05000001e-009 -0.002460937
-1.04500001e-009 -0.002476562
-1.04000001e-009 -0.002453125
-1.03500001e-009 -0.002421875
-1.03000001e-009  -0.00240625
-1.02500001e-009 -0.002367187
-1.02000001e-009 -0.002328125
-1.01500001e-009 -0.002296875
-1.01000001e-009 -0.002304687
-1.00500001e-009  -0.00228125
-1.00000001e-009     -0.00225
-9.95000013e-010 -0.002296875
-9.90000013e-010 -0.002320312
-9.85000013e-010 -0.002320312
-9.80000013e-010 -0.002390625
-9.75000013e-010   -0.0024375
-9.70000013e-010      -0.0025
-9.65000013e-010 -0.002546875
-9.60000013e-010  -0.00259375
-9.55000013e-010    -0.002625
-9.50000013e-010 -0.002664062
-9.45000013e-010 -0.002734375
-9.40000013e-010 -0.002742187
-9.35000012e-010 -0.002773437
-9.30000012e-010  -0.00278125
-9.25000012e-010  -0.00278125
-9.20000012e-010 -0.002765625
-9.15000012e-010 -0.002765625
-9.10000012e-010  -0.00271875
-9.05000012e-010 -0.002710937
-9.00000012e-010 -0.002710937
-8.95000012e-010 -0.002726562
-8.90000012e-010 -0.002726562
-8.85000012e-010 -0.002726562
-8.80000012e-010 -0.002757812
-8.75000012e-010 -0.002789062
-8.70000012e-010 -0.002828125
-8.65000012e-010 -0.002898437
-8.60000011e-010 -0.002976562
-8.55000011e-010 -0.003039062
-8.50000011e-010    -0.003125
-8.45000011e-010 -0.003210937
-8.40000011e-010 -0.003328125
-8.35000011e-010 -0.003390625
-8.30000011e-010 -0.003492187
-8.25000011e-010 -0.003578125
-8.20000011e-010  -0.00365625
-8.15000011e-010 -0.003726562
-8.10000011e-010 -0.003796875
-8.05000011e-010 -0.003882812
-8.00000011e-010 -0.003953125
-7.95000011e-010 -0.004023437
-7.90000011e-010   -0.0040625
-7.8500001e-010  -0.00409375
-7.8000001e-010 -0.004148437
-7.7500001e-010   -0.0041875
-7.7000001e-010 -0.004210937
-7.6500001e-010 -0.004257812
-7.6000001e-010 -0.004257812
-7.5500001e-010 -0.004273437
-7.5000001e-010  -0.00428125
-7.4500001e-010 -0.004328125
-7.4000001e-010  -0.00440625
-7.3500001e-010 -0.004414062
-7.3000001e-010 -0.004507812
-7.2500001e-010 -0.004570312
-7.2000001e-010 -0.004671875
-7.1500001e-010   -0.0048125
-7.10000009e-010  -0.00490625
-7.05000009e-010 -0.005109375
-7.00000009e-010   -0.0053125
-6.95000009e-010 -0.005554687
-6.90000009e-010 -0.005859375
-6.85000009e-010  -0.00621875
-6.80000009e-010 -0.006578125
-6.75000009e-010 -0.006992187
-6.70000009e-010 -0.007453125
-6.65000009e-010 -0.007890625
-6.60000009e-010 -0.008382813
-6.55000009e-010 -0.008921875
-6.50000009e-010 -0.009476563
-6.45000009e-010  -0.01004688
-6.40000009e-010  -0.01071094
-6.35000008e-010  -0.01136719
-6.30000008e-010  -0.01211719
-6.25000008e-010  -0.01292969
-6.20000008e-010  -0.01378906
-6.15000008e-010   -0.0146875
-6.10000008e-010  -0.01571094
-6.05000008e-010  -0.01680469
-6.00000008e-010  -0.01810156
-5.95000008e-010  -0.01949219
-5.90000008e-010  -0.02103906
-5.85000008e-010  -0.02271875
-5.80000008e-010  -0.02458594
-5.75000008e-010    -0.026625
-5.70000008e-010  -0.02883594
-5.65000008e-010  -0.03116406
-5.60000007e-010  -0.03359375
-5.55000007e-010  -0.03621094
-5.50000007e-010  -0.03896094
-5.45000007e-010  -0.04183594
-5.40000007e-010  -0.04482813
-5.35000007e-010  -0.04789844
-5.30000007e-010  -0.05107031
-5.25000007e-010  -0.05435156
-5.20000007e-010  -0.05767188
-5.15000007e-010  -0.06111719
-5.10000007e-010  -0.06460938
-5.05000007e-010  -0.06815625
-5.00000007e-010  -0.07180469
-4.95000007e-010  -0.07544532
-4.90000007e-010  -0.07917188
-4.85000006e-010  -0.08296094
-4.80000006e-010  -0.08676563
-4.75000006e-010  -0.09060157
-4.70000006e-010  -0.09441407
-4.65000006e-010  -0.09826563
-4.60000006e-010   -0.1020313
-4.55000006e-010   -0.1057734
-4.50000006e-010   -0.1093984
-4.45000006e-010   -0.1129453
-4.40000006e-010   -0.1163906
-4.35000006e-010   -0.1196875
-4.30000006e-010   -0.1228438
-4.25000006e-010   -0.1257969
-4.20000006e-010   -0.1286016
-4.15000006e-010   -0.1312188
-4.10000005e-010    -0.133625
-4.05000005e-010   -0.1358125
-4.00000005e-010   -0.1377578
-3.95000005e-010      -0.1395
-3.90000005e-010   -0.1410156
-3.85000005e-010   -0.1423281
-3.80000005e-010   -0.1434688
-3.75000005e-010   -0.1443438
-3.70000005e-010   -0.1450547
-3.65000005e-010   -0.1456484
-3.60000005e-010   -0.1460781
-3.55000005e-010   -0.1462344
-3.50000005e-010     -0.14625
-3.45000005e-010   -0.1461875
-3.40000005e-010   -0.1459453
-3.35000004e-010   -0.1455781
-3.30000004e-010   -0.1451172
-3.25000004e-010   -0.1445469
-3.20000004e-010   -0.1439531
-3.15000004e-010   -0.1432969
-3.10000004e-010   -0.1425781
-3.05000004e-010   -0.1418125
-3.00000004e-010   -0.1410156
-2.95000004e-010   -0.1401484
-2.90000004e-010   -0.1392813
-2.85000004e-010   -0.1384688
-2.80000004e-010   -0.1376172
-2.75000004e-010   -0.1367031
-2.70000004e-010   -0.1358125
-2.65000004e-010   -0.1350234
-2.60000003e-010   -0.1341953
-2.55000003e-010   -0.1333438
-2.50000003e-010   -0.1324844
-2.45000003e-010   -0.1315625
-2.40000003e-010   -0.1306641
-2.35000003e-010   -0.1297344
-2.30000003e-010   -0.1287578
-2.25000003e-010   -0.1277109
-2.20000003e-010   -0.1266172
-2.15000003e-010   -0.1255078
-2.10000003e-010   -0.1243281
-2.05000003e-010   -0.1230391
-2.00000003e-010   -0.1216172
-1.95000003e-010   -0.1201484
-1.90000003e-010   -0.1185547
-1.85000002e-010   -0.1168516
-1.80000002e-010   -0.1150234
-1.75000002e-010   -0.1131094
-1.70000002e-010   -0.1110234
-1.65000002e-010   -0.1088594
-1.60000002e-010   -0.1066016
-1.55000002e-010   -0.1041953
-1.50000002e-010   -0.1016797
-1.45000002e-010  -0.09905469
-1.40000002e-010  -0.09627344
-1.35000002e-010  -0.09344532
-1.30000002e-010      -0.0905
-1.25000002e-010  -0.08746094
-1.20000002e-010   -0.0843125
-1.15000002e-010   -0.0810625
-1.10000001e-010  -0.07775782
-1.05000001e-010  -0.07434375
-1.00000001e-010  -0.07091407
-9.50000013e-011  -0.06732813
-9.00000012e-011   -0.0636875
-8.50000011e-011  -0.06001563
-8.00000011e-011  -0.05629688
-7.5000001e-011  -0.05249219
-7.00000009e-011  -0.04870313
-6.50000009e-011    -0.044875
-6.00000008e-011   -0.0410625
-5.50000007e-011  -0.03730469
-5.00000007e-011  -0.03359375
-4.50000006e-011   -0.0299375
-4.00000005e-011  -0.02640625
-3.50000005e-011  -0.02294531
-3.00000004e-011    -0.019625
-2.50000003e-011  -0.01646094
-2.00000003e-011  -0.01342969
-1.50000002e-011  -0.01050781
-1.00000001e-011  -0.00778125
-5.00000007e-012 -0.005242187
           0    -0.002875
5.00000007e-012 -0.0006718747
1.00000001e-011   0.00140625
1.50000002e-011  0.003320313
2.00000003e-011  0.005062501
2.50000003e-011  0.006671876
3.00000004e-011  0.008156251
3.50000005e-011  0.009492188
4.00000005e-011   0.01074219
4.50000006e-011   0.01178125
5.00000007e-011   0.01267188
5.50000007e-011   0.01347656
6.00000008e-011   0.01411719
6.50000009e-011   0.01463281
7.00000009e-011        0.015
7.5000001e-011   0.01529688
8.00000011e-011    0.0154375
8.50000011e-011   0.01549219
9.00000012e-011   0.01542188
9.50000013e-011   0.01527344
1.00000001e-010   0.01502344
1.05000001e-010   0.01471875
1.10000001e-010   0.01434375
1.15000002e-010   0.01392188
1.20000002e-010   0.01350781
1.25000002e-010   0.01307031
1.30000002e-010     0.012625
1.35000002e-010   0.01223438
1.40000002e-010   0.01184375
1.45000002e-010    0.0114375
1.50000002e-010   0.01109375
1.55000002e-010   0.01078125
1.60000002e-010   0.01047656
1.65000002e-010   0.01026563
1.70000002e-010   0.01003906
1.75000002e-010  0.009835938
1.80000002e-010  0.009734376
1.85000002e-010  0.009671876
1.90000003e-010  0.009687501
1.95000003e-010  0.009687501
2.00000003e-010  0.009726563
2.05000003e-010  0.009804688
2.10000003e-010  0.009968751
2.15000003e-010   0.01017969
2.20000003e-010   0.01032813
2.25000003e-010   0.01055469
2.30000003e-010   0.01084375
2.35000003e-010   0.01113281
2.40000003e-010   0.01146094
2.45000003e-010    0.0118125
2.50000003e-010   0.01214063
2.55000003e-010   0.01251563
2.60000003e-010   0.01289063
2.65000004e-010   0.01325781
2.70000004e-010   0.01361719
2.75000004e-010        0.014
2.80000004e-010   0.01435938
2.85000004e-010   0.01471875
2.90000004e-010   0.01507031
2.95000004e-010   0.01540625
3.00000004e-010   0.01574219
3.05000004e-010   0.01603125
3.10000004e-010   0.01629688
3.15000004e-010   0.01648438
3.20000004e-010   0.01667188
3.25000004e-010      0.01675
3.30000004e-010   0.01679688
3.35000004e-010   0.01678906
3.40000005e-010   0.01669531
3.45000005e-010   0.01650781
3.50000005e-010   0.01626563
3.55000005e-010   0.01596875
3.60000005e-010   0.01561719
3.65000005e-010    0.0151875
3.70000005e-010   0.01469531
3.75000005e-010   0.01416406
3.80000005e-010   0.01364063
3.85000005e-010   0.01308594
3.90000005e-010   0.01250781
3.95000005e-010   0.01196094
4.00000005e-010   0.01138281
4.05000005e-010   0.01085938
4.10000005e-010   0.01033594
4.15000006e-010  0.009851563
4.20000006e-010  0.009414063
4.25000006e-010  0.009023438
4.30000006e-010  0.008656251
4.35000006e-010  0.008320313
4.40000006e-010  0.008007813
4.45000006e-010  0.007750001
4.50000006e-010  0.007523438
4.55000006e-010  0.007304688
4.60000006e-010  0.007187501
4.65000006e-010  0.007046876
4.70000006e-010  0.006937501
4.75000006e-010  0.006867188
4.80000006e-010  0.006835938
4.85000006e-010  0.006804688
4.90000007e-010  0.006804688
4.95000007e-010  0.006796876
5.00000007e-010  0.006851563
5.05000007e-010  0.006914063
5.10000007e-010  0.007000001
5.15000007e-010  0.007046876
5.20000007e-010  0.007171876
5.25000007e-010  0.007242188
5.30000007e-010  0.007382813
5.35000007e-010  0.007523438
5.40000007e-010  0.007664063
5.45000007e-010  0.007781251
5.50000007e-010  0.007945313
5.55000007e-010  0.008117188
5.60000007e-010  0.008289063
5.65000008e-010  0.008460938
5.70000008e-010  0.008656251
5.75000008e-010  0.008828126
5.80000008e-010  0.009015626
5.85000008e-010  0.009210938
5.90000008e-010  0.009390626
5.95000008e-010  0.009578126
6.00000008e-010  0.009750001
6.05000008e-010  0.009921876
6.10000008e-010   0.01005469
6.15000008e-010   0.01021094
6.20000008e-010   0.01033594
6.25000008e-010   0.01045313
6.30000008e-010   0.01052344
6.35000008e-010   0.01063281
6.40000009e-010   0.01069531
6.45000009e-010   0.01077344
6.50000009e-010   0.01085156
6.55000009e-010     0.010875
6.60000009e-010   0.01092969
6.65000009e-010   0.01100781
6.70000009e-010   0.01104688
6.75000009e-010   0.01110938
6.80000009e-010    0.0111875
6.85000009e-010   0.01124219
6.90000009e-010   0.01135938
6.95000009e-010   0.01144531
7.00000009e-010    0.0115625
7.05000009e-010   0.01167188
7.10000009e-010   0.01182813
7.1500001e-010   0.01196875
7.2000001e-010   0.01208594
7.2500001e-010   0.01223438
7.3000001e-010   0.01235938
7.3500001e-010       0.0125
7.4000001e-010     0.012625
7.4500001e-010   0.01275781
7.5000001e-010     0.012875
7.5500001e-010   0.01299219
7.6000001e-010   0.01309375
7.6500001e-010   0.01320313
7.7000001e-010    0.0133125
7.7500001e-010   0.01339844
7.8000001e-010   0.01349219
7.8500001e-010   0.01360156
7.90000011e-010   0.01374219
7.95000011e-010   0.01383594
8.00000011e-010   0.01396875
8.05000011e-010   0.01409375
8.10000011e-010   0.01424219
8.15000011e-010   0.01438281
8.20000011e-010   0.01455469
8.25000011e-010   0.01474219
8.30000011e-010   0.01491406
8.35000011e-010   0.01507031
8.40000011e-010   0.01527344
8.45000011e-010    0.0154375
8.50000011e-010   0.01561719
8.55000011e-010   0.01578125
8.60000011e-010   0.01594531
8.65000012e-010   0.01609375
8.70000012e-010   0.01622656
8.75000012e-010   0.01632031
8.80000012e-010   0.01640625
8.85000012e-010   0.01650781
8.90000012e-010   0.01660156
8.95000012e-010   0.01664063
9.00000012e-010   0.01669531
9.05000012e-010    0.0166875
9.10000012e-010   0.01670313
9.15000012e-010   0.01671094
9.20000012e-010   0.01672656
9.25000012e-010   0.01671875
9.30000012e-010   0.01669531
9.35000012e-010   0.01670313
9.40000013e-010   0.01667188
9.45000013e-010   0.01667969
9.50000013e-010   0.01666406
9.55000013e-010   0.01663281
9.60000013e-010   0.01666406
9.65000013e-010   0.01664063
9.70000013e-010   0.01666406
9.75000013e-010   0.01664844
9.80000013e-010   0.01664063
9.85000013e-010   0.01664844
9.90000013e-010   0.01663281
9.95000013e-010   0.01659375
1.00000001e-009   0.01654688
1.00500001e-009   0.01653125
1.01000001e-009   0.01649219
1.01500001e-009   0.01642969
1.02000001e-009   0.01635938
1.02500001e-009   0.01633594
1.03000001e-009   0.01624219
1.03500001e-009   0.01617969
1.04000001e-009   0.01609375
1.04500001e-009   0.01603906
1.05000001e-009   0.01598438
1.05500001e-009   0.01596094
1.06000001e-009   0.01589844
1.06500001e-009   0.01589063
1.07000001e-009   0.01585156
1.07500001e-009   0.01586719
1.08000001e-009   0.01588281
1.08500001e-009   0.01590625
1.09000001e-009   0.01594531
1.09500001e-009   0.01601563
1.10000001e-009   0.01610156
1.10500001e-009   0.01617969
1.11000001e-009      0.01625
1.11500001e-009   0.01632813
1.12000001e-009   0.01638281
1.12500002e-009   0.01648438
1.13000002e-009   0.01655469
1.13500002e-009     0.016625
1.14000002e-009   0.01670313
1.14500002e-009   0.01675781
1.15000002e-009   0.01678125
1.15500002e-009   0.01686719
1.16000002e-009   0.01689063
1.16500002e-009   0.01689063
1.17000002e-009   0.01690625
1.17500002e-009   0.01689063
1.18000002e-009   0.01685938
1.18500002e-009   0.01684375
1.19000002e-009   0.01680469
1.19500002e-009   0.01679688
1.20000002e-009   0.01675781
1.20500002e-009   0.01669531
1.21000002e-009   0.01665625
1.21500002e-009   0.01664844
1.22000002e-009   0.01661719
1.22500002e-009   0.01660156
1.23000002e-009   0.01661719
1.23500002e-009     0.016625
1.24000002e-009   0.01664844
1.24500002e-009   0.01670313
1.25000002e-009      0.01675
