-2.49000003e-009  -0.01489844
-2.48000003e-009 -0.005632812
-2.47000003e-009  -0.01435156
-2.46000003e-009 -0.005984375
-2.45000003e-009  -0.01397656
-2.44000003e-009 -0.006328125
-2.43000003e-009  -0.01502344
-2.42000003e-009       -0.005
-2.41000003e-009  -0.01467188
-2.40000003e-009 -0.005671875
-2.39000003e-009   -0.0149375
-2.38000003e-009       -0.005
-2.37000003e-009  -0.01464063
-2.36000003e-009 -0.004515625
-2.35000003e-009  -0.01361719
-2.34000003e-009       -0.005
-2.33000003e-009  -0.01332813
-2.32000003e-009       -0.005
-2.31000003e-009  -0.01340625
-2.30000003e-009 -0.004476562
-2.29000003e-009  -0.01396875
-2.28000003e-009 -0.004640625
-2.27000003e-009  -0.01472656
-2.26000003e-009   -0.0043125
-2.25000003e-009       -0.015
-2.24000003e-009 -0.004015625
-2.23000003e-009  -0.01404688
-2.22000003e-009    -0.004375
-2.21000003e-009  -0.01189063
-2.20000003e-009       -0.005
-2.19000003e-009       -0.013
-2.18000003e-009 -0.004953125
-2.17000003e-009       -0.013
-2.16000003e-009 -0.004578125
-2.15000003e-009  -0.01327344
-2.14000003e-009       -0.003
-2.13000003e-009       -0.013
-2.12000003e-009    -0.003125
-2.11000003e-009       -0.013
-2.10000003e-009  -0.00346875
-2.09000003e-009  -0.01272656
-2.08000003e-009 -0.003296875
-2.07000003e-009       -0.013
-2.06000003e-009 -0.003070312
-2.05000003e-009  -0.01248438
-2.04000003e-009 -0.003085937
-2.03000003e-009   -0.0118125
-2.02000003e-009 -0.003304687
-2.01000003e-009  -0.01139844
-2.00000003e-009   -0.0034375
-1.99000003e-009  -0.01197656
-1.98000003e-009 -0.002773437
-1.97000003e-009  -0.01164844
-1.96000003e-009  -0.00284375
-1.95000003e-009       -0.011
-1.94000003e-009 -0.002234375
-1.93000003e-009       -0.011
-1.92000003e-009  -0.00221875
-1.91000003e-009  -0.01217188
-1.90000003e-009 -0.0006874997
-1.89000003e-009  -0.01167188
-1.88000003e-009  -0.00159375
-1.87000002e-009    -0.010125
-1.86000002e-009 -0.001328125
-1.85000002e-009  -0.01010938
-1.84000002e-009 -0.002445312
-1.83000002e-009   -0.0106875
-1.82000002e-009 -0.001609375
-1.81000002e-009  -0.01014844
-1.80000002e-009 -0.0007656247
-1.79000002e-009  -0.01171094
-1.78000002e-009 -0.0008749997
-1.77000002e-009  -0.01104688
-1.76000002e-009 -0.0009999997
-1.75000002e-009   -0.0105625
-1.74000002e-009        0.001
-1.73000002e-009  -0.01029688
-1.72000002e-009        0.001
-1.71000002e-009       -0.009
-1.70000002e-009 -0.0006718747
-1.69000002e-009 -0.009585938
-1.68000002e-009 -0.0009999997
-1.67000002e-009      -0.0095
-1.66000002e-009        0.001
-1.65000002e-009       -0.009
-1.64000002e-009        0.001
-1.63000002e-009 -0.009140625
-1.62000002e-009        0.001
-1.61000002e-009 -0.008578125
-1.60000002e-009        0.001
-1.59000002e-009 -0.009117188
-1.58000002e-009   0.00134375
-1.57000002e-009   -0.0080625
-1.56000002e-009 0.0006953129
-1.55000002e-009  -0.00721875
-1.54000002e-009 0.0003671879
-1.53000002e-009 -0.007953125
-1.52000002e-009  0.001585938
-1.51000002e-009 -0.007539063
-1.50000002e-009  0.002976563
-1.49000002e-009 -0.007476563
-1.48000002e-009  0.002445313
-1.47000002e-009       -0.009
-1.46000002e-009  0.001195313
-1.45000002e-009 -0.006546875
-1.44000002e-009    0.0020625
-1.43000002e-009 -0.006390625
-1.42000002e-009  0.003390626
-1.41000002e-009 -0.007359375
-1.40000002e-009    0.0028125
-1.39000002e-009    -0.008375
-1.38000002e-009  0.001265625
-1.37000002e-009  -0.00859375
-1.36000002e-009        0.003
-1.35000002e-009       -0.007
-1.34000002e-009    0.0028125
-1.33000002e-009 -0.006640625
-1.32000002e-009        0.003
-1.31000002e-009       -0.007
-1.30000002e-009  0.003585938
-1.29000002e-009 -0.007101562
-1.28000002e-009        0.003
-1.27000002e-009 -0.007585938
-1.26000002e-009  0.002320313
-1.25000002e-009       -0.007
-1.24000002e-009        0.003
-1.23000002e-009 -0.006289062
-1.22000002e-009  0.002273438
-1.21000002e-009 -0.006757812
-1.20000002e-009        0.003
-1.19000002e-009 -0.006757812
-1.18000002e-009  0.002023438
-1.17000002e-009 -0.006789062
-1.16000002e-009  0.002289063
-1.15000002e-009       -0.007
-1.14000002e-009  0.003007813
-1.13000002e-009 -0.007984375
-1.12000001e-009        0.003
-1.11000001e-009 -0.009359375
-1.10000001e-009     0.003125
-1.09000001e-009 -0.008679688
-1.08000001e-009        0.003
-1.07000001e-009       -0.007
-1.06000001e-009  0.003140625
-1.05000001e-009       -0.007
-1.04000001e-009  0.001828125
-1.03000001e-009    -0.007875
-1.02000001e-009   0.00253125
-1.01000001e-009 -0.008460938
-1.00000001e-009        0.003
-9.90000013e-010  -0.00865625
-9.80000013e-010   0.00140625
-9.70000013e-010 -0.007140625
-9.60000013e-010  0.001132813
-9.50000013e-010 -0.007070312
-9.40000013e-010   0.00159375
-9.30000012e-010 -0.007453125
-9.20000012e-010   0.00134375
-9.10000012e-010       -0.007
-9.00000012e-010  0.001796875
-8.90000012e-010 -0.007132812
-8.80000012e-010  0.001539063
-8.70000012e-010      -0.0075
-8.60000011e-010  0.003070313
-8.50000011e-010 -0.007515625
-8.40000011e-010        0.002
-8.30000011e-010 -0.007226562
-8.20000011e-010 0.0008750004
-8.10000011e-010 -0.007476563
-8.00000011e-010    0.0016875
-7.90000011e-010 -0.007570313
-7.8000001e-010    0.0010625
-7.7000001e-010 -0.009085938
-7.6000001e-010 -0.0001874997
-7.5000001e-010       -0.009
-7.4000001e-010 -0.0006093747
-7.3000001e-010       -0.011
-7.2000001e-010 -0.0003203122
-7.10000009e-010  -0.01128906
-7.00000009e-010 -0.0009999997
-6.90000009e-010  -0.01264844
-6.80000009e-010 -0.003023437
-6.70000009e-010  -0.01483594
-6.60000009e-010 -0.004859375
-6.50000009e-010       -0.017
-6.40000009e-010 -0.008859375
-6.30000008e-010  -0.02192188
-6.20000008e-010  -0.01276563
-6.10000008e-010       -0.027
-6.00000008e-010   -0.0186875
-5.90000008e-010       -0.035
-5.80000008e-010  -0.02672656
-5.70000008e-010  -0.04536719
-5.60000007e-010       -0.037
-5.50000007e-010  -0.05735156
-5.40000007e-010  -0.05029688
-5.30000007e-010       -0.071
-5.20000007e-010       -0.065
-5.10000007e-010  -0.08789844
-5.00000007e-010       -0.081
-4.90000007e-010       -0.105
-4.80000006e-010   -0.0969375
-4.70000006e-010   -0.1198828
-4.60000006e-010   -0.1093672
-4.50000006e-010   -0.1323906
-4.40000006e-010       -0.123
-4.30000006e-010       -0.143
-4.20000006e-010   -0.1333828
-4.10000005e-010       -0.149
-4.00000005e-010   -0.1384219
-3.90000005e-010       -0.151
-3.80000005e-010   -0.1398125
-3.70000005e-010       -0.153
-3.60000005e-010   -0.1411563
-3.50000005e-010       -0.151
-3.40000005e-010   -0.1402578
-3.30000004e-010       -0.149
-3.20000004e-010       -0.137
-3.10000004e-010   -0.1448281
-3.00000004e-010   -0.1326797
-2.90000004e-010       -0.143
-2.80000004e-010   -0.1282969
-2.70000004e-010   -0.1381719
-2.60000003e-010   -0.1253516
-2.50000003e-010   -0.1338984
-2.40000003e-010       -0.121
-2.30000003e-010    -0.130625
-2.20000003e-010   -0.1163281
-2.10000003e-010   -0.1242266
-2.00000003e-010   -0.1089063
-1.90000003e-010   -0.1172266
-1.80000002e-010   -0.1003672
-1.70000002e-010       -0.109
-1.60000002e-010  -0.08759375
-1.50000002e-010  -0.09759375
-1.40000002e-010  -0.07432032
-1.30000002e-010       -0.085
-1.20000002e-010  -0.06152344
-1.10000001e-010  -0.07070313
-1.00000001e-010  -0.04807031
-9.00000012e-011  -0.05509375
-8.00000011e-011       -0.031
-7.00000009e-011  -0.03967188
-6.00000008e-011   -0.0173125
-5.00000007e-011  -0.02574219
-4.00000005e-011  -0.00534375
-3.00000004e-011  -0.01354688
-2.00000003e-011  0.005000001
-1.00000001e-011       -0.005
           0   0.01196875
1.00000001e-011  0.002429688
2.00000003e-011        0.015
3.00000004e-011  0.008578126
4.00000005e-011   0.01828906
5.00000007e-011   0.01053125
6.00000008e-011   0.01902344
7.00000009e-011   0.01036719
8.00000011e-011        0.019
9.00000012e-011  0.009554688
1.00000001e-010   0.01785156
1.10000001e-010  0.008382813
1.20000002e-010   0.01557813
1.30000002e-010  0.005000001
1.40000002e-010        0.015
1.50000002e-010  0.003250001
1.60000002e-010   0.01327344
1.70000002e-010   0.00303125
1.80000002e-010   0.01365625
1.90000003e-010  0.003585938
2.00000003e-010    0.0148125
2.10000003e-010  0.003414063
2.20000003e-010   0.01734375
2.30000003e-010  0.005000001
2.40000003e-010        0.021
2.50000003e-010  0.007539063
2.60000003e-010   0.02110156
2.70000004e-010   0.01033594
2.80000004e-010        0.023
2.90000004e-010        0.011
3.00000004e-010   0.02184375
3.10000004e-010   0.01253125
3.20000004e-010        0.023
3.30000004e-010   0.01245313
3.40000005e-010   0.02182031
3.50000005e-010   0.01019531
3.60000005e-010   0.01967969
3.70000005e-010  0.006828126
3.80000005e-010        0.017
3.90000005e-010  0.003929688
4.00000005e-010   0.01549219
4.10000005e-010  0.003851563
4.20000006e-010   0.01364063
4.30000006e-010  0.001226563
4.40000006e-010   0.01334375
4.50000006e-010        0.001
4.60000006e-010        0.013
4.70000006e-010 0.0005781254
4.80000006e-010   0.01341406
4.90000007e-010        0.001
5.00000007e-010        0.013
5.10000007e-010        0.002
5.20000007e-010   0.01305469
5.30000007e-010  0.003851563
5.40000007e-010   0.01357813
5.50000007e-010  0.005000001
5.60000007e-010        0.015
5.70000008e-010  0.004445313
5.80000008e-010   0.01535938
5.90000008e-010  0.004406251
6.00000008e-010   0.01573438
6.10000008e-010  0.005289063
6.20000008e-010   0.01649219
6.30000008e-010  0.005242188
6.40000009e-010        0.017
6.50000009e-010  0.005695313
6.60000009e-010   0.01710938
6.70000009e-010  0.005609376
6.80000009e-010        0.017
6.90000009e-010  0.004828126
7.00000009e-010   0.01702344
7.10000009e-010  0.005960938
7.2000001e-010   0.01752344
7.3000001e-010  0.008218751
7.4000001e-010   0.01730469
7.5000001e-010  0.009000001
7.6000001e-010   0.01836719
7.7000001e-010  0.008656251
7.8000001e-010   0.01951563
7.90000011e-010  0.009000001
8.00000011e-010   0.01917188
8.10000011e-010  0.009000001
8.20000011e-010         0.02
8.30000011e-010  0.008906251
8.40000011e-010        0.021
8.50000011e-010     0.010125
8.60000011e-010   0.02120313
8.70000012e-010        0.012
8.80000012e-010   0.02267969
8.90000012e-010   0.01046875
9.00000012e-010   0.02183594
9.10000012e-010  0.009000001
9.20000012e-010        0.021
9.30000012e-010   0.01030469
9.40000013e-010   0.02172656
9.50000013e-010      0.01125
9.60000013e-010        0.021
9.70000013e-010   0.01075781
9.80000013e-010   0.02132813
9.90000013e-010  0.009140626
1.00000001e-009        0.021
1.01000001e-009    0.0100625
1.02000001e-009   0.02207031
1.03000001e-009   0.01077344
1.04000001e-009   0.02338281
1.05000001e-009  0.009382813
1.06000001e-009     0.022375
1.07000001e-009  0.009546876
1.08000001e-009   0.02153125
1.09000001e-009        0.011
1.10000001e-009   0.02111719
1.11000001e-009   0.01042969
1.12000001e-009   0.02124219
1.13000002e-009        0.011
1.14000002e-009        0.021
1.15000002e-009   0.01155469
1.16000002e-009   0.02169531
1.17000002e-009   0.01229688
1.18000002e-009   0.02178125
1.19000002e-009     0.012875
1.20000002e-009     0.021125
1.21000002e-009   0.01289063
1.22000002e-009     0.021125
1.23000002e-009   0.01110156
1.24000002e-009   0.02216406
1.25000002e-009   0.01169531
1.26000002e-009   0.02169531
1.27000002e-009   0.01116406
1.28000002e-009   0.02153125
1.29000002e-009   0.01070313
1.30000002e-009        0.023
1.31000002e-009   0.01184375
1.32000002e-009   0.02279688
1.33000002e-009   0.01101563
1.34000002e-009   0.02265625
1.35000002e-009   0.01165625
1.36000002e-009        0.023
1.37000002e-009   0.01242188
1.38000002e-009   0.02385938
1.39000002e-009   0.01332031
1.40000002e-009    0.0223125
1.41000002e-009    0.0121875
1.42000002e-009   0.02323438
1.43000002e-009        0.011
1.44000002e-009        0.023
1.45000002e-009   0.01164844
1.46000002e-009        0.023
1.47000002e-009   0.01113281
1.48000002e-009   0.02435938
1.49000002e-009   0.01291406
1.50000002e-009   0.02413281
1.51000002e-009   0.01092188
1.52000002e-009   0.02230469
1.53000002e-009        0.011
1.54000002e-009        0.021
1.55000002e-009   0.01072656
1.56000002e-009   0.01985938
1.57000002e-009  0.009000001
1.58000002e-009   0.01921094
1.59000002e-009  0.007359376
1.60000002e-009   0.01913281
1.61000002e-009  0.009515626
1.62000002e-009   0.02135156
1.63000002e-009  0.009000001
1.64000002e-009   0.02170313
1.65000002e-009  0.009632813
1.66000002e-009        0.021
1.67000002e-009  0.009039063
1.68000002e-009   0.01924219
1.69000002e-009  0.009765626
1.70000002e-009        0.019
1.71000002e-009   0.01092969
1.72000002e-009   0.02015625
1.73000002e-009  0.009257813
1.74000002e-009        0.019
1.75000002e-009  0.009460938
1.76000002e-009   0.02046094
1.77000002e-009  0.009179688
1.78000002e-009    0.0206875
1.79000002e-009  0.009843751
1.80000002e-009   0.02177344
1.81000002e-009  0.009507813
1.82000002e-009   0.01934375
1.83000002e-009  0.009046876
1.84000002e-009   0.01835156
1.85000002e-009  0.009445313
1.86000002e-009   0.01921875
1.87000002e-009  0.009000001
1.88000003e-009        0.019
1.89000003e-009  0.009218751
1.90000003e-009   0.01897656
1.91000003e-009  0.009000001
1.92000003e-009   0.02003125
1.93000003e-009  0.008335938
1.94000003e-009        0.019
1.95000003e-009  0.007898438
1.96000003e-009   0.01830469
1.97000003e-009  0.006921876
1.98000003e-009        0.019
1.99000003e-009  0.008671876
2.00000003e-009   0.01790625
2.01000003e-009  0.009000001
2.02000003e-009        0.019
2.03000003e-009  0.009000001
2.04000003e-009   0.01869531
2.05000003e-009  0.009406251
2.06000003e-009   0.01858594
2.07000003e-009  0.008664063
2.08000003e-009   0.01905469
2.09000003e-009  0.008750001
2.10000003e-009        0.019
2.11000003e-009  0.009000001
2.12000003e-009   0.01821875
2.13000003e-009  0.009000001
2.14000003e-009        0.019
2.15000003e-009  0.009718751
2.16000003e-009        0.019
2.17000003e-009  0.008648438
2.18000003e-009        0.019
2.19000003e-009  0.009750001
2.20000003e-009   0.01872656
2.21000003e-009   0.01010156
2.22000003e-009   0.01878906
2.23000003e-009  0.009000001
2.24000003e-009   0.02005469
2.25000003e-009  0.008859376
2.26000003e-009   0.01933594
2.27000003e-009  0.009414063
2.28000003e-009        0.019
2.29000003e-009  0.009070313
2.30000003e-009        0.019
2.31000003e-009  0.009000001
2.32000003e-009   0.01939844
2.33000003e-009  0.009984376
2.34000003e-009        0.019
2.35000003e-009  0.008234376
2.36000003e-009   0.01846875
2.37000003e-009  0.007000001
2.38000003e-009   0.01720313
2.39000003e-009  0.008742188
2.40000003e-009   0.01875781
2.41000003e-009  0.008851563
2.42000003e-009   0.01814063
2.43000003e-009  0.005664063
2.44000003e-009   0.01791406
2.45000003e-009  0.005492188
2.46000003e-009   0.01719531
2.47000003e-009  0.007695313
2.48000003e-009   0.01825781
2.49000003e-009  0.008343751
2.50000003e-009   0.01922656
