-2.49000003e-009 -0.009992188
-2.48000003e-009 -0.009929688
-2.47000003e-009 -0.009890625
-2.46000003e-009 -0.009929688
-2.45000003e-009  -0.00996875
-2.44000003e-009  -0.01003125
-2.43000003e-009  -0.01008594
-2.42000003e-009  -0.01014844
-2.41000003e-009  -0.01017188
-2.40000003e-009  -0.01019531
-2.39000003e-009  -0.01017969
-2.38000003e-009  -0.01014844
-2.37000003e-009  -0.01015625
-2.36000003e-009    -0.010125
-2.35000003e-009  -0.01008594
-2.34000003e-009  -0.01004688
-2.33000003e-009 -0.009890625
-2.32000003e-009 -0.009773438
-2.31000003e-009 -0.009640625
-2.30000003e-009 -0.009460938
-2.29000003e-009 -0.009335938
-2.28000003e-009 -0.009265625
-2.27000003e-009  -0.00921875
-2.26000003e-009 -0.009195313
-2.25000003e-009 -0.009179688
-2.24000003e-009 -0.009085938
-2.23000003e-009 -0.009023438
-2.22000003e-009 -0.008867188
-2.21000003e-009 -0.008734375
-2.20000003e-009 -0.008617188
-2.19000003e-009 -0.008492188
-2.18000003e-009  -0.00840625
-2.17000003e-009 -0.008421875
-2.16000003e-009 -0.008453125
-2.15000003e-009 -0.008484375
-2.14000003e-009 -0.008523438
-2.13000003e-009 -0.008523438
-2.12000003e-009 -0.008429688
-2.11000003e-009   -0.0083125
-2.10000003e-009 -0.008203125
-2.09000003e-009    -0.008125
-2.08000003e-009 -0.008054688
-2.07000003e-009 -0.008046875
-2.06000003e-009 -0.008039063
-2.05000003e-009 -0.008070313
-2.04000003e-009  -0.00809375
-2.03000003e-009 -0.008070313
-2.02000003e-009  -0.00803125
-2.01000003e-009 -0.007921875
-2.00000003e-009 -0.007757813
-1.99000003e-009 -0.007546875
-1.98000003e-009 -0.007351562
-1.97000003e-009 -0.007164062
-1.96000003e-009 -0.006992187
-1.95000003e-009 -0.006898437
-1.94000003e-009 -0.006789062
-1.93000003e-009 -0.006742187
-1.92000003e-009 -0.006757812
-1.91000003e-009 -0.006796875
-1.90000003e-009 -0.006804687
-1.89000003e-009 -0.006796875
-1.88000003e-009 -0.006757812
-1.87000002e-009 -0.006695312
-1.86000002e-009 -0.006578125
-1.85000002e-009   -0.0064375
-1.84000002e-009  -0.00628125
-1.83000002e-009 -0.006109375
-1.82000002e-009 -0.006015625
-1.81000002e-009 -0.005960937
-1.80000002e-009 -0.005914062
-1.79000002e-009 -0.005914062
-1.78000002e-009    -0.005875
-1.77000002e-009 -0.005859375
-1.76000002e-009 -0.005796875
-1.75000002e-009 -0.005679687
-1.74000002e-009 -0.005539062
-1.73000002e-009 -0.005421875
-1.72000002e-009 -0.005257812
-1.71000002e-009 -0.005101562
-1.70000002e-009 -0.004953125
-1.69000002e-009 -0.004835937
-1.68000002e-009 -0.004710937
-1.67000002e-009 -0.004585937
-1.66000002e-009 -0.004445312
-1.65000002e-009    -0.004375
-1.64000002e-009   -0.0043125
-1.63000002e-009 -0.004257812
-1.62000002e-009  -0.00421875
-1.61000002e-009 -0.004210937
-1.60000002e-009   -0.0041875
-1.59000002e-009 -0.004203125
-1.58000002e-009 -0.004132812
-1.57000002e-009  -0.00409375
-1.56000002e-009 -0.004023437
-1.55000002e-009 -0.003953125
-1.54000002e-009 -0.003859375
-1.53000002e-009  -0.00384375
-1.52000002e-009 -0.003734375
-1.51000002e-009  -0.00365625
-1.50000002e-009 -0.003546875
-1.49000002e-009 -0.003390625
-1.48000002e-009 -0.003265625
-1.47000002e-009  -0.00309375
-1.46000002e-009  -0.00296875
-1.45000002e-009 -0.002851562
-1.44000002e-009   -0.0028125
-1.43000002e-009 -0.002796875
-1.42000002e-009 -0.002859375
-1.41000002e-009 -0.002898437
-1.40000002e-009  -0.00290625
-1.39000002e-009  -0.00284375
-1.38000002e-009 -0.002804687
-1.37000002e-009 -0.002679687
-1.36000002e-009 -0.002515625
-1.35000002e-009 -0.002359375
-1.34000002e-009 -0.002195312
-1.33000002e-009 -0.002054687
-1.32000002e-009 -0.001929687
-1.31000002e-009    -0.001875
-1.30000002e-009 -0.001804687
-1.29000002e-009 -0.001773437
-1.28000002e-009 -0.001742187
-1.27000002e-009 -0.001773437
-1.26000002e-009 -0.001828125
-1.25000002e-009 -0.001859375
-1.24000002e-009 -0.001914062
-1.23000002e-009 -0.001953125
-1.22000002e-009       -0.002
-1.21000002e-009 -0.002039062
-1.20000002e-009 -0.001992187
-1.19000002e-009 -0.001960937
-1.18000002e-009  -0.00190625
-1.17000002e-009 -0.001867187
-1.16000002e-009 -0.001859375
-1.15000002e-009  -0.00184375
-1.14000002e-009 -0.001859375
-1.13000002e-009 -0.001921875
-1.12000001e-009 -0.002023437
-1.11000001e-009 -0.002101562
-1.10000001e-009 -0.002148437
-1.09000001e-009     -0.00225
-1.08000001e-009 -0.002328125
-1.07000001e-009 -0.002351562
-1.06000001e-009 -0.002421875
-1.05000001e-009 -0.002390625
-1.04000001e-009  -0.00240625
-1.03000001e-009 -0.002390625
-1.02000001e-009   -0.0023125
-1.01000001e-009 -0.002242187
-1.00000001e-009 -0.002195312
-9.90000013e-010 -0.002203125
-9.80000013e-010 -0.002265625
-9.70000013e-010 -0.002390625
-9.60000013e-010 -0.002554687
-9.50000013e-010 -0.002695312
-9.40000013e-010 -0.002859375
-9.30000012e-010 -0.002914062
-9.20000012e-010 -0.002914062
-9.10000012e-010 -0.002835937
-9.00000012e-010 -0.002703125
-8.90000012e-010 -0.002570312
-8.80000012e-010 -0.002492187
-8.70000012e-010 -0.002507812
-8.60000011e-010 -0.002578125
-8.50000011e-010 -0.002742187
-8.40000011e-010 -0.002914062
-8.30000011e-010 -0.003117187
-8.20000011e-010 -0.003320312
-8.10000011e-010 -0.003445312
-8.00000011e-010 -0.003601562
-7.90000011e-010 -0.003734375
-7.8000001e-010 -0.003851562
-7.7000001e-010 -0.004023437
-7.6000001e-010 -0.004226562
-7.5000001e-010 -0.004421875
-7.4000001e-010   -0.0046875
-7.3000001e-010 -0.004890625
-7.2000001e-010   -0.0051875
-7.10000009e-010 -0.005484375
-7.00000009e-010 -0.005789062
-6.90000009e-010 -0.006140625
-6.80000009e-010 -0.006546875
-6.70000009e-010 -0.007101562
-6.60000009e-010 -0.007796875
-6.50000009e-010 -0.008640625
-6.40000009e-010    -0.009625
-6.30000008e-010  -0.01082031
-6.20000008e-010  -0.01230469
-6.10000008e-010  -0.01413281
-6.00000008e-010  -0.01632031
-5.90000008e-010  -0.01896875
-5.80000008e-010   -0.0220625
-5.70000008e-010  -0.02579688
-5.60000007e-010  -0.03003906
-5.50000007e-010  -0.03485938
-5.40000007e-010  -0.04016406
-5.30000007e-010  -0.04596094
-5.20000007e-010  -0.05219531
-5.10000007e-010  -0.05889063
-5.00000007e-010  -0.06595313
-4.90000007e-010  -0.07329688
-4.80000006e-010  -0.08097657
-4.70000006e-010  -0.08878125
-4.60000006e-010  -0.09664063
-4.50000006e-010   -0.1043906
-4.40000006e-010   -0.1118281
-4.30000006e-010    -0.118875
-4.20000006e-010   -0.1251641
-4.10000005e-010   -0.1307031
-4.00000005e-010   -0.1354219
-3.90000005e-010   -0.1391953
-3.80000005e-010   -0.1421797
-3.70000005e-010   -0.1441406
-3.60000005e-010   -0.1454375
-3.50000005e-010   -0.1461094
-3.40000005e-010   -0.1461484
-3.30000004e-010   -0.1458281
-3.20000004e-010   -0.1450078
-3.10000004e-010   -0.1438594
-3.00000004e-010   -0.1425391
-2.90000004e-010       -0.141
-2.80000004e-010   -0.1393594
-2.70000004e-010   -0.1375391
-2.60000003e-010   -0.1357188
-2.50000003e-010   -0.1339219
-2.40000003e-010   -0.1320391
-2.30000003e-010   -0.1302266
-2.20000003e-010   -0.1282188
-2.10000003e-010   -0.1260625
-2.00000003e-010   -0.1236953
-1.90000003e-010   -0.1209766
-1.80000002e-010   -0.1179141
-1.70000002e-010   -0.1142656
-1.60000002e-010   -0.1101406
-1.50000002e-010   -0.1055625
-1.40000002e-010   -0.1004531
-1.30000002e-010  -0.09499219
-1.20000002e-010  -0.08898438
-1.10000001e-010  -0.08265625
-1.00000001e-010  -0.07592188
-9.00000012e-011  -0.06889844
-8.00000011e-011  -0.06155469
-7.00000009e-011  -0.05400781
-6.00000008e-011  -0.04635156
-5.00000007e-011  -0.03872656
-4.00000005e-011  -0.03132031
-3.00000004e-011  -0.02419531
-2.00000003e-011  -0.01764063
-1.00000001e-011    -0.011625
           0  -0.00621875
1.00000001e-011  -0.00153125
2.00000003e-011  0.002554688
3.00000004e-011  0.005914063
4.00000005e-011  0.008765626
5.00000007e-011   0.01104688
6.00000008e-011   0.01274219
7.00000009e-011   0.01395313
8.00000011e-011   0.01464844
9.00000012e-011   0.01489844
1.00000001e-010   0.01478906
1.10000001e-010   0.01439844
1.20000002e-010   0.01379688
1.30000002e-010   0.01300781
1.40000002e-010   0.01223438
1.50000002e-010       0.0115
1.60000002e-010   0.01085938
1.70000002e-010   0.01040625
1.80000002e-010   0.01003906
1.90000003e-010  0.009835938
2.00000003e-010  0.009851563
2.10000003e-010  0.009992188
2.20000003e-010   0.01028906
2.30000003e-010   0.01069531
2.40000003e-010   0.01120313
2.50000003e-010   0.01185156
2.60000003e-010    0.0125625
2.70000004e-010   0.01333594
2.80000004e-010   0.01407813
2.90000004e-010      0.01475
3.00000004e-010   0.01544531
3.10000004e-010   0.01591406
3.20000004e-010   0.01627344
3.30000004e-010   0.01642969
3.40000005e-010   0.01636719
3.50000005e-010   0.01610156
3.60000005e-010   0.01567188
3.70000005e-010   0.01508594
3.80000005e-010   0.01434375
3.90000005e-010   0.01348438
4.00000005e-010   0.01250781
4.10000005e-010   0.01149219
4.20000006e-010   0.01046094
4.30000006e-010  0.009484376
4.40000006e-010  0.008523438
4.50000006e-010  0.007710938
4.60000006e-010  0.007023438
4.70000006e-010  0.006460938
4.80000006e-010  0.006117188
4.90000007e-010  0.005921876
5.00000007e-010  0.005890626
5.10000007e-010  0.006000001
5.20000007e-010  0.006218751
5.30000007e-010  0.006578126
5.40000007e-010  0.007023438
5.50000007e-010  0.007484376
5.60000007e-010  0.007984376
5.70000008e-010  0.008445313
5.80000008e-010  0.008929688
5.90000008e-010  0.009296876
6.00000008e-010  0.009679688
6.10000008e-010  0.009976563
6.20000008e-010   0.01022656
6.30000008e-010   0.01041406
6.40000009e-010   0.01060938
6.50000009e-010   0.01080469
6.60000009e-010   0.01096875
6.70000009e-010   0.01114844
6.80000009e-010   0.01133594
6.90000009e-010   0.01148438
7.00000009e-010   0.01165625
7.10000009e-010   0.01182031
7.2000001e-010   0.01204688
7.3000001e-010   0.01221875
7.4000001e-010   0.01241406
7.5000001e-010   0.01260938
7.6000001e-010   0.01282031
7.7000001e-010   0.01310156
7.8000001e-010   0.01334375
7.90000011e-010   0.01366406
8.00000011e-010   0.01403906
8.10000011e-010   0.01440625
8.20000011e-010   0.01482031
8.30000011e-010   0.01516406
8.40000011e-010   0.01542188
8.50000011e-010   0.01561719
8.60000011e-010   0.01570313
8.70000012e-010   0.01571875
8.80000012e-010   0.01569531
8.90000012e-010   0.01566406
9.00000012e-010    0.0156875
9.10000012e-010   0.01582031
9.20000012e-010   0.01597656
9.30000012e-010   0.01621875
9.40000013e-010   0.01646094
9.50000013e-010   0.01671094
9.60000013e-010   0.01684375
9.70000013e-010   0.01691406
9.80000013e-010     0.016875
9.90000013e-010   0.01675781
1.00000001e-009   0.01660938
1.01000001e-009   0.01645313
1.02000001e-009    0.0163125
1.03000001e-009   0.01619531
1.04000001e-009    0.0160625
1.05000001e-009   0.01596875
1.06000001e-009   0.01586719
1.07000001e-009   0.01578906
1.08000001e-009   0.01570313
1.09000001e-009   0.01567969
1.10000001e-009   0.01571094
1.11000001e-009   0.01585938
1.12000001e-009   0.01604688
1.13000002e-009   0.01635156
1.14000002e-009   0.01661719
1.15000002e-009     0.016875
1.16000002e-009   0.01707031
1.17000002e-009   0.01717188
1.18000002e-009   0.01721875
1.19000002e-009   0.01725781
1.20000002e-009   0.01725781
1.21000002e-009   0.01726563
1.22000002e-009   0.01729688
1.23000002e-009   0.01732813
1.24000002e-009     0.017375
1.25000002e-009   0.01733594
1.26000002e-009   0.01728125
1.27000002e-009   0.01714063
1.28000002e-009   0.01692969
1.29000002e-009   0.01672656
1.30000002e-009   0.01653125
1.31000002e-009   0.01639844
1.32000002e-009   0.01635156
1.33000002e-009     0.016375
1.34000002e-009   0.01651563
1.35000002e-009   0.01663281
1.36000002e-009   0.01678906
1.37000002e-009   0.01690625
1.38000002e-009   0.01697656
1.39000002e-009   0.01703125
1.40000002e-009   0.01710156
1.41000002e-009   0.01717969
1.42000002e-009   0.01729688
1.43000002e-009   0.01742188
1.44000002e-009   0.01757813
1.45000002e-009    0.0176875
1.46000002e-009      0.01775
1.47000002e-009   0.01776563
1.48000002e-009   0.01767188
1.49000002e-009   0.01754688
1.50000002e-009   0.01741406
1.51000002e-009   0.01722656
1.52000002e-009   0.01704688
1.53000002e-009   0.01695313
1.54000002e-009   0.01680469
1.55000002e-009   0.01664844
1.56000002e-009   0.01647656
1.57000002e-009   0.01628906
1.58000002e-009   0.01603906
1.59000002e-009   0.01586719
1.60000002e-009   0.01560938
1.61000002e-009    0.0154375
1.62000002e-009   0.01530469
1.63000002e-009    0.0151875
1.64000002e-009   0.01507031
1.65000002e-009   0.01496875
1.66000002e-009   0.01482813
1.67000002e-009   0.01469531
1.68000002e-009   0.01458594
1.69000002e-009   0.01446094
1.70000002e-009   0.01434375
1.71000002e-009   0.01428906
1.72000002e-009   0.01428125
1.73000002e-009   0.01429688
1.74000002e-009   0.01432031
1.75000002e-009   0.01435938
1.76000002e-009   0.01440625
1.77000002e-009   0.01440625
1.78000002e-009   0.01440625
1.79000002e-009     0.014375
1.80000002e-009   0.01432813
1.81000002e-009      0.01425
1.82000002e-009   0.01416406
1.83000002e-009   0.01407813
1.84000002e-009   0.01400781
1.85000002e-009   0.01392969
1.86000002e-009    0.0139375
1.87000002e-009   0.01389844
1.88000003e-009   0.01391406
1.89000003e-009   0.01394531
1.90000003e-009   0.01396094
1.91000003e-009   0.01398438
1.92000003e-009   0.01394531
1.93000003e-009   0.01388281
1.94000003e-009    0.0138125
1.95000003e-009   0.01367188
1.96000003e-009   0.01351563
1.97000003e-009   0.01338281
1.98000003e-009   0.01326563
1.99000003e-009   0.01321094
2.00000003e-009   0.01317969
2.01000003e-009   0.01322656
2.02000003e-009   0.01330469
2.03000003e-009   0.01347656
2.04000003e-009   0.01361719
2.05000003e-009   0.01371094
2.06000003e-009   0.01380469
2.07000003e-009   0.01383594
2.08000003e-009   0.01378906
2.09000003e-009   0.01367188
2.10000003e-009   0.01359375
2.11000003e-009   0.01347656
2.12000003e-009   0.01339063
2.13000003e-009   0.01335938
2.14000003e-009   0.01333594
2.15000003e-009   0.01334375
2.16000003e-009   0.01336719
2.17000003e-009   0.01341406
2.18000003e-009   0.01346094
2.19000003e-009   0.01353906
2.20000003e-009   0.01360938
2.21000003e-009   0.01367188
2.22000003e-009   0.01369531
2.23000003e-009   0.01375781
2.24000003e-009   0.01375781
2.25000003e-009   0.01378906
2.26000003e-009    0.0138125
2.27000003e-009    0.0138125
2.28000003e-009   0.01380469
2.29000003e-009   0.01388281
2.30000003e-009    0.0139375
2.31000003e-009   0.01402344
2.32000003e-009   0.01411719
2.33000003e-009   0.01419531
2.34000003e-009   0.01421094
2.35000003e-009   0.01410938
2.36000003e-009   0.01392188
2.37000003e-009    0.0136875
2.38000003e-009   0.01336719
2.39000003e-009   0.01315625
2.40000003e-009   0.01291406
2.41000003e-009   0.01282813
2.42000003e-009   0.01282031
2.43000003e-009   0.01288281
2.44000003e-009   0.01303125
2.45000003e-009   0.01313281
2.46000003e-009   0.01317969
2.47000003e-009   0.01314063
2.48000003e-009   0.01307813
2.49000003e-009   0.01294531
2.50000003e-009   0.01280469
