-1.24500002e-009 -0.002203125
-1.24000002e-009 -0.002273437
-1.23500002e-009 -0.002328125
-1.23000002e-009 -0.002421875
-1.22500002e-009 -0.002484375
-1.22000002e-009 -0.002507812
-1.21500002e-009   -0.0025625
-1.21000002e-009 -0.002578125
-1.20500002e-009 -0.002578125
-1.20000002e-009 -0.002578125
-1.19500002e-009  -0.00253125
-1.19000002e-009 -0.002507812
-1.18500002e-009 -0.002484375
-1.18000002e-009  -0.00240625
-1.17500002e-009 -0.002390625
-1.17000002e-009 -0.002359375
-1.16500002e-009 -0.002320312
-1.16000002e-009 -0.002289062
-1.15500002e-009 -0.002273437
-1.15000002e-009 -0.002234375
-1.14500002e-009     -0.00225
-1.14000002e-009 -0.002226562
-1.13500002e-009 -0.002226562
-1.13000002e-009 -0.002195312
-1.12500002e-009  -0.00221875
-1.12000001e-009 -0.002226562
-1.11500001e-009     -0.00225
-1.11000001e-009 -0.002210937
-1.10500001e-009 -0.002234375
-1.10000001e-009 -0.002234375
-1.09500001e-009 -0.002257812
-1.09000001e-009     -0.00225
-1.08500001e-009 -0.002273437
-1.08000001e-009 -0.002257812
-1.07500001e-009 -0.002273437
-1.07000001e-009 -0.002273437
-1.06500001e-009 -0.002273437
-1.06000001e-009 -0.002257812
-1.05500001e-009 -0.002265625
-1.05000001e-009 -0.002273437
-1.04500001e-009 -0.002242187
-1.04000001e-009 -0.002234375
-1.03500001e-009   -0.0021875
-1.03000001e-009 -0.002195312
-1.02500001e-009  -0.00215625
-1.02000001e-009  -0.00215625
-1.01500001e-009 -0.002117187
-1.01000001e-009 -0.002101562
-1.00500001e-009  -0.00209375
-1.00000001e-009 -0.002117187
-9.95000013e-010 -0.002140625
-9.90000013e-010 -0.002179687
-9.85000013e-010 -0.002234375
-9.80000013e-010 -0.002265625
-9.75000013e-010    -0.002375
-9.70000013e-010 -0.002460937
-9.65000013e-010 -0.002554687
-9.60000013e-010  -0.00265625
-9.55000013e-010     -0.00275
-9.50000013e-010 -0.002828125
-9.45000013e-010 -0.002929687
-9.40000013e-010 -0.002984375
-9.35000012e-010 -0.003039062
-9.30000012e-010 -0.003078125
-9.25000012e-010 -0.003109375
-9.20000012e-010  -0.00309375
-9.15000012e-010 -0.003070312
-9.10000012e-010 -0.003078125
-9.05000012e-010  -0.00303125
-9.00000012e-010 -0.002992187
-8.95000012e-010 -0.002945312
-8.90000012e-010 -0.002914062
-8.85000012e-010 -0.002898437
-8.80000012e-010 -0.002867187
-8.75000012e-010 -0.002867187
-8.70000012e-010 -0.002898437
-8.65000012e-010 -0.002921875
-8.60000011e-010 -0.002953125
-8.55000011e-010 -0.003023437
-8.50000011e-010 -0.003101562
-8.45000011e-010 -0.003179687
-8.40000011e-010 -0.003226562
-8.35000011e-010   -0.0033125
-8.30000011e-010 -0.003382812
-8.25000011e-010   -0.0034375
-8.20000011e-010 -0.003453125
-8.15000011e-010      -0.0035
-8.10000011e-010 -0.003554687
-8.05000011e-010 -0.003523437
-8.00000011e-010 -0.003523437
-7.95000011e-010 -0.003515625
-7.90000011e-010      -0.0035
-7.8500001e-010  -0.00346875
-7.8000001e-010 -0.003476562
-7.7500001e-010 -0.003453125
-7.7000001e-010 -0.003476562
-7.6500001e-010 -0.003515625
-7.6000001e-010  -0.00353125
-7.5500001e-010  -0.00359375
-7.5000001e-010  -0.00365625
-7.4500001e-010 -0.003765625
-7.4000001e-010  -0.00390625
-7.3500001e-010 -0.004023437
-7.3000001e-010 -0.004140625
-7.2500001e-010 -0.004328125
-7.2000001e-010 -0.004523437
-7.1500001e-010  -0.00471875
-7.10000009e-010 -0.004960937
-7.05000009e-010   -0.0051875
-7.00000009e-010 -0.005429687
-6.95000009e-010 -0.005726562
-6.90000009e-010 -0.006007812
-6.85000009e-010 -0.006273437
-6.80000009e-010 -0.006664062
-6.75000009e-010 -0.007023437
-6.70000009e-010   -0.0074375
-6.65000009e-010 -0.007851563
-6.60000009e-010 -0.008320313
-6.55000009e-010  -0.00878125
-6.50000009e-010 -0.009351563
-6.45000009e-010 -0.009929688
-6.40000009e-010  -0.01053906
-6.35000008e-010  -0.01114063
-6.30000008e-010  -0.01189844
-6.25000008e-010  -0.01265625
-6.20000008e-010  -0.01355469
-6.15000008e-010  -0.01447656
-6.10000008e-010  -0.01547656
-6.05000008e-010  -0.01660938
-6.00000008e-010  -0.01784375
-5.95000008e-010  -0.01920313
-5.90000008e-010   -0.0206875
-5.85000008e-010  -0.02230469
-5.80000008e-010  -0.02410156
-5.75000008e-010  -0.02601563
-5.70000008e-010  -0.02814063
-5.65000008e-010  -0.03039844
-5.60000007e-010  -0.03282031
-5.55000007e-010  -0.03539844
-5.50000007e-010  -0.03811719
-5.45000007e-010  -0.04101563
-5.40000007e-010       -0.044
-5.35000007e-010  -0.04715625
-5.30000007e-010  -0.05042188
-5.25000007e-010  -0.05382031
-5.20000007e-010  -0.05733594
-5.15000007e-010   -0.0609375
-5.10000007e-010  -0.06460157
-5.05000007e-010  -0.06840625
-5.00000007e-010  -0.07228907
-4.95000007e-010  -0.07617969
-4.90000007e-010  -0.08014063
-4.85000006e-010  -0.08415625
-4.80000006e-010  -0.08815625
-4.75000006e-010   -0.0921875
-4.70000006e-010   -0.0961875
-4.65000006e-010   -0.1001641
-4.60000006e-010   -0.1040859
-4.55000006e-010   -0.1079063
-4.50000006e-010   -0.1116563
-4.45000006e-010   -0.1152891
-4.40000006e-010   -0.1187656
-4.35000006e-010   -0.1220938
-4.30000006e-010   -0.1252656
-4.25000006e-010   -0.1282266
-4.20000006e-010   -0.1309609
-4.15000006e-010   -0.1335391
-4.10000005e-010   -0.1358984
-4.05000005e-010   -0.1380234
-4.00000005e-010    -0.139875
-3.95000005e-010   -0.1415938
-3.90000005e-010   -0.1430625
-3.85000005e-010   -0.1443203
-3.80000005e-010   -0.1453359
-3.75000005e-010   -0.1461172
-3.70000005e-010   -0.1467266
-3.65000005e-010   -0.1471719
-3.60000005e-010   -0.1473438
-3.55000005e-010   -0.1473906
-3.50000005e-010   -0.1472344
-3.45000005e-010   -0.1469844
-3.40000005e-010   -0.1466016
-3.35000004e-010    -0.146125
-3.30000004e-010      -0.1455
-3.25000004e-010   -0.1448047
-3.20000004e-010   -0.1440469
-3.15000004e-010   -0.1432578
-3.10000004e-010   -0.1424375
-3.05000004e-010   -0.1415859
-3.00000004e-010   -0.1407109
-2.95000004e-010    -0.139875
-2.90000004e-010   -0.1390391
-2.85000004e-010   -0.1382266
-2.80000004e-010   -0.1374063
-2.75000004e-010   -0.1365391
-2.70000004e-010   -0.1356875
-2.65000004e-010    -0.134875
-2.60000003e-010   -0.1340234
-2.55000003e-010   -0.1331953
-2.50000003e-010   -0.1323125
-2.45000003e-010   -0.1314688
-2.40000003e-010   -0.1305625
-2.35000003e-010   -0.1296953
-2.30000003e-010   -0.1287656
-2.25000003e-010   -0.1277813
-2.20000003e-010   -0.1267266
-2.15000003e-010   -0.1256719
-2.10000003e-010   -0.1245391
-2.05000003e-010   -0.1233125
-2.00000003e-010   -0.1220234
-1.95000003e-010   -0.1206797
-1.90000003e-010   -0.1191875
-1.85000002e-010   -0.1176406
-1.80000002e-010   -0.1159297
-1.75000002e-010   -0.1140781
-1.70000002e-010   -0.1121172
-1.65000002e-010   -0.1099766
-1.60000002e-010   -0.1077109
-1.55000002e-010   -0.1052969
-1.50000002e-010     -0.10275
-1.45000002e-010   -0.1000469
-1.40000002e-010  -0.09719532
-1.35000002e-010     -0.09425
-1.30000002e-010  -0.09117188
-1.25000002e-010  -0.08797657
-1.20000002e-010  -0.08466407
-1.15000002e-010  -0.08128907
-1.10000001e-010   -0.0778125
-1.05000001e-010  -0.07428907
-1.00000001e-010  -0.07064063
-9.50000013e-011  -0.06696875
-9.00000012e-011  -0.06322657
-8.50000011e-011   -0.0594375
-8.00000011e-011    -0.055625
-7.5000001e-011   -0.0518125
-7.00000009e-011  -0.04796875
-6.50000009e-011  -0.04411719
-6.00000008e-011  -0.04027344
-5.50000007e-011  -0.03650781
-5.00000007e-011  -0.03278125
-4.50000006e-011  -0.02910156
-4.00000005e-011  -0.02552344
-3.50000005e-011  -0.02200781
-3.00000004e-011  -0.01867188
-2.50000003e-011   -0.0154375
-2.00000003e-011  -0.01239063
-1.50000002e-011  -0.00946875
-1.00000001e-011 -0.006695312
-5.00000007e-012 -0.004101562
           0   -0.0016875
5.00000007e-012 0.0005156254
1.00000001e-011   0.00259375
1.50000002e-011  0.004492188
2.00000003e-011  0.006218751
2.50000003e-011  0.007726563
3.00000004e-011  0.009117188
3.50000005e-011    0.0103125
4.00000005e-011   0.01139063
4.50000006e-011   0.01232031
5.00000007e-011   0.01313281
5.50000007e-011   0.01375781
6.00000008e-011    0.0143125
6.50000009e-011   0.01471875
7.00000009e-011   0.01498438
7.5000001e-011   0.01516406
8.00000011e-011   0.01522656
8.50000011e-011   0.01519531
9.00000012e-011    0.0150625
9.50000013e-011   0.01486719
1.00000001e-010   0.01458594
1.05000001e-010   0.01425781
1.10000001e-010   0.01388281
1.15000002e-010   0.01346875
1.20000002e-010        0.013
1.25000002e-010   0.01251563
1.30000002e-010   0.01201563
1.35000002e-010    0.0115625
1.40000002e-010   0.01110156
1.45000002e-010   0.01066406
1.50000002e-010      0.01025
1.55000002e-010  0.009875001
1.60000002e-010  0.009570313
1.65000002e-010  0.009296876
1.70000002e-010  0.009117188
1.75000002e-010  0.008929688
1.80000002e-010  0.008765626
1.85000002e-010  0.008750001
1.90000003e-010  0.008765626
1.95000003e-010  0.008812501
2.00000003e-010  0.008906251
2.05000003e-010  0.009070313
2.10000003e-010  0.009281251
2.15000003e-010  0.009546876
2.20000003e-010  0.009796876
2.25000003e-010   0.01013281
2.30000003e-010   0.01045313
2.35000003e-010   0.01085156
2.40000003e-010   0.01125781
2.45000003e-010   0.01167969
2.50000003e-010     0.012125
2.55000003e-010   0.01257813
2.60000003e-010   0.01304688
2.65000004e-010   0.01351563
2.70000004e-010   0.01399219
2.75000004e-010   0.01442188
2.80000004e-010   0.01488281
2.85000004e-010   0.01528906
2.90000004e-010   0.01567188
2.95000004e-010   0.01607031
3.00000004e-010   0.01634375
3.05000004e-010   0.01661719
3.10000004e-010   0.01686719
3.15000004e-010   0.01702344
3.20000004e-010   0.01711719
3.25000004e-010   0.01717969
3.30000004e-010   0.01714063
3.35000004e-010   0.01708594
3.40000005e-010   0.01692188
3.45000005e-010    0.0166875
3.50000005e-010   0.01642188
3.55000005e-010     0.016125
3.60000005e-010      0.01575
3.65000005e-010   0.01528906
3.70000005e-010   0.01482813
3.75000005e-010   0.01429688
3.80000005e-010   0.01377344
3.85000005e-010   0.01324219
3.90000005e-010   0.01264844
3.95000005e-010   0.01207813
4.00000005e-010   0.01149219
4.05000005e-010   0.01091406
4.10000005e-010     0.010375
4.15000006e-010  0.009828126
4.20000006e-010  0.009320313
4.25000006e-010  0.008859376
4.30000006e-010  0.008429688
4.35000006e-010  0.008007813
4.40000006e-010  0.007640626
4.45000006e-010  0.007359376
4.50000006e-010  0.007078126
4.55000006e-010  0.006835938
4.60000006e-010  0.006671876
4.65000006e-010  0.006570313
4.70000006e-010  0.006453126
4.75000006e-010  0.006406251
4.80000006e-010  0.006414063
4.85000006e-010  0.006437501
4.90000007e-010  0.006523438
4.95000007e-010  0.006585938
5.00000007e-010  0.006695313
5.05000007e-010  0.006835938
5.10000007e-010  0.006992188
5.15000007e-010  0.007164063
5.20000007e-010  0.007320313
5.25000007e-010  0.007507813
5.30000007e-010  0.007679688
5.35000007e-010  0.007859376
5.40000007e-010  0.008062501
5.45000007e-010  0.008242188
5.50000007e-010  0.008445313
5.55000007e-010  0.008656251
5.60000007e-010  0.008875001
5.65000008e-010  0.009093751
5.70000008e-010  0.009281251
5.75000008e-010  0.009492188
5.80000008e-010  0.009710938
5.85000008e-010  0.009898438
5.90000008e-010   0.01008594
5.95000008e-010   0.01026563
6.00000008e-010   0.01044531
6.05000008e-010   0.01057031
6.10000008e-010   0.01067188
6.15000008e-010      0.01075
6.20000008e-010   0.01082031
6.25000008e-010   0.01088281
6.30000008e-010   0.01092188
6.35000008e-010   0.01089063
6.40000009e-010   0.01090625
6.45000009e-010   0.01086719
6.50000009e-010   0.01082813
6.55000009e-010   0.01079688
6.60000009e-010   0.01079688
6.65000009e-010   0.01077344
6.70000009e-010   0.01075781
6.75000009e-010   0.01079688
6.80000009e-010   0.01079688
6.85000009e-010     0.010875
6.90000009e-010   0.01096094
6.95000009e-010    0.0110625
7.00000009e-010    0.0111875
7.05000009e-010   0.01132813
7.10000009e-010   0.01146875
7.1500001e-010   0.01165625
7.2000001e-010   0.01185938
7.2500001e-010   0.01204688
7.3000001e-010   0.01226563
7.3500001e-010   0.01246875
7.4000001e-010   0.01266406
7.4500001e-010   0.01285156
7.5000001e-010   0.01303906
7.5500001e-010   0.01317188
7.6000001e-010     0.013375
7.6500001e-010   0.01347656
7.7000001e-010   0.01360938
7.7500001e-010   0.01369531
7.8000001e-010   0.01382813
7.8500001e-010   0.01395313
7.90000011e-010   0.01402344
7.95000011e-010   0.01413281
8.00000011e-010   0.01421875
8.05000011e-010   0.01432813
8.10000011e-010   0.01445313
8.15000011e-010   0.01457031
8.20000011e-010   0.01471094
8.25000011e-010   0.01485938
8.30000011e-010   0.01501563
8.35000011e-010   0.01520313
8.40000011e-010     0.015375
8.45000011e-010   0.01554688
8.50000011e-010   0.01570313
8.55000011e-010   0.01583594
8.60000011e-010   0.01595313
8.65000012e-010   0.01609375
8.70000012e-010   0.01617188
8.75000012e-010   0.01620313
8.80000012e-010   0.01627344
8.85000012e-010   0.01627344
8.90000012e-010   0.01626563
8.95000012e-010   0.01622656
9.00000012e-010   0.01617188
9.05000012e-010   0.01609375
9.10000012e-010   0.01605469
9.15000012e-010   0.01596875
9.20000012e-010   0.01592188
9.25000012e-010   0.01585938
9.30000012e-010   0.01585156
9.35000012e-010   0.01582031
9.40000013e-010   0.01579688
9.45000013e-010   0.01580469
9.50000013e-010    0.0158125
9.55000013e-010   0.01584375
9.60000013e-010   0.01585156
9.65000013e-010     0.015875
9.70000013e-010   0.01592188
9.75000013e-010   0.01594531
9.80000013e-010   0.01596875
9.85000013e-010   0.01596875
9.90000013e-010   0.01596094
9.95000013e-010   0.01596094
1.00000001e-009    0.0159375
1.00500001e-009    0.0159375
1.01000001e-009   0.01592969
1.01500001e-009   0.01589844
1.02000001e-009   0.01585156
1.02500001e-009   0.01584375
1.03000001e-009    0.0158125
1.03500001e-009   0.01578906
1.04000001e-009   0.01575781
1.04500001e-009   0.01574219
1.05000001e-009   0.01570313
1.05500001e-009   0.01569531
1.06000001e-009   0.01567969
1.06500001e-009   0.01567188
1.07000001e-009   0.01560938
1.07500001e-009   0.01560938
1.08000001e-009   0.01555469
1.08500001e-009   0.01554688
1.09000001e-009   0.01549219
1.09500001e-009       0.0155
1.10000001e-009   0.01549219
1.10500001e-009       0.0155
1.11000001e-009   0.01555469
1.11500001e-009   0.01559375
1.12000001e-009   0.01567188
1.12500002e-009   0.01574219
1.13000002e-009   0.01585938
1.13500002e-009    0.0159375
1.14000002e-009   0.01608594
1.14500002e-009   0.01622656
1.15000002e-009   0.01635938
1.15500002e-009   0.01646875
1.16000002e-009   0.01660156
1.16500002e-009   0.01669531
1.17000002e-009   0.01682031
1.17500002e-009   0.01692188
1.18000002e-009   0.01695313
1.18500002e-009        0.017
1.19000002e-009   0.01700781
1.19500002e-009   0.01701563
1.20000002e-009   0.01702344
1.20500002e-009   0.01697656
1.21000002e-009   0.01696094
1.21500002e-009   0.01691406
1.22000002e-009   0.01685938
1.22500002e-009   0.01682813
1.23000002e-009   0.01682813
1.23500002e-009   0.01676563
1.24000002e-009   0.01678125
1.24500002e-009   0.01675781
1.25000002e-009   0.01678125
