-2.49000003e-009  -0.01011719
-2.48000003e-009  -0.01016406
-2.47000003e-009  -0.01022656
-2.46000003e-009  -0.01025781
-2.45000003e-009  -0.01026563
-2.44000003e-009  -0.01024219
-2.43000003e-009  -0.01019531
-2.42000003e-009  -0.01014844
-2.41000003e-009  -0.01010938
-2.40000003e-009   -0.0100625
-2.39000003e-009  -0.01003906
-2.38000003e-009  -0.01005469
-2.37000003e-009  -0.01003906
-2.36000003e-009 -0.009984375
-2.35000003e-009    -0.009875
-2.34000003e-009 -0.009804688
-2.33000003e-009  -0.00965625
-2.32000003e-009   -0.0095625
-2.31000003e-009 -0.009453125
-2.30000003e-009    -0.009375
-2.29000003e-009 -0.009320313
-2.28000003e-009 -0.009304688
-2.27000003e-009 -0.009265625
-2.26000003e-009   -0.0091875
-2.25000003e-009 -0.009109375
-2.24000003e-009 -0.009007813
-2.23000003e-009  -0.00890625
-2.22000003e-009 -0.008835938
-2.21000003e-009 -0.008789063
-2.20000003e-009   -0.0088125
-2.19000003e-009 -0.008898438
-2.18000003e-009 -0.008945313
-2.17000003e-009  -0.00896875
-2.16000003e-009 -0.008984375
-2.15000003e-009 -0.008890625
-2.14000003e-009 -0.008742188
-2.13000003e-009   -0.0085625
-2.12000003e-009    -0.008375
-2.11000003e-009  -0.00815625
-2.10000003e-009       -0.008
-2.09000003e-009  -0.00796875
-2.08000003e-009    -0.007875
-2.07000003e-009 -0.007898438
-2.06000003e-009 -0.007976563
-2.05000003e-009 -0.008015625
-2.04000003e-009 -0.008015625
-2.03000003e-009  -0.00803125
-2.02000003e-009 -0.007953125
-2.01000003e-009  -0.00784375
-2.00000003e-009 -0.007742188
-1.99000003e-009 -0.007617188
-1.98000003e-009      -0.0075
-1.97000003e-009   -0.0074375
-1.96000003e-009 -0.007359375
-1.95000003e-009 -0.007296875
-1.94000003e-009 -0.007242187
-1.93000003e-009 -0.007164062
-1.92000003e-009 -0.007117187
-1.91000003e-009 -0.006953125
-1.90000003e-009 -0.006828125
-1.89000003e-009  -0.00671875
-1.88000003e-009  -0.00659375
-1.87000002e-009 -0.006523437
-1.86000002e-009 -0.006476562
-1.85000002e-009  -0.00640625
-1.84000002e-009 -0.006367187
-1.83000002e-009   -0.0063125
-1.82000002e-009 -0.006203125
-1.81000002e-009 -0.006070312
-1.80000002e-009 -0.005914062
-1.79000002e-009 -0.005796875
-1.78000002e-009 -0.005601562
-1.77000002e-009 -0.005453125
-1.76000002e-009 -0.005304687
-1.75000002e-009 -0.005148437
-1.74000002e-009 -0.005054687
-1.73000002e-009   -0.0049375
-1.72000002e-009 -0.004851562
-1.71000002e-009  -0.00478125
-1.70000002e-009  -0.00478125
-1.69000002e-009 -0.004742187
-1.68000002e-009 -0.004757812
-1.67000002e-009 -0.004773437
-1.66000002e-009 -0.004726562
-1.65000002e-009   -0.0046875
-1.64000002e-009 -0.004601562
-1.63000002e-009  -0.00453125
-1.62000002e-009 -0.004453125
-1.61000002e-009 -0.004390625
-1.60000002e-009   -0.0043125
-1.59000002e-009 -0.004234375
-1.58000002e-009 -0.004179687
-1.57000002e-009  -0.00403125
-1.56000002e-009  -0.00390625
-1.55000002e-009 -0.003773437
-1.54000002e-009    -0.003625
-1.53000002e-009 -0.003476562
-1.52000002e-009 -0.003429687
-1.51000002e-009 -0.003335937
-1.50000002e-009 -0.003359375
-1.49000002e-009 -0.003367187
-1.48000002e-009 -0.003367187
-1.47000002e-009 -0.003382812
-1.46000002e-009 -0.003320312
-1.45000002e-009 -0.003242187
-1.44000002e-009 -0.003109375
-1.43000002e-009 -0.002992187
-1.42000002e-009 -0.002851562
-1.41000002e-009 -0.002773437
-1.40000002e-009 -0.002734375
-1.39000002e-009 -0.002734375
-1.38000002e-009 -0.002804687
-1.37000002e-009 -0.002890625
-1.36000002e-009 -0.002945312
-1.35000002e-009 -0.003015625
-1.34000002e-009 -0.003039062
-1.33000002e-009 -0.003015625
-1.32000002e-009   -0.0029375
-1.31000002e-009 -0.002796875
-1.30000002e-009 -0.002671875
-1.29000002e-009 -0.002515625
-1.28000002e-009 -0.002359375
-1.27000002e-009     -0.00225
-1.26000002e-009   -0.0021875
-1.25000002e-009 -0.002148437
-1.24000002e-009 -0.002132812
-1.23000002e-009 -0.002210937
-1.22000002e-009 -0.002304687
-1.21000002e-009   -0.0024375
-1.20000002e-009 -0.002554687
-1.19000002e-009 -0.002664062
-1.18000002e-009  -0.00271875
-1.17000002e-009 -0.002765625
-1.16000002e-009 -0.002695312
-1.15000002e-009 -0.002617187
-1.14000002e-009 -0.002484375
-1.13000002e-009 -0.002359375
-1.12000001e-009 -0.002257812
-1.11000001e-009 -0.002195312
-1.10000001e-009   -0.0021875
-1.09000001e-009 -0.002226562
-1.08000001e-009  -0.00234375
-1.07000001e-009   -0.0024375
-1.06000001e-009  -0.00253125
-1.05000001e-009 -0.002609375
-1.04000001e-009 -0.002632812
-1.03000001e-009 -0.002601562
-1.02000001e-009 -0.002554687
-1.01000001e-009      -0.0025
-1.00000001e-009 -0.002453125
-9.90000013e-010 -0.002492187
-9.80000013e-010 -0.002515625
-9.70000013e-010 -0.002578125
-9.60000013e-010  -0.00265625
-9.50000013e-010 -0.002695312
-9.40000013e-010 -0.002726562
-9.30000012e-010     -0.00275
-9.20000012e-010 -0.002695312
-9.10000012e-010 -0.002609375
-9.00000012e-010  -0.00253125
-8.90000012e-010 -0.002484375
-8.80000012e-010   -0.0024375
-8.70000012e-010  -0.00246875
-8.60000011e-010 -0.002515625
-8.50000011e-010    -0.002625
-8.40000011e-010 -0.002773437
-8.30000011e-010 -0.002929687
-8.20000011e-010 -0.003101562
-8.10000011e-010 -0.003234375
-8.00000011e-010 -0.003351562
-7.90000011e-010   -0.0034375
-7.8000001e-010  -0.00353125
-7.7000001e-010 -0.003640625
-7.6000001e-010 -0.003710937
-7.5000001e-010  -0.00384375
-7.4000001e-010 -0.004007812
-7.3000001e-010 -0.004242187
-7.2000001e-010 -0.004429687
-7.10000009e-010 -0.004664062
-7.00000009e-010 -0.004992187
-6.90000009e-010    -0.005375
-6.80000009e-010 -0.005835937
-6.70000009e-010 -0.006414062
-6.60000009e-010  -0.00709375
-6.50000009e-010  -0.00803125
-6.40000009e-010 -0.009179688
-6.30000008e-010   -0.0105625
-6.20000008e-010  -0.01217969
-6.10000008e-010  -0.01404688
-6.00000008e-010  -0.01628906
-5.90000008e-010  -0.01894531
-5.80000008e-010  -0.02203906
-5.70000008e-010  -0.02560938
-5.60000007e-010  -0.02965625
-5.50000007e-010  -0.03429688
-5.40000007e-010  -0.03957813
-5.30000007e-010   -0.0454375
-5.20000007e-010  -0.05179688
-5.10000007e-010  -0.05872656
-5.00000007e-010  -0.06605469
-4.90000007e-010  -0.07379688
-4.80000006e-010  -0.08176563
-4.70000006e-010  -0.08985938
-4.60000006e-010  -0.09791407
-4.50000006e-010   -0.1057813
-4.40000006e-010   -0.1132891
-4.30000006e-010   -0.1202969
-4.20000006e-010   -0.1267031
-4.10000005e-010   -0.1323203
-4.00000005e-010   -0.1370078
-3.90000005e-010   -0.1407734
-3.80000005e-010   -0.1435938
-3.70000005e-010   -0.1455859
-3.60000005e-010   -0.1468047
-3.50000005e-010   -0.1471953
-3.40000005e-010   -0.1469453
-3.30000004e-010   -0.1462031
-3.20000004e-010    -0.145125
-3.10000004e-010   -0.1438359
-3.00000004e-010   -0.1422891
-2.90000004e-010    -0.140625
-2.80000004e-010   -0.1388984
-2.70000004e-010   -0.1372188
-2.60000003e-010   -0.1355938
-2.50000003e-010   -0.1339375
-2.40000003e-010   -0.1321875
-2.30000003e-010   -0.1304141
-2.20000003e-010   -0.1285078
-2.10000003e-010   -0.1264844
-2.00000003e-010   -0.1241094
-1.90000003e-010    -0.121375
-1.80000002e-010   -0.1182031
-1.70000002e-010    -0.114625
-1.60000002e-010   -0.1106328
-1.50000002e-010   -0.1061328
-1.40000002e-010   -0.1011406
-1.30000002e-010    -0.095625
-1.20000002e-010  -0.08970313
-1.10000001e-010  -0.08332032
-1.00000001e-010      -0.0765
-9.00000012e-011  -0.06930469
-8.00000011e-011  -0.06175782
-7.00000009e-011       -0.054
-6.00000008e-011  -0.04613281
-5.00000007e-011  -0.03835938
-4.00000005e-011  -0.03082031
-3.00000004e-011  -0.02357031
-2.00000003e-011  -0.01683594
-1.00000001e-011  -0.01065625
           0 -0.005179687
1.00000001e-011 -0.0003515622
2.00000003e-011  0.003757813
3.00000004e-011  0.007273438
4.00000005e-011   0.01009375
5.00000007e-011   0.01221875
6.00000008e-011   0.01375781
7.00000009e-011      0.01475
8.00000011e-011   0.01526563
9.00000012e-011   0.01538281
1.00000001e-010   0.01505469
1.10000001e-010   0.01445313
1.20000002e-010   0.01367188
1.30000002e-010   0.01275781
1.40000002e-010   0.01185156
1.50000002e-010   0.01089844
1.60000002e-010   0.01003906
1.70000002e-010  0.009335938
1.80000002e-010  0.008835938
1.90000003e-010  0.008554688
2.00000003e-010  0.008492188
2.10000003e-010  0.008640626
2.20000003e-010  0.009031251
2.30000003e-010  0.009601563
2.40000003e-010   0.01038281
2.50000003e-010   0.01128906
2.60000003e-010   0.01227344
2.70000004e-010   0.01335156
2.80000004e-010   0.01441406
2.90000004e-010   0.01542188
3.00000004e-010   0.01632813
3.10000004e-010   0.01702344
3.20000004e-010       0.0175
3.30000004e-010   0.01770313
3.40000005e-010   0.01757813
3.50000005e-010   0.01717969
3.60000005e-010   0.01654688
3.70000005e-010   0.01574219
3.80000005e-010   0.01476563
3.90000005e-010   0.01370313
4.00000005e-010     0.012625
4.10000005e-010   0.01153906
4.20000006e-010   0.01046094
4.30000006e-010  0.009445313
4.40000006e-010  0.008531251
4.50000006e-010  0.007726563
4.60000006e-010  0.007054688
4.70000006e-010  0.006570313
4.80000006e-010  0.006273438
4.90000007e-010  0.006203126
5.00000007e-010  0.006328126
5.10000007e-010  0.006617188
5.20000007e-010  0.007039063
5.30000007e-010  0.007507813
5.40000007e-010  0.007945313
5.50000007e-010  0.008429688
5.60000007e-010  0.008773438
5.70000008e-010  0.009125001
5.80000008e-010  0.009382813
5.90000008e-010  0.009710938
6.00000008e-010   0.01007031
6.10000008e-010   0.01042188
6.20000008e-010    0.0108125
6.30000008e-010    0.0111875
6.40000009e-010   0.01149219
6.50000009e-010   0.01163281
6.60000009e-010   0.01166406
6.70000009e-010   0.01163281
6.80000009e-010   0.01153125
6.90000009e-010   0.01146094
7.00000009e-010    0.0114375
7.10000009e-010    0.0115625
7.2000001e-010   0.01178125
7.3000001e-010   0.01209375
7.4000001e-010   0.01244531
7.5000001e-010   0.01278125
7.6000001e-010   0.01301563
7.7000001e-010   0.01320313
7.8000001e-010   0.01332813
7.90000011e-010   0.01346875
8.00000011e-010   0.01370313
8.10000011e-010   0.01397656
8.20000011e-010   0.01428906
8.30000011e-010   0.01471094
8.40000011e-010   0.01508594
8.50000011e-010   0.01545313
8.60000011e-010   0.01569531
8.70000012e-010   0.01582813
8.80000012e-010   0.01588281
8.90000012e-010   0.01596094
9.00000012e-010        0.016
9.10000012e-010   0.01611719
9.20000012e-010   0.01627344
9.30000012e-010   0.01644531
9.40000013e-010   0.01657031
9.50000013e-010   0.01660938
9.60000013e-010   0.01653125
9.70000013e-010   0.01641406
9.80000013e-010   0.01627344
9.90000013e-010   0.01608594
1.00000001e-009        0.016
1.01000001e-009   0.01599219
1.02000001e-009    0.0160625
1.03000001e-009   0.01617969
1.04000001e-009    0.0163125
1.05000001e-009   0.01635156
1.06000001e-009   0.01628125
1.07000001e-009    0.0161875
1.08000001e-009   0.01598438
1.09000001e-009   0.01585156
1.10000001e-009   0.01573438
1.11000001e-009   0.01577344
1.12000001e-009   0.01589844
1.13000002e-009   0.01607813
1.14000002e-009    0.0163125
1.15000002e-009   0.01652344
1.16000002e-009    0.0166875
1.17000002e-009   0.01683594
1.18000002e-009   0.01682031
1.19000002e-009   0.01679688
1.20000002e-009   0.01678906
1.21000002e-009   0.01678125
1.22000002e-009   0.01685938
1.23000002e-009   0.01692969
1.24000002e-009        0.017
1.25000002e-009   0.01710156
1.26000002e-009   0.01710938
1.27000002e-009   0.01704688
1.28000002e-009   0.01696094
1.29000002e-009   0.01685938
1.30000002e-009    0.0166875
1.31000002e-009   0.01665625
1.32000002e-009   0.01667969
1.33000002e-009   0.01678906
1.34000002e-009   0.01692188
1.35000002e-009   0.01707031
1.36000002e-009    0.0171875
1.37000002e-009   0.01720313
1.38000002e-009   0.01720313
1.39000002e-009   0.01716406
1.40000002e-009   0.01714063
1.41000002e-009   0.01716406
1.42000002e-009   0.01723438
1.43000002e-009   0.01736719
1.44000002e-009   0.01754688
1.45000002e-009   0.01767188
1.46000002e-009   0.01771875
1.47000002e-009   0.01767969
1.48000002e-009   0.01752344
1.49000002e-009   0.01726563
1.50000002e-009   0.01696094
1.51000002e-009   0.01663281
1.52000002e-009   0.01638281
1.53000002e-009    0.0161875
1.54000002e-009   0.01603906
1.55000002e-009   0.01597656
1.56000002e-009   0.01589844
1.57000002e-009   0.01578906
1.58000002e-009   0.01567969
1.59000002e-009   0.01553906
1.60000002e-009   0.01536719
1.61000002e-009   0.01520313
1.62000002e-009   0.01507813
1.63000002e-009   0.01502344
1.64000002e-009   0.01498438
1.65000002e-009    0.0149375
1.66000002e-009   0.01491406
1.67000002e-009   0.01488281
1.68000002e-009    0.0148125
1.69000002e-009   0.01471875
1.70000002e-009   0.01461719
1.71000002e-009   0.01449219
1.72000002e-009   0.01442969
1.73000002e-009   0.01441406
1.74000002e-009   0.01434375
1.75000002e-009   0.01432813
1.76000002e-009   0.01426563
1.77000002e-009   0.01423438
1.78000002e-009   0.01416406
1.79000002e-009   0.01414063
1.80000002e-009   0.01410156
1.81000002e-009   0.01409375
1.82000002e-009   0.01411719
1.83000002e-009   0.01410938
1.84000002e-009   0.01410938
1.85000002e-009     0.014125
1.86000002e-009   0.01408594
1.87000002e-009   0.01398438
1.88000003e-009   0.01389844
1.89000003e-009   0.01378906
1.90000003e-009   0.01371094
1.91000003e-009   0.01364063
1.92000003e-009   0.01360938
1.93000003e-009   0.01361719
1.94000003e-009   0.01363281
1.95000003e-009   0.01364063
1.96000003e-009   0.01359375
1.97000003e-009    0.0135625
1.98000003e-009       0.0135
1.99000003e-009   0.01346875
2.00000003e-009   0.01346094
2.01000003e-009   0.01346094
2.02000003e-009   0.01353906
2.03000003e-009   0.01363281
2.04000003e-009   0.01370313
2.05000003e-009   0.01375781
2.06000003e-009   0.01375781
2.07000003e-009   0.01370313
2.08000003e-009   0.01363281
2.09000003e-009   0.01353906
2.10000003e-009   0.01348438
2.11000003e-009   0.01350781
2.12000003e-009   0.01357813
2.13000003e-009   0.01371875
2.14000003e-009   0.01385938
2.15000003e-009   0.01398438
2.16000003e-009   0.01408594
2.17000003e-009   0.01410156
2.18000003e-009        0.014
2.19000003e-009   0.01385938
2.20000003e-009    0.0136875
2.21000003e-009    0.0135625
2.22000003e-009   0.01346875
2.23000003e-009   0.01348438
2.24000003e-009   0.01360156
2.25000003e-009   0.01371875
2.26000003e-009   0.01389063
2.27000003e-009   0.01408594
2.28000003e-009   0.01417969
2.29000003e-009   0.01421875
2.30000003e-009    0.0141875
2.31000003e-009   0.01411719
2.32000003e-009   0.01405469
2.33000003e-009   0.01397656
2.34000003e-009   0.01394531
2.35000003e-009   0.01396094
2.36000003e-009   0.01397656
2.37000003e-009    0.0139375
2.38000003e-009    0.0139375
2.39000003e-009   0.01386719
2.40000003e-009   0.01374219
2.41000003e-009   0.01360156
2.42000003e-009       0.0135
2.43000003e-009   0.01336719
2.44000003e-009   0.01328906
2.45000003e-009   0.01328125
2.46000003e-009   0.01330469
2.47000003e-009   0.01327344
2.48000003e-009   0.01321875
2.49000003e-009   0.01317969
2.50000003e-009   0.01305469
