+3.00000000000E+005  -8.86170926576E+001
+7.79850000000E+006  -9.45497364345E+001
+1.52970000000E+007  -7.93162373773E+001
+2.27955000000E+007  -8.12110771786E+001
+3.02940000000E+007  -7.36680758641E+001
+3.77925000000E+007  -6.92002639951E+001
+4.52910000000E+007  -7.01754526395E+001
+5.27895000000E+007  -6.91573781710E+001
+6.02880000000E+007  -6.92971007711E+001
+6.77865000000E+007  -7.26049182831E+001
+7.52850000000E+007  -6.49564035870E+001
+8.27835000000E+007  -8.09300389249E+001
+9.02820000000E+007  -6.38458881276E+001
+9.77805000000E+007  -6.74865538191E+001
+1.05279000000E+008  -6.05829022413E+001
+1.12777500000E+008  -6.64260634749E+001
+1.20276000000E+008  -7.08849958246E+001
+1.27774500000E+008  -6.92545777258E+001
+1.35273000000E+008  -6.73075071273E+001
+1.42771500000E+008  -6.04228649272E+001
+1.50270000000E+008  -6.87530402090E+001
+1.57768500000E+008  -6.06375270826E+001
+1.65267000000E+008  -6.34186720434E+001
+1.72765500000E+008  -7.00544439791E+001
+1.80264000000E+008  -6.51624856843E+001
+1.87762500000E+008  -6.45877102118E+001
+1.95261000000E+008  -5.86536321310E+001
+2.02759500000E+008  -7.38544577343E+001
+2.10258000000E+008  -5.54496261840E+001
+2.17756500000E+008  -6.13756858686E+001
+2.25255000000E+008  -5.01737142342E+001
+2.32753500000E+008  -6.46072550562E+001
+2.40252000000E+008  -5.78485807395E+001
+2.47750500000E+008  -5.92747160307E+001
+2.55249000000E+008  -7.07842818143E+001
+2.62747500000E+008  -5.56597621349E+001
+2.70246000000E+008  -7.03397328595E+001
+2.77744500000E+008  -6.30536548956E+001
+2.85243000000E+008  -5.51617234139E+001
+2.92741500000E+008  -5.95911615025E+001
+3.00240000000E+008  -5.76272353085E+001
+3.07738500000E+008  -6.23763284298E+001
+3.15237000000E+008  -5.85144724362E+001
+3.22735500000E+008  -5.82569873828E+001
+3.30234000000E+008  -6.52258180123E+001
+3.37732500000E+008  -5.99380163881E+001
+3.45231000000E+008  -5.80674557303E+001
+3.52729500000E+008  -5.37509638645E+001
+3.60228000000E+008  -5.75493664472E+001
+3.67726500000E+008  -6.31299915855E+001
+3.75225000000E+008  -5.80706566215E+001
+3.82723500000E+008  -6.13162784312E+001
+3.90222000000E+008  -5.57333652150E+001
+3.97720500000E+008  -6.11181751120E+001
+4.05219000000E+008  -6.86916770748E+001
+4.12717500000E+008  -5.47141248959E+001
+4.20216000000E+008  -5.35780404033E+001
+4.27714500000E+008  -5.70968358530E+001
+4.35213000000E+008  -5.71582688245E+001
+4.42711500000E+008  -5.49871178511E+001
+4.50210000000E+008  -5.67276151416E+001
+4.57708500000E+008  -5.35373755216E+001
+4.65207000000E+008  -6.20562362314E+001
+4.72705500000E+008  -6.67104311416E+001
+4.80204000000E+008  -5.79702327695E+001
+4.87702500000E+008  -6.04916475286E+001
+4.95201000000E+008  -5.78859257277E+001
+5.02699500000E+008  -5.59581538744E+001
+5.10198000000E+008  -6.66514896781E+001
+5.17696500000E+008  -5.35331279979E+001
+5.25195000000E+008  -6.39443655148E+001
+5.32693500000E+008  -6.08834558467E+001
+5.40192000000E+008  -5.61644582433E+001
+5.47690500000E+008  -5.53537613438E+001
+5.55189000000E+008  -6.90270974970E+001
+5.62687500000E+008  -6.89433613231E+001
+5.70186000000E+008  -6.31832214076E+001
+5.77684500000E+008  -6.09547514528E+001
+5.85183000000E+008  -5.85273855804E+001
+5.92681500000E+008  -5.57500852075E+001
+6.00180000000E+008  -6.66115677796E+001
+6.07678500000E+008  -6.37135285774E+001
+6.15177000000E+008  -6.82294002727E+001
+6.22675500000E+008  -5.62810507221E+001
+6.30174000000E+008  -5.56428726181E+001
+6.37672500000E+008  -6.29381102662E+001
+6.45171000000E+008  -7.18783705240E+001
+6.52669500000E+008  -5.66710573678E+001
+6.60168000000E+008  -6.01215898818E+001
+6.67666500000E+008  -5.86004428545E+001
+6.75165000000E+008  -5.98676401345E+001
+6.82663500000E+008  -6.58334029209E+001
+6.90162000000E+008  -5.80346260809E+001
+6.97660500000E+008  -5.96441386506E+001
+7.05159000000E+008  -5.64919267662E+001
+7.12657500000E+008  -5.74291209956E+001
+7.20156000000E+008  -6.73443588146E+001
+7.27654500000E+008  -5.88315769962E+001
+7.35153000000E+008  -5.80110723088E+001
+7.42651500000E+008  -6.38992923973E+001
+7.50150000000E+008  -5.81930650532E+001
+7.57648500000E+008  -6.38723000635E+001
+7.65147000000E+008  -5.92238281605E+001
+7.72645500000E+008  -6.29888610336E+001
+7.80144000000E+008  -6.04674033369E+001
+7.87642500000E+008  -6.66647200190E+001
+7.95141000000E+008  -6.25387561325E+001
+8.02639500000E+008  -6.81593471487E+001
+8.10138000000E+008  -5.68128861805E+001
+8.17636500000E+008  -7.67355272225E+001
+8.25135000000E+008  -7.99613296155E+001
+8.32633500000E+008  -7.95533714106E+001
+8.40132000000E+008  -7.14160986992E+001
+8.47630500000E+008  -6.46148077894E+001
+8.55129000000E+008  -6.22239399527E+001
+8.62627500000E+008  -6.31707356755E+001
+8.70126000000E+008  -5.64349539729E+001
+8.77624500000E+008  -7.13700561468E+001
+8.85123000000E+008  -7.06815698712E+001
+8.92621500000E+008  -5.95465847709E+001
+9.00120000000E+008  -6.19926502678E+001
+9.07618500000E+008  -6.07871342599E+001
+9.15117000000E+008  -6.44063178264E+001
+9.22615500000E+008  -6.25453162859E+001
+9.30114000000E+008  -7.24452375025E+001
+9.37612500000E+008  -6.00126587234E+001
+9.45111000000E+008  -5.95966826367E+001
+9.52609500000E+008  -6.90060238379E+001
+9.60108000000E+008  -6.32200976212E+001
+9.67606500000E+008  -6.71085170387E+001
+9.75105000000E+008  -6.56414284549E+001
+9.82603500000E+008  -6.79371544619E+001
+9.90102000000E+008  -6.77852422985E+001
+9.97600500000E+008  -7.02147474011E+001
+1.00509900000E+009  -6.47032146032E+001
+1.01259750000E+009  -7.72361053861E+001
+1.02009600000E+009  -7.75747537247E+001
+1.02759450000E+009  -7.22921747180E+001
+1.03509300000E+009  -6.49698810006E+001
+1.04259150000E+009  -6.71159662415E+001
+1.05009000000E+009  -6.41553714954E+001
+1.05758850000E+009  -6.95493735711E+001
+1.06508700000E+009  -7.26133972274E+001
+1.07258550000E+009  -6.57592003465E+001
+1.08008400000E+009  -6.36368620391E+001
+1.08758250000E+009  -7.05231550644E+001
+1.09508100000E+009  -7.58718404790E+001
+1.10257950000E+009  -6.69945607471E+001
+1.11007800000E+009  -7.08107756810E+001
+1.11757650000E+009  -6.95113959209E+001
+1.12507500000E+009  -6.66680767543E+001
+1.13257350000E+009  -6.36180575808E+001
+1.14007200000E+009  -6.43779680255E+001
+1.14757050000E+009  -7.40926266578E+001
+1.15506900000E+009  -7.06547169619E+001
+1.16256750000E+009  -7.85196929936E+001
+1.17006600000E+009  -7.15093721017E+001
+1.17756450000E+009  -7.10356440287E+001
+1.18506300000E+009  -7.11751510050E+001
+1.19256150000E+009  -7.90390976551E+001
+1.20006000000E+009  -6.48849890880E+001
+1.20755850000E+009  -7.29152909312E+001
+1.21505700000E+009  -6.56492658305E+001
+1.22255550000E+009  -6.81588241251E+001
+1.23005400000E+009  -7.60161321240E+001
+1.23755250000E+009  -6.38333597581E+001
+1.24505100000E+009  -7.25019254787E+001
+1.25254950000E+009  -7.11280680828E+001
+1.26004800000E+009  -7.00714701682E+001
+1.26754650000E+009  -7.46406711293E+001
+1.27504500000E+009  -8.07473801448E+001
+1.28254350000E+009  -7.17894998318E+001
+1.29004200000E+009  -6.81577094476E+001
+1.29754050000E+009  -8.79769020954E+001
+1.30503900000E+009  -9.32791825306E+001
+1.31253750000E+009  -7.58430533664E+001
+1.32003600000E+009  -6.73479030318E+001
+1.32753450000E+009  -7.62842218853E+001
+1.33503300000E+009  -6.86291480436E+001
+1.34253150000E+009  -8.60001063778E+001
+1.35003000000E+009  -7.06688361556E+001
+1.35752850000E+009  -6.54144457672E+001
+1.36502700000E+009  -6.93983690748E+001
+1.37252550000E+009  -7.31925718902E+001
+1.38002400000E+009  -7.10596459908E+001
+1.38752250000E+009  -7.60913796497E+001
+1.39502100000E+009  -7.42878863460E+001
+1.40251950000E+009  -7.18811422872E+001
+1.41001800000E+009  -7.90714903624E+001
+1.41751650000E+009  -7.78440000970E+001
+1.42501500000E+009  -7.09105916957E+001
+1.43251350000E+009  -6.74870587963E+001
+1.44001200000E+009  -7.84073674574E+001
+1.44751050000E+009  -7.26357575998E+001
+1.45500900000E+009  -7.41044716387E+001
+1.46250750000E+009  -7.58930508876E+001
+1.47000600000E+009  -7.17026247455E+001
+1.47750450000E+009  -7.15792027267E+001
+1.48500300000E+009  -8.01427921907E+001
+1.49250150000E+009  -7.14892447663E+001
+1.50000000000E+009  -7.70561383804E+001
