-2.49000003e-009       -0.015
-2.48000003e-009  -0.00384375
-2.47000003e-009  -0.01555469
-2.46000003e-009 -0.002664062
-2.45000003e-009       -0.015
-2.44000003e-009 -0.003273437
-2.43000003e-009  -0.01454688
-2.42000003e-009 -0.004507812
-2.41000003e-009       -0.015
-2.40000003e-009       -0.003
-2.39000003e-009  -0.01398438
-2.38000003e-009       -0.005
-2.37000003e-009  -0.01448438
-2.36000003e-009 -0.005585937
-2.35000003e-009  -0.01521094
-2.34000003e-009 -0.005757812
-2.33000003e-009     -0.01425
-2.32000003e-009       -0.005
-2.31000003e-009       -0.015
-2.30000003e-009       -0.005
-2.29000003e-009  -0.01414844
-2.28000003e-009 -0.003585937
-2.27000003e-009  -0.01371094
-2.26000003e-009  -0.00303125
-2.25000003e-009       -0.013
-2.24000003e-009 -0.003859375
-2.23000003e-009  -0.01251563
-2.22000003e-009 -0.004078125
-2.21000003e-009  -0.01461719
-2.20000003e-009  -0.00446875
-2.19000003e-009  -0.01476563
-2.18000003e-009  -0.00396875
-2.17000003e-009  -0.01435156
-2.16000003e-009   -0.0048125
-2.15000003e-009  -0.01626563
-2.14000003e-009 -0.005429687
-2.13000003e-009       -0.015
-2.12000003e-009 -0.004945312
-2.11000003e-009       -0.013
-2.10000003e-009 -0.004851562
-2.09000003e-009  -0.01271875
-2.08000003e-009       -0.003
-2.07000003e-009       -0.013
-2.06000003e-009 -0.002101562
-2.05000003e-009       -0.013
-2.04000003e-009       -0.003
-2.03000003e-009  -0.01173438
-2.02000003e-009       -0.003
-2.01000003e-009  -0.01167969
-2.00000003e-009       -0.003
-1.99000003e-009  -0.01120313
-1.98000003e-009 -0.002773437
-1.97000003e-009  -0.01133594
-1.96000003e-009  -0.00346875
-1.95000003e-009       -0.011
-1.94000003e-009 -0.002257812
-1.93000003e-009   -0.0119375
-1.92000003e-009  -0.00265625
-1.91000003e-009  -0.01345313
-1.90000003e-009    -0.002875
-1.89000003e-009  -0.01186719
-1.88000003e-009       -0.003
-1.87000002e-009  -0.01146875
-1.86000002e-009  -0.00259375
-1.85000002e-009  -0.01097656
-1.84000002e-009 -0.0009999997
-1.83000002e-009  -0.01098438
-1.82000002e-009 -0.0009999997
-1.81000002e-009  -0.01060156
-1.80000002e-009 -0.0005390622
-1.79000002e-009  -0.01128125
-1.78000002e-009 -0.0009374997
-1.77000002e-009       -0.011
-1.76000002e-009 -0.0001328122
-1.75000002e-009 -0.009570313
-1.74000002e-009 0.0003828129
-1.73000002e-009 -0.009945313
-1.72000002e-009 -0.0001953122
-1.71000002e-009       -0.009
-1.70000002e-009 -0.0009999997
-1.69000002e-009  -0.00846875
-1.68000002e-009 -7.031215e-005
-1.67000002e-009 -0.009039063
-1.66000002e-009 0.0007734379
-1.65000002e-009       -0.009
-1.64000002e-009  0.001414063
-1.63000002e-009    -0.008375
-1.62000002e-009        0.001
-1.61000002e-009 -0.007859375
-1.60000002e-009        0.001
-1.59000002e-009 -0.007671875
-1.58000002e-009   0.00140625
-1.57000002e-009     -0.00725
-1.56000002e-009        0.001
-1.55000002e-009       -0.007
-1.54000002e-009  0.001507813
-1.53000002e-009  -0.00928125
-1.52000002e-009 0.0007578129
-1.51000002e-009 -0.009671875
-1.50000002e-009 -0.0001015622
-1.49000002e-009 -0.009296875
-1.48000002e-009        0.001
-1.47000002e-009  -0.00809375
-1.46000002e-009  0.001390625
-1.45000002e-009       -0.007
-1.44000002e-009        0.001
-1.43000002e-009 -0.007351562
-1.42000002e-009  0.003515626
-1.41000002e-009  -0.00596875
-1.40000002e-009  0.005000001
-1.39000002e-009       -0.007
-1.38000002e-009  0.003476563
-1.37000002e-009 -0.006507812
-1.36000002e-009        0.003
-1.35000002e-009 -0.006054687
-1.34000002e-009  0.002570313
-1.33000002e-009 -0.007398438
-1.32000002e-009        0.003
-1.31000002e-009 -0.007476563
-1.30000002e-009  0.002773438
-1.29000002e-009 -0.006476562
-1.28000002e-009        0.003
-1.27000002e-009       -0.007
-1.26000002e-009        0.003
-1.25000002e-009  -0.00915625
-1.24000002e-009  0.003343751
-1.23000002e-009       -0.009
-1.22000002e-009  0.003140625
-1.21000002e-009       -0.007
-1.20000002e-009   0.00278125
-1.19000002e-009  -0.00621875
-1.18000002e-009  0.005000001
-1.17000002e-009 -0.006132812
-1.16000002e-009  0.002757813
-1.15000002e-009 -0.007132812
-1.14000002e-009  0.002429688
-1.13000002e-009       -0.007
-1.12000001e-009  0.004710938
-1.11000001e-009       -0.007
-1.10000001e-009  0.004015626
-1.09000001e-009 -0.006867187
-1.08000001e-009        0.003
-1.07000001e-009 -0.009164063
-1.06000001e-009  0.002890625
-1.05000001e-009 -0.007570313
-1.04000001e-009  0.002390625
-1.03000001e-009 -0.006414062
-1.02000001e-009  0.002789063
-1.01000001e-009  -0.00671875
-1.00000001e-009  0.004171876
-9.90000013e-010 -0.007296875
-9.80000013e-010  0.004632813
-9.70000013e-010  -0.00928125
-9.60000013e-010  0.001914063
-9.50000013e-010 -0.009054688
-9.40000013e-010  0.002984375
-9.30000012e-010 -0.007703125
-9.20000012e-010  0.005000001
-9.10000012e-010 -0.007304687
-9.00000012e-010  0.002640625
-8.90000012e-010       -0.007
-8.80000012e-010  0.002085938
-8.70000012e-010 -0.007804688
-8.60000011e-010  0.002921875
-8.50000011e-010     -0.00875
-8.40000011e-010    0.0020625
-8.30000011e-010 -0.008492188
-8.20000011e-010        0.003
-8.10000011e-010    -0.009125
-8.00000011e-010  0.001070313
-7.90000011e-010 -0.008585938
-7.8000001e-010        0.001
-7.7000001e-010       -0.009
-7.6000001e-010   0.00109375
-7.5000001e-010 -0.008617188
-7.4000001e-010 -0.0004218747
-7.3000001e-010  -0.01008594
-7.2000001e-010 -0.0009999997
-7.10000009e-010  -0.01151563
-7.00000009e-010 -0.003078125
-6.90000009e-010   -0.0134375
-6.80000009e-010 -0.003140625
-6.70000009e-010  -0.01605469
-6.60000009e-010 -0.003921875
-6.50000009e-010    -0.017375
-6.40000009e-010       -0.007
-6.30000008e-010  -0.02378906
-6.20000008e-010       -0.013
-6.10000008e-010  -0.03109375
-6.00000008e-010  -0.01944531
-5.90000008e-010  -0.04004688
-5.80000008e-010  -0.02727344
-5.70000008e-010       -0.049
-5.60000007e-010  -0.03600781
-5.50000007e-010  -0.05898438
-5.40000007e-010  -0.04898438
-5.30000007e-010    -0.073375
-5.20000007e-010  -0.06429688
-5.10000007e-010  -0.09085157
-5.00000007e-010  -0.08132813
-4.90000007e-010       -0.107
-4.80000006e-010  -0.09725782
-4.70000006e-010   -0.1193984
-4.60000006e-010   -0.1108984
-4.50000006e-010       -0.131
-4.40000006e-010   -0.1221484
-4.30000006e-010   -0.1418828
-4.20000006e-010       -0.131
-4.10000005e-010   -0.1475859
-4.00000005e-010   -0.1368359
-3.90000005e-010       -0.151
-3.80000005e-010   -0.1406719
-3.70000005e-010   -0.1528203
-3.60000005e-010   -0.1405703
-3.50000005e-010       -0.151
-3.40000005e-010       -0.137
-3.30000004e-010       -0.149
-3.20000004e-010   -0.1339453
-3.10000004e-010   -0.1465547
-3.00000004e-010   -0.1341406
-2.90000004e-010   -0.1426641
-2.80000004e-010   -0.1286797
-2.70000004e-010   -0.1373516
-2.60000003e-010   -0.1262031
-2.50000003e-010       -0.133
-2.40000003e-010   -0.1224844
-2.30000003e-010       -0.129
-2.20000003e-010       -0.117
-2.10000003e-010       -0.125
-2.00000003e-010   -0.1081484
-1.90000003e-010   -0.1201172
-1.80000002e-010  -0.09961719
-1.70000002e-010   -0.1121641
-1.60000002e-010  -0.08851563
-1.50000002e-010   -0.1002891
-1.40000002e-010  -0.07590625
-1.30000002e-010  -0.08520313
-1.20000002e-010  -0.06238282
-1.10000001e-010  -0.07180469
-1.00000001e-010  -0.04710938
-9.00000012e-011  -0.05499219
-8.00000011e-011  -0.03189063
-7.00000009e-011  -0.04039844
-6.00000008e-011       -0.019
-5.00000007e-011  -0.02497656
-4.00000005e-011     -0.00575
-3.00000004e-011  -0.01165625
-2.00000003e-011  0.005203126
-1.00000001e-011 -0.003382812
           0   0.01033594
1.00000001e-011        0.003
2.00000003e-011        0.017
3.00000004e-011  0.007679688
4.00000005e-011   0.01945313
5.00000007e-011   0.01027344
6.00000008e-011     0.020875
7.00000009e-011   0.01036719
8.00000011e-011        0.021
9.00000012e-011   0.01009375
1.00000001e-010        0.019
1.10000001e-010  0.005828126
1.20000002e-010        0.019
1.30000002e-010  0.004976563
1.40000002e-010   0.01695313
1.50000002e-010  0.005148438
1.60000002e-010   0.01397656
1.70000002e-010  0.005000001
1.80000002e-010   0.01398438
1.90000003e-010  0.005000001
2.00000003e-010     0.015375
2.10000003e-010  0.006054688
2.20000003e-010      0.01775
2.30000003e-010  0.007000001
2.40000003e-010   0.01815625
2.50000003e-010  0.007000001
2.60000003e-010   0.01950781
2.70000004e-010  0.008070313
2.80000004e-010   0.02058594
2.90000004e-010      0.01125
3.00000004e-010   0.02104688
3.10000004e-010   0.01017188
3.20000004e-010   0.02082813
3.30000004e-010    0.0101875
3.40000005e-010   0.02042969
3.50000005e-010  0.009000001
3.60000005e-010   0.01971094
3.70000005e-010  0.007000001
3.80000005e-010        0.017
3.90000005e-010  0.005000001
4.00000005e-010   0.01603125
4.10000005e-010  0.002960938
4.20000006e-010        0.015
4.30000006e-010  0.002773438
4.40000006e-010   0.01440625
4.50000006e-010     0.001625
4.60000006e-010   0.01117188
4.70000006e-010     0.001375
4.80000006e-010        0.011
4.90000007e-010 0.0006562504
5.00000007e-010   0.01221875
5.10000007e-010  0.001039063
5.20000007e-010   0.01357813
5.30000007e-010  0.002328125
5.40000007e-010   0.01382813
5.50000007e-010  0.004710938
5.60000007e-010        0.015
5.70000008e-010  0.005390626
5.80000008e-010      0.01575
5.90000008e-010  0.005000001
6.00000008e-010   0.01744531
6.10000008e-010  0.006132813
6.20000008e-010   0.01633594
6.30000008e-010  0.004539063
6.40000009e-010        0.017
6.50000009e-010  0.006132813
6.60000009e-010   0.01596875
6.70000009e-010  0.006476563
6.80000009e-010   0.01682031
6.90000009e-010  0.007000001
7.00000009e-010   0.01692188
7.10000009e-010  0.008585938
7.2000001e-010   0.01724219
7.3000001e-010  0.009000001
7.4000001e-010   0.01735156
7.5000001e-010  0.009164063
7.6000001e-010   0.02007031
7.7000001e-010  0.009882813
7.8000001e-010    0.0198125
7.90000011e-010   0.01028125
8.00000011e-010   0.01978906
8.10000011e-010        0.011
8.20000011e-010   0.02146094
8.30000011e-010   0.01163281
8.40000011e-010   0.02092188
8.50000011e-010   0.01192188
8.60000011e-010    0.0210625
8.70000012e-010   0.01214844
8.80000012e-010        0.023
8.90000012e-010        0.011
9.00000012e-010   0.02171094
9.10000012e-010   0.01057813
9.20000012e-010   0.02134375
9.30000012e-010   0.01203906
9.40000013e-010   0.02149219
9.50000013e-010        0.013
9.60000013e-010        0.021
9.70000013e-010     0.012625
9.80000013e-010   0.02130469
9.90000013e-010   0.01125781
1.00000001e-009        0.021
1.01000001e-009   0.01021875
1.02000001e-009   0.02158594
1.03000001e-009    0.0110625
1.04000001e-009        0.021
1.05000001e-009  0.009875001
1.06000001e-009     0.021875
1.07000001e-009        0.011
1.08000001e-009   0.02228125
1.09000001e-009   0.01125781
1.10000001e-009   0.02204688
1.11000001e-009   0.01078125
1.12000001e-009   0.02303125
1.13000002e-009   0.01071875
1.14000002e-009    0.0219375
1.15000002e-009        0.011
1.16000002e-009     0.021375
1.17000002e-009   0.01135938
1.18000002e-009        0.021
1.19000002e-009   0.01261719
1.20000002e-009   0.02213281
1.21000002e-009   0.01253906
1.22000002e-009        0.023
1.23000002e-009   0.01278125
1.24000002e-009        0.023
1.25000002e-009   0.01260938
1.26000002e-009   0.02207813
1.27000002e-009   0.01222656
1.28000002e-009   0.02141406
1.29000002e-009   0.01099219
1.30000002e-009        0.021
1.31000002e-009   0.01152344
1.32000002e-009   0.02191406
1.33000002e-009        0.011
1.34000002e-009   0.02271875
1.35000002e-009     0.012125
1.36000002e-009   0.02198438
1.37000002e-009   0.01178125
1.38000002e-009   0.02180469
1.39000002e-009        0.013
1.40000002e-009        0.023
1.41000002e-009   0.01357031
1.42000002e-009   0.02148438
1.43000002e-009        0.013
1.44000002e-009        0.023
1.45000002e-009        0.013
1.46000002e-009   0.02285156
1.47000002e-009    0.0121875
1.48000002e-009   0.02282813
1.49000002e-009   0.01082813
1.50000002e-009        0.023
1.51000002e-009   0.01176563
1.52000002e-009        0.021
1.53000002e-009   0.01015625
1.54000002e-009        0.023
1.55000002e-009  0.008976563
1.56000002e-009   0.02171875
1.57000002e-009  0.009296876
1.58000002e-009   0.01967188
1.59000002e-009  0.009570313
1.60000002e-009   0.01944531
1.61000002e-009   0.01003906
1.62000002e-009        0.021
1.63000002e-009  0.008648438
1.64000002e-009   0.01953125
1.65000002e-009  0.009281251
1.66000002e-009   0.01960156
1.67000002e-009  0.009000001
1.68000002e-009   0.01934375
1.69000002e-009  0.009218751
1.70000002e-009        0.019
1.71000002e-009  0.009203126
1.72000002e-009   0.01960938
1.73000002e-009  0.008859376
1.74000002e-009        0.021
1.75000002e-009  0.009000001
1.76000002e-009   0.02259375
1.77000002e-009  0.009000001
1.78000002e-009   0.02070313
1.79000002e-009  0.009562501
1.80000002e-009        0.019
1.81000002e-009  0.009000001
1.82000002e-009   0.01888281
1.83000002e-009  0.009000001
1.84000002e-009   0.01790625
1.85000002e-009  0.009414063
1.86000002e-009   0.01746094
1.87000002e-009  0.008742188
1.88000003e-009   0.01858594
1.89000003e-009  0.008789063
1.90000003e-009        0.021
1.91000003e-009  0.008695313
1.92000003e-009    0.0194375
1.93000003e-009  0.008609376
1.94000003e-009        0.019
1.95000003e-009  0.009000001
1.96000003e-009   0.01800781
1.97000003e-009  0.008945313
1.98000003e-009        0.019
1.99000003e-009  0.007671876
2.00000003e-009        0.019
2.01000003e-009  0.007156251
2.02000003e-009        0.019
2.03000003e-009  0.009000001
2.04000003e-009   0.01932031
2.05000003e-009  0.008851563
2.06000003e-009   0.01864844
2.07000003e-009  0.008328126
2.08000003e-009   0.01714063
2.09000003e-009  0.008351563
2.10000003e-009   0.01834375
2.11000003e-009  0.008710938
2.12000003e-009    0.0179375
2.13000003e-009  0.008398438
2.14000003e-009   0.01808594
2.15000003e-009  0.008828126
2.16000003e-009   0.01914844
2.17000003e-009  0.009023438
2.18000003e-009   0.01923438
2.19000003e-009  0.007914063
2.20000003e-009   0.01864844
2.21000003e-009  0.006921876
2.22000003e-009   0.01739844
2.23000003e-009  0.008054688
2.24000003e-009        0.019
2.25000003e-009  0.007000001
2.26000003e-009      0.01825
2.27000003e-009  0.007000001
2.28000003e-009   0.01853906
2.29000003e-009  0.008710938
2.30000003e-009   0.01876563
2.31000003e-009   0.01021094
2.32000003e-009   0.02057031
2.33000003e-009  0.009000001
2.34000003e-009   0.02061719
2.35000003e-009  0.009000001
2.36000003e-009   0.01832813
2.37000003e-009  0.008109376
2.38000003e-009        0.019
2.39000003e-009  0.007273438
2.40000003e-009   0.01896094
2.41000003e-009  0.007000001
2.42000003e-009        0.019
2.43000003e-009  0.008351563
2.44000003e-009        0.019
2.45000003e-009  0.008992188
2.46000003e-009   0.01928125
2.47000003e-009  0.009218751
2.48000003e-009        0.019
2.49000003e-009  0.007000001
2.50000003e-009   0.01951563
