-2.49000003e-009 -0.009085938
-2.48000003e-009 -0.009054688
-2.47000003e-009 -0.009023438
-2.46000003e-009  -0.00903125
-2.45000003e-009       -0.009
-2.44000003e-009 -0.009007813
-2.43000003e-009 -0.008960938
-2.42000003e-009 -0.008898438
-2.41000003e-009  -0.00878125
-2.40000003e-009 -0.008679688
-2.39000003e-009 -0.008546875
-2.38000003e-009 -0.008460938
-2.37000003e-009 -0.008429688
-2.36000003e-009  -0.00840625
-2.35000003e-009   -0.0084375
-2.34000003e-009  -0.00846875
-2.33000003e-009 -0.008515625
-2.32000003e-009 -0.008554688
-2.31000003e-009 -0.008515625
-2.30000003e-009 -0.008453125
-2.29000003e-009 -0.008367188
-2.28000003e-009 -0.008234375
-2.27000003e-009 -0.008117188
-2.26000003e-009 -0.007976563
-2.25000003e-009 -0.007851563
-2.24000003e-009 -0.007742188
-2.23000003e-009   -0.0076875
-2.22000003e-009  -0.00765625
-2.21000003e-009  -0.00765625
-2.20000003e-009  -0.00771875
-2.19000003e-009 -0.007773438
-2.18000003e-009 -0.007859375
-2.17000003e-009 -0.007898438
-2.16000003e-009 -0.007882813
-2.15000003e-009 -0.007820313
-2.14000003e-009 -0.007648438
-2.13000003e-009  -0.00746875
-2.12000003e-009 -0.007257812
-2.11000003e-009 -0.007109375
-2.10000003e-009 -0.006867187
-2.09000003e-009 -0.006710937
-2.08000003e-009 -0.006585937
-2.07000003e-009 -0.006445312
-2.06000003e-009 -0.006304687
-2.05000003e-009   -0.0061875
-2.04000003e-009 -0.006070312
-2.03000003e-009  -0.00596875
-2.02000003e-009 -0.005882812
-2.01000003e-009 -0.005867187
-2.00000003e-009 -0.005914062
-1.99000003e-009   -0.0059375
-1.98000003e-009       -0.006
-1.97000003e-009 -0.005984375
-1.96000003e-009       -0.006
-1.95000003e-009 -0.005945312
-1.94000003e-009  -0.00584375
-1.93000003e-009  -0.00571875
-1.92000003e-009 -0.005609375
-1.91000003e-009 -0.005570312
-1.90000003e-009 -0.005515625
-1.89000003e-009 -0.005515625
-1.88000003e-009 -0.005515625
-1.87000002e-009  -0.00546875
-1.86000002e-009 -0.005382812
-1.85000002e-009 -0.005320312
-1.84000002e-009 -0.005171875
-1.83000002e-009 -0.005007812
-1.82000002e-009  -0.00478125
-1.81000002e-009 -0.004585937
-1.80000002e-009 -0.004421875
-1.79000002e-009 -0.004296875
-1.78000002e-009 -0.004140625
-1.77000002e-009 -0.004085937
-1.76000002e-009   -0.0040625
-1.75000002e-009 -0.004070312
-1.74000002e-009  -0.00409375
-1.73000002e-009 -0.004132812
-1.72000002e-009   -0.0041875
-1.71000002e-009   -0.0041875
-1.70000002e-009 -0.004140625
-1.69000002e-009 -0.004085937
-1.68000002e-009   -0.0039375
-1.67000002e-009 -0.003789062
-1.66000002e-009 -0.003648437
-1.65000002e-009  -0.00353125
-1.64000002e-009   -0.0034375
-1.63000002e-009 -0.003351562
-1.62000002e-009 -0.003296875
-1.61000002e-009 -0.003226562
-1.60000002e-009 -0.003164062
-1.59000002e-009   -0.0030625
-1.58000002e-009 -0.002914062
-1.57000002e-009 -0.002820312
-1.56000002e-009 -0.002765625
-1.55000002e-009 -0.002726562
-1.54000002e-009 -0.002671875
-1.53000002e-009 -0.002671875
-1.52000002e-009 -0.002632812
-1.51000002e-009 -0.002609375
-1.50000002e-009 -0.002539062
-1.49000002e-009  -0.00246875
-1.48000002e-009 -0.002382812
-1.47000002e-009 -0.002304687
-1.46000002e-009  -0.00228125
-1.45000002e-009   -0.0023125
-1.44000002e-009 -0.002367187
-1.43000002e-009  -0.00246875
-1.42000002e-009 -0.002523437
-1.41000002e-009  -0.00253125
-1.40000002e-009 -0.002445312
-1.39000002e-009 -0.002296875
-1.38000002e-009 -0.002132812
-1.37000002e-009 -0.001945312
-1.36000002e-009  -0.00184375
-1.35000002e-009 -0.001835937
-1.34000002e-009  -0.00190625
-1.33000002e-009 -0.002078125
-1.32000002e-009 -0.002296875
-1.31000002e-009 -0.002445312
-1.30000002e-009  -0.00253125
-1.29000002e-009 -0.002523437
-1.28000002e-009    -0.002375
-1.27000002e-009 -0.002179687
-1.26000002e-009 -0.001976562
-1.25000002e-009 -0.001789062
-1.24000002e-009  -0.00165625
-1.23000002e-009 -0.001632812
-1.22000002e-009 -0.001640625
-1.21000002e-009 -0.001710937
-1.20000002e-009  -0.00171875
-1.19000002e-009 -0.001710937
-1.18000002e-009 -0.001671875
-1.17000002e-009 -0.001632812
-1.16000002e-009    -0.001625
-1.15000002e-009 -0.001617187
-1.14000002e-009   -0.0016875
-1.13000002e-009 -0.001804687
-1.12000001e-009 -0.001945312
-1.11000001e-009 -0.002085937
-1.10000001e-009 -0.002179687
-1.09000001e-009  -0.00221875
-1.08000001e-009 -0.002195312
-1.07000001e-009 -0.002140625
-1.06000001e-009 -0.002117187
-1.05000001e-009 -0.002117187
-1.04000001e-009 -0.002070312
-1.03000001e-009 -0.002109375
-1.02000001e-009 -0.002148437
-1.01000001e-009 -0.002179687
-1.00000001e-009 -0.002148437
-9.90000013e-010 -0.002109375
-9.80000013e-010 -0.002109375
-9.70000013e-010 -0.002132812
-9.60000013e-010 -0.002164062
-9.50000013e-010     -0.00225
-9.40000013e-010 -0.002429687
-9.30000012e-010 -0.002609375
-9.20000012e-010 -0.002796875
-9.10000012e-010  -0.00290625
-9.00000012e-010    -0.002875
-8.90000012e-010 -0.002789062
-8.80000012e-010  -0.00265625
-8.70000012e-010 -0.002445312
-8.60000011e-010 -0.002234375
-8.50000011e-010 -0.002101562
-8.40000011e-010 -0.002039062
-8.30000011e-010 -0.002054687
-8.20000011e-010 -0.002117187
-8.10000011e-010 -0.002234375
-8.00000011e-010 -0.002351562
-7.90000011e-010 -0.002484375
-7.8000001e-010 -0.002632812
-7.7000001e-010 -0.002789062
-7.6000001e-010  -0.00296875
-7.5000001e-010 -0.003203125
-7.4000001e-010 -0.003476562
-7.3000001e-010 -0.003789062
-7.2000001e-010  -0.00415625
-7.10000009e-010 -0.004539062
-7.00000009e-010 -0.004914062
-6.90000009e-010 -0.005304687
-6.80000009e-010 -0.005679687
-6.70000009e-010 -0.006078125
-6.60000009e-010 -0.006523437
-6.50000009e-010  -0.00703125
-6.40000009e-010 -0.007710938
-6.30000008e-010 -0.008476563
-6.20000008e-010 -0.009554688
-6.10000008e-010    -0.010875
-6.00000008e-010  -0.01250781
-5.90000008e-010  -0.01450781
-5.80000008e-010  -0.01691406
-5.70000008e-010  -0.01976563
-5.60000007e-010  -0.02309375
-5.50000007e-010    -0.026875
-5.40000007e-010  -0.03117969
-5.30000007e-010  -0.03598438
-5.20000007e-010  -0.04124219
-5.10000007e-010  -0.04690625
-5.00000007e-010   -0.0529375
-4.90000007e-010  -0.05923438
-4.80000006e-010  -0.06578125
-4.70000006e-010  -0.07244532
-4.60000006e-010  -0.07922657
-4.50000006e-010  -0.08603907
-4.40000006e-010   -0.0928125
-4.30000006e-010  -0.09933594
-4.20000006e-010   -0.1055469
-4.10000005e-010   -0.1113047
-4.00000005e-010   -0.1164375
-3.90000005e-010   -0.1208281
-3.80000005e-010      -0.1245
-3.70000005e-010   -0.1273516
-3.60000005e-010   -0.1294609
-3.50000005e-010   -0.1309141
-3.40000005e-010   -0.1317656
-3.30000004e-010   -0.1320938
-3.20000004e-010   -0.1319531
-3.10000004e-010    -0.131375
-3.00000004e-010   -0.1304688
-2.90000004e-010   -0.1292109
-2.80000004e-010   -0.1277266
-2.70000004e-010       -0.126
-2.60000003e-010   -0.1241563
-2.50000003e-010   -0.1223594
-2.40000003e-010   -0.1205469
-2.30000003e-010   -0.1187578
-2.20000003e-010   -0.1169141
-2.10000003e-010   -0.1149297
-2.00000003e-010   -0.1127578
-1.90000003e-010   -0.1102578
-1.80000002e-010   -0.1074688
-1.70000002e-010   -0.1042734
-1.60000002e-010   -0.1006641
-1.50000002e-010  -0.09680469
-1.40000002e-010  -0.09260938
-1.30000002e-010  -0.08815625
-1.20000002e-010  -0.08332032
-1.10000001e-010  -0.07814844
-1.00000001e-010  -0.07257813
-9.00000012e-011  -0.06657813
-8.00000011e-011  -0.06020313
-7.00000009e-011  -0.05346875
-6.00000008e-011  -0.04648438
-5.00000007e-011   -0.0394375
-4.00000005e-011  -0.03246875
-3.00000004e-011  -0.02575781
-2.00000003e-011  -0.01945313
-1.00000001e-011  -0.01364844
           0 -0.008414063
1.00000001e-011 -0.003828125
2.00000003e-011 0.0001171879
3.00000004e-011  0.003429688
4.00000005e-011  0.006156251
5.00000007e-011  0.008320313
6.00000008e-011  0.009890626
7.00000009e-011   0.01103125
8.00000011e-011   0.01172656
9.00000012e-011   0.01210156
1.00000001e-010   0.01217188
1.10000001e-010        0.012
1.20000002e-010   0.01166406
1.30000002e-010   0.01115625
1.40000002e-010   0.01057813
1.50000002e-010  0.009968751
1.60000002e-010  0.009343751
1.70000002e-010  0.008789063
1.80000002e-010  0.008367188
1.90000003e-010  0.008140626
2.00000003e-010  0.008109376
2.10000003e-010  0.008289063
2.20000003e-010  0.008718751
2.30000003e-010  0.009281251
2.40000003e-010   0.01002344
2.50000003e-010   0.01084375
2.60000003e-010   0.01175781
2.70000004e-010   0.01271875
2.80000004e-010   0.01364844
2.90000004e-010   0.01457813
3.00000004e-010   0.01540625
3.10000004e-010   0.01610938
3.20000004e-010   0.01674219
3.30000004e-010   0.01714844
3.40000005e-010   0.01739844
3.50000005e-010   0.01742969
3.60000005e-010   0.01728906
3.70000005e-010   0.01697656
3.80000005e-010   0.01653906
3.90000005e-010   0.01596875
4.00000005e-010    0.0153125
4.10000005e-010   0.01450781
4.20000006e-010   0.01372656
4.30000006e-010   0.01286719
4.40000006e-010   0.01202344
4.50000006e-010   0.01125781
4.60000006e-010   0.01052344
4.70000006e-010  0.009953126
4.80000006e-010  0.009507813
4.90000007e-010  0.009187501
5.00000007e-010  0.008984376
5.10000007e-010  0.008890626
5.20000007e-010  0.008890626
5.30000007e-010  0.009039063
5.40000007e-010  0.009250001
5.50000007e-010  0.009546876
5.60000007e-010  0.009898438
5.70000008e-010   0.01032813
5.80000008e-010      0.01075
5.90000008e-010    0.0111875
6.00000008e-010   0.01154688
6.10000008e-010     0.011875
6.20000008e-010   0.01208594
6.30000008e-010   0.01227344
6.40000009e-010   0.01235156
6.50000009e-010   0.01242188
6.60000009e-010   0.01239844
6.70000009e-010   0.01242969
6.80000009e-010   0.01242969
6.90000009e-010   0.01244531
7.00000009e-010       0.0125
7.10000009e-010   0.01253906
7.2000001e-010   0.01255469
7.3000001e-010     0.012625
7.4000001e-010   0.01264063
7.5000001e-010   0.01267969
7.6000001e-010   0.01267188
7.7000001e-010   0.01267188
7.8000001e-010   0.01274219
7.90000011e-010   0.01278125
8.00000011e-010   0.01289844
8.10000011e-010   0.01302344
8.20000011e-010   0.01322656
8.30000011e-010   0.01349219
8.40000011e-010   0.01370313
8.50000011e-010   0.01400781
8.60000011e-010   0.01430469
8.70000012e-010   0.01461719
8.80000012e-010    0.0149375
8.90000012e-010   0.01520313
9.00000012e-010   0.01549219
9.10000012e-010   0.01572656
9.20000012e-010     0.015875
9.30000012e-010   0.01603125
9.40000013e-010   0.01607813
9.50000013e-010   0.01610938
9.60000013e-010   0.01610156
9.70000013e-010   0.01607813
9.80000013e-010   0.01599219
9.90000013e-010   0.01594531
1.00000001e-009     0.015875
1.01000001e-009   0.01578125
1.02000001e-009   0.01570313
1.03000001e-009   0.01553906
1.04000001e-009   0.01533594
1.05000001e-009   0.01507813
1.06000001e-009   0.01486719
1.07000001e-009   0.01458594
1.08000001e-009   0.01436719
1.09000001e-009      0.01425
1.10000001e-009   0.01422656
1.11000001e-009   0.01432031
1.12000001e-009   0.01445313
1.13000002e-009   0.01465625
1.14000002e-009   0.01485156
1.15000002e-009   0.01501563
1.16000002e-009   0.01516406
1.17000002e-009   0.01523438
1.18000002e-009   0.01525781
1.19000002e-009   0.01526563
1.20000002e-009   0.01527344
1.21000002e-009   0.01532813
1.22000002e-009   0.01539063
1.23000002e-009   0.01545313
1.24000002e-009   0.01555469
1.25000002e-009   0.01560938
1.26000002e-009   0.01566406
1.27000002e-009   0.01572656
1.28000002e-009   0.01574219
1.29000002e-009      0.01575
1.30000002e-009   0.01578125
1.31000002e-009   0.01577344
1.32000002e-009   0.01577344
1.33000002e-009   0.01575781
1.34000002e-009   0.01571875
1.35000002e-009   0.01560156
1.36000002e-009   0.01551563
1.37000002e-009   0.01540625
1.38000002e-009    0.0153125
1.39000002e-009   0.01529688
1.40000002e-009   0.01530469
1.41000002e-009   0.01538281
1.42000002e-009   0.01546875
1.43000002e-009   0.01553906
1.44000002e-009   0.01555469
1.45000002e-009   0.01555469
1.46000002e-009   0.01545313
1.47000002e-009   0.01530469
1.48000002e-009   0.01520313
1.49000002e-009   0.01510938
1.50000002e-009   0.01507031
1.51000002e-009   0.01511719
1.52000002e-009   0.01524219
1.53000002e-009     0.015375
1.54000002e-009   0.01546094
1.55000002e-009   0.01548438
1.56000002e-009   0.01539844
1.57000002e-009   0.01522656
1.58000002e-009    0.0149375
1.59000002e-009   0.01463281
1.60000002e-009    0.0143125
1.61000002e-009   0.01404688
1.62000002e-009   0.01382813
1.63000002e-009   0.01365625
1.64000002e-009   0.01355469
1.65000002e-009   0.01346875
1.66000002e-009   0.01339063
1.67000002e-009   0.01330469
1.68000002e-009   0.01326563
1.69000002e-009   0.01324219
1.70000002e-009   0.01323438
1.71000002e-009   0.01323438
1.72000002e-009   0.01330469
1.73000002e-009   0.01334375
1.74000002e-009   0.01342188
1.75000002e-009   0.01348438
1.76000002e-009   0.01353125
1.77000002e-009   0.01357031
1.78000002e-009     0.013625
1.79000002e-009   0.01364844
1.80000002e-009    0.0136875
1.81000002e-009   0.01372656
1.82000002e-009   0.01374219
1.83000002e-009   0.01370313
1.84000002e-009   0.01363281
1.85000002e-009   0.01352344
1.86000002e-009   0.01333594
1.87000002e-009     0.013125
1.88000003e-009   0.01290625
1.89000003e-009   0.01269531
1.90000003e-009   0.01260938
1.91000003e-009   0.01254688
1.92000003e-009   0.01258594
1.93000003e-009   0.01271094
1.94000003e-009   0.01283594
1.95000003e-009   0.01298438
1.96000003e-009   0.01314844
1.97000003e-009   0.01325781
1.98000003e-009   0.01329688
1.99000003e-009   0.01326563
2.00000003e-009   0.01320313
2.01000003e-009   0.01315625
2.02000003e-009    0.0130625
2.03000003e-009   0.01303906
2.04000003e-009   0.01303906
2.05000003e-009   0.01302344
2.06000003e-009   0.01296875
2.07000003e-009   0.01294531
2.08000003e-009   0.01285938
2.09000003e-009   0.01278906
2.10000003e-009   0.01266406
2.11000003e-009   0.01258594
2.12000003e-009   0.01254688
2.13000003e-009   0.01255469
2.14000003e-009   0.01261719
2.15000003e-009   0.01274219
2.16000003e-009   0.01289063
2.17000003e-009        0.013
2.18000003e-009   0.01310938
2.19000003e-009   0.01319531
2.20000003e-009   0.01320313
2.21000003e-009   0.01321875
2.22000003e-009   0.01319531
2.23000003e-009   0.01317188
2.24000003e-009   0.01314844
2.25000003e-009   0.01311719
2.26000003e-009   0.01307031
2.27000003e-009   0.01301563
2.28000003e-009   0.01290625
2.29000003e-009    0.0128125
2.30000003e-009   0.01271094
2.31000003e-009   0.01266406
2.32000003e-009   0.01260938
2.33000003e-009   0.01266406
2.34000003e-009   0.01275781
2.35000003e-009   0.01283594
2.36000003e-009   0.01290625
2.37000003e-009   0.01294531
2.38000003e-009   0.01290625
2.39000003e-009   0.01282031
2.40000003e-009   0.01270313
2.41000003e-009   0.01254688
2.42000003e-009   0.01238281
2.43000003e-009   0.01224219
2.44000003e-009    0.0121875
2.45000003e-009   0.01214063
2.46000003e-009   0.01213281
2.47000003e-009   0.01215625
2.48000003e-009   0.01213281
2.49000003e-009   0.01214844
2.50000003e-009   0.01211719
