+3.00000000000E+005  -7.77180345594E+001
+7.79850000000E+006  -9.17735183516E+001
+1.52970000000E+007  -7.56146251511E+001
+2.27955000000E+007  -8.06964291055E+001
+3.02940000000E+007  -7.44326156059E+001
+3.77925000000E+007  -7.05826167700E+001
+4.52910000000E+007  -7.53038361545E+001
+5.27895000000E+007  -6.70271855182E+001
+6.02880000000E+007  -7.31179741587E+001
+6.77865000000E+007  -6.20993672952E+001
+7.52850000000E+007  -7.30677034686E+001
+8.27835000000E+007  -6.59845402661E+001
+9.02820000000E+007  -6.28533786304E+001
+9.77805000000E+007  -6.75258230914E+001
+1.05279000000E+008  -9.74328465098E+001
+1.12777500000E+008  -6.60419018141E+001
+1.20276000000E+008  -7.56945648624E+001
+1.27774500000E+008  -6.43297633028E+001
+1.35273000000E+008  -6.24750618241E+001
+1.42771500000E+008  -5.88561943100E+001
+1.50270000000E+008  -6.44846601012E+001
+1.57768500000E+008  -5.93813895725E+001
+1.65267000000E+008  -6.24291846903E+001
+1.72765500000E+008  -5.51763044327E+001
+1.80264000000E+008  -5.79746495956E+001
+1.87762500000E+008  -5.62018166299E+001
+1.95261000000E+008  -6.39059957140E+001
+2.02759500000E+008  -6.09282179835E+001
+2.10258000000E+008  -6.91114121792E+001
+2.17756500000E+008  -5.41110191711E+001
+2.25255000000E+008  -5.55387156500E+001
+2.32753500000E+008  -5.92783561701E+001
+2.40252000000E+008  -5.46937980834E+001
+2.47750500000E+008  -5.65770235003E+001
+2.55249000000E+008  -5.88096489426E+001
+2.62747500000E+008  -5.70925429945E+001
+2.70246000000E+008  -5.74511089394E+001
+2.77744500000E+008  -6.00803895283E+001
+2.85243000000E+008  -6.56885871083E+001
+2.92741500000E+008  -5.61407324943E+001
+3.00240000000E+008  -6.15501373694E+001
+3.07738500000E+008  -7.08678843742E+001
+3.15237000000E+008  -5.74479458583E+001
+3.22735500000E+008  -6.25214598548E+001
+3.30234000000E+008  -6.03985770952E+001
+3.37732500000E+008  -5.81256047748E+001
+3.45231000000E+008  -5.95662121670E+001
+3.52729500000E+008  -6.32276192724E+001
+3.60228000000E+008  -6.85180273194E+001
+3.67726500000E+008  -5.48122990009E+001
+3.75225000000E+008  -7.13429515085E+001
+3.82723500000E+008  -5.54629244751E+001
+3.90222000000E+008  -6.59016489037E+001
+3.97720500000E+008  -5.52195887129E+001
+4.05219000000E+008  -5.56595726335E+001
+4.12717500000E+008  -6.09707869670E+001
+4.20216000000E+008  -5.58797522470E+001
+4.27714500000E+008  -5.38099069101E+001
+4.35213000000E+008  -6.25389314224E+001
+4.42711500000E+008  -6.60550742361E+001
+4.50210000000E+008  -5.48198913657E+001
+4.57708500000E+008  -5.40650852801E+001
+4.65207000000E+008  -4.97696266928E+001
+4.72705500000E+008  -5.63888461334E+001
+4.80204000000E+008  -6.40925881341E+001
+4.87702500000E+008  -5.76877919915E+001
+4.95201000000E+008  -5.30433794866E+001
+5.02699500000E+008  -5.44087155656E+001
+5.10198000000E+008  -5.26389426522E+001
+5.17696500000E+008  -7.11956291904E+001
+5.25195000000E+008  -5.79535806290E+001
+5.32693500000E+008  -6.53964726477E+001
+5.40192000000E+008  -6.84754861372E+001
+5.47690500000E+008  -6.42592686887E+001
+5.55189000000E+008  -5.57148708808E+001
+5.62687500000E+008  -5.85812918527E+001
+5.70186000000E+008  -6.07389043397E+001
+5.77684500000E+008  -5.65462976141E+001
+5.85183000000E+008  -5.79716058618E+001
+5.92681500000E+008  -5.67941320595E+001
+6.00180000000E+008  -5.60070590320E+001
+6.07678500000E+008  -6.03265381737E+001
+6.15177000000E+008  -5.55983710649E+001
+6.22675500000E+008  -7.28581114322E+001
+6.30174000000E+008  -6.99498781227E+001
+6.37672500000E+008  -5.54297186560E+001
+6.45171000000E+008  -5.50066248042E+001
+6.52669500000E+008  -6.87413746033E+001
+6.60168000000E+008  -5.67693192767E+001
+6.67666500000E+008  -5.99528537044E+001
+6.75165000000E+008  -6.12460410400E+001
+6.82663500000E+008  -5.96127235637E+001
+6.90162000000E+008  -7.00071531059E+001
+6.97660500000E+008  -5.49004109678E+001
+7.05159000000E+008  -6.05373947272E+001
+7.12657500000E+008  -6.94773918449E+001
+7.20156000000E+008  -6.97370809163E+001
+7.27654500000E+008  -5.85165931819E+001
+7.35153000000E+008  -5.76663740639E+001
+7.42651500000E+008  -6.24967013780E+001
+7.50150000000E+008  -6.30634504746E+001
+7.57648500000E+008  -7.30596271107E+001
+7.65147000000E+008  -6.44377361084E+001
+7.72645500000E+008  -6.26381656731E+001
+7.80144000000E+008  -6.38525057272E+001
+7.87642500000E+008  -7.10951960079E+001
+7.95141000000E+008  -5.86300824990E+001
+8.02639500000E+008  -6.12552765330E+001
+8.10138000000E+008  -7.25135229879E+001
+8.17636500000E+008  -6.80026539872E+001
+8.25135000000E+008  -6.58990015885E+001
+8.32633500000E+008  -7.22253827257E+001
+8.40132000000E+008  -6.39326585810E+001
+8.47630500000E+008  -6.37610598623E+001
+8.55129000000E+008  -6.33927243893E+001
+8.62627500000E+008  -5.86120659753E+001
+8.70126000000E+008  -6.70139992122E+001
+8.77624500000E+008  -6.84697013463E+001
+8.85123000000E+008  -6.50486948683E+001
+8.92621500000E+008  -6.93130921180E+001
+9.00120000000E+008  -6.98939559607E+001
+9.07618500000E+008  -6.33508243193E+001
+9.15117000000E+008  -6.12529914743E+001
+9.22615500000E+008  -6.14452744719E+001
+9.30114000000E+008  -6.70928290664E+001
+9.37612500000E+008  -6.59412027214E+001
+9.45111000000E+008  -6.32234168726E+001
+9.52609500000E+008  -7.23243272921E+001
+9.60108000000E+008  -6.22458507862E+001
+9.67606500000E+008  -6.74118083399E+001
+9.75105000000E+008  -7.16751123058E+001
+9.82603500000E+008  -6.45883125846E+001
+9.90102000000E+008  -5.91878452716E+001
+9.97600500000E+008  -6.30413757900E+001
+1.00509900000E+009  -6.29388100344E+001
+1.01259750000E+009  -6.45903222558E+001
+1.02009600000E+009  -6.84419217533E+001
+1.02759450000E+009  -6.77239222453E+001
+1.03509300000E+009  -6.76001618982E+001
+1.04259150000E+009  -6.80835234321E+001
+1.05009000000E+009  -7.36449104167E+001
+1.05758850000E+009  -6.61491688853E+001
+1.06508700000E+009  -6.78503876254E+001
+1.07258550000E+009  -7.09644088143E+001
+1.08008400000E+009  -6.54177383303E+001
+1.08758250000E+009  -6.87097246267E+001
+1.09508100000E+009  -6.75960639848E+001
+1.10257950000E+009  -6.88544191422E+001
+1.11007800000E+009  -6.39771108812E+001
+1.11757650000E+009  -7.48613701505E+001
+1.12507500000E+009  -6.31580549125E+001
+1.13257350000E+009  -7.30917146165E+001
+1.14007200000E+009  -7.17149649699E+001
+1.14757050000E+009  -6.63346802788E+001
+1.15506900000E+009  -7.40190609070E+001
+1.16256750000E+009  -6.22622902502E+001
+1.17006600000E+009  -7.12010041979E+001
+1.17756450000E+009  -7.00215562566E+001
+1.18506300000E+009  -6.79505684690E+001
+1.19256150000E+009  -6.53606241944E+001
+1.20006000000E+009  -6.91371414666E+001
+1.20755850000E+009  -6.88772880104E+001
+1.21505700000E+009  -6.78353147208E+001
+1.22255550000E+009  -7.22632972400E+001
+1.23005400000E+009  -6.71487920282E+001
+1.23755250000E+009  -7.29664034957E+001
+1.24505100000E+009  -6.53144857947E+001
+1.25254950000E+009  -6.89979141025E+001
+1.26004800000E+009  -6.58995274589E+001
+1.26754650000E+009  -7.92250887833E+001
+1.27504500000E+009  -7.60331966526E+001
+1.28254350000E+009  -8.02165999673E+001
+1.29004200000E+009  -7.61743153690E+001
+1.29754050000E+009  -7.32995481472E+001
+1.30503900000E+009  -7.43412494073E+001
+1.31253750000E+009  -9.07645135294E+001
+1.32003600000E+009  -7.22509604717E+001
+1.32753450000E+009  -7.55674422113E+001
+1.33503300000E+009  -7.36055867746E+001
+1.34253150000E+009  -8.60453744148E+001
+1.35003000000E+009  -6.74192912221E+001
+1.35752850000E+009  -7.46852424153E+001
+1.36502700000E+009  -7.26650098038E+001
+1.37252550000E+009  -7.55235109206E+001
+1.38002400000E+009  -7.19639838138E+001
+1.38752250000E+009  -7.97231735881E+001
+1.39502100000E+009  -7.46957724782E+001
+1.40251950000E+009  -6.92119401531E+001
+1.41001800000E+009  -6.79524526119E+001
+1.41751650000E+009  -6.83969678904E+001
+1.42501500000E+009  -7.34211034767E+001
+1.43251350000E+009  -7.36043865124E+001
+1.44001200000E+009  -6.95978475722E+001
+1.44751050000E+009  -7.52187693635E+001
+1.45500900000E+009  -7.15867438568E+001
+1.46250750000E+009  -7.22654088112E+001
+1.47000600000E+009  -6.98971448253E+001
+1.47750450000E+009  -7.71222558082E+001
+1.48500300000E+009  -8.87490500843E+001
+1.49250150000E+009  -6.98542997282E+001
+1.50000000000E+009  -7.29013994607E+001
