-4.98000007e-009 -0.0005234372
-4.96000007e-009 -0.0006562497
-4.94000007e-009 -0.0008281247
-4.92000007e-009 -0.0008749997
-4.90000007e-009 -0.0007187497
-4.88000007e-009 -0.0005468747
-4.86000006e-009 -0.0004765622
-4.84000006e-009 -0.0004843747
-4.82000006e-009 -0.0004374997
-4.80000006e-009 -0.0003281247
-4.78000006e-009 -0.0002109372
-4.76000006e-009 -0.0001796872
-4.74000006e-009 -0.0002343747
-4.72000006e-009 -0.0002734372
-4.70000006e-009 -0.0002890622
-4.68000006e-009 -0.0002578122
-4.66000006e-009 -0.0002890622
-4.64000006e-009 -0.0003749997
-4.62000006e-009 -0.0004921872
-4.60000006e-009 -0.0004921872
-4.58000006e-009 -0.0004140622
-4.56000006e-009 -0.0003906247
-4.54000006e-009 -0.0004140622
-4.52000006e-009 -0.0005390622
-4.50000006e-009 -0.0006718747
-4.48000006e-009 -0.0007343747
-4.46000006e-009 -0.0006484372
-4.44000006e-009 -0.0004296872
-4.42000006e-009 -0.0001874997
-4.40000006e-009 -0.0002031247
-4.38000006e-009 -0.0004218747
-4.36000006e-009 -0.0006249997
-4.34000006e-009 -0.0004999997
-4.32000006e-009 -0.0001796872
-4.30000006e-009 0.0001171879
-4.28000006e-009 4.687535e-005
-4.26000006e-009 -0.0003046872
-4.24000006e-009 -0.0005312497
-4.22000006e-009 -0.0003984372
-4.20000006e-009 3.49246e-010
-4.18000006e-009 0.0002734379
-4.16000006e-009 0.0002343754
-4.14000006e-009 -8.593715e-005
-4.12000006e-009 -0.0003749997
-4.10000005e-009 -0.0004609372
-4.08000005e-009 -0.0003593747
-4.06000005e-009 -0.0002968747
-4.04000005e-009 -0.0003593747
-4.02000005e-009 -0.0004218747
-4.00000005e-009 -0.0004296872
-3.98000005e-009 -0.0003437497
-3.96000005e-009 -0.0002656247
-3.94000005e-009 -0.0002734372
-3.92000005e-009 -0.0004218747
-3.90000005e-009 -0.0005781247
-3.88000005e-009 -0.0007187497
-3.86000005e-009 -0.0007187497
-3.84000005e-009 -0.0005781247
-3.82000005e-009 -0.0003906247
-3.80000005e-009 -0.0002734372
-3.78000005e-009 -0.0003281247
-3.76000005e-009 -0.0004921872
-3.74000005e-009 -0.0006718747
-3.72000005e-009 -0.0008359372
-3.70000005e-009 -0.001015625
-3.68000005e-009  -0.00109375
-3.66000005e-009 -0.0009921872
-3.64000005e-009 -0.0007890622
-3.62000005e-009 -0.0005468747
-3.60000005e-009 -0.0003203122
-3.58000005e-009 -0.0002812497
-3.56000005e-009 -0.0003515622
-3.54000005e-009 -0.0005937497
-3.52000005e-009 -0.0008203122
-3.50000005e-009 -0.0009218747
-3.48000005e-009 -0.0008984372
-3.46000005e-009 -0.0007499997
-3.44000005e-009 -0.0007109372
-3.42000005e-009 -0.0008046872
-3.40000005e-009 -0.0009609372
-3.38000005e-009  -0.00121875
-3.36000004e-009 -0.001570312
-3.34000004e-009 -0.002007812
-3.32000004e-009 -0.002460937
-3.30000004e-009 -0.002765625
-3.28000004e-009 -0.002914062
-3.26000004e-009 -0.003054687
-3.24000004e-009 -0.003203125
-3.22000004e-009  -0.00353125
-3.20000004e-009 -0.003851562
-3.18000004e-009    -0.004125
-3.16000004e-009 -0.004382812
-3.14000004e-009  -0.00459375
-3.12000004e-009 -0.004976562
-3.10000004e-009 -0.005445312
-3.08000004e-009 -0.005960937
-3.06000004e-009 -0.006242187
-3.04000004e-009 -0.006414062
-3.02000004e-009 -0.006523437
-3.00000004e-009  -0.00684375
-2.98000004e-009  -0.00734375
-2.96000004e-009 -0.007710938
-2.94000004e-009 -0.007914063
-2.92000004e-009 -0.007929688
-2.90000004e-009 -0.007984375
-2.88000004e-009 -0.008164063
-2.86000004e-009 -0.008390625
-2.84000004e-009 -0.008539063
-2.82000004e-009 -0.008570313
-2.80000004e-009  -0.00865625
-2.78000004e-009 -0.008773438
-2.76000004e-009 -0.008898438
-2.74000004e-009 -0.008953125
-2.72000004e-009  -0.00896875
-2.70000004e-009   -0.0090625
-2.68000004e-009 -0.009320313
-2.66000004e-009 -0.009554688
-2.64000004e-009 -0.009617188
-2.62000003e-009 -0.009484375
-2.60000003e-009 -0.009273438
-2.58000003e-009 -0.009140625
-2.56000003e-009 -0.009070313
-2.54000003e-009       -0.009
-2.52000003e-009 -0.008859375
-2.50000003e-009 -0.008773438
-2.48000003e-009     -0.00875
-2.46000003e-009 -0.008664063
-2.44000003e-009 -0.008507813
-2.42000003e-009 -0.008234375
-2.40000003e-009 -0.008195313
-2.38000003e-009 -0.008335938
-2.36000003e-009 -0.008554688
-2.34000003e-009 -0.008585938
-2.32000003e-009    -0.008375
-2.30000003e-009 -0.008109375
-2.28000003e-009 -0.008015625
-2.26000003e-009 -0.008015625
-2.24000003e-009 -0.007914063
-2.22000003e-009 -0.007664063
-2.20000003e-009    -0.007375
-2.18000003e-009  -0.00721875
-2.16000003e-009 -0.007234375
-2.14000003e-009     -0.00725
-2.12000003e-009 -0.007085937
-2.10000003e-009 -0.006890625
-2.08000003e-009 -0.006773437
-2.06000003e-009   -0.0068125
-2.04000003e-009 -0.006804687
-2.02000003e-009   -0.0066875
-2.00000003e-009  -0.00653125
-1.98000003e-009 -0.006328125
-1.96000003e-009   -0.0061875
-1.94000003e-009 -0.005898437
-1.92000003e-009 -0.005515625
-1.90000003e-009 -0.005203125
-1.88000003e-009    -0.005125
-1.86000002e-009 -0.005171875
-1.84000002e-009  -0.00515625
-1.82000002e-009 -0.004960937
-1.80000002e-009 -0.004671875
-1.78000002e-009 -0.004445312
-1.76000002e-009 -0.004414062
-1.74000002e-009  -0.00446875
-1.72000002e-009  -0.00453125
-1.70000002e-009 -0.004476562
-1.68000002e-009 -0.004335937
-1.66000002e-009 -0.004101562
-1.64000002e-009 -0.003804687
-1.62000002e-009 -0.003585937
-1.60000002e-009  -0.00353125
-1.58000002e-009 -0.003617187
-1.56000002e-009  -0.00353125
-1.54000002e-009 -0.003164062
-1.52000002e-009 -0.002664062
-1.50000002e-009   -0.0023125
-1.48000002e-009 -0.002296875
-1.46000002e-009      -0.0025
-1.44000002e-009 -0.002695312
-1.42000002e-009 -0.002726562
-1.40000002e-009 -0.002515625
-1.38000002e-009 -0.002140625
-1.36000002e-009 -0.001828125
-1.34000002e-009  -0.00184375
-1.32000002e-009 -0.002140625
-1.30000002e-009    -0.002375
-1.28000002e-009 -0.002367187
-1.26000002e-009 -0.002070312
-1.24000002e-009   -0.0018125
-1.22000002e-009   -0.0018125
-1.20000002e-009 -0.001960937
-1.18000002e-009 -0.001984375
-1.16000002e-009   -0.0018125
-1.14000002e-009 -0.001632812
-1.12000001e-009 -0.001554687
-1.10000001e-009  -0.00159375
-1.08000001e-009 -0.001648437
-1.06000001e-009   -0.0016875
-1.04000001e-009 -0.001890625
-1.02000001e-009 -0.002164062
-1.00000001e-009 -0.002382812
-9.80000013e-010    -0.002375
-9.60000013e-010  -0.00221875
-9.40000013e-010 -0.002132812
-9.20000012e-010 -0.002203125
-9.00000012e-010 -0.002335937
-8.80000012e-010 -0.002390625
-8.60000011e-010   -0.0023125
-8.40000011e-010 -0.002242187
-8.20000011e-010 -0.002257812
-8.00000011e-010 -0.002390625
-7.8000001e-010 -0.002679687
-7.6000001e-010       -0.003
-7.4000001e-010 -0.003265625
-7.2000001e-010  -0.00365625
-7.00000009e-010 -0.004046875
-6.80000009e-010 -0.004828125
-6.60000009e-010 -0.005695312
-6.40000009e-010    -0.006875
-6.20000008e-010 -0.008609375
-6.00000008e-010  -0.01070313
-5.80000008e-010  -0.01403906
-5.60000007e-010  -0.01889844
-5.40000007e-010  -0.02580469
-5.20000007e-010  -0.03497656
-5.00000007e-010  -0.04574219
-4.80000006e-010  -0.05775781
-4.60000006e-010  -0.07067188
-4.40000006e-010  -0.08417969
-4.20000006e-010  -0.09761719
-4.00000005e-010   -0.1099688
-3.80000005e-010   -0.1196719
-3.60000005e-010   -0.1267109
-3.40000005e-010   -0.1307344
-3.20000004e-010   -0.1320313
-3.00000004e-010   -0.1316563
-2.80000004e-010   -0.1293594
-2.60000003e-010   -0.1265781
-2.40000003e-010   -0.1232578
-2.20000003e-010   -0.1194063
-2.00000003e-010   -0.1155469
-1.80000002e-010   -0.1106953
-1.60000002e-010       -0.105
-1.40000002e-010  -0.09796094
-1.20000002e-010   -0.0891875
-1.00000001e-010  -0.07917188
-8.00000011e-011  -0.06778125
-6.00000008e-011  -0.05503906
-4.00000005e-011  -0.04136719
-2.00000003e-011  -0.02757813
           0  -0.01514063
2.00000003e-011 -0.005304687
4.00000005e-011  0.002304688
6.00000008e-011  0.007648438
8.00000011e-011   0.01095313
1.00000001e-010   0.01249219
1.20000002e-010   0.01222656
1.40000002e-010   0.01128906
1.60000002e-010    0.0100625
1.80000002e-010  0.008976563
2.00000003e-010  0.008382813
2.20000003e-010  0.008265626
2.40000003e-010  0.009093751
2.60000003e-010   0.01076563
2.80000004e-010   0.01273438
3.00000004e-010   0.01459375
3.20000004e-010     0.015875
3.40000005e-010   0.01671094
3.60000005e-010   0.01711719
3.80000005e-010   0.01696875
4.00000005e-010   0.01607031
4.20000006e-010   0.01450781
4.40000006e-010   0.01282813
4.60000006e-010   0.01150781
4.80000006e-010   0.01060938
5.00000007e-010  0.009820313
5.20000007e-010  0.009031251
5.40000007e-010  0.008476563
5.60000007e-010  0.008609376
5.80000008e-010  0.009523438
6.00000008e-010   0.01077344
6.20000008e-010   0.01196094
6.40000009e-010   0.01267969
6.60000009e-010   0.01284375
6.80000009e-010   0.01267969
7.00000009e-010   0.01246875
7.2000001e-010    0.0124375
7.4000001e-010   0.01242969
7.6000001e-010   0.01235938
7.8000001e-010   0.01230469
8.00000011e-010   0.01242969
8.20000011e-010   0.01283594
8.40000011e-010   0.01353125
8.60000011e-010   0.01413281
8.80000012e-010   0.01460156
9.00000012e-010   0.01492969
9.20000012e-010   0.01515625
9.40000013e-010   0.01535938
9.60000013e-010   0.01550781
9.80000013e-010   0.01559375
1.00000001e-009    0.0156875
1.02000001e-009   0.01563281
1.04000001e-009   0.01544531
1.06000001e-009   0.01504688
1.08000001e-009   0.01463281
1.10000001e-009   0.01440625
1.12000001e-009   0.01441406
1.14000002e-009     0.014625
1.16000002e-009   0.01486719
1.18000002e-009   0.01513281
1.20000002e-009   0.01527344
1.22000002e-009   0.01538281
1.24000002e-009   0.01548438
1.26000002e-009   0.01565625
1.28000002e-009   0.01590625
1.30000002e-009   0.01602344
1.32000002e-009   0.01592188
1.34000002e-009   0.01566406
1.36000002e-009   0.01544531
1.38000002e-009   0.01547656
1.40000002e-009   0.01571094
1.42000002e-009   0.01583594
1.44000002e-009   0.01580469
1.46000002e-009   0.01567188
1.48000002e-009   0.01563281
1.50000002e-009   0.01560938
1.52000002e-009   0.01553906
1.54000002e-009   0.01542188
1.56000002e-009   0.01528906
1.58000002e-009   0.01517188
1.60000002e-009   0.01501563
1.62000002e-009   0.01467188
1.64000002e-009   0.01426563
1.66000002e-009   0.01385938
1.68000002e-009   0.01358594
1.70000002e-009   0.01349219
1.72000002e-009   0.01351563
1.74000002e-009   0.01345313
1.76000002e-009   0.01333594
1.78000002e-009   0.01320313
1.80000002e-009   0.01314063
1.82000002e-009   0.01319531
1.84000002e-009   0.01322656
1.86000002e-009   0.01316406
1.88000003e-009   0.01296094
1.90000003e-009   0.01278125
1.92000003e-009   0.01272656
1.94000003e-009   0.01296094
1.96000003e-009   0.01329688
1.98000003e-009   0.01347656
2.00000003e-009   0.01329688
2.02000003e-009   0.01286719
2.04000003e-009   0.01253125
2.06000003e-009   0.01250781
2.08000003e-009   0.01273438
2.10000003e-009   0.01297656
2.12000003e-009   0.01301563
2.14000003e-009   0.01282813
2.16000003e-009   0.01263281
2.18000003e-009   0.01265625
2.20000003e-009   0.01292969
2.22000003e-009    0.0131875
2.24000003e-009   0.01328906
2.26000003e-009   0.01309375
2.28000003e-009   0.01279688
2.30000003e-009   0.01261719
2.32000003e-009   0.01258594
2.34000003e-009   0.01261719
2.36000003e-009   0.01258594
2.38000003e-009   0.01254688
2.40000003e-009   0.01241406
2.42000003e-009    0.0121875
2.44000003e-009   0.01204688
2.46000003e-009   0.01201563
2.48000003e-009   0.01214844
2.50000003e-009   0.01232813
2.52000003e-009   0.01228125
2.54000003e-009   0.01198438
2.56000003e-009    0.0116875
2.58000003e-009   0.01160938
2.60000003e-009   0.01177344
2.62000003e-009    0.0119375
2.64000004e-009   0.01192188
2.66000004e-009   0.01164844
2.68000004e-009   0.01128906
2.70000004e-009   0.01102344
2.72000004e-009    0.0109375
2.74000004e-009   0.01090625
2.76000004e-009      0.01075
2.78000004e-009   0.01048438
2.80000004e-009    0.0101875
2.82000004e-009  0.009976563
2.84000004e-009  0.009945313
2.86000004e-009   0.01002344
2.88000004e-009   0.01010156
2.90000004e-009   0.01011719
2.92000004e-009   0.01014063
2.94000004e-009   0.01011719
2.96000004e-009   0.01000781
2.98000004e-009  0.009921876
3.00000004e-009  0.009937501
3.02000004e-009   0.01004688
3.04000004e-009   0.01007813
3.06000004e-009  0.009984376
3.08000004e-009  0.009820313
3.10000004e-009  0.009757813
3.12000004e-009  0.009921876
3.14000004e-009   0.01010156
3.16000004e-009   0.01002344
3.18000004e-009  0.009718751
3.20000004e-009  0.009359376
3.22000004e-009  0.009289063
3.24000004e-009  0.009421876
3.26000004e-009  0.009640626
3.28000004e-009  0.009617188
3.30000004e-009  0.009492188
3.32000004e-009  0.009289063
3.34000004e-009  0.009218751
3.36000004e-009  0.009250001
3.38000005e-009  0.009281251
3.40000005e-009  0.009328126
3.42000005e-009  0.009312501
3.44000005e-009  0.009242188
3.46000005e-009  0.009015626
3.48000005e-009  0.008632813
3.50000005e-009  0.008164063
3.52000005e-009  0.007851563
3.54000005e-009  0.007820313
3.56000005e-009  0.007984376
3.58000005e-009  0.008054688
3.60000005e-009  0.007906251
3.62000005e-009  0.007750001
3.64000005e-009  0.007789063
3.66000005e-009  0.007976563
3.68000005e-009  0.008195313
3.70000005e-009  0.008203126
3.72000005e-009  0.007953126
3.74000005e-009  0.007726563
3.76000005e-009  0.007601563
3.78000005e-009  0.007554688
3.80000005e-009  0.007398438
3.82000005e-009  0.007210938
3.84000005e-009  0.007117188
3.86000005e-009  0.007085938
3.88000005e-009  0.007109376
3.90000005e-009  0.007078126
3.92000005e-009  0.007148438
3.94000005e-009  0.007351563
3.96000005e-009  0.007695313
3.98000005e-009  0.007859376
4.00000005e-009  0.007835938
4.02000005e-009  0.007640626
4.04000005e-009  0.007593751
4.06000005e-009  0.007710938
4.08000005e-009  0.007875001
4.10000005e-009  0.007828126
4.12000006e-009  0.007476563
4.14000006e-009  0.006953126
4.16000006e-009  0.006632813
4.18000006e-009  0.006671876
4.20000006e-009  0.006937501
4.22000006e-009  0.007250001
4.24000006e-009  0.007406251
4.26000006e-009  0.007265626
4.28000006e-009  0.006929688
4.30000006e-009  0.006601563
4.32000006e-009  0.006453126
4.34000006e-009  0.006445313
4.36000006e-009  0.006492188
4.38000006e-009  0.006500001
4.40000006e-009  0.006359376
4.42000006e-009  0.006281251
4.44000006e-009  0.006460938
4.46000006e-009  0.006835938
4.48000006e-009  0.007171876
4.50000006e-009  0.007203126
4.52000006e-009  0.007031251
4.54000006e-009  0.006882813
4.56000006e-009  0.006851563
4.58000006e-009  0.006859376
4.60000006e-009  0.006898438
4.62000006e-009  0.006867188
4.64000006e-009  0.006796876
4.66000006e-009  0.006828126
4.68000006e-009  0.006843751
4.70000006e-009  0.006773438
4.72000006e-009  0.006742188
4.74000006e-009  0.006835938
4.76000006e-009  0.007125001
4.78000006e-009  0.007468751
4.80000006e-009  0.007671876
4.82000006e-009  0.007835938
4.84000006e-009  0.008023438
4.86000006e-009  0.008273438
4.88000007e-009  0.008617188
4.90000007e-009  0.009031251
4.92000007e-009  0.009523438
4.94000007e-009   0.01011719
4.96000007e-009   0.01072656
4.98000007e-009   0.01135156
5.00000007e-009   0.01203906
