-1.24500002e-009 -0.001140625
-1.24000002e-009 -0.001070312
-1.23500002e-009  -0.00103125
-1.23000002e-009 -0.0009296872
-1.22500002e-009 -0.0008828122
-1.22000002e-009 -0.0007421872
-1.21500002e-009 -0.0006796872
-1.21000002e-009 -0.0006249997
-1.20500002e-009 -0.0005546872
-1.20000002e-009 -0.0005156247
-1.19500002e-009 -0.0004921872
-1.19000002e-009 -0.0005078122
-1.18500002e-009 -0.0005468747
-1.18000002e-009 -0.0005859372
-1.17500002e-009 -0.0006874997
-1.17000002e-009 -0.0007656247
-1.16500002e-009 -0.0008828122
-1.16000002e-009 -0.001015625
-1.15500002e-009 -0.001132812
-1.15000002e-009     -0.00125
-1.14500002e-009 -0.001351562
-1.14000002e-009 -0.001398437
-1.13500002e-009      -0.0015
-1.13000002e-009      -0.0015
-1.12500002e-009 -0.001476562
-1.12000001e-009   -0.0014375
-1.11500001e-009 -0.001367187
-1.11000001e-009 -0.001296875
-1.10500001e-009 -0.001179687
-1.10000001e-009 -0.001078125
-1.09500001e-009 -0.0009609372
-1.09000001e-009 -0.0008515622
-1.08500001e-009 -0.0007812497
-1.08000001e-009 -0.0007343747
-1.07500001e-009 -0.0006796872
-1.07000001e-009 -0.0006718747
-1.06500001e-009 -0.0006953122
-1.06000001e-009 -0.0007343747
-1.05500001e-009 -0.0007968747
-1.05000001e-009 -0.0009218747
-1.04500001e-009 -0.0009765622
-1.04000001e-009 -0.001117187
-1.03500001e-009  -0.00121875
-1.03000001e-009  -0.00128125
-1.02500001e-009 -0.001382812
-1.02000001e-009 -0.001453125
-1.01500001e-009      -0.0015
-1.01000001e-009 -0.001539062
-1.00500001e-009 -0.001515625
-1.00000001e-009  -0.00153125
-9.95000013e-010 -0.001476562
-9.90000013e-010 -0.001445312
-9.85000013e-010 -0.001367187
-9.80000013e-010 -0.001351562
-9.75000013e-010 -0.001296875
-9.70000013e-010 -0.001273437
-9.65000013e-010     -0.00125
-9.60000013e-010 -0.001234375
-9.55000013e-010 -0.001234375
-9.50000013e-010     -0.00125
-9.45000013e-010  -0.00128125
-9.40000013e-010   -0.0013125
-9.35000012e-010 -0.001359375
-9.30000012e-010  -0.00140625
-9.25000012e-010 -0.001476562
-9.20000012e-010 -0.001523437
-9.15000012e-010 -0.001578125
-9.10000012e-010 -0.001609375
-9.05000012e-010 -0.001671875
-9.00000012e-010 -0.001703125
-8.95000012e-010 -0.001765625
-8.90000012e-010 -0.001796875
-8.85000012e-010   -0.0018125
-8.80000012e-010 -0.001828125
-8.75000012e-010 -0.001835937
-8.70000012e-010 -0.001835937
-8.65000012e-010 -0.001851562
-8.60000011e-010 -0.001867187
-8.55000011e-010  -0.00184375
-8.50000011e-010 -0.001828125
-8.45000011e-010 -0.001804687
-8.40000011e-010 -0.001796875
-8.35000011e-010  -0.00178125
-8.30000011e-010     -0.00175
-8.25000011e-010  -0.00171875
-8.20000011e-010 -0.001695312
-8.15000011e-010 -0.001679687
-8.10000011e-010 -0.001671875
-8.05000011e-010 -0.001671875
-8.00000011e-010 -0.001703125
-7.95000011e-010 -0.001742187
-7.90000011e-010 -0.001796875
-7.8500001e-010 -0.001914062
-7.8000001e-010 -0.002007812
-7.7500001e-010 -0.002148437
-7.7000001e-010 -0.002289062
-7.6500001e-010 -0.002460937
-7.6000001e-010 -0.002632812
-7.5500001e-010 -0.002773437
-7.5000001e-010 -0.002929687
-7.4500001e-010 -0.003054687
-7.4000001e-010 -0.003179687
-7.3500001e-010 -0.003296875
-7.3000001e-010 -0.003421875
-7.2500001e-010 -0.003515625
-7.2000001e-010 -0.003578125
-7.1500001e-010  -0.00365625
-7.10000009e-010 -0.003710937
-7.05000009e-010 -0.003773437
-7.00000009e-010  -0.00384375
-6.95000009e-010   -0.0039375
-6.90000009e-010   -0.0040625
-6.85000009e-010 -0.004242187
-6.80000009e-010  -0.00446875
-6.75000009e-010 -0.004671875
-6.70000009e-010 -0.004945312
-6.65000009e-010 -0.005257812
-6.60000009e-010 -0.005617187
-6.55000009e-010 -0.005976562
-6.50000009e-010  -0.00640625
-6.45000009e-010 -0.006867187
-6.40000009e-010 -0.007351562
-6.35000008e-010 -0.007898438
-6.30000008e-010 -0.008492188
-6.25000008e-010 -0.009085938
-6.20000008e-010 -0.009734375
-6.15000008e-010  -0.01041406
-6.10000008e-010  -0.01116406
-6.05000008e-010   -0.0119375
-6.00000008e-010   -0.0128125
-5.95000008e-010  -0.01375781
-5.90000008e-010  -0.01475781
-5.85000008e-010  -0.01589844
-5.80000008e-010  -0.01714063
-5.75000008e-010  -0.01854688
-5.70000008e-010  -0.02001563
-5.65000008e-010  -0.02165625
-5.60000007e-010  -0.02342188
-5.55000007e-010  -0.02532813
-5.50000007e-010  -0.02740625
-5.45000007e-010  -0.02960938
-5.40000007e-010  -0.03196875
-5.35000007e-010  -0.03450781
-5.30000007e-010  -0.03716406
-5.25000007e-010  -0.03996875
-5.20000007e-010  -0.04282813
-5.15000007e-010  -0.04584375
-5.10000007e-010   -0.0489375
-5.05000007e-010  -0.05213281
-5.00000007e-010  -0.05539063
-4.95000007e-010  -0.05874219
-4.90000007e-010  -0.06210938
-4.85000006e-010  -0.06553125
-4.80000006e-010  -0.06898438
-4.75000006e-010   -0.0724375
-4.70000006e-010  -0.07594532
-4.65000006e-010  -0.07942969
-4.60000006e-010  -0.08289063
-4.55000006e-010  -0.08634375
-4.50000006e-010  -0.08976563
-4.45000006e-010  -0.09310157
-4.40000006e-010  -0.09641407
-4.35000006e-010  -0.09963282
-4.30000006e-010   -0.1027344
-4.25000006e-010     -0.10575
-4.20000006e-010   -0.1086484
-4.15000006e-010   -0.1114063
-4.10000005e-010   -0.1140234
-4.05000005e-010   -0.1164219
-4.00000005e-010   -0.1187109
-3.95000005e-010   -0.1207734
-3.90000005e-010   -0.1226172
-3.85000005e-010   -0.1242734
-3.80000005e-010   -0.1257266
-3.75000005e-010   -0.1270078
-3.70000005e-010   -0.1280859
-3.65000005e-010       -0.129
-3.60000005e-010   -0.1297422
-3.55000005e-010   -0.1303125
-3.50000005e-010   -0.1307031
-3.45000005e-010   -0.1309766
-3.40000005e-010   -0.1310781
-3.35000004e-010   -0.1310547
-3.30000004e-010    -0.130875
-3.25000004e-010    -0.130625
-3.20000004e-010   -0.1302734
-3.15000004e-010   -0.1298594
-3.10000004e-010   -0.1293672
-3.05000004e-010   -0.1288047
-3.00000004e-010   -0.1281875
-2.95000004e-010   -0.1275078
-2.90000004e-010   -0.1268047
-2.85000004e-010   -0.1260625
-2.80000004e-010   -0.1252109
-2.75000004e-010   -0.1244141
-2.70000004e-010   -0.1235938
-2.65000004e-010   -0.1228125
-2.60000003e-010   -0.1219844
-2.55000003e-010   -0.1211719
-2.50000003e-010   -0.1203828
-2.45000003e-010   -0.1195625
-2.40000003e-010   -0.1187578
-2.35000003e-010   -0.1179141
-2.30000003e-010   -0.1170234
-2.25000003e-010   -0.1161484
-2.20000003e-010   -0.1152422
-2.15000003e-010   -0.1142969
-2.10000003e-010   -0.1133203
-2.05000003e-010   -0.1122656
-2.00000003e-010   -0.1111797
-1.95000003e-010   -0.1099844
-1.90000003e-010   -0.1087266
-1.85000002e-010   -0.1073828
-1.80000002e-010    -0.105875
-1.75000002e-010   -0.1042969
-1.70000002e-010   -0.1026484
-1.65000002e-010   -0.1009063
-1.60000002e-010  -0.09901563
-1.55000002e-010  -0.09702344
-1.50000002e-010  -0.09499219
-1.45000002e-010  -0.09276563
-1.40000002e-010  -0.09044532
-1.35000002e-010   -0.0880625
-1.30000002e-010  -0.08550782
-1.25000002e-010  -0.08288282
-1.20000002e-010    -0.080125
-1.15000002e-010  -0.07730469
-1.10000001e-010   -0.0743125
-1.05000001e-010  -0.07125782
-1.00000001e-010  -0.06817969
-9.50000013e-011  -0.06491407
-9.00000012e-011  -0.06161719
-8.50000011e-011     -0.05825
-8.00000011e-011  -0.05479688
-7.5000001e-011   -0.0513125
-7.00000009e-011  -0.04777344
-6.50000009e-011     -0.04425
-6.00000008e-011  -0.04067969
-5.50000007e-011   -0.0371875
-5.00000007e-011   -0.0336875
-4.50000006e-011  -0.03025781
-4.00000005e-011   -0.0269375
-3.50000005e-011   -0.0236875
-3.00000004e-011  -0.02059375
-2.50000003e-011  -0.01757031
-2.00000003e-011   -0.0146875
-1.50000002e-011  -0.01196875
-1.00000001e-011 -0.009382813
-5.00000007e-012       -0.007
           0 -0.004757812
5.00000007e-012 -0.002671875
1.00000001e-011 -0.0007734372
1.50000002e-011 0.0009375004
2.00000003e-011  0.002515625
2.50000003e-011  0.003937501
3.00000004e-011  0.005234376
3.50000005e-011  0.006375001
4.00000005e-011  0.007398438
4.50000006e-011  0.008312501
5.00000007e-011  0.009070313
5.50000007e-011  0.009781251
6.00000008e-011   0.01036719
6.50000009e-011   0.01084375
7.00000009e-011   0.01122656
7.5000001e-011   0.01153125
8.00000011e-011   0.01179688
8.50000011e-011    0.0119375
9.00000012e-011    0.0120625
9.50000013e-011   0.01207813
1.00000001e-010   0.01207031
1.05000001e-010   0.01196875
1.10000001e-010   0.01179688
1.15000002e-010   0.01164063
1.20000002e-010   0.01138281
1.25000002e-010   0.01109375
1.30000002e-010   0.01082813
1.35000002e-010   0.01053125
1.40000002e-010   0.01022656
1.45000002e-010  0.009929688
1.50000002e-010  0.009632813
1.55000002e-010  0.009375001
1.60000002e-010  0.009125001
1.65000002e-010  0.008890626
1.70000002e-010  0.008703126
1.75000002e-010  0.008601563
1.80000002e-010  0.008546876
1.85000002e-010  0.008539063
1.90000003e-010  0.008625001
1.95000003e-010  0.008757813
2.00000003e-010  0.008937501
2.05000003e-010  0.009203126
2.10000003e-010  0.009515626
2.15000003e-010  0.009921876
2.20000003e-010   0.01028906
2.25000003e-010   0.01073438
2.30000003e-010   0.01120313
2.35000003e-010   0.01166406
2.40000003e-010   0.01214844
2.45000003e-010   0.01261719
2.50000003e-010   0.01310156
2.55000003e-010   0.01357813
2.60000003e-010   0.01400781
2.65000004e-010    0.0144375
2.70000004e-010   0.01483594
2.75000004e-010   0.01517969
2.80000004e-010   0.01551563
2.85000004e-010   0.01579688
2.90000004e-010    0.0160625
2.95000004e-010   0.01632031
3.00000004e-010   0.01651563
3.05000004e-010   0.01671094
3.10000004e-010   0.01688281
3.15000004e-010   0.01703125
3.20000004e-010   0.01714844
3.25000004e-010   0.01723438
3.30000004e-010   0.01727344
3.35000004e-010   0.01732813
3.40000005e-010   0.01732031
3.45000005e-010   0.01730469
3.50000005e-010   0.01728125
3.55000005e-010   0.01719531
3.60000005e-010   0.01704688
3.65000005e-010   0.01689063
3.70000005e-010   0.01667969
3.75000005e-010    0.0164375
3.80000005e-010   0.01617969
3.85000005e-010   0.01583594
3.90000005e-010   0.01552344
3.95000005e-010   0.01514844
4.00000005e-010   0.01477344
4.05000005e-010   0.01438281
4.10000005e-010   0.01399219
4.15000006e-010    0.0135625
4.20000006e-010   0.01315625
4.25000006e-010   0.01278906
4.30000006e-010   0.01239844
4.35000006e-010   0.01205469
4.40000006e-010   0.01171094
4.45000006e-010   0.01142188
4.50000006e-010   0.01117969
4.55000006e-010   0.01097656
4.60000006e-010   0.01080469
4.65000006e-010   0.01067188
4.70000006e-010   0.01060156
4.75000006e-010   0.01057031
4.80000006e-010   0.01057813
4.85000006e-010   0.01064844
4.90000007e-010   0.01073438
4.95000007e-010    0.0108125
5.00000007e-010   0.01098438
5.05000007e-010   0.01111719
5.10000007e-010      0.01125
5.15000007e-010   0.01146094
5.20000007e-010   0.01160156
5.25000007e-010   0.01173438
5.30000007e-010   0.01186719
5.35000007e-010   0.01196094
5.40000007e-010   0.01210156
5.45000007e-010   0.01215625
5.50000007e-010   0.01221875
5.55000007e-010   0.01225781
5.60000007e-010   0.01230469
5.65000008e-010     0.012375
5.70000008e-010   0.01239844
5.75000008e-010    0.0124375
5.80000008e-010   0.01246875
5.85000008e-010   0.01252344
5.90000008e-010   0.01260938
5.95000008e-010    0.0126875
6.00000008e-010   0.01273438
6.05000008e-010   0.01282813
6.10000008e-010   0.01289063
6.15000008e-010   0.01298438
6.20000008e-010   0.01305469
6.25000008e-010   0.01310938
6.30000008e-010   0.01314844
6.35000008e-010   0.01314063
6.40000009e-010   0.01311719
6.45000009e-010   0.01309375
6.50000009e-010   0.01298438
6.55000009e-010     0.012875
6.60000009e-010   0.01274219
6.65000009e-010   0.01260938
6.70000009e-010   0.01244531
6.75000009e-010   0.01229688
6.80000009e-010   0.01211719
6.85000009e-010   0.01197656
6.90000009e-010   0.01185156
6.95000009e-010   0.01176563
7.00000009e-010   0.01165625
7.05000009e-010   0.01166406
7.10000009e-010     0.011625
7.1500001e-010   0.01166406
7.2000001e-010   0.01174219
7.2500001e-010   0.01180469
7.3000001e-010   0.01192969
7.3500001e-010   0.01208594
7.4000001e-010   0.01222656
7.4500001e-010   0.01241406
7.5000001e-010   0.01253125
7.5500001e-010   0.01271094
7.6000001e-010   0.01289063
7.6500001e-010   0.01303906
7.7000001e-010   0.01319531
7.7500001e-010   0.01332031
7.8000001e-010   0.01345313
7.8500001e-010   0.01359375
7.90000011e-010   0.01374219
7.95000011e-010   0.01382813
8.00000011e-010   0.01392188
8.05000011e-010   0.01407031
8.10000011e-010   0.01413281
8.15000011e-010   0.01424219
8.20000011e-010   0.01434375
8.25000011e-010    0.0144375
8.30000011e-010   0.01454688
8.35000011e-010   0.01464844
8.40000011e-010   0.01472656
8.45000011e-010   0.01485156
8.50000011e-010    0.0149375
8.55000011e-010    0.0150625
8.60000011e-010     0.015125
8.65000012e-010   0.01523438
8.70000012e-010   0.01532031
8.75000012e-010    0.0154375
8.80000012e-010   0.01553125
8.85000012e-010   0.01564063
8.90000012e-010   0.01571875
8.95000012e-010   0.01582031
9.00000012e-010   0.01585156
9.05000012e-010   0.01595313
9.10000012e-010   0.01600781
9.15000012e-010   0.01604688
9.20000012e-010   0.01605469
9.25000012e-010   0.01608594
9.30000012e-010   0.01609375
9.35000012e-010   0.01604688
9.40000013e-010   0.01601563
9.45000013e-010   0.01595313
9.50000013e-010   0.01591406
9.55000013e-010    0.0158125
9.60000013e-010   0.01570313
9.65000013e-010   0.01560938
9.70000013e-010       0.0155
9.75000013e-010   0.01539063
9.80000013e-010   0.01530469
9.85000013e-010    0.0151875
9.90000013e-010     0.015125
9.95000013e-010   0.01505469
1.00000001e-009   0.01498438
1.00500001e-009   0.01496094
1.01000001e-009   0.01494531
1.01500001e-009   0.01492188
1.02000001e-009   0.01491406
1.02500001e-009   0.01494531
1.03000001e-009   0.01494531
1.03500001e-009   0.01496094
1.04000001e-009   0.01497656
1.04500001e-009   0.01499219
1.05000001e-009   0.01502344
1.05500001e-009   0.01503125
1.06000001e-009   0.01503906
1.06500001e-009   0.01510156
1.07000001e-009   0.01509375
1.07500001e-009   0.01510156
1.08000001e-009   0.01514063
1.08500001e-009   0.01515625
1.09000001e-009   0.01521875
1.09500001e-009   0.01527344
1.10000001e-009   0.01532813
1.10500001e-009   0.01540625
1.11000001e-009       0.0155
1.11500001e-009   0.01559375
1.12000001e-009    0.0156875
1.12500002e-009    0.0158125
1.13000002e-009   0.01592969
1.13500002e-009   0.01607031
1.14000002e-009   0.01614844
1.14500002e-009   0.01628125
1.15000002e-009   0.01639063
1.15500002e-009   0.01646875
1.16000002e-009   0.01655469
1.16500002e-009   0.01663281
1.17000002e-009   0.01666406
1.17500002e-009   0.01666406
1.18000002e-009   0.01670313
1.18500002e-009    0.0166875
1.19000002e-009   0.01666406
1.19500002e-009   0.01665625
1.20000002e-009   0.01659375
1.20500002e-009   0.01653125
1.21000002e-009   0.01644531
1.21500002e-009   0.01635156
1.22000002e-009   0.01627344
1.22500002e-009   0.01619531
1.23000002e-009     0.016125
1.23500002e-009   0.01604688
1.24000002e-009   0.01596094
1.24500002e-009   0.01588281
1.25000002e-009   0.01580469
