-2.49000003e-009       -0.013
-2.48000003e-009  -0.00484375
-2.47000003e-009       -0.013
-2.46000003e-009 -0.004976562
-2.45000003e-009   -0.0133125
-2.44000003e-009 -0.004335937
-2.43000003e-009  -0.01307031
-2.42000003e-009   -0.0041875
-2.41000003e-009  -0.01290625
-2.40000003e-009   -0.0038125
-2.39000003e-009  -0.01476563
-2.38000003e-009       -0.003
-2.37000003e-009  -0.01419531
-2.36000003e-009 -0.002796875
-2.35000003e-009  -0.01317188
-2.34000003e-009       -0.003
-2.33000003e-009  -0.01323438
-2.32000003e-009 -0.003570312
-2.31000003e-009       -0.013
-2.30000003e-009       -0.003
-2.29000003e-009  -0.01322656
-2.28000003e-009 -0.002890625
-2.27000003e-009  -0.01208594
-2.26000003e-009       -0.003
-2.25000003e-009       -0.011
-2.24000003e-009       -0.003
-2.23000003e-009       -0.011
-2.22000003e-009 -0.002445312
-2.21000003e-009   -0.0119375
-2.20000003e-009       -0.003
-2.19000003e-009  -0.01141406
-2.18000003e-009    -0.003125
-2.17000003e-009  -0.01125781
-2.16000003e-009 -0.001992187
-2.15000003e-009  -0.01164063
-2.14000003e-009 -0.0009296872
-2.13000003e-009  -0.01299219
-2.12000003e-009   -0.0019375
-2.11000003e-009  -0.01186719
-2.10000003e-009 -0.002828125
-2.09000003e-009  -0.01142969
-2.08000003e-009 -0.002015625
-2.07000003e-009       -0.011
-2.06000003e-009 -0.0009296872
-2.05000003e-009       -0.013
-2.04000003e-009 -0.002445312
-2.03000003e-009  -0.01244531
-2.02000003e-009 -0.002078125
-2.01000003e-009  -0.01101563
-2.00000003e-009 -0.0009999997
-1.99000003e-009       -0.011
-1.98000003e-009 -0.0006249997
-1.97000003e-009  -0.01067969
-1.96000003e-009 -0.0008046872
-1.95000003e-009 -0.009523438
-1.94000003e-009 -0.001257812
-1.93000003e-009 -0.009796875
-1.92000003e-009 -0.0009999997
-1.91000003e-009 -0.009289063
-1.90000003e-009 0.0006406254
-1.89000003e-009 -0.009007813
-1.88000003e-009 0.0004765629
-1.87000002e-009       -0.009
-1.86000002e-009 0.0009375004
-1.85000002e-009      -0.0095
-1.84000002e-009 -0.0002343747
-1.83000002e-009  -0.01014844
-1.82000002e-009 -0.001078125
-1.81000002e-009       -0.009
-1.80000002e-009 -0.0009999997
-1.79000002e-009 -0.008398438
-1.78000002e-009 0.0004375004
-1.77000002e-009  -0.00928125
-1.76000002e-009        0.001
-1.75000002e-009       -0.009
-1.74000002e-009 -5.468715e-005
-1.73000002e-009       -0.009
-1.72000002e-009        0.001
-1.71000002e-009  -0.00934375
-1.70000002e-009 0.0008515629
-1.69000002e-009 -0.007054687
-1.68000002e-009        0.001
-1.67000002e-009       -0.007
-1.66000002e-009 0.0005468754
-1.65000002e-009       -0.007
-1.64000002e-009        0.001
-1.63000002e-009       -0.007
-1.62000002e-009        0.001
-1.61000002e-009 -0.007085937
-1.60000002e-009        0.003
-1.59000002e-009 -0.007695313
-1.58000002e-009  0.002203125
-1.57000002e-009    -0.007625
-1.56000002e-009  0.001351563
-1.55000002e-009 -0.006257812
-1.54000002e-009        0.003
-1.53000002e-009 -0.007390625
-1.52000002e-009  0.001757813
-1.51000002e-009 -0.007015625
-1.50000002e-009   0.00178125
-1.49000002e-009     -0.00725
-1.48000002e-009  0.002117188
-1.47000002e-009       -0.007
-1.46000002e-009        0.003
-1.45000002e-009 -0.006140625
-1.44000002e-009  0.003492188
-1.43000002e-009 -0.005796875
-1.42000002e-009  0.005000001
-1.41000002e-009 -0.006117187
-1.40000002e-009  0.003351563
-1.39000002e-009 -0.006617187
-1.38000002e-009  0.001671875
-1.37000002e-009  -0.00815625
-1.36000002e-009  0.001539063
-1.35000002e-009       -0.007
-1.34000002e-009  0.003015625
-1.33000002e-009 -0.005773437
-1.32000002e-009    0.0020625
-1.31000002e-009    -0.006125
-1.30000002e-009  0.002617188
-1.29000002e-009 -0.006632812
-1.28000002e-009  0.004664063
-1.27000002e-009 -0.006085937
-1.26000002e-009  0.005000001
-1.25000002e-009 -0.005703125
-1.24000002e-009  0.002828125
-1.23000002e-009 -0.006882812
-1.22000002e-009  0.004539063
-1.21000002e-009 -0.007445313
-1.20000002e-009  0.004609376
-1.19000002e-009 -0.006054687
-1.18000002e-009  0.002515625
-1.17000002e-009    -0.006125
-1.16000002e-009  0.003164063
-1.15000002e-009 -0.007398438
-1.14000002e-009  0.002679688
-1.13000002e-009 -0.006867187
-1.12000001e-009        0.003
-1.11000001e-009 -0.005578125
-1.10000001e-009  0.004132813
-1.09000001e-009 -0.005515625
-1.08000001e-009        0.003
-1.07000001e-009 -0.006476562
-1.06000001e-009  0.002015625
-1.05000001e-009    -0.007625
-1.04000001e-009  0.003476563
-1.03000001e-009 -0.006960937
-1.02000001e-009  0.002898438
-1.01000001e-009   -0.0061875
-1.00000001e-009  0.001429688
-9.90000013e-010 -0.007632813
-9.80000013e-010        0.003
-9.70000013e-010  -0.00721875
-9.60000013e-010  0.001921875
-9.50000013e-010       -0.007
-9.40000013e-010        0.003
-9.30000012e-010 -0.005921875
-9.20000012e-010    0.0019375
-9.10000012e-010 -0.005773437
-9.00000012e-010        0.003
-8.90000012e-010   -0.0068125
-8.80000012e-010  0.002359375
-8.70000012e-010 -0.007257812
-8.60000011e-010        0.001
-8.50000011e-010  -0.00859375
-8.40000011e-010   0.00140625
-8.30000011e-010 -0.007789063
-8.20000011e-010  0.002765625
-8.10000011e-010     -0.00675
-8.00000011e-010  0.002234375
-7.90000011e-010       -0.007
-7.8000001e-010  0.001484375
-7.7000001e-010  -0.00753125
-7.6000001e-010  0.001890625
-7.5000001e-010 -0.009820313
-7.4000001e-010 -0.0007109372
-7.3000001e-010 -0.008992188
-7.2000001e-010 -0.0009999997
-7.10000009e-010    -0.010375
-7.00000009e-010 -0.0009999997
-6.90000009e-010  -0.01108594
-6.80000009e-010 -0.0009999997
-6.70000009e-010  -0.01233594
-6.60000009e-010 -0.004085937
-6.50000009e-010  -0.01363281
-6.40000009e-010       -0.005
-6.30000008e-010  -0.01764063
-6.20000008e-010   -0.0095625
-6.10000008e-010  -0.02225781
-6.00000008e-010   -0.0143125
-5.90000008e-010  -0.02865625
-5.80000008e-010  -0.01622656
-5.70000008e-010     -0.03675
-5.60000007e-010       -0.023
-5.50000007e-010   -0.0475625
-5.40000007e-010  -0.03846875
-5.30000007e-010  -0.05839844
-5.20000007e-010       -0.051
-5.10000007e-010  -0.07196875
-5.00000007e-010  -0.06270313
-4.90000007e-010       -0.087
-4.80000006e-010       -0.077
-4.70000006e-010   -0.1004453
-4.60000006e-010       -0.091
-4.50000006e-010     -0.11175
-4.40000006e-010   -0.1020234
-4.30000006e-010   -0.1229688
-4.20000006e-010       -0.113
-4.10000005e-010       -0.129
-4.00000005e-010   -0.1199688
-3.90000005e-010       -0.135
-3.80000005e-010   -0.1248125
-3.70000005e-010    -0.137375
-3.60000005e-010   -0.1264141
-3.50000005e-010       -0.137
-3.40000005e-010   -0.1266172
-3.30000004e-010   -0.1353047
-3.20000004e-010   -0.1235391
-3.10000004e-010       -0.133
-3.00000004e-010       -0.121
-2.90000004e-010   -0.1304453
-2.80000004e-010   -0.1174766
-2.70000004e-010   -0.1255156
-2.60000003e-010   -0.1124375
-2.50000003e-010       -0.121
-2.40000003e-010   -0.1095547
-2.30000003e-010       -0.117
-2.20000003e-010   -0.1041484
-2.10000003e-010   -0.1134844
-2.00000003e-010       -0.099
-1.90000003e-010       -0.107
-1.80000002e-010       -0.091
-1.70000002e-010  -0.09903907
-1.60000002e-010  -0.08238282
-1.50000002e-010  -0.09039844
-1.40000002e-010  -0.07167188
-1.30000002e-010  -0.07916407
-1.20000002e-010       -0.059
-1.10000001e-010       -0.067
-1.00000001e-010  -0.04489063
-9.00000012e-011  -0.05321094
-8.00000011e-011    -0.032375
-7.00000009e-011  -0.04096094
-6.00000008e-011       -0.021
-5.00000007e-011  -0.02830469
-4.00000005e-011   -0.0089375
-3.00000004e-011  -0.01608594
-2.00000003e-011        0.001
-1.00000001e-011 -0.006804687
           0  0.007250001
1.00000001e-011 0.0006796879
2.00000003e-011        0.013
3.00000004e-011  0.005000001
4.00000005e-011        0.017
5.00000007e-011  0.007812501
6.00000008e-011   0.01749219
7.00000009e-011  0.007000001
8.00000011e-011        0.017
9.00000012e-011  0.006757813
1.00000001e-010        0.017
1.10000001e-010  0.005000001
1.20000002e-010   0.01597656
1.30000002e-010  0.002992188
1.40000002e-010        0.015
1.50000002e-010  0.002890625
1.60000002e-010   0.01339063
1.70000002e-010  0.003671876
1.80000002e-010       0.0125
1.90000003e-010  0.004937501
2.00000003e-010        0.015
2.10000003e-010  0.006460938
2.20000003e-010   0.01473438
2.30000003e-010  0.007789063
2.40000003e-010        0.017
2.50000003e-010  0.009710938
2.60000003e-010   0.01939844
2.70000004e-010        0.011
2.80000004e-010   0.02139063
2.90000004e-010        0.013
3.00000004e-010        0.023
3.10000004e-010        0.013
3.20000004e-010   0.02195313
3.30000004e-010   0.01189844
3.40000005e-010   0.02264844
3.50000005e-010        0.011
3.60000005e-010   0.02229688
3.70000005e-010  0.009000001
3.80000005e-010    0.0195625
3.90000005e-010  0.007945313
4.00000005e-010        0.019
4.10000005e-010  0.006640626
4.20000006e-010        0.017
4.30000006e-010  0.006867188
4.40000006e-010   0.01450781
4.50000006e-010  0.005000001
4.60000006e-010   0.01382031
4.70000006e-010  0.004687501
4.80000006e-010   0.01410938
4.90000007e-010  0.003484376
5.00000007e-010   0.01373438
5.10000007e-010  0.002539063
5.20000007e-010        0.015
5.30000007e-010  0.004750001
5.40000007e-010   0.01542969
5.50000007e-010  0.005718751
5.60000007e-010   0.01629688
5.70000008e-010  0.007562501
5.80000008e-010   0.01732031
5.90000008e-010  0.007000001
6.00000008e-010   0.01822656
6.10000008e-010  0.006406251
6.20000008e-010   0.01871875
6.30000008e-010  0.007000001
6.40000009e-010   0.01721875
6.50000009e-010  0.008093751
6.60000009e-010   0.01634375
6.70000009e-010  0.007617188
6.80000009e-010        0.019
6.90000009e-010  0.007000001
7.00000009e-010   0.01825781
7.10000009e-010  0.007117188
7.2000001e-010    0.0186875
7.3000001e-010  0.007000001
7.4000001e-010   0.01802344
7.5000001e-010  0.006796876
7.6000001e-010   0.01921094
7.7000001e-010  0.007828126
7.8000001e-010   0.01778125
7.90000011e-010  0.008617188
8.00000011e-010   0.01776563
8.10000011e-010  0.008078126
8.20000011e-010   0.01861719
8.30000011e-010  0.009000001
8.40000011e-010   0.01914844
8.50000011e-010   0.01028906
8.60000011e-010    0.0206875
8.70000012e-010   0.01088281
8.80000012e-010        0.021
8.90000012e-010   0.01096875
9.00000012e-010   0.02121094
9.10000012e-010        0.011
9.20000012e-010   0.02088281
9.30000012e-010   0.01209375
9.40000013e-010   0.01985156
9.50000013e-010        0.011
9.60000013e-010   0.01979688
9.70000013e-010   0.01017188
9.80000013e-010   0.02000781
9.90000013e-010   0.01046875
1.00000001e-009        0.021
1.01000001e-009        0.011
1.02000001e-009   0.02032813
1.03000001e-009  0.008562501
1.04000001e-009        0.021
1.05000001e-009  0.008632813
1.06000001e-009   0.01963281
1.07000001e-009  0.009945313
1.08000001e-009        0.021
1.09000001e-009   0.01009375
1.10000001e-009   0.01985938
1.11000001e-009  0.008570313
1.12000001e-009   0.01922656
1.13000002e-009  0.009000001
1.14000002e-009   0.01947656
1.15000002e-009   0.01024219
1.16000002e-009        0.019
1.17000002e-009   0.01004688
1.18000002e-009   0.01914063
1.19000002e-009   0.01089844
1.20000002e-009   0.01949219
1.21000002e-009   0.01127344
1.22000002e-009   0.02078125
1.23000002e-009        0.011
1.24000002e-009   0.02077344
1.25000002e-009   0.01021094
1.26000002e-009   0.02257813
1.27000002e-009   0.01045313
1.28000002e-009   0.02248438
1.29000002e-009  0.009515626
1.30000002e-009   0.01973438
1.31000002e-009   0.01022656
1.32000002e-009   0.02120313
1.33000002e-009   0.01076563
1.34000002e-009        0.023
1.35000002e-009   0.01076563
1.36000002e-009   0.02126563
1.37000002e-009    0.0104375
1.38000002e-009   0.02077344
1.39000002e-009   0.01038281
1.40000002e-009        0.023
1.41000002e-009   0.01094531
1.42000002e-009        0.021
1.43000002e-009   0.01042188
1.44000002e-009   0.02098438
1.45000002e-009   0.01010156
1.46000002e-009        0.021
1.47000002e-009  0.009000001
1.48000002e-009   0.01984375
1.49000002e-009   0.01023438
1.50000002e-009        0.021
1.51000002e-009  0.009468751
1.52000002e-009        0.021
1.53000002e-009  0.009296876
1.54000002e-009      0.02175
1.55000002e-009        0.011
1.56000002e-009        0.021
1.57000002e-009   0.01005469
1.58000002e-009   0.02025781
1.59000002e-009  0.009367188
1.60000002e-009   0.01810156
1.61000002e-009  0.008835938
1.62000002e-009   0.01904688
1.63000002e-009  0.008257813
1.64000002e-009   0.01753125
1.65000002e-009  0.007000001
1.66000002e-009   0.01757031
1.67000002e-009  0.007148438
1.68000002e-009        0.017
1.69000002e-009  0.007789063
1.70000002e-009   0.01853125
1.71000002e-009  0.008398438
1.72000002e-009   0.01796875
1.73000002e-009  0.008968751
1.74000002e-009   0.01879688
1.75000002e-009  0.008789063
1.76000002e-009   0.01920313
1.77000002e-009  0.008164063
1.78000002e-009   0.01860938
1.79000002e-009  0.006773438
1.80000002e-009        0.019
1.81000002e-009  0.007656251
1.82000002e-009   0.01771875
1.83000002e-009  0.007000001
1.84000002e-009    0.0171875
1.85000002e-009  0.007000001
1.86000002e-009        0.019
1.87000002e-009  0.008195313
1.88000003e-009        0.019
1.89000003e-009  0.007851563
1.90000003e-009        0.019
1.91000003e-009  0.007132813
1.92000003e-009   0.01796875
1.93000003e-009  0.006726563
1.94000003e-009        0.017
1.95000003e-009  0.008640626
1.96000003e-009   0.01773438
1.97000003e-009  0.009000001
1.98000003e-009   0.01755469
1.99000003e-009  0.007757813
2.00000003e-009        0.017
2.01000003e-009  0.008484376
2.02000003e-009   0.01711719
2.03000003e-009  0.008367188
2.04000003e-009   0.01775781
2.05000003e-009  0.008968751
2.06000003e-009        0.019
2.07000003e-009  0.008742188
2.08000003e-009   0.01852344
2.09000003e-009  0.008179688
2.10000003e-009        0.019
2.11000003e-009  0.008914063
2.12000003e-009        0.019
2.13000003e-009  0.007000001
2.14000003e-009   0.01877344
2.15000003e-009  0.008039063
2.16000003e-009   0.01752344
2.17000003e-009  0.007617188
2.18000003e-009   0.01709375
2.19000003e-009  0.006890626
2.20000003e-009   0.01708594
2.21000003e-009  0.007320313
2.22000003e-009        0.018
2.23000003e-009  0.007000001
2.24000003e-009    0.0190625
2.25000003e-009  0.006179688
2.26000003e-009   0.01727344
2.27000003e-009  0.007000001
2.28000003e-009   0.01778906
2.29000003e-009  0.007820313
2.30000003e-009        0.019
2.31000003e-009  0.007000001
2.32000003e-009   0.01789063
2.33000003e-009  0.007617188
2.34000003e-009   0.01826563
2.35000003e-009  0.006757813
2.36000003e-009   0.01753125
2.37000003e-009  0.008039063
2.38000003e-009   0.01723438
2.39000003e-009  0.008000001
2.40000003e-009        0.017
2.41000003e-009  0.005742188
2.42000003e-009   0.01726563
2.43000003e-009  0.005367188
2.44000003e-009   0.01685938
2.45000003e-009  0.008000001
2.46000003e-009   0.01707031
2.47000003e-009  0.006656251
2.48000003e-009   0.01745313
2.49000003e-009  0.007000001
2.50000003e-009   0.01592188
