-1.24500002e-009 -0.002039062
-1.24000002e-009 -0.002023437
-1.23500002e-009 -0.002015625
-1.23000002e-009       -0.002
-1.22500002e-009 -0.001976562
-1.22000002e-009   -0.0019375
-1.21500002e-009  -0.00190625
-1.21000002e-009 -0.001882812
-1.20500002e-009 -0.001851562
-1.20000002e-009   -0.0018125
-1.19500002e-009 -0.001796875
-1.19000002e-009 -0.001757812
-1.18500002e-009 -0.001757812
-1.18000002e-009 -0.001734375
-1.17500002e-009     -0.00175
-1.17000002e-009 -0.001726562
-1.16500002e-009 -0.001726562
-1.16000002e-009 -0.001734375
-1.15500002e-009 -0.001734375
-1.15000002e-009 -0.001742187
-1.14500002e-009 -0.001789062
-1.14000002e-009 -0.001789062
-1.13500002e-009 -0.001820312
-1.13000002e-009 -0.001820312
-1.12500002e-009 -0.001804687
-1.12000001e-009 -0.001835937
-1.11500001e-009 -0.001820312
-1.11000001e-009  -0.00184375
-1.10500001e-009  -0.00184375
-1.10000001e-009 -0.001859375
-1.09500001e-009 -0.001890625
-1.09000001e-009  -0.00190625
-1.08500001e-009 -0.001960937
-1.08000001e-009 -0.001992187
-1.07500001e-009  -0.00203125
-1.07000001e-009    -0.002125
-1.06500001e-009 -0.002164062
-1.06000001e-009 -0.002265625
-1.05500001e-009 -0.002351562
-1.05000001e-009 -0.002382812
-1.04500001e-009 -0.002414062
-1.04000001e-009 -0.002460937
-1.03500001e-009 -0.002429687
-1.03000001e-009   -0.0024375
-1.02500001e-009 -0.002414062
-1.02000001e-009 -0.002367187
-1.01500001e-009 -0.002351562
-1.01000001e-009 -0.002289062
-1.00500001e-009 -0.002226562
-1.00000001e-009 -0.002148437
-9.95000013e-010    -0.002125
-9.90000013e-010 -0.002078125
-9.85000013e-010 -0.002078125
-9.80000013e-010  -0.00209375
-9.75000013e-010 -0.002070312
-9.70000013e-010  -0.00209375
-9.65000013e-010 -0.002148437
-9.60000013e-010     -0.00225
-9.55000013e-010  -0.00234375
-9.50000013e-010 -0.002445312
-9.45000013e-010 -0.002507812
-9.40000013e-010 -0.002648437
-9.35000012e-010  -0.00271875
-9.30000012e-010 -0.002859375
-9.25000012e-010 -0.002914062
-9.20000012e-010 -0.002992187
-9.15000012e-010 -0.003023437
-9.10000012e-010 -0.003085937
-9.05000012e-010 -0.003109375
-9.00000012e-010 -0.003109375
-8.95000012e-010 -0.003132812
-8.90000012e-010 -0.003109375
-8.85000012e-010 -0.003117187
-8.80000012e-010 -0.003085937
-8.75000012e-010 -0.003046875
-8.70000012e-010 -0.003054687
-8.65000012e-010 -0.003015625
-8.60000011e-010 -0.002992187
-8.55000011e-010 -0.002984375
-8.50000011e-010  -0.00296875
-8.45000011e-010  -0.00296875
-8.40000011e-010  -0.00296875
-8.35000011e-010 -0.002976562
-8.30000011e-010 -0.003015625
-8.25000011e-010 -0.003015625
-8.20000011e-010 -0.003046875
-8.15000011e-010  -0.00309375
-8.10000011e-010 -0.003148437
-8.05000011e-010 -0.003226562
-8.00000011e-010 -0.003320312
-7.95000011e-010 -0.003382812
-7.90000011e-010 -0.003460937
-7.8500001e-010  -0.00353125
-7.8000001e-010 -0.003664062
-7.7500001e-010  -0.00378125
-7.7000001e-010 -0.003867187
-7.6500001e-010 -0.003960937
-7.6000001e-010 -0.004109375
-7.5500001e-010 -0.004242187
-7.5000001e-010 -0.004398437
-7.4500001e-010 -0.004492187
-7.4000001e-010 -0.004632812
-7.3500001e-010 -0.004789062
-7.3000001e-010   -0.0049375
-7.2500001e-010 -0.005148437
-7.2000001e-010  -0.00534375
-7.1500001e-010 -0.005585937
-7.10000009e-010  -0.00584375
-7.05000009e-010 -0.006140625
-7.00000009e-010 -0.006453125
-6.95000009e-010 -0.006765625
-6.90000009e-010    -0.007125
-6.85000009e-010 -0.007523438
-6.80000009e-010 -0.007953125
-6.75000009e-010 -0.008414063
-6.70000009e-010 -0.008929688
-6.65000009e-010 -0.009460938
-6.60000009e-010  -0.01005469
-6.55000009e-010     -0.01075
-6.50000009e-010  -0.01149219
-6.45000009e-010  -0.01227344
-6.40000009e-010  -0.01314063
-6.35000008e-010  -0.01410938
-6.30000008e-010    -0.015125
-6.25000008e-010  -0.01628906
-6.20000008e-010  -0.01760156
-6.15000008e-010  -0.01903125
-6.10000008e-010  -0.02059375
-6.05000008e-010  -0.02228906
-6.00000008e-010    -0.024125
-5.95000008e-010  -0.02610156
-5.90000008e-010  -0.02821875
-5.85000008e-010  -0.03047656
-5.80000008e-010  -0.03289063
-5.75000008e-010   -0.0354375
-5.70000008e-010  -0.03808594
-5.65000008e-010  -0.04090625
-5.60000007e-010  -0.04382813
-5.55000007e-010  -0.04689063
-5.50000007e-010  -0.05005469
-5.45000007e-010  -0.05328906
-5.40000007e-010  -0.05665625
-5.35000007e-010  -0.06005469
-5.30000007e-010  -0.06357813
-5.25000007e-010  -0.06716407
-5.20000007e-010   -0.0708125
-5.15000007e-010  -0.07447657
-5.10000007e-010  -0.07824219
-5.05000007e-010       -0.082
-5.00000007e-010  -0.08578125
-4.95000007e-010   -0.0895625
-4.90000007e-010  -0.09325782
-4.85000006e-010  -0.09694532
-4.80000006e-010   -0.1005078
-4.75000006e-010   -0.1039688
-4.70000006e-010   -0.1073203
-4.65000006e-010   -0.1105313
-4.60000006e-010   -0.1135859
-4.55000006e-010   -0.1164531
-4.50000006e-010   -0.1191641
-4.45000006e-010   -0.1216953
-4.40000006e-010   -0.1239922
-4.35000006e-010   -0.1260859
-4.30000006e-010   -0.1279922
-4.25000006e-010   -0.1296484
-4.20000006e-010   -0.1310938
-4.15000006e-010   -0.1323672
-4.10000005e-010   -0.1334844
-4.05000005e-010   -0.1343906
-4.00000005e-010   -0.1351406
-3.95000005e-010     -0.13575
-3.90000005e-010   -0.1362422
-3.85000005e-010   -0.1365547
-3.80000005e-010   -0.1367734
-3.75000005e-010   -0.1368516
-3.70000005e-010   -0.1368438
-3.65000005e-010   -0.1367109
-3.60000005e-010   -0.1364609
-3.55000005e-010   -0.1361797
-3.50000005e-010   -0.1357578
-3.45000005e-010   -0.1353516
-3.40000005e-010   -0.1348906
-3.35000004e-010   -0.1343281
-3.30000004e-010   -0.1337188
-3.25000004e-010   -0.1330703
-3.20000004e-010   -0.1323516
-3.15000004e-010   -0.1316484
-3.10000004e-010   -0.1308828
-3.05000004e-010   -0.1301172
-3.00000004e-010   -0.1293906
-2.95000004e-010   -0.1286641
-2.90000004e-010   -0.1279688
-2.85000004e-010   -0.1272422
-2.80000004e-010   -0.1265781
-2.75000004e-010   -0.1258438
-2.70000004e-010   -0.1251875
-2.65000004e-010   -0.1244688
-2.60000003e-010   -0.1237656
-2.55000003e-010   -0.1230391
-2.50000003e-010    -0.122375
-2.45000003e-010   -0.1216875
-2.40000003e-010   -0.1209609
-2.35000003e-010   -0.1202422
-2.30000003e-010   -0.1194453
-2.25000003e-010   -0.1185938
-2.20000003e-010   -0.1177266
-2.15000003e-010   -0.1167578
-2.10000003e-010   -0.1157188
-2.05000003e-010   -0.1146094
-2.00000003e-010   -0.1134609
-1.95000003e-010   -0.1122266
-1.90000003e-010   -0.1109141
-1.85000002e-010   -0.1095156
-1.80000002e-010   -0.1080469
-1.75000002e-010   -0.1064219
-1.70000002e-010   -0.1047891
-1.65000002e-010   -0.1029766
-1.60000002e-010   -0.1011172
-1.55000002e-010  -0.09910157
-1.50000002e-010  -0.09702344
-1.45000002e-010    -0.094875
-1.40000002e-010  -0.09257813
-1.35000002e-010  -0.09020313
-1.30000002e-010  -0.08771875
-1.25000002e-010  -0.08515625
-1.20000002e-010  -0.08246875
-1.15000002e-010  -0.07964844
-1.10000001e-010  -0.07675782
-1.05000001e-010  -0.07378125
-1.00000001e-010  -0.07066407
-9.50000013e-011      -0.0675
-9.00000012e-011  -0.06417969
-8.50000011e-011  -0.06089844
-8.00000011e-011  -0.05750781
-7.5000001e-011       -0.054
-7.00000009e-011      -0.0505
-6.50000009e-011  -0.04698438
-6.00000008e-011  -0.04340625
-5.50000007e-011  -0.03982031
-5.00000007e-011  -0.03629688
-4.50000006e-011  -0.03275781
-4.00000005e-011  -0.02930469
-3.50000005e-011  -0.02588281
-3.00000004e-011  -0.02257813
-2.50000003e-011  -0.01936719
-2.00000003e-011  -0.01626563
-1.50000002e-011  -0.01330469
-1.00000001e-011  -0.01044531
-5.00000007e-012 -0.007726563
           0 -0.005195312
5.00000007e-012 -0.002734375
1.00000001e-011 -0.0004609372
1.50000002e-011  0.001679688
2.00000003e-011  0.003656251
2.50000003e-011  0.005468751
3.00000004e-011  0.007148438
3.50000005e-011  0.008679688
4.00000005e-011    0.0100625
4.50000006e-011   0.01132813
5.00000007e-011   0.01246094
5.50000007e-011   0.01346094
6.00000008e-011   0.01435938
6.50000009e-011   0.01510156
7.00000009e-011   0.01573438
7.5000001e-011   0.01617188
8.00000011e-011   0.01650781
8.50000011e-011   0.01674219
9.00000012e-011   0.01685938
9.50000013e-011   0.01690625
1.00000001e-010   0.01684375
1.05000001e-010   0.01672656
1.10000001e-010   0.01653125
1.15000002e-010   0.01626563
1.20000002e-010   0.01592188
1.25000002e-010   0.01557031
1.30000002e-010   0.01519531
1.35000002e-010   0.01472656
1.40000002e-010   0.01429688
1.45000002e-010     0.013875
1.50000002e-010   0.01347656
1.55000002e-010   0.01307031
1.60000002e-010   0.01270313
1.65000002e-010   0.01235938
1.70000002e-010   0.01200781
1.75000002e-010   0.01167969
1.80000002e-010   0.01140625
1.85000002e-010    0.0111875
1.90000003e-010   0.01096094
1.95000003e-010   0.01079688
2.00000003e-010   0.01071094
2.05000003e-010   0.01064063
2.10000003e-010   0.01064063
2.15000003e-010      0.01075
2.20000003e-010   0.01089844
2.25000003e-010   0.01110156
2.30000003e-010   0.01139844
2.35000003e-010   0.01178125
2.40000003e-010   0.01224219
2.45000003e-010   0.01271875
2.50000003e-010   0.01330469
2.55000003e-010   0.01388281
2.60000003e-010   0.01453906
2.65000004e-010   0.01521094
2.70000004e-010   0.01591406
2.75000004e-010    0.0165625
2.80000004e-010   0.01723438
2.85000004e-010   0.01784375
2.90000004e-010   0.01840625
2.95000004e-010   0.01895313
3.00000004e-010   0.01939844
3.05000004e-010   0.01978125
3.10000004e-010     0.020125
3.15000004e-010   0.02041406
3.20000004e-010     0.020625
3.25000004e-010   0.02075781
3.30000004e-010   0.02084375
3.35000004e-010     0.020875
3.40000005e-010   0.02089063
3.45000005e-010    0.0208125
3.50000005e-010      0.02075
3.55000005e-010   0.02060938
3.60000005e-010   0.02044531
3.65000005e-010   0.02024219
3.70000005e-010   0.02003906
3.75000005e-010      0.01975
3.80000005e-010   0.01946094
3.85000005e-010   0.01915625
3.90000005e-010   0.01879688
3.95000005e-010   0.01838281
4.00000005e-010        0.018
4.05000005e-010   0.01754688
4.10000005e-010   0.01710938
4.15000006e-010   0.01669531
4.20000006e-010   0.01626563
4.25000006e-010   0.01578906
4.30000006e-010   0.01539063
4.35000006e-010   0.01497656
4.40000006e-010   0.01460156
4.45000006e-010      0.01425
4.50000006e-010   0.01389063
4.55000006e-010     0.013625
4.60000006e-010   0.01334375
4.65000006e-010   0.01310938
4.70000006e-010     0.012875
4.75000006e-010   0.01269531
4.80000006e-010   0.01253906
4.85000006e-010     0.012375
4.90000007e-010   0.01227344
4.95000007e-010   0.01214844
5.00000007e-010   0.01207813
5.05000007e-010   0.01201563
5.10000007e-010   0.01198438
5.15000007e-010   0.01191406
5.20000007e-010   0.01190625
5.25000007e-010   0.01190625
5.30000007e-010   0.01190625
5.35000007e-010   0.01196875
5.40000007e-010   0.01204688
5.45000007e-010   0.01209375
5.50000007e-010    0.0121875
5.55000007e-010   0.01230469
5.60000007e-010   0.01242969
5.65000008e-010   0.01255469
5.70000008e-010   0.01273438
5.75000008e-010     0.012875
5.80000008e-010   0.01307813
5.85000008e-010   0.01328906
5.90000008e-010   0.01349219
5.95000008e-010   0.01367188
6.00000008e-010   0.01384375
6.05000008e-010   0.01400781
6.10000008e-010    0.0141875
6.15000008e-010   0.01433594
6.20000008e-010   0.01446094
6.25000008e-010   0.01458594
6.30000008e-010   0.01464063
6.35000008e-010   0.01467969
6.40000009e-010   0.01475781
6.45000009e-010      0.01475
6.50000009e-010   0.01474219
6.55000009e-010   0.01471875
6.60000009e-010   0.01464844
6.65000009e-010   0.01460156
6.70000009e-010   0.01453125
6.75000009e-010   0.01446875
6.80000009e-010   0.01436719
6.85000009e-010   0.01429688
6.90000009e-010   0.01423438
6.95000009e-010   0.01417969
7.00000009e-010   0.01413281
7.05000009e-010    0.0140625
7.10000009e-010   0.01404688
7.1500001e-010   0.01401563
7.2000001e-010        0.014
7.2500001e-010   0.01398438
7.3000001e-010   0.01402344
7.3500001e-010   0.01397656
7.4000001e-010        0.014
7.4500001e-010   0.01396094
7.5000001e-010   0.01396875
7.5500001e-010    0.0139375
7.6000001e-010   0.01395313
7.6500001e-010   0.01389063
7.7000001e-010   0.01388281
7.7500001e-010     0.013875
7.8000001e-010   0.01386719
7.8500001e-010   0.01383594
7.90000011e-010   0.01382031
7.95000011e-010   0.01384375
8.00000011e-010    0.0138125
8.05000011e-010   0.01385938
8.10000011e-010   0.01383594
8.15000011e-010   0.01389844
8.20000011e-010   0.01390625
8.25000011e-010   0.01392188
8.30000011e-010   0.01396875
8.35000011e-010   0.01403125
8.40000011e-010   0.01405469
8.45000011e-010   0.01411719
8.50000011e-010   0.01414063
8.55000011e-010   0.01421875
8.60000011e-010   0.01426563
8.65000012e-010   0.01432813
8.70000012e-010   0.01438281
8.75000012e-010   0.01444531
8.80000012e-010   0.01450781
8.85000012e-010   0.01455469
8.90000012e-010   0.01467188
8.95000012e-010   0.01472656
9.00000012e-010   0.01482813
9.05000012e-010   0.01492969
9.10000012e-010   0.01503906
9.15000012e-010     0.015125
9.20000012e-010   0.01525781
9.25000012e-010   0.01533594
9.30000012e-010   0.01545313
9.35000012e-010   0.01555469
9.40000013e-010   0.01566406
9.45000013e-010   0.01578125
9.50000013e-010   0.01586719
9.55000013e-010   0.01596875
9.60000013e-010   0.01610938
9.65000013e-010   0.01616406
9.70000013e-010   0.01626563
9.75000013e-010   0.01633594
9.80000013e-010   0.01642188
9.85000013e-010   0.01647656
9.90000013e-010   0.01652344
9.95000013e-010   0.01660938
1.00000001e-009   0.01665625
1.00500001e-009   0.01673438
1.01000001e-009   0.01674219
1.01500001e-009      0.01675
1.02000001e-009    0.0168125
1.02500001e-009   0.01682813
1.03000001e-009    0.0168125
1.03500001e-009   0.01679688
1.04000001e-009   0.01678906
1.04500001e-009   0.01678906
1.05000001e-009   0.01678125
1.05500001e-009   0.01677344
1.06000001e-009   0.01671094
1.06500001e-009   0.01667969
1.07000001e-009   0.01667188
1.07500001e-009   0.01665625
1.08000001e-009   0.01660156
1.08500001e-009   0.01657031
1.09000001e-009   0.01657813
1.09500001e-009   0.01655469
1.10000001e-009   0.01652344
1.10500001e-009   0.01651563
1.11000001e-009   0.01653906
1.11500001e-009   0.01655469
1.12000001e-009   0.01659375
1.12500002e-009   0.01660938
1.13000002e-009   0.01667188
1.13500002e-009   0.01671875
1.14000002e-009   0.01682031
1.14500002e-009   0.01685156
1.15000002e-009   0.01696875
1.15500002e-009   0.01708594
1.16000002e-009   0.01719531
1.16500002e-009   0.01728906
1.17000002e-009   0.01739063
1.17500002e-009   0.01749219
1.18000002e-009   0.01759375
1.18500002e-009   0.01770313
1.19000002e-009   0.01778125
1.19500002e-009   0.01789063
1.20000002e-009   0.01792969
1.20500002e-009   0.01795313
1.21000002e-009        0.018
1.21500002e-009   0.01799219
1.22000002e-009        0.018
1.22500002e-009   0.01797656
1.23000002e-009   0.01796094
1.23500002e-009   0.01794531
1.24000002e-009   0.01789844
1.24500002e-009   0.01788281
1.25000002e-009   0.01786719
