-4.98000007e-009 -0.0004609372
-4.96000007e-009 -0.0007812497
-4.94000007e-009 -0.0008359372
-4.92000007e-009 -0.0005390622
-4.90000007e-009 -0.0002812497
-4.88000007e-009 -0.0002499997
-4.86000006e-009 -0.0004140622
-4.84000006e-009 -0.0004218747
-4.82000006e-009 -0.0003671872
-4.80000006e-009 -0.0003203122
-4.78000006e-009 -0.0003203122
-4.76000006e-009 -0.0003671872
-4.74000006e-009 -0.0003593747
-4.72000006e-009 -0.0003828122
-4.70000006e-009 -0.0004531247
-4.68000006e-009 -0.0006171872
-4.66000006e-009 -0.0006953122
-4.64000006e-009 -0.0005859372
-4.62000006e-009 -0.0003984372
-4.60000006e-009 -0.0003749997
-4.58000006e-009 -0.0004921872
-4.56000006e-009 -0.0006484372
-4.54000006e-009 -0.0005859372
-4.52000006e-009 -0.0002968747
-4.50000006e-009 8.593785e-005
-4.48000006e-009 0.0002421879
-4.46000006e-009 3.906285e-005
-4.44000006e-009 -0.0002968747
-4.42000006e-009 -0.0006249997
-4.40000006e-009 -0.0008203122
-4.38000006e-009 -0.0008671872
-4.36000006e-009 -0.0008281247
-4.34000006e-009 -0.0007031247
-4.32000006e-009 -0.0005546872
-4.30000006e-009 -0.0003984372
-4.28000006e-009 -0.0004296872
-4.26000006e-009 -0.0005859372
-4.24000006e-009 -0.0007656247
-4.22000006e-009 -0.0008046872
-4.20000006e-009 -0.0006718747
-4.18000006e-009 -0.0004765622
-4.16000006e-009 -0.0003906247
-4.14000006e-009 -0.0003828122
-4.12000006e-009 -0.0004453122
-4.10000005e-009 -0.0004374997
-4.08000005e-009 -0.0004062497
-4.06000005e-009 -0.0005312497
-4.04000005e-009 -0.0008203122
-4.02000005e-009 -0.001078125
-4.00000005e-009  -0.00109375
-3.98000005e-009 -0.0008906247
-3.96000005e-009 -0.0006484372
-3.94000005e-009 -0.0006015622
-3.92000005e-009 -0.0007031247
-3.90000005e-009 -0.0007187497
-3.88000005e-009 -0.0006171872
-3.86000005e-009 -0.0004374997
-3.84000005e-009 -0.0003828122
-3.82000005e-009 -0.0004843747
-3.80000005e-009 -0.0006406247
-3.78000005e-009 -0.0007031247
-3.76000005e-009 -0.0006328122
-3.74000005e-009 -0.0004765622
-3.72000005e-009 -0.0003515622
-3.70000005e-009 -0.0002578122
-3.68000005e-009 -0.0002578122
-3.66000005e-009 -0.0002734372
-3.64000005e-009 -0.0003515622
-3.62000005e-009 -0.0004296872
-3.60000005e-009 -0.0005546872
-3.58000005e-009 -0.0005312497
-3.56000005e-009 -0.0004453122
-3.54000005e-009 -0.0002968747
-3.52000005e-009 -0.0003593747
-3.50000005e-009 -0.0005468747
-3.48000005e-009 -0.0008671872
-3.46000005e-009 -0.001007812
-3.44000005e-009 -0.001015625
-3.42000005e-009 -0.0009140622
-3.40000005e-009 -0.0008828122
-3.38000005e-009 -0.0009921872
-3.36000004e-009 -0.001257812
-3.34000004e-009 -0.001585937
-3.32000004e-009 -0.001882812
-3.30000004e-009 -0.002109375
-3.28000004e-009 -0.002304687
-3.26000004e-009 -0.002640625
-3.24000004e-009  -0.00315625
-3.22000004e-009   -0.0036875
-3.20000004e-009  -0.00396875
-3.18000004e-009 -0.004070312
-3.16000004e-009 -0.004101562
-3.14000004e-009 -0.004453125
-3.12000004e-009  -0.00503125
-3.10000004e-009  -0.00559375
-3.08000004e-009 -0.005867187
-3.06000004e-009 -0.005984375
-3.04000004e-009 -0.006203125
-3.02000004e-009 -0.006640625
-3.00000004e-009 -0.007164062
-2.98000004e-009 -0.007390625
-2.96000004e-009 -0.007382813
-2.94000004e-009    -0.007375
-2.92000004e-009    -0.007625
-2.90000004e-009  -0.00796875
-2.88000004e-009 -0.008148438
-2.86000004e-009 -0.008203125
-2.84000004e-009 -0.008359375
-2.82000004e-009   -0.0086875
-2.80000004e-009 -0.009101563
-2.78000004e-009 -0.009203125
-2.76000004e-009 -0.009023438
-2.74000004e-009  -0.00878125
-2.72000004e-009  -0.00884375
-2.70000004e-009   -0.0091875
-2.68000004e-009 -0.009484375
-2.66000004e-009  -0.00946875
-2.64000004e-009 -0.009179688
-2.62000003e-009       -0.009
-2.60000003e-009 -0.008984375
-2.58000003e-009    -0.009125
-2.56000003e-009 -0.009304688
-2.54000003e-009    -0.009375
-2.52000003e-009 -0.009289063
-2.50000003e-009 -0.009179688
-2.48000003e-009 -0.009148438
-2.46000003e-009 -0.009171875
-2.44000003e-009 -0.009148438
-2.42000003e-009 -0.008984375
-2.40000003e-009 -0.008671875
-2.38000003e-009 -0.008445313
-2.36000003e-009    -0.008375
-2.34000003e-009 -0.008398438
-2.32000003e-009 -0.008398438
-2.30000003e-009 -0.008320313
-2.28000003e-009 -0.008171875
-2.26000003e-009 -0.008132813
-2.24000003e-009 -0.008101563
-2.22000003e-009 -0.008039063
-2.20000003e-009 -0.007921875
-2.18000003e-009 -0.007671875
-2.16000003e-009 -0.007414063
-2.14000003e-009 -0.007242187
-2.12000003e-009 -0.007140625
-2.10000003e-009 -0.007046875
-2.08000003e-009 -0.006945312
-2.06000003e-009 -0.006734375
-2.04000003e-009 -0.006539062
-2.02000003e-009 -0.006367187
-2.00000003e-009 -0.006320312
-1.98000003e-009 -0.006382812
-1.96000003e-009 -0.006367187
-1.94000003e-009 -0.006179687
-1.92000003e-009 -0.005890625
-1.90000003e-009 -0.005710937
-1.88000003e-009 -0.005695312
-1.86000002e-009 -0.005679687
-1.84000002e-009 -0.005554687
-1.82000002e-009 -0.005234375
-1.80000002e-009 -0.004984375
-1.78000002e-009 -0.004882812
-1.76000002e-009 -0.004796875
-1.74000002e-009 -0.004554687
-1.72000002e-009 -0.004296875
-1.70000002e-009 -0.004148437
-1.68000002e-009    -0.004125
-1.66000002e-009 -0.004117187
-1.64000002e-009 -0.004023437
-1.62000002e-009 -0.003820312
-1.60000002e-009  -0.00359375
-1.58000002e-009 -0.003398437
-1.56000002e-009     -0.00325
-1.54000002e-009 -0.003054687
-1.52000002e-009 -0.002867187
-1.50000002e-009 -0.002726562
-1.48000002e-009 -0.002679687
-1.46000002e-009 -0.002734375
-1.44000002e-009 -0.002734375
-1.42000002e-009 -0.002710937
-1.40000002e-009  -0.00253125
-1.38000002e-009 -0.002367187
-1.36000002e-009 -0.002289062
-1.34000002e-009 -0.002359375
-1.32000002e-009 -0.002351562
-1.30000002e-009 -0.002132812
-1.28000002e-009  -0.00184375
-1.26000002e-009     -0.00175
-1.24000002e-009 -0.001859375
-1.22000002e-009  -0.00196875
-1.20000002e-009    -0.001875
-1.18000002e-009 -0.001648437
-1.16000002e-009  -0.00153125
-1.14000002e-009 -0.001664062
-1.12000001e-009       -0.002
-1.10000001e-009  -0.00221875
-1.08000001e-009 -0.002210937
-1.06000001e-009 -0.002078125
-1.04000001e-009 -0.002007812
-1.02000001e-009 -0.002109375
-1.00000001e-009 -0.002304687
-9.80000013e-010  -0.00246875
-9.60000013e-010 -0.002570312
-9.40000013e-010 -0.002507812
-9.20000012e-010 -0.002421875
-9.00000012e-010 -0.002328125
-8.80000012e-010 -0.002398437
-8.60000011e-010 -0.002601562
-8.40000011e-010 -0.002859375
-8.20000011e-010 -0.003054687
-8.00000011e-010 -0.003132812
-7.8000001e-010 -0.003351562
-7.6000001e-010 -0.003679687
-7.4000001e-010 -0.004078125
-7.2000001e-010 -0.004679687
-7.00000009e-010    -0.005375
-6.80000009e-010 -0.006515625
-6.60000009e-010 -0.007898438
-6.40000009e-010 -0.009867188
-6.20000008e-010  -0.01294531
-6.00000008e-010  -0.01752344
-5.80000008e-010   -0.0243125
-5.60000007e-010    -0.033125
-5.40000007e-010  -0.04391406
-5.20000007e-010  -0.05632031
-5.00000007e-010  -0.06986719
-4.80000006e-010  -0.08410157
-4.60000006e-010    -0.098375
-4.40000006e-010   -0.1116641
-4.20000006e-010   -0.1227266
-4.00000005e-010   -0.1306953
-3.80000005e-010   -0.1351016
-3.60000005e-010   -0.1369141
-3.40000005e-010   -0.1367031
-3.20000004e-010   -0.1350781
-3.00000004e-010   -0.1327266
-2.80000004e-010     -0.12975
-2.60000003e-010   -0.1270781
-2.40000003e-010   -0.1245938
-2.20000003e-010   -0.1218594
-2.00000003e-010   -0.1185703
-1.80000002e-010   -0.1139922
-1.60000002e-010   -0.1083281
-1.40000002e-010   -0.1013047
-1.20000002e-010  -0.09264844
-1.00000001e-010  -0.08246875
-8.00000011e-011  -0.07085938
-6.00000008e-011  -0.05817188
-4.00000005e-011  -0.04473438
-2.00000003e-011  -0.03101563
           0  -0.01801563
2.00000003e-011 -0.006671875
4.00000005e-011  0.002632813
6.00000008e-011  0.009593751
8.00000011e-011   0.01426563
1.00000001e-010   0.01684375
1.20000002e-010   0.01730469
1.40000002e-010   0.01642969
1.60000002e-010   0.01461719
1.80000002e-010   0.01263281
2.00000003e-010   0.01115625
2.20000003e-010   0.01045313
2.40000003e-010   0.01079688
2.60000003e-010        0.012
2.80000004e-010   0.01395313
3.00000004e-010   0.01628906
3.20000004e-010   0.01848438
3.40000005e-010    0.0200625
3.60000005e-010   0.02072656
3.80000005e-010   0.02051563
4.00000005e-010   0.01954688
4.20000006e-010   0.01796094
4.40000006e-010   0.01601563
4.60000006e-010   0.01417969
4.80000006e-010   0.01283594
5.00000007e-010    0.0121875
5.20000007e-010   0.01211719
5.40000007e-010   0.01229688
5.60000007e-010   0.01238281
5.80000008e-010   0.01244531
6.00000008e-010   0.01260156
6.20000008e-010   0.01317188
6.40000009e-010   0.01403906
6.60000009e-010   0.01484375
6.80000009e-010   0.01522656
7.00000009e-010   0.01521875
7.2000001e-010   0.01500781
7.4000001e-010   0.01477344
7.6000001e-010   0.01447656
7.8000001e-010   0.01410156
8.00000011e-010   0.01380469
8.20000011e-010   0.01378125
8.40000011e-010   0.01400781
8.60000011e-010   0.01424219
8.80000012e-010    0.0144375
9.00000012e-010   0.01466406
9.20000012e-010   0.01507031
9.40000013e-010   0.01557813
9.60000013e-010   0.01604688
9.80000013e-010   0.01641406
1.00000001e-009   0.01663281
1.02000001e-009   0.01678906
1.04000001e-009   0.01688281
1.06000001e-009   0.01696094
1.08000001e-009   0.01695313
1.10000001e-009   0.01699219
1.12000001e-009   0.01709375
1.14000002e-009    0.0171875
1.16000002e-009     0.017125
1.18000002e-009   0.01709375
1.20000002e-009   0.01733594
1.22000002e-009   0.01774219
1.24000002e-009    0.0181875
1.26000002e-009    0.0183125
1.28000002e-009   0.01814844
1.30000002e-009   0.01795313
1.32000002e-009   0.01791406
1.34000002e-009   0.01798438
1.36000002e-009    0.0180625
1.38000002e-009   0.01811719
1.40000002e-009   0.01820313
1.42000002e-009   0.01830469
1.44000002e-009   0.01832813
1.46000002e-009   0.01814844
1.48000002e-009      0.01775
1.50000002e-009   0.01752344
1.52000002e-009   0.01751563
1.54000002e-009   0.01755469
1.56000002e-009   0.01735156
1.58000002e-009   0.01675781
1.60000002e-009   0.01607031
1.62000002e-009   0.01559375
1.64000002e-009   0.01548438
1.66000002e-009   0.01549219
1.68000002e-009   0.01542969
1.70000002e-009   0.01515625
1.72000002e-009   0.01490625
1.74000002e-009   0.01489844
1.76000002e-009   0.01508594
1.78000002e-009   0.01532031
1.80000002e-009   0.01534375
1.82000002e-009   0.01528125
1.84000002e-009   0.01515625
1.86000002e-009    0.0150625
1.88000003e-009   0.01495313
1.90000003e-009   0.01474219
1.92000003e-009   0.01464063
1.94000003e-009   0.01461719
1.96000003e-009   0.01467969
1.98000003e-009   0.01471094
2.00000003e-009   0.01471094
2.02000003e-009   0.01464844
2.04000003e-009   0.01460938
2.06000003e-009   0.01467969
2.08000003e-009   0.01479688
2.10000003e-009   0.01492188
2.12000003e-009   0.01500781
2.14000003e-009   0.01500781
2.16000003e-009   0.01492188
2.18000003e-009      0.01475
2.20000003e-009   0.01454688
2.22000003e-009   0.01432031
2.24000003e-009   0.01426563
2.26000003e-009   0.01433594
2.28000003e-009   0.01446094
2.30000003e-009   0.01453906
2.32000003e-009   0.01450781
2.34000003e-009   0.01442969
2.36000003e-009    0.0143125
2.38000003e-009    0.0141875
2.40000003e-009   0.01402344
2.42000003e-009   0.01382031
2.44000003e-009   0.01371875
2.46000003e-009   0.01363281
2.48000003e-009   0.01345313
2.50000003e-009   0.01323438
2.52000003e-009   0.01305469
2.54000003e-009   0.01303906
2.56000003e-009   0.01314063
2.58000003e-009   0.01311719
2.60000003e-009   0.01292188
2.62000003e-009   0.01270313
2.64000004e-009   0.01260156
2.66000004e-009   0.01264844
2.68000004e-009   0.01270313
2.70000004e-009   0.01255469
2.72000004e-009      0.01225
2.74000004e-009   0.01195313
2.76000004e-009   0.01177344
2.78000004e-009   0.01167188
2.80000004e-009   0.01157813
2.82000004e-009   0.01145313
2.84000004e-009     0.011375
2.86000004e-009   0.01138281
2.88000004e-009   0.01134375
2.90000004e-009   0.01114844
2.92000004e-009   0.01090625
2.94000004e-009    0.0106875
2.96000004e-009   0.01061719
2.98000004e-009   0.01064844
3.00000004e-009   0.01070313
3.02000004e-009   0.01080469
3.04000004e-009   0.01091406
3.06000004e-009   0.01103906
3.08000004e-009   0.01117969
3.10000004e-009   0.01114063
3.12000004e-009   0.01097656
3.14000004e-009   0.01067969
3.16000004e-009   0.01042188
3.18000004e-009   0.01033594
3.20000004e-009   0.01028125
3.22000004e-009   0.01027344
3.24000004e-009   0.01026563
3.26000004e-009   0.01022656
3.28000004e-009   0.01022656
3.30000004e-009   0.01030469
3.32000004e-009   0.01040625
3.34000004e-009   0.01039844
3.36000004e-009    0.0103125
3.38000005e-009    0.0100625
3.40000005e-009  0.009773438
3.42000005e-009  0.009492188
3.44000005e-009  0.009398438
3.46000005e-009  0.009382813
3.48000005e-009  0.009406251
3.50000005e-009  0.009289063
3.52000005e-009  0.009046876
3.54000005e-009  0.008718751
3.56000005e-009  0.008437501
3.58000005e-009  0.008398438
3.60000005e-009  0.008523438
3.62000005e-009  0.008773438
3.64000005e-009  0.008867188
3.66000005e-009  0.008937501
3.68000005e-009  0.008890626
3.70000005e-009  0.008726563
3.72000005e-009  0.008484376
3.74000005e-009  0.008257813
3.76000005e-009  0.008164063
3.78000005e-009  0.008179688
3.80000005e-009  0.008281251
3.82000005e-009  0.008335938
3.84000005e-009  0.008359376
3.86000005e-009  0.008375001
3.88000005e-009  0.008531251
3.90000005e-009  0.008781251
3.92000005e-009  0.008968751
3.94000005e-009  0.008953126
3.96000005e-009  0.008765626
3.98000005e-009  0.008492188
4.00000005e-009  0.008398438
4.02000005e-009  0.008414063
4.04000005e-009  0.008539063
4.06000005e-009  0.008523438
4.08000005e-009  0.008343751
4.10000005e-009  0.008132813
4.12000006e-009  0.008039063
4.14000006e-009  0.008015626
4.16000006e-009  0.008078126
4.18000006e-009  0.008109376
4.20000006e-009  0.008093751
4.22000006e-009  0.008164063
4.24000006e-009  0.008257813
4.26000006e-009  0.008398438
4.28000006e-009  0.008500001
4.30000006e-009  0.008531251
4.32000006e-009  0.008335938
4.34000006e-009  0.008046876
4.36000006e-009  0.007671876
4.38000006e-009  0.007390626
4.40000006e-009  0.007273438
4.42000006e-009  0.007398438
4.44000006e-009  0.007625001
4.46000006e-009  0.007718751
4.48000006e-009  0.007570313
4.50000006e-009  0.007335938
4.52000006e-009  0.007195313
4.54000006e-009  0.007265626
4.56000006e-009  0.007445313
4.58000006e-009  0.007625001
4.60000006e-009  0.007687501
4.62000006e-009  0.007781251
4.64000006e-009  0.007828126
4.66000006e-009  0.007796876
4.68000006e-009  0.007804688
4.70000006e-009  0.007953126
4.72000006e-009  0.008273438
4.74000006e-009  0.008507813
4.76000006e-009  0.008710938
4.78000006e-009  0.008867188
4.80000006e-009  0.009148438
4.82000006e-009  0.009539063
4.84000006e-009   0.01002344
4.86000006e-009   0.01046875
4.88000007e-009   0.01092188
4.90000007e-009   0.01135156
4.92000007e-009   0.01185156
4.94000007e-009   0.01246875
4.96000007e-009   0.01315625
4.98000007e-009   0.01389844
5.00000007e-009   0.01458594
