-2.49000003e-009  -0.01485156
-2.48000003e-009       -0.005
-2.47000003e-009  -0.01527344
-2.46000003e-009 -0.004679687
-2.45000003e-009      -0.0145
-2.44000003e-009 -0.004398437
-2.43000003e-009       -0.013
-2.42000003e-009       -0.005
-2.41000003e-009  -0.01355469
-2.40000003e-009  -0.00528125
-2.39000003e-009       -0.013
-2.38000003e-009 -0.004789062
-2.37000003e-009  -0.01304688
-2.36000003e-009 -0.004382812
-2.35000003e-009  -0.01224219
-2.34000003e-009 -0.004242187
-2.33000003e-009  -0.01470313
-2.32000003e-009 -0.002351562
-2.31000003e-009       -0.015
-2.30000003e-009  -0.00321875
-2.29000003e-009  -0.01367969
-2.28000003e-009       -0.003
-2.27000003e-009  -0.01238281
-2.26000003e-009  -0.00315625
-2.25000003e-009  -0.01288281
-2.24000003e-009 -0.002695312
-2.23000003e-009  -0.01172656
-2.22000003e-009 -0.003351562
-2.21000003e-009  -0.01117188
-2.20000003e-009   -0.0044375
-2.19000003e-009  -0.01276563
-2.18000003e-009 -0.0009999997
-2.17000003e-009       -0.013
-2.16000003e-009  -0.00215625
-2.15000003e-009  -0.01255469
-2.14000003e-009 -0.002640625
-2.13000003e-009  -0.01110156
-2.12000003e-009       -0.003
-2.11000003e-009  -0.01129688
-2.10000003e-009 -0.003265625
-2.09000003e-009       -0.011
-2.08000003e-009       -0.003
-2.07000003e-009  -0.01211719
-2.06000003e-009 -0.0009687497
-2.05000003e-009  -0.01251563
-2.04000003e-009   -0.0019375
-2.03000003e-009       -0.011
-2.02000003e-009 -0.001023437
-2.01000003e-009  -0.01135156
-2.00000003e-009 -0.001742187
-1.99000003e-009       -0.011
-1.98000003e-009 0.0001875004
-1.97000003e-009  -0.01102344
-1.96000003e-009 0.0009453129
-1.95000003e-009       -0.011
-1.94000003e-009 -0.0005859372
-1.93000003e-009  -0.01014844
-1.92000003e-009 -0.0009999997
-1.91000003e-009 -0.009320313
-1.90000003e-009 -0.0006406247
-1.89000003e-009   -0.0103125
-1.88000003e-009        0.001
-1.87000002e-009  -0.01096094
-1.86000002e-009        0.001
-1.85000002e-009 -0.009304688
-1.84000002e-009 -0.0004843747
-1.83000002e-009 -0.008890625
-1.82000002e-009 -0.0002656247
-1.81000002e-009   -0.0084375
-1.80000002e-009        0.001
-1.79000002e-009 -0.009164063
-1.78000002e-009 -0.0006484372
-1.77000002e-009 -0.009390625
-1.76000002e-009 0.0003437504
-1.75000002e-009 -0.008921875
-1.74000002e-009  0.001085938
-1.73000002e-009  -0.00909375
-1.72000002e-009  0.001398438
-1.71000002e-009 -0.008710938
-1.70000002e-009        0.001
-1.69000002e-009     -0.00925
-1.68000002e-009        0.001
-1.67000002e-009       -0.009
-1.66000002e-009 0.0003984379
-1.65000002e-009 -0.009117188
-1.64000002e-009  0.001296875
-1.63000002e-009 -0.008398438
-1.62000002e-009        0.003
-1.61000002e-009 -0.008820313
-1.60000002e-009    0.0023125
-1.59000002e-009 -0.006921875
-1.58000002e-009        0.003
-1.57000002e-009 -0.006726562
-1.56000002e-009        0.003
-1.55000002e-009 -0.007851563
-1.54000002e-009        0.003
-1.53000002e-009       -0.007
-1.52000002e-009        0.002
-1.51000002e-009 -0.007882813
-1.50000002e-009        0.003
-1.49000002e-009 -0.009390625
-1.48000002e-009  0.002226563
-1.47000002e-009   -0.0080625
-1.46000002e-009        0.003
-1.45000002e-009 -0.006929687
-1.44000002e-009  0.002867188
-1.43000002e-009       -0.007
-1.42000002e-009  0.002703125
-1.41000002e-009       -0.007
-1.40000002e-009   0.00146875
-1.39000002e-009       -0.007
-1.38000002e-009        0.003
-1.37000002e-009 -0.006289062
-1.36000002e-009  0.003226563
-1.35000002e-009       -0.007
-1.34000002e-009        0.003
-1.33000002e-009    -0.006125
-1.32000002e-009  0.005054688
-1.31000002e-009 -0.007320312
-1.30000002e-009  0.003507813
-1.29000002e-009       -0.007
-1.28000002e-009  0.002554688
-1.27000002e-009 -0.005898437
-1.26000002e-009  0.002773438
-1.25000002e-009       -0.007
-1.24000002e-009  0.002765625
-1.23000002e-009 -0.007054687
-1.22000002e-009  0.002679688
-1.21000002e-009       -0.007
-1.20000002e-009  0.002820313
-1.19000002e-009 -0.007585938
-1.18000002e-009   0.00253125
-1.17000002e-009 -0.007320312
-1.16000002e-009  0.002507813
-1.15000002e-009       -0.007
-1.14000002e-009     0.002875
-1.13000002e-009 -0.007421875
-1.12000001e-009  0.001328125
-1.11000001e-009 -0.007234375
-1.10000001e-009  0.001921875
-1.09000001e-009 -0.006578125
-1.08000001e-009        0.003
-1.07000001e-009 -0.006195312
-1.06000001e-009  0.003460938
-1.05000001e-009 -0.007195312
-1.04000001e-009     0.001875
-1.03000001e-009 -0.008210938
-1.02000001e-009  0.002953125
-1.01000001e-009 -0.007507813
-1.00000001e-009        0.003
-9.90000013e-010 -0.007398438
-9.80000013e-010        0.003
-9.70000013e-010 -0.007210937
-9.60000013e-010  0.002921875
-9.50000013e-010      -0.0065
-9.40000013e-010  0.001820313
-9.30000012e-010  -0.00740625
-9.20000012e-010  0.003070313
-9.10000012e-010 -0.007679688
-9.00000012e-010  0.003281251
-8.90000012e-010       -0.007
-8.80000012e-010    0.0020625
-8.70000012e-010 -0.007429688
-8.60000011e-010        0.002
-8.50000011e-010       -0.007
-8.40000011e-010  0.002507813
-8.30000011e-010 -0.007179687
-8.20000011e-010        0.001
-8.10000011e-010 -0.007835938
-8.00000011e-010   0.00159375
-7.90000011e-010 -0.008421875
-7.8000001e-010  0.001835938
-7.7000001e-010 -0.009929688
-7.6000001e-010 -0.0007734372
-7.5000001e-010       -0.009
-7.4000001e-010 -0.0009999997
-7.3000001e-010  -0.01040625
-7.2000001e-010 -0.0007421872
-7.10000009e-010      -0.0125
-7.00000009e-010 -0.002648437
-6.90000009e-010   -0.0134375
-6.80000009e-010 -0.004648437
-6.70000009e-010  -0.01599219
-6.60000009e-010 -0.009015625
-6.50000009e-010  -0.02171094
-6.40000009e-010  -0.01307031
-6.30000008e-010  -0.02839844
-6.20000008e-010       -0.019
-6.10000008e-010  -0.03444531
-6.00000008e-010  -0.02745313
-5.90000008e-010  -0.04610938
-5.80000008e-010       -0.037
-5.70000008e-010       -0.059
-5.60000007e-010  -0.05014844
-5.50000007e-010  -0.07160938
-5.40000007e-010      -0.0625
-5.30000007e-010       -0.085
-5.20000007e-010  -0.07571094
-5.10000007e-010  -0.09938282
-5.00000007e-010  -0.09014844
-4.90000007e-010       -0.113
-4.80000006e-010   -0.1030313
-4.70000006e-010   -0.1241406
-4.60000006e-010   -0.1139375
-4.50000006e-010   -0.1324688
-4.40000006e-010   -0.1230625
-4.30000006e-010       -0.139
-4.20000006e-010   -0.1297969
-4.10000005e-010   -0.1420156
-4.00000005e-010   -0.1314688
-3.90000005e-010   -0.1436484
-3.80000005e-010       -0.129
-3.70000005e-010       -0.143
-3.60000005e-010   -0.1271953
-3.50000005e-010   -0.1393906
-3.40000005e-010   -0.1274219
-3.30000004e-010       -0.139
-3.20000004e-010   -0.1243516
-3.10000004e-010   -0.1338359
-3.00000004e-010   -0.1223125
-2.90000004e-010   -0.1303906
-2.80000004e-010   -0.1197422
-2.70000004e-010       -0.127
-2.60000003e-010   -0.1161719
-2.50000003e-010   -0.1242969
-2.40000003e-010   -0.1117109
-2.30000003e-010   -0.1222656
-2.20000003e-010       -0.107
-2.10000003e-010   -0.1174297
-2.00000003e-010   -0.1025859
-1.90000003e-010       -0.113
-1.80000002e-010  -0.09532032
-1.70000002e-010       -0.105
-1.60000002e-010       -0.087
-1.50000002e-010      -0.0945
-1.40000002e-010  -0.07526563
-1.30000002e-010  -0.08221094
-1.20000002e-010  -0.06280469
-1.10000001e-010   -0.0703125
-1.00000001e-010  -0.04871094
-9.00000012e-011  -0.05811719
-8.00000011e-011  -0.03426563
-7.00000009e-011  -0.04323438
-6.00000008e-011  -0.02278906
-5.00000007e-011  -0.02926563
-4.00000005e-011  -0.01016406
-3.00000004e-011   -0.0184375
-2.00000003e-011        0.001
-1.00000001e-011 -0.007882813
           0  0.009953126
1.00000001e-011  0.001921875
2.00000003e-011   0.01449219
3.00000004e-011  0.007554688
4.00000005e-011        0.021
5.00000007e-011   0.01017188
6.00000008e-011   0.02255469
7.00000009e-011        0.011
8.00000011e-011   0.02369531
9.00000012e-011   0.01217969
1.00000001e-010        0.025
1.10000001e-010  0.009500001
1.20000002e-010   0.02176563
1.30000002e-010  0.009093751
1.40000002e-010   0.01757813
1.50000002e-010  0.006437501
1.60000002e-010   0.01523438
1.70000002e-010  0.005000001
1.80000002e-010   0.01505469
1.90000003e-010  0.005570313
2.00000003e-010   0.01658594
2.10000003e-010  0.007000001
2.20000003e-010    0.0183125
2.30000003e-010  0.006351563
2.40000003e-010        0.019
2.50000003e-010  0.008734376
2.60000003e-010        0.021
2.70000004e-010   0.01240625
2.80000004e-010        0.023
2.90000004e-010   0.01398438
3.00000004e-010   0.02433594
3.10000004e-010   0.01382031
3.20000004e-010   0.02713281
3.30000004e-010   0.01288281
3.40000005e-010        0.027
3.50000005e-010   0.01448438
3.60000005e-010   0.02455469
3.70000005e-010     0.014875
3.80000005e-010        0.023
3.90000005e-010     0.011875
4.00000005e-010   0.02199219
4.10000005e-010  0.009328126
4.20000006e-010   0.01907031
4.30000006e-010  0.005953126
4.40000006e-010   0.01857031
4.50000006e-010  0.007359376
4.60000006e-010   0.01771094
4.70000006e-010  0.006281251
4.80000006e-010   0.01723438
4.90000007e-010  0.006046876
5.00000007e-010   0.01764844
5.10000007e-010  0.006617188
5.20000007e-010        0.019
5.30000007e-010  0.006414063
5.40000007e-010   0.01840625
5.50000007e-010  0.007546876
5.60000007e-010   0.01825781
5.70000008e-010  0.008500001
5.80000008e-010   0.01885938
5.90000008e-010  0.008992188
6.00000008e-010        0.019
6.10000008e-010  0.009000001
6.20000008e-010   0.01996875
6.30000008e-010  0.008773438
6.40000009e-010     0.019875
6.50000009e-010  0.009812501
6.60000009e-010   0.02133594
6.70000009e-010        0.011
6.80000009e-010     0.019875
6.90000009e-010   0.01015625
7.00000009e-010        0.019
7.10000009e-010     0.010375
7.2000001e-010        0.021
7.3000001e-010  0.007828126
7.4000001e-010   0.01965625
7.5000001e-010  0.006664063
7.6000001e-010        0.019
7.7000001e-010  0.008031251
7.8000001e-010   0.01846875
7.90000011e-010  0.009242188
8.00000011e-010        0.021
8.10000011e-010  0.008843751
8.20000011e-010   0.02045313
8.30000011e-010  0.008234376
8.40000011e-010   0.01982813
8.50000011e-010  0.009312501
8.60000011e-010   0.01974219
8.70000012e-010  0.009000001
8.80000012e-010    0.0195625
8.90000012e-010   0.01038281
9.00000012e-010   0.02082031
9.10000012e-010   0.01175781
9.20000012e-010        0.021
9.30000012e-010   0.01294531
9.40000013e-010   0.02080469
9.50000013e-010    0.0128125
9.60000013e-010   0.02038281
9.70000013e-010   0.01228125
9.80000013e-010     0.021375
9.90000013e-010   0.01290625
1.00000001e-009        0.021
1.01000001e-009   0.01279688
1.02000001e-009   0.02266406
1.03000001e-009    0.0125625
1.04000001e-009   0.02249219
1.05000001e-009   0.01267188
1.06000001e-009   0.02222656
1.07000001e-009   0.01121875
1.08000001e-009   0.02334375
1.09000001e-009   0.01202344
1.10000001e-009        0.023
1.11000001e-009     0.011625
1.12000001e-009        0.023
1.13000002e-009   0.01063281
1.14000002e-009   0.02304688
1.15000002e-009  0.009000001
1.16000002e-009        0.021
1.17000002e-009   0.01285156
1.18000002e-009   0.02171094
1.19000002e-009   0.01363281
1.20000002e-009   0.02402344
1.21000002e-009   0.01146875
1.22000002e-009        0.025
1.23000002e-009   0.01188281
1.24000002e-009        0.023
1.25000002e-009   0.01403125
1.26000002e-009   0.02210156
1.27000002e-009        0.013
1.28000002e-009   0.02163281
1.29000002e-009   0.01209375
1.30000002e-009   0.02354688
1.31000002e-009        0.013
1.32000002e-009   0.02320313
1.33000002e-009        0.011
1.34000002e-009   0.02364063
1.35000002e-009     0.011875
1.36000002e-009   0.02297656
1.37000002e-009   0.01395313
1.38000002e-009   0.02322656
1.39000002e-009   0.01275781
1.40000002e-009   0.02240625
1.41000002e-009   0.01301563
1.42000002e-009        0.023
1.43000002e-009   0.01163281
1.44000002e-009   0.02285156
1.45000002e-009   0.01127344
1.46000002e-009        0.023
1.47000002e-009   0.01135938
1.48000002e-009   0.02248438
1.49000002e-009   0.01192188
1.50000002e-009   0.02167188
1.51000002e-009   0.01229688
1.52000002e-009   0.02196094
1.53000002e-009   0.01086719
1.54000002e-009   0.02271875
1.55000002e-009        0.011
1.56000002e-009        0.021
1.57000002e-009  0.009679688
1.58000002e-009   0.02066406
1.59000002e-009  0.009335938
1.60000002e-009    0.0204375
1.61000002e-009  0.009765626
1.62000002e-009   0.02096875
1.63000002e-009   0.01110156
1.64000002e-009   0.02148438
1.65000002e-009   0.01082031
1.66000002e-009   0.02000781
1.67000002e-009    0.0105625
1.68000002e-009        0.019
1.69000002e-009   0.01010156
1.70000002e-009   0.02103125
1.71000002e-009        0.011
1.72000002e-009   0.02272656
1.73000002e-009   0.01227344
1.74000002e-009        0.021
1.75000002e-009   0.01063281
1.76000002e-009   0.02051563
1.77000002e-009  0.009000001
1.78000002e-009   0.02075781
1.79000002e-009   0.01035938
1.80000002e-009   0.01904688
1.81000002e-009  0.009843751
1.82000002e-009   0.01933594
1.83000002e-009  0.009000001
1.84000002e-009   0.02050781
1.85000002e-009  0.009000001
1.86000002e-009        0.021
1.87000002e-009  0.008734376
1.88000003e-009   0.01970313
1.89000003e-009  0.009968751
1.90000003e-009        0.021
1.91000003e-009   0.01114063
1.92000003e-009   0.01919531
1.93000003e-009   0.01058594
1.94000003e-009        0.019
1.95000003e-009   0.01077344
1.96000003e-009   0.01957813
1.97000003e-009  0.009015626
1.98000003e-009    0.0210625
1.99000003e-009  0.008187501
2.00000003e-009   0.02026563
2.01000003e-009  0.009000001
2.02000003e-009        0.021
2.03000003e-009  0.009382813
2.04000003e-009   0.02057031
2.05000003e-009  0.009757813
2.06000003e-009        0.021
2.07000003e-009  0.009000001
2.08000003e-009   0.02053906
2.09000003e-009    0.0103125
2.10000003e-009        0.019
2.11000003e-009  0.009226563
2.12000003e-009        0.019
2.13000003e-009  0.008664063
2.14000003e-009   0.01901563
2.15000003e-009  0.009781251
2.16000003e-009   0.01951563
2.17000003e-009  0.008703126
2.18000003e-009        0.019
2.19000003e-009  0.009000001
2.20000003e-009     0.019375
2.21000003e-009   0.01000781
2.22000003e-009        0.021
2.23000003e-009  0.009000001
2.24000003e-009   0.01969531
2.25000003e-009  0.008851563
2.26000003e-009     0.019625
2.27000003e-009  0.007585938
2.28000003e-009     0.019125
2.29000003e-009  0.007000001
2.30000003e-009   0.01915625
2.31000003e-009  0.009023438
2.32000003e-009        0.021
2.33000003e-009  0.009187501
2.34000003e-009   0.01915625
2.35000003e-009  0.009851563
2.36000003e-009   0.01845313
2.37000003e-009  0.007984376
2.38000003e-009   0.01828906
2.39000003e-009  0.008671876
2.40000003e-009        0.019
2.41000003e-009  0.009226563
2.42000003e-009        0.019
2.43000003e-009  0.008070313
2.44000003e-009   0.01784375
2.45000003e-009  0.008273438
2.46000003e-009        0.019
2.47000003e-009  0.008437501
2.48000003e-009   0.01882813
2.49000003e-009  0.007546876
2.50000003e-009        0.021
