-2.49000003e-009 -0.008492188
-2.48000003e-009 -0.008460938
-2.47000003e-009 -0.008453125
-2.46000003e-009 -0.008546875
-2.45000003e-009 -0.008695313
-2.44000003e-009   -0.0088125
-2.43000003e-009 -0.008929688
-2.42000003e-009 -0.009039063
-2.41000003e-009 -0.009101563
-2.40000003e-009    -0.009125
-2.39000003e-009 -0.009070313
-2.38000003e-009 -0.008992188
-2.37000003e-009 -0.008882813
-2.36000003e-009 -0.008765625
-2.35000003e-009 -0.008632813
-2.34000003e-009  -0.00846875
-2.33000003e-009 -0.008335938
-2.32000003e-009 -0.008179688
-2.31000003e-009 -0.008078125
-2.30000003e-009 -0.008015625
-2.29000003e-009 -0.007992188
-2.28000003e-009 -0.007984375
-2.27000003e-009 -0.007960938
-2.26000003e-009  -0.00803125
-2.25000003e-009   -0.0080625
-2.24000003e-009 -0.008117188
-2.23000003e-009  -0.00815625
-2.22000003e-009 -0.008164063
-2.21000003e-009 -0.008148438
-2.20000003e-009  -0.00809375
-2.19000003e-009 -0.007992188
-2.18000003e-009 -0.007890625
-2.17000003e-009  -0.00784375
-2.16000003e-009 -0.007765625
-2.15000003e-009   -0.0076875
-2.14000003e-009 -0.007632813
-2.13000003e-009 -0.007570313
-2.12000003e-009  -0.00746875
-2.11000003e-009  -0.00734375
-2.10000003e-009 -0.007195312
-2.09000003e-009 -0.007046875
-2.08000003e-009  -0.00684375
-2.07000003e-009 -0.006671875
-2.06000003e-009 -0.006539062
-2.05000003e-009  -0.00646875
-2.04000003e-009  -0.00646875
-2.03000003e-009 -0.006507812
-2.02000003e-009 -0.006585937
-2.01000003e-009 -0.006679687
-2.00000003e-009 -0.006789062
-1.99000003e-009 -0.006828125
-1.98000003e-009 -0.006796875
-1.97000003e-009  -0.00671875
-1.96000003e-009 -0.006554687
-1.95000003e-009  -0.00634375
-1.94000003e-009 -0.006203125
-1.93000003e-009 -0.006007812
-1.92000003e-009  -0.00584375
-1.91000003e-009 -0.005765625
-1.90000003e-009 -0.005757812
-1.89000003e-009  -0.00578125
-1.88000003e-009 -0.005835937
-1.87000002e-009 -0.005867187
-1.86000002e-009 -0.005859375
-1.85000002e-009 -0.005851562
-1.84000002e-009 -0.005773437
-1.83000002e-009 -0.005640625
-1.82000002e-009 -0.005492187
-1.81000002e-009 -0.005320312
-1.80000002e-009 -0.005117187
-1.79000002e-009 -0.004929687
-1.78000002e-009     -0.00475
-1.77000002e-009 -0.004585937
-1.76000002e-009 -0.004429687
-1.75000002e-009    -0.004375
-1.74000002e-009  -0.00434375
-1.73000002e-009  -0.00434375
-1.72000002e-009 -0.004328125
-1.71000002e-009 -0.004351562
-1.70000002e-009 -0.004335937
-1.69000002e-009 -0.004257812
-1.68000002e-009 -0.004148437
-1.67000002e-009 -0.003992187
-1.66000002e-009   -0.0038125
-1.65000002e-009 -0.003679687
-1.64000002e-009    -0.003625
-1.63000002e-009 -0.003578125
-1.62000002e-009  -0.00359375
-1.61000002e-009 -0.003617187
-1.60000002e-009 -0.003679687
-1.59000002e-009   -0.0036875
-1.58000002e-009 -0.003640625
-1.57000002e-009 -0.003523437
-1.56000002e-009 -0.003367187
-1.55000002e-009 -0.003164062
-1.54000002e-009 -0.002984375
-1.53000002e-009 -0.002828125
-1.52000002e-009  -0.00271875
-1.51000002e-009 -0.002664062
-1.50000002e-009 -0.002695312
-1.49000002e-009 -0.002734375
-1.48000002e-009  -0.00278125
-1.47000002e-009 -0.002820312
-1.46000002e-009   -0.0028125
-1.45000002e-009 -0.002789062
-1.44000002e-009 -0.002734375
-1.43000002e-009 -0.002679687
-1.42000002e-009    -0.002625
-1.41000002e-009 -0.002609375
-1.40000002e-009 -0.002632812
-1.39000002e-009 -0.002648437
-1.38000002e-009  -0.00271875
-1.37000002e-009  -0.00278125
-1.36000002e-009 -0.002828125
-1.35000002e-009   -0.0028125
-1.34000002e-009 -0.002757812
-1.33000002e-009 -0.002648437
-1.32000002e-009 -0.002515625
-1.31000002e-009 -0.002351562
-1.30000002e-009   -0.0021875
-1.29000002e-009 -0.002039062
-1.28000002e-009   -0.0019375
-1.27000002e-009 -0.001828125
-1.26000002e-009     -0.00175
-1.25000002e-009 -0.001742187
-1.24000002e-009 -0.001742187
-1.23000002e-009     -0.00175
-1.22000002e-009 -0.001742187
-1.21000002e-009 -0.001796875
-1.20000002e-009 -0.001867187
-1.19000002e-009 -0.001921875
-1.18000002e-009 -0.001984375
-1.17000002e-009 -0.002054687
-1.16000002e-009 -0.002078125
-1.15000002e-009 -0.002078125
-1.14000002e-009 -0.002109375
-1.13000002e-009    -0.002125
-1.12000001e-009  -0.00215625
-1.11000001e-009 -0.002195312
-1.10000001e-009 -0.002289062
-1.09000001e-009 -0.002390625
-1.08000001e-009 -0.002453125
-1.07000001e-009 -0.002484375
-1.06000001e-009   -0.0024375
-1.05000001e-009    -0.002375
-1.04000001e-009  -0.00228125
-1.03000001e-009 -0.002179687
-1.02000001e-009 -0.002140625
-1.01000001e-009 -0.002085937
-1.00000001e-009 -0.002117187
-9.90000013e-010 -0.002210937
-9.80000013e-010 -0.002328125
-9.70000013e-010  -0.00240625
-9.60000013e-010 -0.002507812
-9.50000013e-010  -0.00253125
-9.40000013e-010 -0.002515625
-9.30000012e-010 -0.002476562
-9.20000012e-010 -0.002414062
-9.10000012e-010 -0.002359375
-9.00000012e-010    -0.002375
-8.90000012e-010    -0.002375
-8.80000012e-010 -0.002445312
-8.70000012e-010 -0.002523437
-8.60000011e-010  -0.00259375
-8.50000011e-010 -0.002703125
-8.40000011e-010 -0.002796875
-8.30000011e-010 -0.002921875
-8.20000011e-010  -0.00309375
-8.10000011e-010 -0.003203125
-8.00000011e-010  -0.00340625
-7.90000011e-010 -0.003539062
-7.8000001e-010 -0.003679687
-7.7000001e-010 -0.003804687
-7.6000001e-010 -0.003914062
-7.5000001e-010 -0.004070312
-7.4000001e-010 -0.004265625
-7.3000001e-010   -0.0045625
-7.2000001e-010 -0.004960937
-7.10000009e-010 -0.005507812
-7.00000009e-010    -0.006125
-6.90000009e-010 -0.006851562
-6.80000009e-010 -0.007632813
-6.70000009e-010  -0.00853125
-6.60000009e-010 -0.009539063
-6.50000009e-010  -0.01071875
-6.40000009e-010  -0.01210156
-6.30000008e-010  -0.01377344
-6.20000008e-010  -0.01589844
-6.10000008e-010  -0.01847656
-6.00000008e-010  -0.02163281
-5.90000008e-010    -0.025375
-5.80000008e-010  -0.02966406
-5.70000008e-010  -0.03449219
-5.60000007e-010  -0.03989063
-5.50000007e-010  -0.04571875
-5.40000007e-010  -0.05203125
-5.30000007e-010  -0.05864063
-5.20000007e-010  -0.06559375
-5.10000007e-010  -0.07275782
-5.00000007e-010  -0.08008594
-4.90000007e-010  -0.08745313
-4.80000006e-010  -0.09467969
-4.70000006e-010   -0.1016406
-4.60000006e-010   -0.1082109
-4.50000006e-010   -0.1142969
-4.40000006e-010   -0.1196719
-4.30000006e-010   -0.1244141
-4.20000006e-010   -0.1283828
-4.10000005e-010   -0.1315547
-4.00000005e-010   -0.1339688
-3.90000005e-010   -0.1356484
-3.80000005e-010   -0.1366641
-3.70000005e-010   -0.1370313
-3.60000005e-010    -0.136875
-3.50000005e-010   -0.1362656
-3.40000005e-010   -0.1353438
-3.30000004e-010   -0.1342813
-3.20000004e-010   -0.1330469
-3.10000004e-010   -0.1318203
-3.00000004e-010   -0.1305703
-2.90000004e-010   -0.1293047
-2.80000004e-010   -0.1281172
-2.70000004e-010   -0.1268828
-2.60000003e-010    -0.125625
-2.50000003e-010   -0.1242734
-2.40000003e-010   -0.1228125
-2.30000003e-010   -0.1212422
-2.20000003e-010   -0.1195625
-2.10000003e-010   -0.1176719
-2.00000003e-010   -0.1155703
-1.90000003e-010   -0.1132188
-1.80000002e-010   -0.1106172
-1.70000002e-010   -0.1075859
-1.60000002e-010   -0.1041875
-1.50000002e-010   -0.1003984
-1.40000002e-010  -0.09616407
-1.30000002e-010  -0.09151563
-1.20000002e-010  -0.08644532
-1.10000001e-010  -0.08096875
-1.00000001e-010  -0.07507813
-9.00000012e-011  -0.06882032
-8.00000011e-011     -0.06225
-7.00000009e-011  -0.05538281
-6.00000008e-011  -0.04834375
-5.00000007e-011  -0.04123438
-4.00000005e-011  -0.03421875
-3.00000004e-011   -0.0273125
-2.00000003e-011  -0.02077344
-1.00000001e-011  -0.01460938
           0 -0.008945313
1.00000001e-011    -0.003875
2.00000003e-011 0.0006171879
3.00000004e-011  0.004531251
4.00000005e-011  0.007828126
5.00000007e-011    0.0105625
6.00000008e-011      0.01275
7.00000009e-011   0.01442969
8.00000011e-011   0.01557813
9.00000012e-011   0.01628125
1.00000001e-010   0.01657813
1.10000001e-010   0.01652344
1.20000002e-010   0.01615625
1.30000002e-010   0.01553906
1.40000002e-010   0.01476563
1.50000002e-010   0.01386719
1.60000002e-010   0.01296875
1.70000002e-010   0.01215625
1.80000002e-010   0.01141406
1.90000003e-010   0.01089063
2.00000003e-010   0.01054688
2.10000003e-010   0.01039063
2.20000003e-010       0.0105
2.30000003e-010    0.0108125
2.40000003e-010   0.01132031
2.50000003e-010   0.01204688
2.60000003e-010   0.01307031
2.70000004e-010   0.01427344
2.80000004e-010   0.01558594
2.90000004e-010   0.01701563
3.00000004e-010   0.01839844
3.10000004e-010   0.01959375
3.20000004e-010   0.02051563
3.30000004e-010   0.02110156
3.40000005e-010   0.02128906
3.50000005e-010   0.02113281
3.60000005e-010   0.02067969
3.70000005e-010   0.02010156
3.80000005e-010   0.01939063
3.90000005e-010   0.01864063
4.00000005e-010    0.0179375
4.10000005e-010   0.01724219
4.20000006e-010   0.01652344
4.30000006e-010   0.01575781
4.40000006e-010   0.01502344
4.50000006e-010   0.01428906
4.60000006e-010   0.01357031
4.70000006e-010   0.01298438
4.80000006e-010    0.0125625
4.90000007e-010   0.01222656
5.00000007e-010   0.01207813
5.10000007e-010   0.01203125
5.20000007e-010   0.01211719
5.30000007e-010   0.01216406
5.40000007e-010      0.01225
5.50000007e-010   0.01233594
5.60000007e-010   0.01242188
5.70000008e-010    0.0125625
5.80000008e-010      0.01275
5.90000008e-010        0.013
6.00000008e-010    0.0133125
6.10000008e-010   0.01367188
6.20000008e-010        0.014
6.30000008e-010      0.01425
6.40000009e-010   0.01447656
6.50000009e-010   0.01457813
6.60000009e-010   0.01465625
6.70000009e-010   0.01466406
6.80000009e-010    0.0146875
6.90000009e-010   0.01471875
7.00000009e-010   0.01478906
7.10000009e-010   0.01485938
7.2000001e-010   0.01490625
7.3000001e-010   0.01492969
7.4000001e-010   0.01484375
7.5000001e-010   0.01473438
7.6000001e-010   0.01454688
7.7000001e-010   0.01432031
7.8000001e-010   0.01417188
7.90000011e-010   0.01403906
8.00000011e-010   0.01399219
8.10000011e-010   0.01398438
8.20000011e-010   0.01407031
8.30000011e-010   0.01416406
8.40000011e-010   0.01425781
8.50000011e-010   0.01436719
8.60000011e-010   0.01442969
8.70000012e-010       0.0145
8.80000012e-010   0.01461719
8.90000012e-010   0.01477344
9.00000012e-010   0.01494531
9.10000012e-010   0.01515625
9.20000012e-010   0.01535156
9.30000012e-010   0.01555469
9.40000013e-010   0.01572656
9.50000013e-010   0.01585938
9.60000013e-010   0.01592969
9.70000013e-010   0.01600781
9.80000013e-010    0.0160625
9.90000013e-010   0.01616406
1.00000001e-009    0.0163125
1.01000001e-009   0.01649219
1.02000001e-009   0.01666406
1.03000001e-009   0.01683594
1.04000001e-009   0.01696094
1.05000001e-009   0.01707813
1.06000001e-009   0.01711719
1.07000001e-009   0.01711719
1.08000001e-009   0.01708594
1.09000001e-009   0.01707031
1.10000001e-009   0.01707813
1.11000001e-009   0.01711719
1.12000001e-009   0.01717188
1.13000002e-009   0.01725781
1.14000002e-009   0.01727344
1.15000002e-009    0.0173125
1.16000002e-009   0.01729688
1.17000002e-009   0.01728906
1.18000002e-009      0.01725
1.19000002e-009   0.01721094
1.20000002e-009      0.01725
1.21000002e-009   0.01730469
1.22000002e-009    0.0174375
1.23000002e-009   0.01760938
1.24000002e-009   0.01782031
1.25000002e-009   0.01803906
1.26000002e-009   0.01822656
1.27000002e-009   0.01836719
1.28000002e-009   0.01845313
1.29000002e-009   0.01846094
1.30000002e-009   0.01838281
1.31000002e-009   0.01828125
1.32000002e-009   0.01817969
1.33000002e-009   0.01807031
1.34000002e-009   0.01804688
1.35000002e-009   0.01809375
1.36000002e-009   0.01820313
1.37000002e-009   0.01830469
1.38000002e-009   0.01844531
1.39000002e-009   0.01851563
1.40000002e-009   0.01853906
1.41000002e-009   0.01849219
1.42000002e-009    0.0184375
1.43000002e-009   0.01832031
1.44000002e-009   0.01819531
1.45000002e-009   0.01807813
1.46000002e-009   0.01799219
1.47000002e-009   0.01788281
1.48000002e-009   0.01778906
1.49000002e-009   0.01772656
1.50000002e-009   0.01760938
1.51000002e-009   0.01754688
1.52000002e-009   0.01741406
1.53000002e-009   0.01727344
1.54000002e-009   0.01710938
1.55000002e-009   0.01688281
1.56000002e-009   0.01663281
1.57000002e-009   0.01639063
1.58000002e-009   0.01610156
1.59000002e-009   0.01588281
1.60000002e-009   0.01571875
1.61000002e-009   0.01560156
1.62000002e-009   0.01557813
1.63000002e-009   0.01561719
1.64000002e-009   0.01569531
1.65000002e-009   0.01582031
1.66000002e-009   0.01591406
1.67000002e-009   0.01595313
1.68000002e-009    0.0159375
1.69000002e-009   0.01582813
1.70000002e-009   0.01570313
1.71000002e-009       0.0155
1.72000002e-009   0.01529688
1.73000002e-009   0.01510156
1.74000002e-009   0.01498438
1.75000002e-009   0.01484375
1.76000002e-009    0.0148125
1.77000002e-009    0.0148125
1.78000002e-009   0.01485156
1.79000002e-009   0.01490625
1.80000002e-009   0.01495313
1.81000002e-009   0.01495313
1.82000002e-009   0.01496875
1.83000002e-009   0.01495313
1.84000002e-009   0.01489844
1.85000002e-009   0.01485156
1.86000002e-009   0.01482031
1.87000002e-009   0.01478125
1.88000003e-009   0.01480469
1.89000003e-009   0.01479688
1.90000003e-009   0.01484375
1.91000003e-009   0.01485156
1.92000003e-009     0.014875
1.93000003e-009   0.01485156
1.94000003e-009   0.01476563
1.95000003e-009   0.01461719
1.96000003e-009   0.01449219
1.97000003e-009   0.01435156
1.98000003e-009   0.01423438
1.99000003e-009   0.01419531
2.00000003e-009      0.01425
2.01000003e-009    0.0143125
2.02000003e-009   0.01444531
2.03000003e-009   0.01457813
2.04000003e-009   0.01470313
2.05000003e-009   0.01477344
2.06000003e-009   0.01483594
2.07000003e-009    0.0148125
2.08000003e-009   0.01478125
2.09000003e-009   0.01477344
2.10000003e-009   0.01474219
2.11000003e-009   0.01475781
2.12000003e-009   0.01476563
2.13000003e-009   0.01482031
2.14000003e-009   0.01485156
2.15000003e-009   0.01479688
2.16000003e-009   0.01472656
2.17000003e-009   0.01458594
2.18000003e-009   0.01444531
2.19000003e-009   0.01427344
2.20000003e-009   0.01413281
2.21000003e-009   0.01403125
2.22000003e-009   0.01401563
2.23000003e-009    0.0140625
2.24000003e-009   0.01411719
2.25000003e-009   0.01419531
2.26000003e-009   0.01423438
2.27000003e-009   0.01426563
2.28000003e-009   0.01420313
2.29000003e-009   0.01413281
2.30000003e-009   0.01407813
2.31000003e-009   0.01397656
2.32000003e-009   0.01391406
2.33000003e-009   0.01386719
2.34000003e-009   0.01383594
2.35000003e-009   0.01378906
2.36000003e-009   0.01372656
2.37000003e-009   0.01360938
2.38000003e-009   0.01346875
2.39000003e-009   0.01335156
2.40000003e-009   0.01324219
2.41000003e-009   0.01313281
2.42000003e-009   0.01310938
2.43000003e-009   0.01310156
2.44000003e-009   0.01310156
2.45000003e-009   0.01317188
2.46000003e-009   0.01322656
2.47000003e-009      0.01325
2.48000003e-009   0.01325781
2.49000003e-009      0.01325
2.50000003e-009   0.01320313
