-4.98000007e-009 -0.0003984372
-4.96000007e-009 -0.0004453122
-4.94000007e-009 -0.0004296872
-4.92000007e-009 -0.0003515622
-4.90000007e-009 -0.0002812497
-4.88000007e-009 -0.0002421872
-4.86000006e-009 -0.0002109372
-4.84000006e-009 -0.0003203122
-4.82000006e-009 -0.0004296872
-4.80000006e-009 -0.0005078122
-4.78000006e-009 -0.0004999997
-4.76000006e-009 -0.0003906247
-4.74000006e-009 -0.0003593747
-4.72000006e-009 -0.0003749997
-4.70000006e-009 -0.0003671872
-4.68000006e-009 -0.0003281247
-4.66000006e-009 -0.0002812497
-4.64000006e-009 -0.0003203122
-4.62000006e-009 -0.0004374997
-4.60000006e-009 -0.0005234372
-4.58000006e-009 -0.0004765622
-4.56000006e-009 -0.0002812497
-4.54000006e-009 -0.0001015622
-4.52000006e-009 -0.0001249997
-4.50000006e-009 -0.0002968747
-4.48000006e-009 -0.0004921872
-4.46000006e-009 -0.0005312497
-4.44000006e-009 -0.0004374997
-4.42000006e-009 -0.0002968747
-4.40000006e-009 -0.0002812497
-4.38000006e-009 -0.0004374997
-4.36000006e-009 -0.0005078122
-4.34000006e-009 -0.0004296872
-4.32000006e-009 -0.0002421872
-4.30000006e-009 -0.0001249997
-4.28000006e-009 -0.0002031247
-4.26000006e-009 -0.0003906247
-4.24000006e-009 -0.0005156247
-4.22000006e-009 -0.0005156247
-4.20000006e-009 -0.0004531247
-4.18000006e-009 -0.0003749997
-4.16000006e-009 -0.0003593747
-4.14000006e-009 -0.0004140622
-4.12000006e-009 -0.0005078122
-4.10000005e-009 -0.0005703122
-4.08000005e-009 -0.0006406247
-4.06000005e-009 -0.0006328122
-4.04000005e-009 -0.0005781247
-4.02000005e-009 -0.0004999997
-4.00000005e-009 -0.0004687497
-3.98000005e-009 -0.0005156247
-3.96000005e-009 -0.0006171872
-3.94000005e-009 -0.0006640622
-3.92000005e-009 -0.0005937497
-3.90000005e-009 -0.0004609372
-3.88000005e-009 -0.0003203122
-3.86000005e-009 -0.0003046872
-3.84000005e-009 -0.0003749997
-3.82000005e-009 -0.0004218747
-3.80000005e-009 -0.0003281247
-3.78000005e-009 -0.0001874997
-3.76000005e-009 -0.0001249997
-3.74000005e-009 -0.0002187497
-3.72000005e-009 -0.0004062497
-3.70000005e-009 -0.0005312497
-3.68000005e-009 -0.0005468747
-3.66000005e-009 -0.0005234372
-3.64000005e-009 -0.0004921872
-3.62000005e-009 -0.0005468747
-3.60000005e-009 -0.0006718747
-3.58000005e-009 -0.0008671872
-3.56000005e-009 -0.0009374997
-3.54000005e-009 -0.0008749997
-3.52000005e-009 -0.0006484372
-3.50000005e-009 -0.0004296872
-3.48000005e-009 -0.0004765622
-3.46000005e-009 -0.0008593747
-3.44000005e-009   -0.0013125
-3.42000005e-009 -0.001523437
-3.40000005e-009  -0.00146875
-3.38000005e-009 -0.001359375
-3.36000004e-009 -0.001484375
-3.34000004e-009 -0.001820312
-3.32000004e-009   -0.0023125
-3.30000004e-009     -0.00275
-3.28000004e-009  -0.00290625
-3.26000004e-009 -0.002867187
-3.24000004e-009 -0.002835937
-3.22000004e-009  -0.00303125
-3.20000004e-009  -0.00353125
-3.18000004e-009  -0.00415625
-3.16000004e-009 -0.004671875
-3.14000004e-009 -0.004976562
-3.12000004e-009  -0.00515625
-3.10000004e-009 -0.005398437
-3.08000004e-009 -0.005757812
-3.06000004e-009  -0.00603125
-3.04000004e-009 -0.006164062
-3.02000004e-009 -0.006226562
-3.00000004e-009 -0.006414062
-2.98000004e-009 -0.006867187
-2.96000004e-009    -0.007375
-2.94000004e-009 -0.007773438
-2.92000004e-009 -0.007898438
-2.90000004e-009 -0.007921875
-2.88000004e-009 -0.008007813
-2.86000004e-009 -0.008148438
-2.84000004e-009  -0.00821875
-2.82000004e-009 -0.008203125
-2.80000004e-009  -0.00821875
-2.78000004e-009 -0.008429688
-2.76000004e-009 -0.008710938
-2.74000004e-009 -0.008976563
-2.72000004e-009 -0.009101563
-2.70000004e-009  -0.00903125
-2.68000004e-009 -0.008867188
-2.66000004e-009 -0.008796875
-2.64000004e-009 -0.008828125
-2.62000003e-009 -0.008929688
-2.60000003e-009   -0.0090625
-2.58000003e-009 -0.009171875
-2.56000003e-009 -0.009234375
-2.54000003e-009   -0.0091875
-2.52000003e-009 -0.009132813
-2.50000003e-009 -0.008976563
-2.48000003e-009 -0.008765625
-2.46000003e-009 -0.008546875
-2.44000003e-009 -0.008421875
-2.42000003e-009 -0.008429688
-2.40000003e-009 -0.008585938
-2.38000003e-009 -0.008710938
-2.36000003e-009 -0.008679688
-2.34000003e-009  -0.00840625
-2.32000003e-009 -0.007984375
-2.30000003e-009 -0.007617188
-2.28000003e-009 -0.007359375
-2.26000003e-009   -0.0073125
-2.24000003e-009 -0.007359375
-2.22000003e-009  -0.00734375
-2.20000003e-009 -0.007289062
-2.18000003e-009 -0.007234375
-2.16000003e-009   -0.0070625
-2.14000003e-009 -0.006929687
-2.12000003e-009   -0.0068125
-2.10000003e-009 -0.006789062
-2.08000003e-009  -0.00678125
-2.06000003e-009 -0.006695312
-2.04000003e-009  -0.00653125
-2.02000003e-009 -0.006382812
-2.00000003e-009    -0.006375
-1.98000003e-009 -0.006351562
-1.96000003e-009 -0.006257812
-1.94000003e-009 -0.006039062
-1.92000003e-009 -0.005820312
-1.90000003e-009 -0.005570312
-1.88000003e-009 -0.005367187
-1.86000002e-009 -0.005171875
-1.84000002e-009 -0.005085937
-1.82000002e-009 -0.005171875
-1.80000002e-009 -0.005273437
-1.78000002e-009 -0.005234375
-1.76000002e-009 -0.004960937
-1.74000002e-009 -0.004703125
-1.72000002e-009 -0.004609375
-1.70000002e-009 -0.004570312
-1.68000002e-009 -0.004398437
-1.66000002e-009 -0.004015625
-1.64000002e-009 -0.003554687
-1.62000002e-009   -0.0033125
-1.60000002e-009 -0.003328125
-1.58000002e-009 -0.003445312
-1.56000002e-009   -0.0034375
-1.54000002e-009  -0.00328125
-1.52000002e-009 -0.003023437
-1.50000002e-009   -0.0028125
-1.48000002e-009 -0.002695312
-1.46000002e-009 -0.002609375
-1.44000002e-009 -0.002585937
-1.42000002e-009 -0.002601562
-1.40000002e-009  -0.00265625
-1.38000002e-009  -0.00271875
-1.36000002e-009 -0.002703125
-1.34000002e-009 -0.002546875
-1.32000002e-009 -0.002359375
-1.30000002e-009 -0.002195312
-1.28000002e-009 -0.002109375
-1.26000002e-009 -0.002046875
-1.24000002e-009 -0.001867187
-1.22000002e-009 -0.001710937
-1.20000002e-009 -0.001671875
-1.18000002e-009 -0.001789062
-1.16000002e-009   -0.0018125
-1.14000002e-009  -0.00171875
-1.12000001e-009 -0.001648437
-1.10000001e-009 -0.001726562
-1.08000001e-009 -0.001960937
-1.06000001e-009 -0.002140625
-1.04000001e-009 -0.001992187
-1.02000001e-009  -0.00184375
-1.00000001e-009 -0.001859375
-9.80000013e-010 -0.002179687
-9.60000013e-010 -0.002578125
-9.40000013e-010 -0.002851562
-9.20000012e-010 -0.002828125
-9.00000012e-010 -0.002664062
-8.80000012e-010 -0.002507812
-8.60000011e-010 -0.002421875
-8.40000011e-010  -0.00246875
-8.20000011e-010 -0.002671875
-8.00000011e-010 -0.003007812
-7.8000001e-010 -0.003421875
-7.6000001e-010 -0.003695312
-7.4000001e-010  -0.00396875
-7.2000001e-010  -0.00440625
-7.00000009e-010 -0.005164062
-6.80000009e-010  -0.00640625
-6.60000009e-010  -0.00790625
-6.40000009e-010 -0.009929688
-6.20000008e-010  -0.01299219
-6.00000008e-010  -0.01741406
-5.80000008e-010  -0.02389844
-5.60000007e-010  -0.03246094
-5.40000007e-010  -0.04316406
-5.20000007e-010  -0.05582813
-5.00000007e-010  -0.06969532
-4.80000006e-010  -0.08395313
-4.60000006e-010  -0.09782813
-4.40000006e-010   -0.1103125
-4.20000006e-010   -0.1206875
-4.00000005e-010   -0.1282031
-3.80000005e-010   -0.1322578
-3.60000005e-010   -0.1337891
-3.40000005e-010   -0.1331953
-3.20000004e-010   -0.1314688
-3.00000004e-010   -0.1291484
-2.80000004e-010   -0.1261953
-2.60000003e-010   -0.1235703
-2.40000003e-010   -0.1210469
-2.20000003e-010   -0.1185156
-2.00000003e-010   -0.1156797
-1.80000002e-010   -0.1117266
-1.60000002e-010   -0.1066719
-1.40000002e-010   -0.1001719
-1.20000002e-010    -0.092125
-1.00000001e-010  -0.08267969
-8.00000011e-011  -0.07153125
-6.00000008e-011  -0.05888281
-4.00000005e-011  -0.04507813
-2.00000003e-011  -0.03100781
           0  -0.01798438
2.00000003e-011 -0.007015625
4.00000005e-011   0.00184375
6.00000008e-011  0.008656251
8.00000011e-011   0.01358594
1.00000001e-010   0.01642969
1.20000002e-010   0.01692188
1.40000002e-010   0.01592969
1.60000002e-010   0.01403906
1.80000002e-010      0.01225
2.00000003e-010   0.01092969
2.20000003e-010     0.010125
2.40000003e-010    0.0101875
2.60000003e-010     0.011125
2.80000004e-010    0.0130625
3.00000004e-010   0.01563281
3.20000004e-010     0.018125
3.40000005e-010   0.01984375
3.60000005e-010   0.02053125
3.80000005e-010   0.02015625
4.00000005e-010   0.01892188
4.20000006e-010   0.01713281
4.40000006e-010   0.01528125
4.60000006e-010   0.01374219
4.80000006e-010   0.01265625
5.00000007e-010   0.01203125
5.20000007e-010   0.01164063
5.40000007e-010   0.01144531
5.60000007e-010   0.01150781
5.80000008e-010   0.01191406
6.00000008e-010   0.01253906
6.20000008e-010   0.01328125
6.40000009e-010   0.01390625
6.60000009e-010      0.01425
6.80000009e-010   0.01436719
7.00000009e-010   0.01441406
7.2000001e-010   0.01453906
7.4000001e-010   0.01457813
7.6000001e-010   0.01446094
7.8000001e-010   0.01417188
8.00000011e-010   0.01378906
8.20000011e-010   0.01363281
8.40000011e-010   0.01372656
8.60000011e-010    0.0139375
8.80000012e-010   0.01427344
9.00000012e-010   0.01455469
9.20000012e-010   0.01482813
9.40000013e-010   0.01510156
9.60000013e-010   0.01546875
9.80000013e-010    0.0159375
1.00000001e-009   0.01641406
1.02000001e-009   0.01679688
1.04000001e-009   0.01690625
1.06000001e-009   0.01682031
1.08000001e-009    0.0166875
1.10000001e-009   0.01666406
1.12000001e-009   0.01671094
1.14000002e-009      0.01675
1.16000002e-009      0.01675
1.18000002e-009      0.01675
1.20000002e-009   0.01689844
1.22000002e-009   0.01716406
1.24000002e-009     0.017375
1.26000002e-009       0.0175
1.28000002e-009   0.01753125
1.30000002e-009   0.01760156
1.32000002e-009   0.01771094
1.34000002e-009   0.01782031
1.36000002e-009   0.01785156
1.38000002e-009   0.01782031
1.40000002e-009   0.01789844
1.42000002e-009   0.01809375
1.44000002e-009   0.01825781
1.46000002e-009   0.01810156
1.48000002e-009   0.01771875
1.50000002e-009   0.01730469
1.52000002e-009   0.01705469
1.54000002e-009    0.0169375
1.56000002e-009   0.01675781
1.58000002e-009   0.01636719
1.60000002e-009   0.01596094
1.62000002e-009    0.0156875
1.64000002e-009   0.01559375
1.66000002e-009   0.01545313
1.68000002e-009   0.01533594
1.70000002e-009   0.01522656
1.72000002e-009   0.01522656
1.74000002e-009   0.01511719
1.76000002e-009   0.01490625
1.78000002e-009   0.01465625
1.80000002e-009   0.01459375
1.82000002e-009   0.01478906
1.84000002e-009   0.01489844
1.86000002e-009   0.01475781
1.88000003e-009   0.01453125
1.90000003e-009   0.01453125
1.92000003e-009   0.01479688
1.94000003e-009   0.01505469
1.96000003e-009   0.01497656
1.98000003e-009    0.0146875
2.00000003e-009   0.01439063
2.02000003e-009   0.01435938
2.04000003e-009   0.01446875
2.06000003e-009   0.01458594
2.08000003e-009    0.0146875
2.10000003e-009    0.0148125
2.12000003e-009   0.01496875
2.14000003e-009   0.01496094
2.16000003e-009   0.01478125
2.18000003e-009   0.01452344
2.20000003e-009   0.01442969
2.22000003e-009   0.01448438
2.24000003e-009   0.01444531
2.26000003e-009   0.01421094
2.28000003e-009   0.01389063
2.30000003e-009   0.01380469
2.32000003e-009   0.01396094
2.34000003e-009   0.01409375
2.36000003e-009   0.01403125
2.38000003e-009    0.0138125
2.40000003e-009   0.01355469
2.42000003e-009   0.01336719
2.44000003e-009   0.01325781
2.46000003e-009   0.01308594
2.48000003e-009   0.01289063
2.50000003e-009   0.01277344
2.52000003e-009   0.01269531
2.54000003e-009   0.01267969
2.56000003e-009   0.01260938
2.58000003e-009   0.01263281
2.60000003e-009   0.01267969
2.62000003e-009   0.01270313
2.64000004e-009   0.01253906
2.66000004e-009   0.01221875
2.68000004e-009    0.0119375
2.70000004e-009   0.01189844
2.72000004e-009   0.01211719
2.74000004e-009   0.01230469
2.76000004e-009   0.01225781
2.78000004e-009   0.01192969
2.80000004e-009   0.01146875
2.82000004e-009   0.01107031
2.84000004e-009   0.01091406
2.86000004e-009   0.01101563
2.88000004e-009   0.01120313
2.90000004e-009   0.01121094
2.92000004e-009   0.01103125
2.94000004e-009   0.01089844
2.96000004e-009   0.01092969
2.98000004e-009     0.011125
3.00000004e-009   0.01127344
3.02000004e-009   0.01121875
3.04000004e-009    0.0110625
3.06000004e-009   0.01089844
3.08000004e-009   0.01089063
3.10000004e-009   0.01091406
3.12000004e-009   0.01085156
3.14000004e-009   0.01074219
3.16000004e-009   0.01053125
3.18000004e-009    0.0103125
3.20000004e-009   0.01001563
3.22000004e-009  0.009812501
3.24000004e-009  0.009765626
3.26000004e-009  0.009929688
3.28000004e-009   0.01014844
3.30000004e-009   0.01021094
3.32000004e-009   0.01013281
3.34000004e-009  0.009937501
3.36000004e-009  0.009812501
3.38000005e-009  0.009734376
3.40000005e-009  0.009648438
3.42000005e-009  0.009468751
3.44000005e-009  0.009367188
3.46000005e-009  0.009320313
3.48000005e-009  0.009273438
3.50000005e-009  0.009125001
3.52000005e-009  0.008804688
3.54000005e-009  0.008492188
3.56000005e-009  0.008335938
3.58000005e-009  0.008460938
3.60000005e-009  0.008578126
3.62000005e-009  0.008593751
3.64000005e-009  0.008421876
3.66000005e-009  0.008343751
3.68000005e-009  0.008421876
3.70000005e-009  0.008578126
3.72000005e-009  0.008539063
3.74000005e-009  0.008343751
3.76000005e-009  0.008148438
3.78000005e-009  0.008023438
3.80000005e-009  0.008007813
3.82000005e-009  0.008000001
3.84000005e-009  0.008000001
3.86000005e-009  0.008070313
3.88000005e-009  0.008148438
3.90000005e-009  0.008257813
3.92000005e-009  0.008437501
3.94000005e-009  0.008492188
3.96000005e-009  0.008507813
3.98000005e-009  0.008421876
4.00000005e-009  0.008289063
4.02000005e-009  0.008273438
4.04000005e-009  0.008304688
4.06000005e-009  0.008359376
4.08000005e-009  0.008335938
4.10000005e-009  0.008312501
4.12000006e-009  0.008281251
4.14000006e-009  0.008148438
4.16000006e-009  0.007992188
4.18000006e-009  0.007875001
4.20000006e-009  0.007843751
4.22000006e-009  0.007929688
4.24000006e-009  0.008078126
4.26000006e-009  0.008085938
4.28000006e-009  0.008039063
4.30000006e-009  0.008039063
4.32000006e-009  0.008117188
4.34000006e-009  0.008234376
4.36000006e-009  0.008164063
4.38000006e-009  0.007875001
4.40000006e-009  0.007507813
4.42000006e-009  0.007359376
4.44000006e-009  0.007445313
4.46000006e-009  0.007632813
4.48000006e-009  0.007710938
4.50000006e-009  0.007679688
4.52000006e-009  0.007617188
4.54000006e-009  0.007609376
4.56000006e-009  0.007585938
4.58000006e-009  0.007578126
4.60000006e-009  0.007554688
4.62000006e-009  0.007593751
4.64000006e-009  0.007710938
4.66000006e-009  0.007875001
4.68000006e-009  0.008015626
4.70000006e-009  0.008156251
4.72000006e-009  0.008343751
4.74000006e-009  0.008593751
4.76000006e-009  0.008914063
4.78000006e-009  0.009320313
4.80000006e-009  0.009664063
4.82000006e-009  0.009968751
4.84000006e-009    0.0103125
4.86000006e-009   0.01074219
4.88000007e-009   0.01134375
4.90000007e-009   0.01204688
4.92000007e-009   0.01263281
4.94000007e-009   0.01309375
4.96000007e-009       0.0135
4.98000007e-009   0.01401563
5.00000007e-009   0.01459375
