+3.00000000000E+005  -8.76736659413E+001
+7.79850000000E+006  -9.02392838481E+001
+1.52970000000E+007  -7.70291779803E+001
+2.27955000000E+007  -7.42712331301E+001
+3.02940000000E+007  -7.27036282281E+001
+3.77925000000E+007  -7.93124869276E+001
+4.52910000000E+007  -6.47082596625E+001
+5.27895000000E+007  -7.57997801894E+001
+6.02880000000E+007  -7.96080224171E+001
+6.77865000000E+007  -7.22886985225E+001
+7.52850000000E+007  -6.94316033047E+001
+8.27835000000E+007  -6.75317742638E+001
+9.02820000000E+007  -6.49503075524E+001
+9.77805000000E+007  -6.48695651748E+001
+1.05279000000E+008  -6.64613882256E+001
+1.12777500000E+008  -6.07159500851E+001
+1.20276000000E+008  -6.67410173610E+001
+1.27774500000E+008  -6.81376330453E+001
+1.35273000000E+008  -7.00330827775E+001
+1.42771500000E+008  -6.63168544443E+001
+1.50270000000E+008  -5.98165457901E+001
+1.57768500000E+008  -5.60107040367E+001
+1.65267000000E+008  -7.05791367615E+001
+1.72765500000E+008  -6.74876333869E+001
+1.80264000000E+008  -6.86998138067E+001
+1.87762500000E+008  -5.68128558016E+001
+1.95261000000E+008  -5.71088560262E+001
+2.02759500000E+008  -5.92858426313E+001
+2.10258000000E+008  -5.80432052200E+001
+2.17756500000E+008  -7.47780066083E+001
+2.25255000000E+008  -5.58687354171E+001
+2.32753500000E+008  -5.51089872448E+001
+2.40252000000E+008  -5.55144859701E+001
+2.47750500000E+008  -5.50990436383E+001
+2.55249000000E+008  -6.27298114171E+001
+2.62747500000E+008  -5.71965106153E+001
+2.70246000000E+008  -5.72518691383E+001
+2.77744500000E+008  -5.90949794880E+001
+2.85243000000E+008  -5.60857312185E+001
+2.92741500000E+008  -5.79702921409E+001
+3.00240000000E+008  -6.16063063608E+001
+3.07738500000E+008  -5.86093017427E+001
+3.15237000000E+008  -5.66746826628E+001
+3.22735500000E+008  -5.40320192862E+001
+3.30234000000E+008  -5.56599731980E+001
+3.37732500000E+008  -5.42875414380E+001
+3.45231000000E+008  -5.85424231097E+001
+3.52729500000E+008  -5.61552968945E+001
+3.60228000000E+008  -6.88387191538E+001
+3.67726500000E+008  -5.61658480462E+001
+3.75225000000E+008  -5.31961591840E+001
+3.82723500000E+008  -6.87744694681E+001
+3.90222000000E+008  -5.46144868583E+001
+3.97720500000E+008  -6.00939753812E+001
+4.05219000000E+008  -5.34762686041E+001
+4.12717500000E+008  -5.26941979631E+001
+4.20216000000E+008  -5.47451960825E+001
+4.27714500000E+008  -5.39789317387E+001
+4.35213000000E+008  -5.33124585733E+001
+4.42711500000E+008  -5.43957842686E+001
+4.50210000000E+008  -5.46303641695E+001
+4.57708500000E+008  -6.46565285888E+001
+4.65207000000E+008  -5.40154204506E+001
+4.72705500000E+008  -5.61754815849E+001
+4.80204000000E+008  -7.15749223733E+001
+4.87702500000E+008  -6.40645340971E+001
+4.95201000000E+008  -5.83899050536E+001
+5.02699500000E+008  -7.23131027157E+001
+5.10198000000E+008  -6.25521797851E+001
+5.17696500000E+008  -6.14433326210E+001
+5.25195000000E+008  -5.88092779389E+001
+5.32693500000E+008  -5.51713282369E+001
+5.40192000000E+008  -7.46606031739E+001
+5.47690500000E+008  -5.95777792538E+001
+5.55189000000E+008  -6.63317209492E+001
+5.62687500000E+008  -5.96116629777E+001
+5.70186000000E+008  -6.73979490727E+001
+5.77684500000E+008  -6.12702519627E+001
+5.85183000000E+008  -6.04566063009E+001
+5.92681500000E+008  -7.76506498625E+001
+6.00180000000E+008  -6.25846774805E+001
+6.07678500000E+008  -6.36972742340E+001
+6.15177000000E+008  -5.73443300645E+001
+6.22675500000E+008  -5.59021771757E+001
+6.30174000000E+008  -6.15275274832E+001
+6.37672500000E+008  -6.35627504503E+001
+6.45171000000E+008  -7.16441615379E+001
+6.52669500000E+008  -6.13322575325E+001
+6.60168000000E+008  -6.00237240858E+001
+6.67666500000E+008  -5.89219798103E+001
+6.75165000000E+008  -5.76943315586E+001
+6.82663500000E+008  -5.69867097090E+001
+6.90162000000E+008  -5.31664499456E+001
+6.97660500000E+008  -6.22574268507E+001
+7.05159000000E+008  -5.41307742204E+001
+7.12657500000E+008  -7.18302628891E+001
+7.20156000000E+008  -5.52569145737E+001
+7.27654500000E+008  -5.93736349437E+001
+7.35153000000E+008  -6.68538042151E+001
+7.42651500000E+008  -6.05598552321E+001
+7.50150000000E+008  -6.12386331166E+001
+7.57648500000E+008  -5.96071957081E+001
+7.65147000000E+008  -6.78527420292E+001
+7.72645500000E+008  -5.72070259995E+001
+7.80144000000E+008  -9.57901688746E+001
+7.87642500000E+008  -6.21227192722E+001
+7.95141000000E+008  -6.22335886722E+001
+8.02639500000E+008  -6.40212803338E+001
+8.10138000000E+008  -6.54112495660E+001
+8.17636500000E+008  -6.08990812535E+001
+8.25135000000E+008  -6.05761129586E+001
+8.32633500000E+008  -5.78583945873E+001
+8.40132000000E+008  -6.54704930092E+001
+8.47630500000E+008  -5.78669809282E+001
+8.55129000000E+008  -6.52645753853E+001
+8.62627500000E+008  -5.97612774079E+001
+8.70126000000E+008  -6.07772135324E+001
+8.77624500000E+008  -7.55562686892E+001
+8.85123000000E+008  -5.93181696123E+001
+8.92621500000E+008  -6.17615922557E+001
+9.00120000000E+008  -7.09055566946E+001
+9.07618500000E+008  -7.57075282972E+001
+9.15117000000E+008  -6.49139016811E+001
+9.22615500000E+008  -6.56516226408E+001
+9.30114000000E+008  -6.33104459533E+001
+9.37612500000E+008  -5.44886603237E+001
+9.45111000000E+008  -5.81602518338E+001
+9.52609500000E+008  -5.89134119446E+001
+9.60108000000E+008  -5.99193386089E+001
+9.67606500000E+008  -7.33462792493E+001
+9.75105000000E+008  -6.14328772781E+001
+9.82603500000E+008  -7.20677172175E+001
+9.90102000000E+008  -6.42686850305E+001
+9.97600500000E+008  -7.65724894393E+001
+1.00509900000E+009  -6.28826002070E+001
+1.01259750000E+009  -6.58486572275E+001
+1.02009600000E+009  -6.58177479711E+001
+1.02759450000E+009  -5.92203665147E+001
+1.03509300000E+009  -6.77262054199E+001
+1.04259150000E+009  -6.67463752186E+001
+1.05009000000E+009  -6.69366570516E+001
+1.05758850000E+009  -6.14238479460E+001
+1.06508700000E+009  -8.24879813799E+001
+1.07258550000E+009  -6.16113927676E+001
+1.08008400000E+009  -7.83907691037E+001
+1.08758250000E+009  -6.73300869668E+001
+1.09508100000E+009  -7.05306662390E+001
+1.10257950000E+009  -8.64105949518E+001
+1.11007800000E+009  -6.10060711525E+001
+1.11757650000E+009  -6.95472475183E+001
+1.12507500000E+009  -9.03874514980E+001
+1.13257350000E+009  -7.02273396059E+001
+1.14007200000E+009  -9.21411616244E+001
+1.14757050000E+009  -7.15808642641E+001
+1.15506900000E+009  -7.37739564282E+001
+1.16256750000E+009  -9.04224489975E+001
+1.17006600000E+009  -6.99336090720E+001
+1.17756450000E+009  -7.55490570136E+001
+1.18506300000E+009  -6.63467848532E+001
+1.19256150000E+009  -6.88983278549E+001
+1.20006000000E+009  -6.26421232396E+001
+1.20755850000E+009  -6.86536397896E+001
+1.21505700000E+009  -6.64704538532E+001
+1.22255550000E+009  -7.45233530982E+001
+1.23005400000E+009  -7.93187161441E+001
+1.23755250000E+009  -6.48248468361E+001
+1.24505100000E+009  -6.64479732152E+001
+1.25254950000E+009  -6.86029334040E+001
+1.26004800000E+009  -6.69425185715E+001
+1.26754650000E+009  -6.86179539717E+001
+1.27504500000E+009  -8.56745759351E+001
+1.28254350000E+009  -6.37261504014E+001
+1.29004200000E+009  -6.77843903748E+001
+1.29754050000E+009  -6.61002751953E+001
+1.30503900000E+009  -6.79358836573E+001
+1.31253750000E+009  -6.99523558098E+001
+1.32003600000E+009  -6.69539395390E+001
+1.32753450000E+009  -7.16925798912E+001
+1.33503300000E+009  -7.24062591671E+001
+1.34253150000E+009  -6.77042611703E+001
+1.35003000000E+009  -7.39770554342E+001
+1.35752850000E+009  -7.96700630676E+001
+1.36502700000E+009  -6.83305775201E+001
+1.37252550000E+009  -7.15852905604E+001
+1.38002400000E+009  -7.73916598697E+001
+1.38752250000E+009  -7.17611247733E+001
+1.39502100000E+009  -7.10586421507E+001
+1.40251950000E+009  -7.14128592143E+001
+1.41001800000E+009  -6.76171014851E+001
+1.41751650000E+009  -6.58207108562E+001
+1.42501500000E+009  -6.86586586396E+001
+1.43251350000E+009  -7.79983762264E+001
+1.44001200000E+009  -7.45276394887E+001
+1.44751050000E+009  -7.26612937765E+001
+1.45500900000E+009  -7.13504676902E+001
+1.46250750000E+009  -6.95919643739E+001
+1.47000600000E+009  -7.93150596988E+001
+1.47750450000E+009  -7.11406771087E+001
+1.48500300000E+009  -7.68692286369E+001
+1.49250150000E+009  -7.86592095211E+001
+1.50000000000E+009  -6.61768436584E+001
