-2.49000003e-009  -0.01542969
-2.48000003e-009 -0.004679687
-2.47000003e-009  -0.01389063
-2.46000003e-009 -0.004171875
-2.45000003e-009  -0.01534375
-2.44000003e-009    -0.003625
-2.43000003e-009   -0.0149375
-2.42000003e-009 -0.003414062
-2.41000003e-009  -0.01465625
-2.40000003e-009   -0.0039375
-2.39000003e-009  -0.01501563
-2.38000003e-009   -0.0026875
-2.37000003e-009       -0.015
-2.36000003e-009 -0.003492187
-2.35000003e-009  -0.01372656
-2.34000003e-009 -0.003273437
-2.33000003e-009  -0.01530469
-2.32000003e-009 -0.002976562
-2.31000003e-009  -0.01171875
-2.30000003e-009 -0.003523437
-2.29000003e-009  -0.01307813
-2.28000003e-009 -0.004585937
-2.27000003e-009       -0.013
-2.26000003e-009       -0.003
-2.25000003e-009       -0.013
-2.24000003e-009       -0.003
-2.23000003e-009  -0.01119531
-2.22000003e-009 -0.002648437
-2.21000003e-009  -0.01184375
-2.20000003e-009 4.687535e-005
-2.19000003e-009  -0.01184375
-2.18000003e-009 -0.0009999997
-2.17000003e-009    -0.012375
-2.16000003e-009       -0.003
-2.15000003e-009  -0.01189063
-2.14000003e-009 -0.001203125
-2.13000003e-009  -0.01208594
-2.12000003e-009  -0.00171875
-2.11000003e-009       -0.011
-2.10000003e-009 -0.0009999997
-2.09000003e-009       -0.011
-2.08000003e-009       -0.003
-2.07000003e-009  -0.01071875
-2.06000003e-009 -0.002484375
-2.05000003e-009   -0.0115625
-2.04000003e-009 -0.002023437
-2.03000003e-009  -0.01104688
-2.02000003e-009   -0.0024375
-2.01000003e-009  -0.01032031
-2.00000003e-009 -0.002359375
-1.99000003e-009  -0.01046094
-1.98000003e-009 -0.001101562
-1.97000003e-009       -0.011
-1.96000003e-009 -0.0009999997
-1.95000003e-009  -0.01014844
-1.94000003e-009 -0.002664062
-1.93000003e-009  -0.01067969
-1.92000003e-009 -0.0009999997
-1.91000003e-009      -0.0115
-1.90000003e-009 -0.001421875
-1.89000003e-009  -0.01080469
-1.88000003e-009 -0.001273437
-1.87000002e-009    -0.010375
-1.86000002e-009 0.0009453129
-1.85000002e-009       -0.009
-1.84000002e-009        0.001
-1.83000002e-009 -0.009390625
-1.82000002e-009 -0.0009531247
-1.81000002e-009       -0.009
-1.80000002e-009 -0.0006562497
-1.79000002e-009 -0.008492188
-1.78000002e-009 0.0005625004
-1.77000002e-009 -0.009164063
-1.76000002e-009  0.001492188
-1.75000002e-009 -0.008429688
-1.74000002e-009 -0.0007109372
-1.73000002e-009   -0.0093125
-1.72000002e-009 -9.374966e-005
-1.71000002e-009 -0.008835938
-1.70000002e-009      0.00175
-1.69000002e-009       -0.009
-1.68000002e-009  0.002179688
-1.67000002e-009       -0.009
-1.66000002e-009        0.001
-1.65000002e-009 -0.008015625
-1.64000002e-009        0.001
-1.63000002e-009       -0.009
-1.62000002e-009 0.0009296879
-1.61000002e-009 -0.007867188
-1.60000002e-009        0.001
-1.59000002e-009      -0.0075
-1.58000002e-009    0.0011875
-1.57000002e-009 -0.007632813
-1.56000002e-009  0.001351563
-1.55000002e-009       -0.009
-1.54000002e-009        0.001
-1.53000002e-009 -0.007757813
-1.52000002e-009   0.00184375
-1.51000002e-009       -0.007
-1.50000002e-009  0.003703126
-1.49000002e-009    -0.008625
-1.48000002e-009  0.003484376
-1.47000002e-009 -0.008585938
-1.46000002e-009   0.00115625
-1.45000002e-009  -0.00859375
-1.44000002e-009        0.001
-1.43000002e-009   -0.0086875
-1.42000002e-009  0.001585938
-1.41000002e-009 -0.006617187
-1.40000002e-009   0.00190625
-1.39000002e-009 -0.007101562
-1.38000002e-009        0.003
-1.37000002e-009       -0.007
-1.36000002e-009        0.003
-1.35000002e-009       -0.007
-1.34000002e-009        0.003
-1.33000002e-009 -0.006390625
-1.32000002e-009  0.001835938
-1.31000002e-009  -0.00621875
-1.30000002e-009  0.003078125
-1.29000002e-009 -0.007757813
-1.28000002e-009  0.002414063
-1.27000002e-009    -0.008125
-1.26000002e-009  0.001539063
-1.25000002e-009       -0.007
-1.24000002e-009  0.001960938
-1.23000002e-009       -0.007
-1.22000002e-009    0.0024375
-1.21000002e-009       -0.007
-1.20000002e-009  0.001210938
-1.19000002e-009 -0.006734375
-1.18000002e-009  0.001601563
-1.17000002e-009  -0.00709375
-1.16000002e-009  0.003140625
-1.15000002e-009       -0.007
-1.14000002e-009        0.003
-1.13000002e-009       -0.007
-1.12000001e-009  0.001914063
-1.11000001e-009 -0.005679687
-1.10000001e-009        0.003
-1.09000001e-009 -0.006429687
-1.08000001e-009   0.00303125
-1.07000001e-009 -0.006757812
-1.06000001e-009   0.00290625
-1.05000001e-009       -0.007
-1.04000001e-009        0.001
-1.03000001e-009  -0.00740625
-1.02000001e-009    0.0025625
-1.01000001e-009 -0.006640625
-1.00000001e-009  0.002546875
-9.90000013e-010 -0.007890625
-9.80000013e-010  0.002210938
-9.70000013e-010  -0.00778125
-9.60000013e-010 0.0009375004
-9.50000013e-010 -0.008195313
-9.40000013e-010        0.001
-9.30000012e-010       -0.009
-9.20000012e-010   0.00146875
-9.10000012e-010   -0.0073125
-9.00000012e-010  0.001765625
-8.90000012e-010 -0.007734375
-8.80000012e-010  0.001789063
-8.70000012e-010 -0.007445313
-8.60000011e-010   0.00153125
-8.50000011e-010 -0.007296875
-8.40000011e-010  0.001515625
-8.30000011e-010       -0.007
-8.20000011e-010  0.001328125
-8.10000011e-010  -0.00859375
-8.00000011e-010  0.001382813
-7.90000011e-010 -0.009117188
-7.8000001e-010  0.001242188
-7.7000001e-010      -0.0085
-7.6000001e-010 -0.0001328122
-7.5000001e-010       -0.009
-7.4000001e-010  0.001507813
-7.3000001e-010 -0.008335938
-7.2000001e-010        0.001
-7.10000009e-010  -0.01009375
-7.00000009e-010 -0.0007343747
-6.90000009e-010       -0.011
-6.80000009e-010 -0.002015625
-6.70000009e-010  -0.01179688
-6.60000009e-010 -0.002164062
-6.50000009e-010  -0.01325781
-6.40000009e-010 -0.001398437
-6.30000008e-010  -0.01515625
-6.20000008e-010 -0.002453125
-6.10000008e-010  -0.01738281
-6.00000008e-010 -0.007601563
-5.90000008e-010  -0.02282813
-5.80000008e-010  -0.01239063
-5.70000008e-010       -0.031
-5.60000007e-010  -0.01783594
-5.50000007e-010  -0.03729688
-5.40000007e-010       -0.025
-5.30000007e-010   -0.0446875
-5.20000007e-010    -0.038125
-5.10000007e-010       -0.059
-5.00000007e-010       -0.047
-4.90000007e-010  -0.07196094
-4.80000006e-010     -0.05875
-4.70000006e-010  -0.08526563
-4.60000006e-010  -0.07341407
-4.50000006e-010   -0.1011172
-4.40000006e-010  -0.09098438
-4.30000006e-010   -0.1150234
-4.20000006e-010       -0.105
-4.10000005e-010   -0.1270703
-4.00000005e-010   -0.1177422
-3.90000005e-010       -0.139
-3.80000005e-010       -0.127
-3.70000005e-010       -0.145
-3.60000005e-010   -0.1333281
-3.50000005e-010   -0.1471094
-3.40000005e-010   -0.1356484
-3.30000004e-010   -0.1483984
-3.20000004e-010   -0.1349688
-3.10000004e-010   -0.1475781
-3.00000004e-010   -0.1339688
-2.90000004e-010       -0.147
-2.80000004e-010   -0.1321563
-2.70000004e-010   -0.1437188
-2.60000003e-010   -0.1286172
-2.50000003e-010   -0.1380313
-2.40000003e-010       -0.121
-2.30000003e-010       -0.133
-2.20000003e-010   -0.1159297
-2.10000003e-010   -0.1254453
-2.00000003e-010   -0.1103203
-1.90000003e-010       -0.117
-1.80000002e-010   -0.0986875
-1.70000002e-010       -0.109
-1.60000002e-010   -0.0868125
-1.50000002e-010  -0.09874219
-1.40000002e-010  -0.07414844
-1.30000002e-010  -0.08513282
-1.20000002e-010  -0.06077344
-1.10000001e-010  -0.07088282
-1.00000001e-010  -0.04613281
-9.00000012e-011  -0.05517969
-8.00000011e-011    -0.031125
-7.00000009e-011  -0.03996094
-6.00000008e-011  -0.01611719
-5.00000007e-011  -0.02602344
-4.00000005e-011 -0.004835937
-3.00000004e-011   -0.0139375
-2.00000003e-011  0.005820313
-1.00000001e-011 -0.004882812
           0   0.01094531
1.00000001e-011 -0.0002265622
2.00000003e-011   0.01376563
3.00000004e-011  0.002132813
4.00000005e-011        0.017
5.00000007e-011  0.006671876
6.00000008e-011   0.01682031
7.00000009e-011  0.007039063
8.00000011e-011        0.017
9.00000012e-011  0.007000001
1.00000001e-010    0.0158125
1.10000001e-010  0.004875001
1.20000002e-010        0.015
1.30000002e-010  0.004835938
1.40000002e-010   0.01375781
1.50000002e-010  0.004218751
1.60000002e-010   0.01496094
1.70000002e-010  0.004031251
1.80000002e-010        0.015
1.90000003e-010  0.004132813
2.00000003e-010        0.015
2.10000003e-010  0.007000001
2.20000003e-010   0.01780469
2.30000003e-010  0.008867188
2.40000003e-010   0.01921875
2.50000003e-010  0.009023438
2.60000003e-010   0.01917969
2.70000004e-010  0.009703126
2.80000004e-010     0.019625
2.90000004e-010        0.011
3.00000004e-010   0.02108594
3.10000004e-010   0.01073438
3.20000004e-010   0.02014063
3.30000004e-010   0.01067969
3.40000005e-010   0.01942188
3.50000005e-010  0.009132813
3.60000005e-010        0.019
3.70000005e-010  0.008437501
3.80000005e-010   0.01788281
3.90000005e-010  0.008843751
4.00000005e-010   0.01658594
4.10000005e-010  0.007000001
4.20000006e-010        0.017
4.30000006e-010  0.005117188
4.40000006e-010   0.01469531
4.50000006e-010   0.00315625
4.60000006e-010   0.01304688
4.70000006e-010 0.0001015629
4.80000006e-010        0.013
4.90000007e-010        0.001
5.00000007e-010        0.015
5.10000007e-010       0.0025
5.20000007e-010   0.01296094
5.30000007e-010  0.002101563
5.40000007e-010   0.01363281
5.50000007e-010  0.002359375
5.60000007e-010        0.015
5.70000008e-010  0.003835938
5.80000008e-010    0.0145625
5.90000008e-010  0.003367188
6.00000008e-010   0.01560938
6.10000008e-010  0.003835938
6.20000008e-010        0.017
6.30000008e-010  0.005929688
6.40000009e-010   0.01570313
6.50000009e-010  0.004203126
6.60000009e-010   0.01535156
6.70000009e-010  0.005000001
6.80000009e-010   0.01683594
6.90000009e-010  0.004304688
7.00000009e-010   0.01667188
7.10000009e-010  0.004867188
7.2000001e-010   0.01708594
7.3000001e-010  0.005109376
7.4000001e-010   0.01640625
7.5000001e-010  0.005804688
7.6000001e-010        0.017
7.7000001e-010  0.006882813
7.8000001e-010   0.01707813
7.90000011e-010  0.008226563
8.00000011e-010        0.019
8.10000011e-010  0.007390626
8.20000011e-010    0.0170625
8.30000011e-010  0.007460938
8.40000011e-010        0.019
8.50000011e-010  0.009484376
8.60000011e-010   0.02080469
8.70000012e-010        0.011
8.80000012e-010   0.02117969
8.90000012e-010   0.01094531
9.00000012e-010    0.0216875
9.10000012e-010        0.011
9.20000012e-010   0.02207031
9.30000012e-010        0.011
9.40000013e-010   0.02139063
9.50000013e-010   0.01041406
9.60000013e-010        0.023
9.70000013e-010        0.011
9.80000013e-010   0.02129688
9.90000013e-010   0.01092969
1.00000001e-009        0.021
1.01000001e-009   0.01099219
1.02000001e-009   0.02139844
1.03000001e-009   0.01046875
1.04000001e-009   0.02107813
1.05000001e-009   0.01033594
1.06000001e-009        0.021
1.07000001e-009  0.008500001
1.08000001e-009   0.02032031
1.09000001e-009  0.009000001
1.10000001e-009   0.02103906
1.11000001e-009  0.009484376
1.12000001e-009   0.02038281
1.13000002e-009   0.01047656
1.14000002e-009   0.02033594
1.15000002e-009  0.009000001
1.16000002e-009     0.021125
1.17000002e-009   0.01001563
1.18000002e-009   0.02032031
1.19000002e-009  0.008796876
1.20000002e-009   0.01985156
1.21000002e-009  0.009828126
1.22000002e-009   0.01907813
1.23000002e-009  0.009046876
1.24000002e-009   0.01978125
1.25000002e-009        0.011
1.26000002e-009   0.02107813
1.27000002e-009   0.01139844
1.28000002e-009        0.023
1.29000002e-009   0.01108594
1.30000002e-009      0.02225
1.31000002e-009  0.009000001
1.32000002e-009     0.021125
1.33000002e-009  0.009085938
1.34000002e-009        0.021
1.35000002e-009  0.009703126
1.36000002e-009   0.01946094
1.37000002e-009  0.008609376
1.38000002e-009   0.01914844
1.39000002e-009    0.0104375
1.40000002e-009   0.02186719
1.41000002e-009     0.010875
1.42000002e-009   0.02052344
1.43000002e-009        0.011
1.44000002e-009   0.02055469
1.45000002e-009        0.011
1.46000002e-009   0.02082813
1.47000002e-009   0.01171875
1.48000002e-009   0.02041406
1.49000002e-009   0.01109375
1.50000002e-009   0.02050781
1.51000002e-009   0.01020313
1.52000002e-009   0.02048438
1.53000002e-009   0.01004688
1.54000002e-009        0.021
1.55000002e-009   0.01041406
1.56000002e-009   0.01967188
1.57000002e-009   0.01030469
1.58000002e-009        0.019
1.59000002e-009  0.009046876
1.60000002e-009   0.01965625
1.61000002e-009  0.009000001
1.62000002e-009   0.01890625
1.63000002e-009  0.009000001
1.64000002e-009   0.01814063
1.65000002e-009  0.009296876
1.66000002e-009        0.019
1.67000002e-009  0.009468751
1.68000002e-009   0.01702344
1.69000002e-009   0.01083594
1.70000002e-009        0.019
1.71000002e-009  0.009000001
1.72000002e-009    0.0188125
1.73000002e-009  0.007984376
1.74000002e-009   0.01763281
1.75000002e-009  0.007000001
1.76000002e-009   0.01761719
1.77000002e-009  0.008523438
1.78000002e-009   0.01840625
1.79000002e-009  0.008742188
1.80000002e-009   0.01975781
1.81000002e-009  0.009000001
1.82000002e-009        0.019
1.83000002e-009  0.007500001
1.84000002e-009   0.01926563
1.85000002e-009  0.009242188
1.86000002e-009        0.019
1.87000002e-009  0.008796876
1.88000003e-009        0.019
1.89000003e-009  0.009000001
1.90000003e-009    0.0193125
1.91000003e-009  0.008093751
1.92000003e-009        0.019
1.93000003e-009  0.008492188
1.94000003e-009    0.0186875
1.95000003e-009  0.008484376
1.96000003e-009        0.019
1.97000003e-009  0.008937501
1.98000003e-009        0.019
1.99000003e-009  0.008773438
2.00000003e-009   0.01739844
2.01000003e-009  0.008742188
2.02000003e-009   0.01820313
2.03000003e-009  0.009000001
2.04000003e-009   0.01920313
2.05000003e-009  0.009000001
2.06000003e-009   0.01792188
2.07000003e-009  0.008554688
2.08000003e-009        0.019
2.09000003e-009  0.007828126
2.10000003e-009     0.018125
2.11000003e-009  0.007304688
2.12000003e-009        0.019
2.13000003e-009  0.009000001
2.14000003e-009        0.021
2.15000003e-009  0.008132813
2.16000003e-009   0.01923438
2.17000003e-009  0.008109376
2.18000003e-009   0.01721094
2.19000003e-009  0.007718751
2.20000003e-009   0.01772656
2.21000003e-009  0.006804688
2.22000003e-009   0.01760938
2.23000003e-009  0.008031251
2.24000003e-009   0.01917188
2.25000003e-009  0.008429688
2.26000003e-009   0.01767969
2.27000003e-009  0.008328126
2.28000003e-009   0.01707813
2.29000003e-009  0.008398438
2.30000003e-009   0.01696875
2.31000003e-009  0.008148438
2.32000003e-009        0.017
2.33000003e-009  0.007906251
2.34000003e-009   0.01819531
2.35000003e-009  0.008273438
2.36000003e-009        0.019
2.37000003e-009  0.008054688
2.38000003e-009   0.01732031
2.39000003e-009  0.007867188
2.40000003e-009        0.017
2.41000003e-009  0.007335938
2.42000003e-009        0.017
2.43000003e-009  0.007468751
2.44000003e-009        0.017
2.45000003e-009  0.007000001
2.46000003e-009   0.01546875
2.47000003e-009  0.007000001
2.48000003e-009   0.01632031
2.49000003e-009  0.007000001
2.50000003e-009   0.01641406
