-4.98000007e-009 -0.0005156247
-4.96000007e-009 -0.0003828122
-4.94000007e-009 -0.0003437497
-4.92000007e-009 -0.0004531247
-4.90000007e-009 -0.0006874997
-4.88000007e-009 -0.0008046872
-4.86000006e-009 -0.0007265622
-4.84000006e-009 -0.0005624997
-4.82000006e-009 -0.0005312497
-4.80000006e-009 -0.0006718747
-4.78000006e-009 -0.0008906247
-4.76000006e-009 -0.0009062497
-4.74000006e-009 -0.0007890622
-4.72000006e-009 -0.0006406247
-4.70000006e-009 -0.0006874997
-4.68000006e-009 -0.0007968747
-4.66000006e-009 -0.0008359372
-4.64000006e-009 -0.0007812497
-4.62000006e-009 -0.0008046872
-4.60000006e-009 -0.0008593747
-4.58000006e-009 -0.0008281247
-4.56000006e-009 -0.0005859372
-4.54000006e-009 -0.0002968747
-4.52000006e-009 -0.0001796872
-4.50000006e-009 -0.0003124997
-4.48000006e-009 -0.0004374997
-4.46000006e-009 -0.0005390622
-4.44000006e-009 -0.0005390622
-4.42000006e-009 -0.0005390622
-4.40000006e-009 -0.0005546872
-4.38000006e-009 -0.0006015622
-4.36000006e-009 -0.0005624997
-4.34000006e-009 -0.0005078122
-4.32000006e-009 -0.0006171872
-4.30000006e-009 -0.0007187497
-4.28000006e-009 -0.0007265622
-4.26000006e-009 -0.0005624997
-4.24000006e-009 -0.0004140622
-4.22000006e-009 -0.0004374997
-4.20000006e-009 -0.0006093747
-4.18000006e-009 -0.0007890622
-4.16000006e-009 -0.0008046872
-4.14000006e-009 -0.0006640622
-4.12000006e-009 -0.0004765622
-4.10000005e-009 -0.0005624997
-4.08000005e-009 -0.0008437497
-4.06000005e-009 -0.001148437
-4.04000005e-009 -0.001210937
-4.02000005e-009 -0.0009531247
-4.00000005e-009 -0.0005937497
-3.98000005e-009 -0.0003437497
-3.96000005e-009 -0.0004062497
-3.94000005e-009 -0.0006328122
-3.92000005e-009 -0.0008281247
-3.90000005e-009 -0.0008749997
-3.88000005e-009 -0.0007656247
-3.86000005e-009 -0.0006093747
-3.84000005e-009 -0.0005624997
-3.82000005e-009 -0.0006249997
-3.80000005e-009 -0.0007031247
-3.78000005e-009 -0.0007968747
-3.76000005e-009 -0.0006718747
-3.74000005e-009 -0.0004609372
-3.72000005e-009 -0.0003203122
-3.70000005e-009 -0.0003437497
-3.68000005e-009 -0.0005312497
-3.66000005e-009 -0.0007812497
-3.64000005e-009 -0.0009453122
-3.62000005e-009 -0.0008906247
-3.60000005e-009 -0.0006249997
-3.58000005e-009 -0.0003046872
-3.56000005e-009 -0.0001484372
-3.54000005e-009 -0.0003046872
-3.52000005e-009 -0.0005624997
-3.50000005e-009 -0.0007031247
-3.48000005e-009 -0.0006562497
-3.46000005e-009 -0.0005937497
-3.44000005e-009 -0.0007499997
-3.42000005e-009  -0.00109375
-3.40000005e-009      -0.0015
-3.38000005e-009     -0.00175
-3.36000004e-009 -0.001796875
-3.34000004e-009  -0.00178125
-3.32000004e-009  -0.00184375
-3.30000004e-009  -0.00228125
-3.28000004e-009 -0.002914062
-3.26000004e-009 -0.003460937
-3.24000004e-009  -0.00365625
-3.22000004e-009 -0.003570312
-3.20000004e-009 -0.003554687
-3.18000004e-009 -0.003851562
-3.16000004e-009 -0.004398437
-3.14000004e-009 -0.004890625
-3.12000004e-009 -0.005195312
-3.10000004e-009 -0.005242187
-3.08000004e-009 -0.005304687
-3.06000004e-009 -0.005515625
-3.04000004e-009 -0.005921875
-3.02000004e-009    -0.006375
-3.00000004e-009 -0.006679687
-2.98000004e-009 -0.006742187
-2.96000004e-009 -0.006757812
-2.94000004e-009 -0.006914062
-2.92000004e-009 -0.007265625
-2.90000004e-009 -0.007671875
-2.88000004e-009  -0.00790625
-2.86000004e-009       -0.008
-2.84000004e-009  -0.00803125
-2.82000004e-009 -0.008148438
-2.80000004e-009 -0.008304688
-2.78000004e-009 -0.008484375
-2.76000004e-009 -0.008648438
-2.74000004e-009  -0.00884375
-2.72000004e-009 -0.008929688
-2.70000004e-009 -0.008992188
-2.68000004e-009   -0.0089375
-2.66000004e-009 -0.008898438
-2.64000004e-009 -0.008945313
-2.62000003e-009 -0.009007813
-2.60000003e-009       -0.009
-2.58000003e-009 -0.008929688
-2.56000003e-009 -0.008890625
-2.54000003e-009  -0.00890625
-2.52000003e-009       -0.009
-2.50000003e-009 -0.009015625
-2.48000003e-009 -0.008851563
-2.46000003e-009 -0.008609375
-2.44000003e-009 -0.008398438
-2.42000003e-009 -0.008359375
-2.40000003e-009 -0.008382813
-2.38000003e-009 -0.008398438
-2.36000003e-009 -0.008429688
-2.34000003e-009 -0.008421875
-2.32000003e-009 -0.008460938
-2.30000003e-009 -0.008445313
-2.28000003e-009 -0.008296875
-2.26000003e-009 -0.007945313
-2.24000003e-009   -0.0075625
-2.22000003e-009 -0.007359375
-2.20000003e-009  -0.00734375
-2.18000003e-009 -0.007421875
-2.16000003e-009 -0.007421875
-2.14000003e-009 -0.007242187
-2.12000003e-009 -0.007101562
-2.10000003e-009 -0.007101562
-2.08000003e-009 -0.007132812
-2.06000003e-009  -0.00703125
-2.04000003e-009  -0.00678125
-2.02000003e-009 -0.006398437
-2.00000003e-009 -0.006109375
-1.98000003e-009 -0.005914062
-1.96000003e-009    -0.005875
-1.94000003e-009       -0.006
-1.92000003e-009   -0.0061875
-1.90000003e-009 -0.006203125
-1.88000003e-009 -0.006007812
-1.86000002e-009 -0.005578125
-1.84000002e-009 -0.005335937
-1.82000002e-009  -0.00528125
-1.80000002e-009  -0.00534375
-1.78000002e-009  -0.00515625
-1.76000002e-009 -0.004710937
-1.74000002e-009 -0.004210937
-1.72000002e-009 -0.003984375
-1.70000002e-009       -0.004
-1.68000002e-009 -0.004015625
-1.66000002e-009 -0.003835937
-1.64000002e-009 -0.003539062
-1.62000002e-009 -0.003273437
-1.60000002e-009 -0.003296875
-1.58000002e-009 -0.003578125
-1.56000002e-009 -0.003867187
-1.54000002e-009 -0.003867187
-1.52000002e-009 -0.003570312
-1.50000002e-009  -0.00321875
-1.48000002e-009 -0.002945312
-1.46000002e-009 -0.002929687
-1.44000002e-009  -0.00290625
-1.42000002e-009 -0.002804687
-1.40000002e-009 -0.002640625
-1.38000002e-009 -0.002578125
-1.36000002e-009  -0.00259375
-1.34000002e-009 -0.002601562
-1.32000002e-009      -0.0025
-1.30000002e-009 -0.002320312
-1.28000002e-009    -0.002125
-1.26000002e-009 -0.002101562
-1.24000002e-009 -0.002148437
-1.22000002e-009 -0.002085937
-1.20000002e-009 -0.001953125
-1.18000002e-009 -0.001945312
-1.16000002e-009 -0.002007812
-1.14000002e-009   -0.0021875
-1.12000001e-009 -0.002296875
-1.10000001e-009 -0.002359375
-1.08000001e-009 -0.002328125
-1.06000001e-009 -0.002273437
-1.04000001e-009 -0.002210937
-1.02000001e-009 -0.002304687
-1.00000001e-009 -0.002554687
-9.80000013e-010 -0.002757812
-9.60000013e-010 -0.002773437
-9.40000013e-010 -0.002546875
-9.20000012e-010 -0.002257812
-9.00000012e-010 -0.002289062
-8.80000012e-010    -0.002625
-8.60000011e-010   -0.0029375
-8.40000011e-010  -0.00296875
-8.20000011e-010 -0.002703125
-8.00000011e-010   -0.0024375
-7.8000001e-010  -0.00265625
-7.6000001e-010 -0.003203125
-7.4000001e-010 -0.003742187
-7.2000001e-010 -0.004007812
-7.00000009e-010 -0.004070312
-6.80000009e-010   -0.0043125
-6.60000009e-010 -0.004601562
-6.40000009e-010 -0.005132812
-6.20000008e-010 -0.005921875
-6.00000008e-010 -0.007101562
-5.80000008e-010 -0.009101563
-5.60000007e-010      -0.0115
-5.40000007e-010  -0.01492969
-5.20000007e-010        -0.02
-5.00000007e-010  -0.02723438
-4.80000006e-010  -0.03691406
-4.60000006e-010  -0.04832813
-4.40000006e-010  -0.06098438
-4.20000006e-010  -0.07461719
-4.00000005e-010  -0.08867969
-3.80000005e-010   -0.1022422
-3.60000005e-010   -0.1142422
-3.40000005e-010   -0.1232344
-3.20000004e-010   -0.1290938
-3.00000004e-010   -0.1318516
-2.80000004e-010   -0.1317813
-2.60000003e-010   -0.1305547
-2.40000003e-010   -0.1281328
-2.20000003e-010   -0.1252734
-2.00000003e-010   -0.1218438
-1.80000002e-010   -0.1172422
-1.60000002e-010   -0.1115469
-1.40000002e-010   -0.1038984
-1.20000002e-010  -0.09411719
-1.00000001e-010    -0.082375
-8.00000011e-011  -0.06895313
-6.00000008e-011  -0.05458594
-4.00000005e-011   -0.0400625
-2.00000003e-011  -0.02622656
           0  -0.01424219
2.00000003e-011 -0.004859375
4.00000005e-011      0.00225
6.00000008e-011  0.006960938
8.00000011e-011  0.009843751
1.00000001e-010   0.01092969
1.20000002e-010   0.01053906
1.40000002e-010  0.009593751
1.60000002e-010  0.008437501
1.80000002e-010  0.007632813
2.00000003e-010  0.007218751
2.20000003e-010  0.007296876
2.40000003e-010  0.008210938
2.60000003e-010  0.009976563
2.80000004e-010   0.01219531
3.00000004e-010    0.0143125
3.20000004e-010    0.0155625
3.40000005e-010   0.01582813
3.60000005e-010   0.01538281
3.80000005e-010    0.0146875
4.00000005e-010   0.01396094
4.20000006e-010   0.01310938
4.40000006e-010   0.01204688
4.60000006e-010   0.01089063
4.80000006e-010  0.009867188
5.00000007e-010  0.009226563
5.20000007e-010  0.009117188
5.40000007e-010  0.009375001
5.60000007e-010  0.009671876
5.80000008e-010  0.009875001
6.00000008e-010   0.01002344
6.20000008e-010   0.01017969
6.40000009e-010     0.010375
6.60000009e-010    0.0104375
6.80000009e-010   0.01022656
7.00000009e-010  0.009789063
7.2000001e-010  0.009398438
7.4000001e-010  0.009335938
7.6000001e-010  0.009718751
7.8000001e-010   0.01039063
8.00000011e-010   0.01111719
8.20000011e-010   0.01177344
8.40000011e-010   0.01230469
8.60000011e-010   0.01272656
8.80000012e-010   0.01321094
9.00000012e-010   0.01372656
9.20000012e-010   0.01430469
9.40000013e-010   0.01482031
9.60000013e-010   0.01505469
9.80000013e-010   0.01490625
1.00000001e-009   0.01453125
1.02000001e-009   0.01425781
1.04000001e-009   0.01433594
1.06000001e-009   0.01455469
1.08000001e-009       0.0145
1.10000001e-009   0.01407031
1.12000001e-009   0.01348438
1.14000002e-009    0.0131875
1.16000002e-009   0.01340625
1.18000002e-009   0.01392969
1.20000002e-009   0.01433594
1.22000002e-009   0.01449219
1.24000002e-009   0.01445313
1.26000002e-009   0.01446875
1.28000002e-009   0.01446875
1.30000002e-009   0.01450781
1.32000002e-009   0.01446094
1.34000002e-009   0.01444531
1.36000002e-009   0.01447656
1.38000002e-009   0.01461719
1.40000002e-009   0.01467969
1.42000002e-009   0.01455469
1.44000002e-009   0.01449219
1.46000002e-009   0.01460156
1.48000002e-009   0.01485938
1.50000002e-009   0.01501563
1.52000002e-009   0.01489844
1.54000002e-009   0.01453906
1.56000002e-009   0.01420313
1.58000002e-009   0.01402344
1.60000002e-009   0.01392188
1.62000002e-009   0.01366406
1.64000002e-009   0.01319531
1.66000002e-009      0.01275
1.68000002e-009   0.01251563
1.70000002e-009   0.01257031
1.72000002e-009   0.01273438
1.74000002e-009     0.012875
1.76000002e-009     0.012875
1.78000002e-009      0.01275
1.80000002e-009   0.01253125
1.82000002e-009   0.01242969
1.84000002e-009   0.01241406
1.86000002e-009   0.01255469
1.88000003e-009   0.01261719
1.90000003e-009   0.01261719
1.92000003e-009   0.01250781
1.94000003e-009    0.0124375
1.96000003e-009   0.01250781
1.98000003e-009   0.01257813
2.00000003e-009   0.01260156
2.02000003e-009   0.01241406
2.04000003e-009    0.0121875
2.06000003e-009   0.01200781
2.08000003e-009   0.01196875
2.10000003e-009   0.01208594
2.12000003e-009   0.01224219
2.14000003e-009   0.01239063
2.16000003e-009   0.01241406
2.18000003e-009   0.01232031
2.20000003e-009   0.01213281
2.22000003e-009   0.01197656
2.24000003e-009   0.01175781
2.26000003e-009   0.01173438
2.28000003e-009   0.01186719
2.30000003e-009   0.01207813
2.32000003e-009   0.01228906
2.34000003e-009   0.01222656
2.36000003e-009        0.012
2.38000003e-009   0.01165625
2.40000003e-009   0.01150781
2.42000003e-009   0.01139063
2.44000003e-009   0.01116406
2.46000003e-009   0.01071094
2.48000003e-009   0.01028906
2.50000003e-009   0.01023438
2.52000003e-009   0.01053125
2.54000003e-009   0.01083594
2.56000003e-009   0.01083594
2.58000003e-009   0.01055469
2.60000003e-009   0.01021875
2.62000003e-009   0.01007813
2.64000004e-009     0.010125
2.66000004e-009      0.01025
2.68000004e-009   0.01027344
2.70000004e-009   0.01019531
2.72000004e-009  0.009984376
2.74000004e-009  0.009796876
2.76000004e-009  0.009718751
2.78000004e-009  0.009882813
2.80000004e-009    0.0100625
2.82000004e-009   0.01010156
2.84000004e-009  0.009859376
2.86000004e-009  0.009531251
2.88000004e-009  0.009367188
2.90000004e-009  0.009343751
2.92000004e-009  0.009289063
2.94000004e-009  0.009164063
2.96000004e-009  0.009046876
2.98000004e-009  0.009109376
3.00000004e-009  0.009296876
3.02000004e-009  0.009382813
3.04000004e-009  0.009312501
3.06000004e-009  0.009171876
3.08000004e-009  0.009078126
3.10000004e-009  0.009007813
3.12000004e-009  0.008835938
3.14000004e-009  0.008609376
3.16000004e-009  0.008523438
3.18000004e-009  0.008656251
3.20000004e-009  0.008882813
3.22000004e-009  0.009000001
3.24000004e-009  0.008804688
3.26000004e-009  0.008421876
3.28000004e-009  0.008101563
3.30000004e-009  0.008062501
3.32000004e-009  0.008226563
3.34000004e-009  0.008289063
3.36000004e-009  0.008101563
3.38000005e-009  0.007757813
3.40000005e-009  0.007507813
3.42000005e-009  0.007484376
3.44000005e-009  0.007500001
3.46000005e-009  0.007476563
3.48000005e-009  0.007390626
3.50000005e-009  0.007312501
3.52000005e-009  0.007195313
3.54000005e-009  0.007031251
3.56000005e-009  0.006953126
3.58000005e-009  0.007070313
3.60000005e-009  0.007304688
3.62000005e-009  0.007445313
3.64000005e-009  0.007265626
3.66000005e-009  0.006929688
3.68000005e-009  0.006664063
3.70000005e-009  0.006718751
3.72000005e-009  0.006968751
3.74000005e-009  0.007085938
3.76000005e-009  0.006859376
3.78000005e-009  0.006445313
3.80000005e-009  0.006195313
3.82000005e-009  0.006226563
3.84000005e-009  0.006382813
3.86000005e-009  0.006453126
3.88000005e-009  0.006351563
3.90000005e-009  0.006265626
3.92000005e-009  0.006390626
3.94000005e-009  0.006593751
3.96000005e-009  0.006664063
3.98000005e-009  0.006648438
4.00000005e-009  0.006601563
4.02000005e-009  0.006593751
4.04000005e-009  0.006710938
4.06000005e-009  0.006703126
4.08000005e-009  0.006585938
4.10000005e-009  0.006492188
4.12000006e-009  0.006539063
4.14000006e-009  0.006632813
4.16000006e-009  0.006632813
4.18000006e-009  0.006398438
4.20000006e-009  0.006125001
4.22000006e-009  0.005984376
4.24000006e-009  0.006046876
4.26000006e-009  0.006210938
4.28000006e-009  0.006179688
4.30000006e-009  0.006000001
4.32000006e-009  0.005664063
4.34000006e-009  0.005429688
4.36000006e-009  0.005453126
4.38000006e-009  0.005671876
4.40000006e-009  0.005937501
4.42000006e-009  0.005960938
4.44000006e-009  0.005804688
4.46000006e-009  0.005640626
4.48000006e-009  0.005609376
4.50000006e-009  0.005695313
4.52000006e-009  0.005820313
4.54000006e-009  0.005898438
4.56000006e-009  0.005843751
4.58000006e-009  0.005789063
4.60000006e-009  0.005757813
4.62000006e-009  0.005875001
4.64000006e-009  0.006039063
4.66000006e-009  0.006093751
4.68000006e-009  0.005984376
4.70000006e-009  0.005789063
4.72000006e-009  0.005625001
4.74000006e-009  0.005570313
4.76000006e-009  0.005671876
4.78000006e-009  0.005687501
4.80000006e-009  0.005742188
4.82000006e-009  0.005921876
4.84000006e-009  0.006117188
4.86000006e-009  0.006101563
4.88000007e-009  0.005859376
4.90000007e-009  0.005593751
4.92000007e-009  0.005640626
4.94000007e-009  0.005898438
4.96000007e-009  0.006148438
4.98000007e-009  0.006125001
5.00000007e-009  0.005968751
