-2.49000003e-009 -0.008945313
-2.48000003e-009 -0.008890625
-2.47000003e-009 -0.008820313
-2.46000003e-009     -0.00875
-2.45000003e-009  -0.00865625
-2.44000003e-009 -0.008585938
-2.43000003e-009 -0.008523438
-2.42000003e-009 -0.008414063
-2.41000003e-009 -0.008398438
-2.40000003e-009 -0.008390625
-2.39000003e-009 -0.008390625
-2.38000003e-009 -0.008429688
-2.37000003e-009 -0.008445313
-2.36000003e-009 -0.008460938
-2.35000003e-009 -0.008414063
-2.34000003e-009 -0.008351563
-2.33000003e-009  -0.00821875
-2.32000003e-009 -0.008078125
-2.31000003e-009 -0.007929688
-2.30000003e-009 -0.007835938
-2.29000003e-009 -0.007796875
-2.28000003e-009  -0.00784375
-2.27000003e-009  -0.00790625
-2.26000003e-009 -0.007984375
-2.25000003e-009 -0.008085938
-2.24000003e-009 -0.008117188
-2.23000003e-009 -0.008070313
-2.22000003e-009       -0.008
-2.21000003e-009 -0.007867188
-2.20000003e-009 -0.007726563
-2.19000003e-009 -0.007609375
-2.18000003e-009 -0.007484375
-2.17000003e-009    -0.007375
-2.16000003e-009 -0.007296875
-2.15000003e-009 -0.007195312
-2.14000003e-009   -0.0070625
-2.13000003e-009 -0.006898437
-2.12000003e-009 -0.006765625
-2.11000003e-009 -0.006648437
-2.10000003e-009 -0.006609375
-2.09000003e-009 -0.006640625
-2.08000003e-009 -0.006726562
-2.07000003e-009 -0.006851562
-2.06000003e-009 -0.006953125
-2.05000003e-009 -0.007023437
-2.04000003e-009 -0.006984375
-2.03000003e-009 -0.006867187
-2.02000003e-009 -0.006679687
-2.01000003e-009 -0.006460937
-2.00000003e-009 -0.006273437
-1.99000003e-009  -0.00615625
-1.98000003e-009 -0.006101562
-1.97000003e-009 -0.006179687
-1.96000003e-009 -0.006226562
-1.95000003e-009 -0.006289062
-1.94000003e-009  -0.00628125
-1.93000003e-009     -0.00625
-1.92000003e-009  -0.00609375
-1.91000003e-009 -0.005921875
-1.90000003e-009 -0.005757812
-1.89000003e-009 -0.005601562
-1.88000003e-009 -0.005492187
-1.87000002e-009 -0.005421875
-1.86000002e-009 -0.005445312
-1.85000002e-009 -0.005414062
-1.84000002e-009 -0.005382812
-1.83000002e-009 -0.005328125
-1.82000002e-009     -0.00525
-1.81000002e-009 -0.005109375
-1.80000002e-009 -0.004976562
-1.79000002e-009 -0.004835937
-1.78000002e-009 -0.004757812
-1.77000002e-009   -0.0046875
-1.76000002e-009 -0.004664062
-1.75000002e-009 -0.004664062
-1.74000002e-009 -0.004679687
-1.73000002e-009 -0.004632812
-1.72000002e-009 -0.004578125
-1.71000002e-009 -0.004453125
-1.70000002e-009 -0.004320312
-1.69000002e-009  -0.00415625
-1.68000002e-009 -0.004015625
-1.67000002e-009  -0.00390625
-1.66000002e-009 -0.003882812
-1.65000002e-009 -0.003898437
-1.64000002e-009 -0.003882812
-1.63000002e-009 -0.003945312
-1.62000002e-009 -0.003882812
-1.61000002e-009   -0.0038125
-1.60000002e-009 -0.003664062
-1.59000002e-009  -0.00353125
-1.58000002e-009  -0.00334375
-1.57000002e-009 -0.003179687
-1.56000002e-009 -0.003117187
-1.55000002e-009 -0.003109375
-1.54000002e-009 -0.003148437
-1.53000002e-009 -0.003179687
-1.52000002e-009 -0.003226562
-1.51000002e-009 -0.003234375
-1.50000002e-009 -0.003171875
-1.49000002e-009    -0.003125
-1.48000002e-009  -0.00303125
-1.47000002e-009  -0.00296875
-1.46000002e-009  -0.00290625
-1.45000002e-009 -0.002898437
-1.44000002e-009 -0.002898437
-1.43000002e-009 -0.002929687
-1.42000002e-009 -0.002929687
-1.41000002e-009 -0.002945312
-1.40000002e-009 -0.002921875
-1.39000002e-009  -0.00290625
-1.38000002e-009 -0.002882812
-1.37000002e-009 -0.002820312
-1.36000002e-009 -0.002804687
-1.35000002e-009  -0.00278125
-1.34000002e-009 -0.002734375
-1.33000002e-009 -0.002664062
-1.32000002e-009  -0.00259375
-1.31000002e-009 -0.002492187
-1.30000002e-009 -0.002421875
-1.29000002e-009 -0.002335937
-1.28000002e-009 -0.002335937
-1.27000002e-009   -0.0023125
-1.26000002e-009 -0.002367187
-1.25000002e-009 -0.002398437
-1.24000002e-009 -0.002429687
-1.23000002e-009   -0.0024375
-1.22000002e-009  -0.00240625
-1.21000002e-009 -0.002359375
-1.20000002e-009 -0.002273437
-1.19000002e-009 -0.002203125
-1.18000002e-009 -0.002117187
-1.17000002e-009  -0.00209375
-1.16000002e-009  -0.00209375
-1.15000002e-009 -0.002109375
-1.14000002e-009 -0.002132812
-1.13000002e-009 -0.002132812
-1.12000001e-009 -0.002148437
-1.11000001e-009 -0.002132812
-1.10000001e-009 -0.002078125
-1.09000001e-009 -0.002054687
-1.08000001e-009 -0.002023437
-1.07000001e-009 -0.002070312
-1.06000001e-009  -0.00209375
-1.05000001e-009  -0.00215625
-1.04000001e-009 -0.002234375
-1.03000001e-009 -0.002328125
-1.02000001e-009 -0.002414062
-1.01000001e-009 -0.002492187
-1.00000001e-009 -0.002539062
-9.90000013e-010 -0.002507812
-9.80000013e-010 -0.002539062
-9.70000013e-010 -0.002523437
-9.60000013e-010 -0.002546875
-9.50000013e-010 -0.002578125
-9.40000013e-010 -0.002585937
-9.30000012e-010 -0.002617187
-9.20000012e-010  -0.00265625
-9.10000012e-010 -0.002664062
-9.00000012e-010 -0.002703125
-8.90000012e-010 -0.002734375
-8.80000012e-010 -0.002757812
-8.70000012e-010 -0.002828125
-8.60000011e-010 -0.002921875
-8.50000011e-010 -0.002960937
-8.40000011e-010 -0.003070312
-8.30000011e-010 -0.003101562
-8.20000011e-010 -0.003132812
-8.10000011e-010    -0.003125
-8.00000011e-010 -0.003078125
-7.90000011e-010 -0.002984375
-7.8000001e-010 -0.002953125
-7.7000001e-010 -0.002960937
-7.6000001e-010       -0.003
-7.5000001e-010 -0.003039062
-7.4000001e-010    -0.003125
-7.3000001e-010 -0.003328125
-7.2000001e-010  -0.00353125
-7.10000009e-010 -0.003742187
-7.00000009e-010 -0.003929687
-6.90000009e-010 -0.004195312
-6.80000009e-010 -0.004507812
-6.70000009e-010 -0.004882812
-6.60000009e-010 -0.005210937
-6.50000009e-010 -0.005578125
-6.40000009e-010       -0.006
-6.30000008e-010 -0.006554687
-6.20000008e-010 -0.007234375
-6.10000008e-010 -0.007921875
-6.00000008e-010 -0.008726563
-5.90000008e-010 -0.009695313
-5.80000008e-010  -0.01092969
-5.70000008e-010  -0.01245313
-5.60000007e-010  -0.01419531
-5.50000007e-010  -0.01630469
-5.40000007e-010  -0.01884375
-5.30000007e-010   -0.0219375
-5.20000007e-010    -0.025625
-5.10000007e-010  -0.02980469
-5.00000007e-010  -0.03450781
-4.90000007e-010     -0.03975
-4.80000006e-010  -0.04550781
-4.70000006e-010   -0.0516875
-4.60000006e-010  -0.05819531
-4.50000006e-010  -0.06505469
-4.40000006e-010    -0.072125
-4.30000006e-010  -0.07933594
-4.20000006e-010  -0.08664844
-4.10000005e-010  -0.09398438
-4.00000005e-010   -0.1010313
-3.90000005e-010   -0.1077188
-3.80000005e-010   -0.1138047
-3.70000005e-010   -0.1192422
-3.60000005e-010       -0.124
-3.50000005e-010   -0.1278906
-3.40000005e-010   -0.1309688
-3.30000004e-010   -0.1331172
-3.20000004e-010   -0.1345547
-3.10000004e-010   -0.1354766
-3.00000004e-010   -0.1357266
-2.90000004e-010   -0.1354688
-2.80000004e-010   -0.1346797
-2.70000004e-010   -0.1335547
-2.60000003e-010   -0.1323828
-2.50000003e-010   -0.1310313
-2.40000003e-010   -0.1295547
-2.30000003e-010   -0.1279219
-2.20000003e-010   -0.1261797
-2.10000003e-010    -0.124375
-2.00000003e-010   -0.1222656
-1.90000003e-010   -0.1197578
-1.80000002e-010   -0.1166563
-1.70000002e-010   -0.1130391
-1.60000002e-010   -0.1089375
-1.50000002e-010   -0.1043203
-1.40000002e-010    -0.099125
-1.30000002e-010  -0.09352344
-1.20000002e-010  -0.08751563
-1.10000001e-010  -0.08121094
-1.00000001e-010   -0.0745625
-9.00000012e-011  -0.06760157
-8.00000011e-011  -0.06032813
-7.00000009e-011    -0.052875
-6.00000008e-011  -0.04532813
-5.00000007e-011  -0.03783594
-4.00000005e-011  -0.03060156
-3.00000004e-011  -0.02379688
-2.00000003e-011  -0.01757813
-1.00000001e-011  -0.01192188
           0 -0.006992187
1.00000001e-011 -0.002804687
2.00000003e-011 0.0006875004
3.00000004e-011  0.003648438
4.00000005e-011  0.006101563
5.00000007e-011  0.008062501
6.00000008e-011  0.009500001
7.00000009e-011    0.0104375
8.00000011e-011   0.01101563
9.00000012e-011   0.01128125
1.00000001e-010    0.0111875
1.10000001e-010   0.01082031
1.20000002e-010   0.01024219
1.30000002e-010  0.009625001
1.40000002e-010  0.009070313
1.50000002e-010  0.008515626
1.60000002e-010  0.008039063
1.70000002e-010  0.007656251
1.80000002e-010  0.007406251
1.90000003e-010  0.007382813
2.00000003e-010  0.007492188
2.10000003e-010  0.007796876
2.20000003e-010  0.008312501
2.30000003e-010  0.008960938
2.40000003e-010  0.009875001
2.50000003e-010   0.01084375
2.60000003e-010   0.01189063
2.70000004e-010   0.01286719
2.80000004e-010   0.01377344
2.90000004e-010   0.01449219
3.00000004e-010   0.01503125
3.10000004e-010   0.01539063
3.20000004e-010   0.01555469
3.30000004e-010    0.0155625
3.40000005e-010   0.01542969
3.50000005e-010   0.01519531
3.60000005e-010   0.01492188
3.70000005e-010   0.01455469
3.80000005e-010   0.01414844
3.90000005e-010    0.0136875
4.00000005e-010   0.01320313
4.10000005e-010   0.01267188
4.20000006e-010   0.01213281
4.30000006e-010     0.011625
4.40000006e-010     0.011125
4.50000006e-010   0.01071094
4.60000006e-010    0.0103125
4.70000006e-010  0.009992188
4.80000006e-010  0.009695313
4.90000007e-010  0.009460938
5.00000007e-010  0.009289063
5.10000007e-010  0.009140626
5.20000007e-010  0.009062501
5.30000007e-010  0.009070313
5.40000007e-010  0.009140626
5.50000007e-010  0.009234376
5.60000007e-010  0.009437501
5.70000008e-010  0.009671876
5.80000008e-010  0.009906251
5.90000008e-010   0.01014063
6.00000008e-010   0.01034375
6.10000008e-010   0.01049219
6.20000008e-010   0.01060156
6.30000008e-010   0.01067188
6.40000009e-010   0.01067969
6.50000009e-010   0.01064063
6.60000009e-010    0.0105625
6.70000009e-010   0.01040625
6.80000009e-010   0.01027344
6.90000009e-010   0.01007031
7.00000009e-010  0.009843751
7.10000009e-010  0.009687501
7.2000001e-010  0.009562501
7.3000001e-010  0.009523438
7.4000001e-010  0.009609376
7.5000001e-010  0.009679688
7.6000001e-010  0.009968751
7.7000001e-010   0.01025781
7.8000001e-010   0.01064844
7.90000011e-010   0.01101563
8.00000011e-010   0.01140625
8.10000011e-010   0.01182813
8.20000011e-010   0.01219531
8.30000011e-010   0.01253906
8.40000011e-010   0.01290625
8.50000011e-010   0.01328125
8.60000011e-010   0.01366406
8.70000012e-010   0.01404688
8.80000012e-010   0.01442969
8.90000012e-010   0.01471875
9.00000012e-010   0.01494531
9.10000012e-010   0.01513281
9.20000012e-010   0.01522656
9.30000012e-010      0.01525
9.40000013e-010   0.01525781
9.50000013e-010   0.01520313
9.60000013e-010   0.01517969
9.70000013e-010   0.01515625
9.80000013e-010   0.01510156
9.90000013e-010   0.01503906
1.00000001e-009   0.01497656
1.01000001e-009   0.01486719
1.02000001e-009      0.01475
1.03000001e-009   0.01461719
1.04000001e-009    0.0145625
1.05000001e-009   0.01449219
1.06000001e-009   0.01439063
1.07000001e-009   0.01435938
1.08000001e-009   0.01432031
1.09000001e-009   0.01425781
1.10000001e-009   0.01416406
1.11000001e-009   0.01407031
1.12000001e-009   0.01394531
1.13000002e-009   0.01382813
1.14000002e-009    0.0138125
1.15000002e-009   0.01384375
1.16000002e-009    0.0139375
1.17000002e-009   0.01414844
1.18000002e-009   0.01433594
1.19000002e-009   0.01457031
1.20000002e-009   0.01477344
1.21000002e-009   0.01495313
1.22000002e-009   0.01507031
1.23000002e-009   0.01514063
1.24000002e-009   0.01517188
1.25000002e-009   0.01517188
1.26000002e-009   0.01516406
1.27000002e-009   0.01511719
1.28000002e-009   0.01508594
1.29000002e-009   0.01502344
1.30000002e-009   0.01496875
1.31000002e-009   0.01485938
1.32000002e-009   0.01473438
1.33000002e-009   0.01467188
1.34000002e-009   0.01460156
1.35000002e-009   0.01460156
1.36000002e-009   0.01459375
1.37000002e-009   0.01463281
1.38000002e-009      0.01475
1.39000002e-009   0.01485938
1.40000002e-009        0.015
1.41000002e-009   0.01507813
1.42000002e-009   0.01513281
1.43000002e-009   0.01517188
1.44000002e-009     0.015125
1.45000002e-009   0.01501563
1.46000002e-009   0.01492969
1.47000002e-009   0.01479688
1.48000002e-009   0.01470313
1.49000002e-009   0.01460938
1.50000002e-009   0.01455469
1.51000002e-009   0.01458594
1.52000002e-009   0.01460938
1.53000002e-009   0.01464844
1.54000002e-009   0.01464844
1.55000002e-009   0.01457813
1.56000002e-009   0.01439844
1.57000002e-009   0.01417969
1.58000002e-009   0.01392969
1.59000002e-009   0.01366406
1.60000002e-009   0.01347656
1.61000002e-009   0.01335938
1.62000002e-009   0.01332031
1.63000002e-009   0.01332813
1.64000002e-009   0.01335156
1.65000002e-009   0.01332813
1.66000002e-009   0.01328125
1.67000002e-009   0.01315625
1.68000002e-009   0.01298438
1.69000002e-009   0.01278125
1.70000002e-009     0.012625
1.71000002e-009   0.01248438
1.72000002e-009   0.01247656
1.73000002e-009   0.01246875
1.74000002e-009   0.01258594
1.75000002e-009     0.012625
1.76000002e-009   0.01270313
1.77000002e-009   0.01276563
1.78000002e-009   0.01282031
1.79000002e-009   0.01285156
1.80000002e-009   0.01284375
1.81000002e-009   0.01283594
1.82000002e-009   0.01282813
1.83000002e-009    0.0128125
1.84000002e-009   0.01282031
1.85000002e-009   0.01278906
1.86000002e-009      0.01275
1.87000002e-009   0.01271094
1.88000003e-009    0.0126875
1.89000003e-009   0.01267969
1.90000003e-009    0.0126875
1.91000003e-009   0.01273438
1.92000003e-009   0.01278125
1.93000003e-009   0.01278906
1.94000003e-009   0.01280469
1.95000003e-009   0.01277344
1.96000003e-009   0.01273438
1.97000003e-009   0.01270313
1.98000003e-009   0.01260156
1.99000003e-009   0.01257031
2.00000003e-009   0.01253125
2.01000003e-009   0.01246094
2.02000003e-009   0.01242969
2.03000003e-009   0.01239063
2.04000003e-009   0.01236719
2.05000003e-009    0.0123125
2.06000003e-009   0.01228906
2.07000003e-009   0.01230469
2.08000003e-009   0.01233594
2.09000003e-009   0.01239844
2.10000003e-009   0.01248438
2.11000003e-009   0.01253906
2.12000003e-009   0.01258594
2.13000003e-009   0.01259375
2.14000003e-009   0.01257813
2.15000003e-009   0.01252344
2.16000003e-009    0.0124375
2.17000003e-009   0.01235156
2.18000003e-009   0.01229688
2.19000003e-009   0.01224219
2.20000003e-009   0.01226563
2.21000003e-009   0.01232031
2.22000003e-009   0.01236719
2.23000003e-009    0.0124375
2.24000003e-009   0.01248438
2.25000003e-009   0.01252344
2.26000003e-009   0.01255469
2.27000003e-009   0.01253906
2.28000003e-009   0.01250781
2.29000003e-009   0.01247656
2.30000003e-009    0.0124375
2.31000003e-009   0.01235938
2.32000003e-009   0.01229688
2.33000003e-009   0.01221875
2.34000003e-009   0.01211719
2.35000003e-009   0.01201563
2.36000003e-009   0.01190625
2.37000003e-009   0.01183594
2.38000003e-009   0.01172656
2.39000003e-009   0.01164063
2.40000003e-009   0.01157031
2.41000003e-009   0.01153125
2.42000003e-009   0.01142969
2.43000003e-009   0.01136719
2.44000003e-009   0.01126563
2.45000003e-009   0.01114063
2.46000003e-009   0.01103125
2.47000003e-009   0.01096094
2.48000003e-009   0.01088281
2.49000003e-009   0.01086719
2.50000003e-009   0.01079688
