-2.49000003e-009       -0.015
-2.48000003e-009 -0.005367187
-2.47000003e-009  -0.01364063
-2.46000003e-009       -0.005
-2.45000003e-009       -0.015
-2.44000003e-009  -0.00434375
-2.43000003e-009  -0.01503125
-2.42000003e-009     -0.00525
-2.41000003e-009       -0.015
-2.40000003e-009 -0.004578125
-2.39000003e-009  -0.01479688
-2.38000003e-009 -0.004835937
-2.37000003e-009  -0.01413281
-2.36000003e-009 -0.004835937
-2.35000003e-009   -0.0145625
-2.34000003e-009 -0.005320312
-2.33000003e-009  -0.01333594
-2.32000003e-009       -0.005
-2.31000003e-009  -0.01510156
-2.30000003e-009 -0.004296875
-2.29000003e-009  -0.01345313
-2.28000003e-009 -0.003101562
-2.27000003e-009  -0.01369531
-2.26000003e-009       -0.003
-2.25000003e-009  -0.01410938
-2.24000003e-009    -0.004375
-2.23000003e-009  -0.01313281
-2.22000003e-009 -0.004726562
-2.21000003e-009  -0.01300781
-2.20000003e-009       -0.003
-2.19000003e-009       -0.013
-2.18000003e-009 -0.003445312
-2.17000003e-009  -0.01186719
-2.16000003e-009 -0.002507812
-2.15000003e-009  -0.01297656
-2.14000003e-009 -0.003039062
-2.13000003e-009  -0.01360156
-2.12000003e-009   -0.0024375
-2.11000003e-009  -0.01290625
-2.10000003e-009 -0.002351562
-2.09000003e-009       -0.013
-2.08000003e-009 -0.002648437
-2.07000003e-009  -0.01277344
-2.06000003e-009       -0.003
-2.05000003e-009       -0.013
-2.04000003e-009   -0.0021875
-2.03000003e-009  -0.01169531
-2.02000003e-009 -0.002859375
-2.01000003e-009   -0.0126875
-2.00000003e-009 -0.002140625
-1.99000003e-009  -0.01364063
-1.98000003e-009 -0.002695312
-1.97000003e-009  -0.01135938
-1.96000003e-009       -0.003
-1.95000003e-009  -0.01128906
-1.94000003e-009  -0.00171875
-1.93000003e-009   -0.0118125
-1.92000003e-009 -0.0009999997
-1.91000003e-009  -0.01303906
-1.90000003e-009       -0.003
-1.89000003e-009  -0.01040625
-1.88000003e-009 -0.0009999997
-1.87000002e-009  -0.01135156
-1.86000002e-009 8.593785e-005
-1.85000002e-009       -0.011
-1.84000002e-009 -0.001585937
-1.83000002e-009       -0.013
-1.82000002e-009 -0.001945312
-1.81000002e-009  -0.01234375
-1.80000002e-009 -0.0009999997
-1.79000002e-009   -0.0099375
-1.78000002e-009 -0.002023437
-1.77000002e-009  -0.01132813
-1.76000002e-009 -0.001445312
-1.75000002e-009  -0.01171094
-1.74000002e-009 -0.0009999997
-1.73000002e-009       -0.011
-1.72000002e-009 -0.0007578122
-1.71000002e-009  -0.01040625
-1.70000002e-009 -0.0009999997
-1.69000002e-009 -0.009734375
-1.68000002e-009 -0.0009999997
-1.67000002e-009 -0.009140625
-1.66000002e-009 -0.0009999997
-1.65000002e-009 -0.009898438
-1.64000002e-009 0.0002968754
-1.63000002e-009  -0.01124219
-1.62000002e-009 0.0008203129
-1.61000002e-009       -0.011
-1.60000002e-009  0.001023438
-1.59000002e-009  -0.01078906
-1.58000002e-009        0.003
-1.57000002e-009  -0.01052344
-1.56000002e-009        0.001
-1.55000002e-009  -0.01148438
-1.54000002e-009        0.001
-1.53000002e-009 -0.009257813
-1.52000002e-009 0.0005312504
-1.51000002e-009 -0.009257813
-1.50000002e-009  0.001359375
-1.49000002e-009  -0.00790625
-1.48000002e-009  0.001734375
-1.47000002e-009 -0.007929688
-1.46000002e-009  0.001507813
-1.45000002e-009       -0.007
-1.44000002e-009        0.001
-1.43000002e-009  -0.00728125
-1.42000002e-009        0.001
-1.41000002e-009       -0.009
-1.40000002e-009  0.002453125
-1.39000002e-009 -0.007523438
-1.38000002e-009  0.002734375
-1.37000002e-009 -0.007632813
-1.36000002e-009        0.003
-1.35000002e-009       -0.009
-1.34000002e-009 0.0009921879
-1.33000002e-009 -0.008882813
-1.32000002e-009  0.002453125
-1.31000002e-009 -0.007015625
-1.30000002e-009       0.0025
-1.29000002e-009 -0.008359375
-1.28000002e-009   0.00103125
-1.27000002e-009  -0.00728125
-1.26000002e-009  0.001453125
-1.25000002e-009 -0.006976562
-1.24000002e-009        0.001
-1.23000002e-009       -0.007
-1.22000002e-009  0.001617188
-1.21000002e-009 -0.007109375
-1.20000002e-009   0.00128125
-1.19000002e-009 -0.007414063
-1.18000002e-009     0.001875
-1.17000002e-009       -0.007
-1.16000002e-009  0.001601563
-1.15000002e-009       -0.007
-1.14000002e-009        0.003
-1.13000002e-009       -0.007
-1.12000001e-009  0.001382813
-1.11000001e-009 -0.007382813
-1.10000001e-009  0.002132813
-1.09000001e-009 -0.009414063
-1.08000001e-009        0.003
-1.07000001e-009  -0.00859375
-1.06000001e-009  0.003492188
-1.05000001e-009 -0.007828125
-1.04000001e-009        0.003
-1.03000001e-009 -0.008242188
-1.02000001e-009  0.003039063
-1.01000001e-009       -0.007
-1.00000001e-009        0.003
-9.90000013e-010 -0.007117187
-9.80000013e-010  0.002640625
-9.70000013e-010 -0.007078125
-9.60000013e-010  0.002164063
-9.50000013e-010 -0.008140625
-9.40000013e-010      0.00125
-9.30000012e-010 -0.008804688
-9.20000012e-010  0.001132813
-9.10000012e-010 -0.008257813
-9.00000012e-010        0.001
-8.90000012e-010  -0.00865625
-8.80000012e-010        0.001
-8.70000012e-010 -0.009054688
-8.60000011e-010   0.00115625
-8.50000011e-010 -0.009648438
-8.40000011e-010 -5.468715e-005
-8.30000011e-010  -0.00834375
-8.20000011e-010        0.001
-8.10000011e-010  -0.00790625
-8.00000011e-010 0.0007343754
-7.90000011e-010 -0.007335937
-7.8000001e-010        0.003
-7.7000001e-010  -0.00796875
-7.6000001e-010  0.003179688
-7.5000001e-010       -0.009
-7.4000001e-010  0.001945313
-7.3000001e-010 -0.008976563
-7.2000001e-010 0.0003750004
-7.10000009e-010    -0.010375
-7.00000009e-010 0.0002187504
-6.90000009e-010  -0.01119531
-6.80000009e-010 5.468785e-005
-6.70000009e-010  -0.01164063
-6.60000009e-010       -0.003
-6.50000009e-010  -0.01274219
-6.40000009e-010 -0.005023437
-6.30000008e-010    -0.015875
-6.20000008e-010 -0.006367187
-6.10000008e-010  -0.02174219
-6.00000008e-010   -0.0109375
-5.90000008e-010       -0.027
-5.80000008e-010  -0.01669531
-5.70000008e-010  -0.03227344
-5.60000007e-010       -0.021
-5.50000007e-010  -0.03852344
-5.40000007e-010  -0.03208594
-5.30000007e-010  -0.05053125
-5.20000007e-010   -0.0441875
-5.10000007e-010       -0.065
-5.00000007e-010  -0.05833594
-4.90000007e-010  -0.08142188
-4.80000006e-010  -0.07169532
-4.70000006e-010  -0.09742969
-4.60000006e-010  -0.08651563
-4.50000006e-010   -0.1134922
-4.40000006e-010   -0.1033828
-4.30000006e-010   -0.1261484
-4.20000006e-010       -0.119
-4.10000005e-010   -0.1377344
-4.00000005e-010   -0.1305859
-3.90000005e-010       -0.145
-3.80000005e-010       -0.137
-3.70000005e-010       -0.149
-3.60000005e-010   -0.1390078
-3.50000005e-010   -0.1526094
-3.40000005e-010   -0.1400156
-3.30000004e-010     -0.15025
-3.20000004e-010   -0.1385156
-3.10000004e-010       -0.149
-3.00000004e-010   -0.1370625
-2.90000004e-010       -0.145
-2.80000004e-010   -0.1323125
-2.70000004e-010       -0.141
-2.60000003e-010   -0.1279219
-2.50000003e-010   -0.1374219
-2.40000003e-010   -0.1245938
-2.30000003e-010       -0.133
-2.20000003e-010       -0.119
-2.10000003e-010   -0.1282109
-2.00000003e-010   -0.1127344
-1.90000003e-010       -0.123
-1.80000002e-010   -0.1037109
-1.70000002e-010   -0.1127813
-1.60000002e-010  -0.09139063
-1.50000002e-010   -0.1022422
-1.40000002e-010   -0.0788125
-1.30000002e-010       -0.089
-1.20000002e-010  -0.06501563
-1.10000001e-010  -0.07357032
-1.00000001e-010   -0.0488125
-9.00000012e-011    -0.059125
-8.00000011e-011  -0.03283594
-7.00000009e-011  -0.04228125
-6.00000008e-011  -0.01753125
-5.00000007e-011  -0.02584375
-4.00000005e-011 -0.003789062
-3.00000004e-011  -0.01299219
-2.00000003e-011  0.005000001
-1.00000001e-011 -0.003304687
           0        0.011
1.00000001e-011  0.001835938
2.00000003e-011        0.017
3.00000004e-011  0.006546876
4.00000005e-011        0.019
5.00000007e-011  0.008203126
6.00000008e-011   0.01863281
7.00000009e-011  0.008835938
8.00000011e-011        0.019
9.00000012e-011  0.008195313
1.00000001e-010        0.019
1.10000001e-010  0.007562501
1.20000002e-010   0.01852344
1.30000002e-010  0.007000001
1.40000002e-010        0.019
1.50000002e-010  0.006296876
1.60000002e-010        0.017
1.70000002e-010  0.006593751
1.80000002e-010        0.017
1.90000003e-010  0.006804688
2.00000003e-010   0.01792188
2.10000003e-010  0.007992188
2.20000003e-010        0.019
2.30000003e-010   0.01046094
2.40000003e-010   0.02078125
2.50000003e-010   0.01182031
2.60000003e-010   0.02377344
2.70000004e-010   0.01261719
2.80000004e-010     0.024875
2.90000004e-010       0.0135
3.00000004e-010   0.02303125
3.10000004e-010   0.01225781
3.20000004e-010   0.02204688
3.30000004e-010   0.01054688
3.40000005e-010   0.02177344
3.50000005e-010        0.011
3.60000005e-010   0.02021094
3.70000005e-010     0.010375
3.80000005e-010        0.019
3.90000005e-010  0.008203126
4.00000005e-010   0.01705469
4.10000005e-010  0.008093751
4.20000006e-010   0.01509375
4.30000006e-010  0.007093751
4.40000006e-010   0.01560156
4.50000006e-010  0.006500001
4.60000006e-010   0.01571875
4.70000006e-010  0.006437501
4.80000006e-010   0.01715625
4.90000007e-010  0.007000001
5.00000007e-010   0.01571094
5.10000007e-010  0.005898438
5.20000007e-010   0.01564844
5.30000007e-010  0.005000001
5.40000007e-010        0.017
5.50000007e-010  0.006867188
5.60000007e-010    0.0186875
5.70000008e-010  0.007523438
5.80000008e-010   0.01811719
5.90000008e-010  0.007617188
6.00000008e-010     0.016375
6.10000008e-010  0.006710938
6.20000008e-010    0.0166875
6.30000008e-010  0.007000001
6.40000009e-010        0.017
6.50000009e-010  0.005953126
6.60000009e-010   0.01576563
6.70000009e-010  0.006500001
6.80000009e-010   0.01621094
6.90000009e-010  0.006960938
7.00000009e-010   0.01571094
7.10000009e-010  0.005734376
7.2000001e-010   0.01763281
7.3000001e-010  0.007000001
7.4000001e-010   0.01923438
7.5000001e-010  0.007726563
7.6000001e-010   0.01754688
7.7000001e-010  0.007429688
7.8000001e-010   0.01821875
7.90000011e-010  0.009000001
8.00000011e-010   0.02017969
8.10000011e-010  0.009000001
8.20000011e-010   0.02116406
8.30000011e-010   0.01024219
8.40000011e-010   0.02182031
8.50000011e-010   0.01210938
8.60000011e-010   0.02339844
8.70000012e-010   0.01197656
8.80000012e-010     0.021625
8.90000012e-010   0.01126563
9.00000012e-010   0.02171094
9.10000012e-010  0.009000001
9.20000012e-010   0.02034375
9.30000012e-010   0.01053125
9.40000013e-010        0.021
9.50000013e-010   0.01083594
9.60000013e-010      0.02075
9.70000013e-010   0.01140625
9.80000013e-010   0.02054688
9.90000013e-010        0.011
1.00000001e-009        0.021
1.01000001e-009  0.009812501
1.02000001e-009   0.02114844
1.03000001e-009  0.009039063
1.04000001e-009     0.020625
1.05000001e-009   0.01083594
1.06000001e-009     0.021375
1.07000001e-009        0.011
1.08000001e-009   0.02065625
1.09000001e-009   0.01039844
1.10000001e-009        0.021
1.11000001e-009   0.01001563
1.12000001e-009        0.023
1.13000002e-009   0.01042969
1.14000002e-009   0.02155469
1.15000002e-009   0.01248438
1.16000002e-009        0.023
1.17000002e-009   0.01278125
1.18000002e-009   0.02180469
1.19000002e-009   0.01125781
1.20000002e-009        0.021
1.21000002e-009   0.01116406
1.22000002e-009   0.02092188
1.23000002e-009   0.01078906
1.24000002e-009   0.02139844
1.25000002e-009   0.01071875
1.26000002e-009        0.021
1.27000002e-009   0.01014063
1.28000002e-009   0.02228125
1.29000002e-009    0.0121875
1.30000002e-009   0.02284375
1.31000002e-009   0.01263281
1.32000002e-009   0.02203906
1.33000002e-009     0.012375
1.34000002e-009   0.02126563
1.35000002e-009   0.01266406
1.36000002e-009        0.023
1.37000002e-009   0.01289844
1.38000002e-009   0.02144531
1.39000002e-009   0.01134375
1.40000002e-009   0.02132031
1.41000002e-009       0.0115
1.42000002e-009   0.02296094
1.43000002e-009   0.01264063
1.44000002e-009        0.023
1.45000002e-009     0.012625
1.46000002e-009   0.02267969
1.47000002e-009        0.013
1.48000002e-009   0.02099219
1.49000002e-009   0.01138281
1.50000002e-009      0.02225
1.51000002e-009   0.01150781
1.52000002e-009   0.02255469
1.53000002e-009   0.01076563
1.54000002e-009   0.02274219
1.55000002e-009        0.011
1.56000002e-009   0.02017188
1.57000002e-009        0.011
1.58000002e-009   0.01946875
1.59000002e-009   0.01060156
1.60000002e-009   0.01930469
1.61000002e-009  0.009023438
1.62000002e-009        0.021
1.63000002e-009  0.009000001
1.64000002e-009   0.01966406
1.65000002e-009  0.009000001
1.66000002e-009   0.02007031
1.67000002e-009   0.01017969
1.68000002e-009   0.02130469
1.69000002e-009        0.011
1.70000002e-009   0.01966406
1.71000002e-009  0.009570313
1.72000002e-009   0.02010938
1.73000002e-009  0.009000001
1.74000002e-009   0.02160156
1.75000002e-009   0.01048438
1.76000002e-009   0.02189063
1.77000002e-009   0.01017969
1.78000002e-009        0.021
1.79000002e-009  0.009226563
1.80000002e-009   0.02114063
1.81000002e-009  0.008773438
1.82000002e-009   0.02157031
1.83000002e-009  0.008406251
1.84000002e-009        0.023
1.85000002e-009  0.008640626
1.86000002e-009    0.0188125
1.87000002e-009  0.006296876
1.88000003e-009   0.01922656
1.89000003e-009  0.007000001
1.90000003e-009   0.01777344
1.91000003e-009  0.008554688
1.92000003e-009   0.01932813
1.93000003e-009  0.007773438
1.94000003e-009        0.019
1.95000003e-009  0.008234376
1.96000003e-009   0.01833594
1.97000003e-009  0.008546876
1.98000003e-009   0.01901563
1.99000003e-009  0.009296876
2.00000003e-009   0.01919531
2.01000003e-009  0.007656251
2.02000003e-009   0.01860156
2.03000003e-009  0.007070313
2.04000003e-009   0.01934375
2.05000003e-009  0.008648438
2.06000003e-009   0.01900781
2.07000003e-009  0.008648438
2.08000003e-009        0.019
2.09000003e-009  0.009000001
2.10000003e-009     0.019125
2.11000003e-009  0.008984376
2.12000003e-009        0.019
2.13000003e-009  0.009648438
2.14000003e-009     0.019125
2.15000003e-009  0.009000001
2.16000003e-009   0.01891406
2.17000003e-009  0.009726563
2.18000003e-009   0.01882813
2.19000003e-009  0.008164063
2.20000003e-009   0.01874219
2.21000003e-009  0.008906251
2.22000003e-009        0.019
2.23000003e-009  0.007000001
2.24000003e-009        0.019
2.25000003e-009  0.008296876
2.26000003e-009        0.021
2.27000003e-009  0.009000001
2.28000003e-009   0.01932813
2.29000003e-009  0.009101563
2.30000003e-009   0.01742969
2.31000003e-009  0.009234376
2.32000003e-009        0.017
2.33000003e-009  0.008929688
2.34000003e-009   0.01757813
2.35000003e-009  0.007648438
2.36000003e-009   0.01716406
2.37000003e-009  0.007445313
2.38000003e-009   0.01785938
2.39000003e-009  0.006500001
2.40000003e-009   0.01761719
2.41000003e-009  0.007273438
2.42000003e-009   0.01855469
2.43000003e-009  0.007046876
2.44000003e-009        0.018
2.45000003e-009  0.008156251
2.46000003e-009   0.01791406
2.47000003e-009  0.008421876
2.48000003e-009   0.01932031
2.49000003e-009  0.008187501
2.50000003e-009   0.01788281
