-2.49000003e-009  -0.01350781
-2.48000003e-009   -0.0053125
-2.47000003e-009  -0.01414063
-2.46000003e-009       -0.003
-2.45000003e-009  -0.01457031
-2.44000003e-009 -0.002570312
-2.43000003e-009       -0.015
-2.42000003e-009       -0.003
-2.41000003e-009  -0.01544531
-2.40000003e-009 -0.004078125
-2.39000003e-009  -0.01474219
-2.38000003e-009 -0.003554687
-2.37000003e-009       -0.015
-2.36000003e-009 -0.004148437
-2.35000003e-009  -0.01404688
-2.34000003e-009     -0.00425
-2.33000003e-009       -0.013
-2.32000003e-009       -0.003
-2.31000003e-009  -0.01301563
-2.30000003e-009 -0.002921875
-2.29000003e-009       -0.013
-2.28000003e-009       -0.003
-2.27000003e-009  -0.01296094
-2.26000003e-009       -0.003
-2.25000003e-009  -0.01326563
-2.24000003e-009       -0.003
-2.23000003e-009  -0.01371875
-2.22000003e-009  -0.00284375
-2.21000003e-009  -0.01400781
-2.20000003e-009 -0.003046875
-2.19000003e-009       -0.013
-2.18000003e-009   -0.0034375
-2.17000003e-009       -0.013
-2.16000003e-009       -0.003
-2.15000003e-009  -0.01192969
-2.14000003e-009 -0.003257812
-2.13000003e-009  -0.01414063
-2.12000003e-009       -0.003
-2.11000003e-009  -0.01446094
-2.10000003e-009 -0.002828125
-2.09000003e-009       -0.013
-2.08000003e-009       -0.003
-2.07000003e-009  -0.01197656
-2.06000003e-009  -0.00228125
-2.05000003e-009  -0.01370313
-2.04000003e-009 -0.001023437
-2.03000003e-009  -0.01251563
-2.02000003e-009 -0.002664062
-2.01000003e-009  -0.01117969
-2.00000003e-009 -0.002398437
-1.99000003e-009  -0.01160938
-1.98000003e-009 -0.002109375
-1.97000003e-009  -0.01122656
-1.96000003e-009      -0.0025
-1.95000003e-009  -0.01055469
-1.94000003e-009 -0.0002499997
-1.93000003e-009  -0.01046094
-1.92000003e-009 -0.0008281247
-1.91000003e-009  -0.01136719
-1.90000003e-009 -0.0009999997
-1.89000003e-009  -0.01117969
-1.88000003e-009 -0.001015625
-1.87000002e-009       -0.011
-1.86000002e-009  -0.00159375
-1.85000002e-009     -0.00925
-1.84000002e-009 -0.002289062
-1.83000002e-009 -0.009273438
-1.82000002e-009 -0.0007187497
-1.81000002e-009  -0.00928125
-1.80000002e-009 -0.0006328122
-1.79000002e-009  -0.01084375
-1.78000002e-009 -0.0003124997
-1.77000002e-009  -0.01174219
-1.76000002e-009 -0.0006171872
-1.75000002e-009  -0.01025781
-1.74000002e-009 -0.0005312497
-1.73000002e-009 -0.009703125
-1.72000002e-009 -0.0006562497
-1.71000002e-009 -0.009671875
-1.70000002e-009 -0.0008749997
-1.69000002e-009 -0.009679688
-1.68000002e-009 0.0004531254
-1.67000002e-009 -0.009789063
-1.66000002e-009  0.002101563
-1.65000002e-009       -0.009
-1.64000002e-009  0.002578125
-1.63000002e-009  -0.00915625
-1.62000002e-009  0.001648438
-1.61000002e-009 -0.008789063
-1.60000002e-009        0.001
-1.59000002e-009  -0.01002344
-1.58000002e-009  0.001632813
-1.57000002e-009       -0.009
-1.56000002e-009 0.0003515629
-1.55000002e-009 -0.007296875
-1.54000002e-009 0.0009687504
-1.53000002e-009  -0.00759375
-1.52000002e-009  0.001828125
-1.51000002e-009       -0.007
-1.50000002e-009  0.002796875
-1.49000002e-009 -0.008390625
-1.48000002e-009  0.003210938
-1.47000002e-009 -0.008054688
-1.46000002e-009     0.001625
-1.45000002e-009 -0.007242187
-1.44000002e-009  0.002390625
-1.43000002e-009  -0.00771875
-1.42000002e-009  0.001898438
-1.41000002e-009 -0.007734375
-1.40000002e-009  0.002804688
-1.39000002e-009 -0.007398438
-1.38000002e-009   0.00128125
-1.37000002e-009       -0.007
-1.36000002e-009  0.001460938
-1.35000002e-009  -0.00634375
-1.34000002e-009 0.0008125004
-1.33000002e-009       -0.007
-1.32000002e-009        0.003
-1.31000002e-009 -0.006726562
-1.30000002e-009  0.002578125
-1.29000002e-009 -0.006398437
-1.28000002e-009  0.002445313
-1.27000002e-009 -0.006828125
-1.26000002e-009        0.003
-1.25000002e-009       -0.007
-1.24000002e-009   0.00221875
-1.23000002e-009 -0.007476563
-1.22000002e-009        0.003
-1.21000002e-009       -0.007
-1.20000002e-009  0.002015625
-1.19000002e-009  -0.00709375
-1.18000002e-009    0.0025625
-1.17000002e-009       -0.007
-1.16000002e-009        0.003
-1.15000002e-009 -0.006242187
-1.14000002e-009        0.003
-1.13000002e-009 -0.005476562
-1.12000001e-009  0.004296876
-1.11000001e-009 -0.006921875
-1.10000001e-009  0.004125001
-1.09000001e-009       -0.007
-1.08000001e-009     0.002625
-1.07000001e-009 -0.006429687
-1.06000001e-009        0.003
-1.05000001e-009 -0.007195312
-1.04000001e-009        0.003
-1.03000001e-009 -0.007242187
-1.02000001e-009  0.003367188
-1.01000001e-009       -0.007
-1.00000001e-009  0.003773438
-9.90000013e-010 -0.007265625
-9.80000013e-010  0.001640625
-9.70000013e-010 -0.007164062
-9.60000013e-010        0.003
-9.50000013e-010       -0.007
-9.40000013e-010       0.0025
-9.30000012e-010   -0.0068125
-9.20000012e-010        0.001
-9.10000012e-010       -0.009
-9.00000012e-010        0.001
-8.90000012e-010       -0.007
-8.80000012e-010        0.001
-8.70000012e-010  -0.00715625
-8.60000011e-010  0.001789063
-8.50000011e-010 -0.006640625
-8.40000011e-010  0.001796875
-8.30000011e-010 -0.007421875
-8.20000011e-010  0.003046875
-8.10000011e-010 -0.008453125
-8.00000011e-010  0.002117188
-7.90000011e-010       -0.009
-7.8000001e-010        0.003
-7.7000001e-010 -0.007273437
-7.6000001e-010  0.001382813
-7.5000001e-010   -0.0075625
-7.4000001e-010  0.001148438
-7.3000001e-010 -0.008859375
-7.2000001e-010 0.0005156254
-7.10000009e-010       -0.009
-7.00000009e-010        0.001
-6.90000009e-010  -0.01075781
-6.80000009e-010 -0.001148437
-6.70000009e-010     -0.01125
-6.60000009e-010 -0.001726562
-6.50000009e-010   -0.0128125
-6.40000009e-010 -0.0009999997
-6.30000008e-010  -0.01585156
-6.20000008e-010 -0.005695312
-6.10000008e-010  -0.01900781
-6.00000008e-010  -0.01058594
-5.90000008e-010  -0.02310938
-5.80000008e-010       -0.015
-5.70000008e-010  -0.03091406
-5.60000007e-010  -0.02041406
-5.50000007e-010       -0.041
-5.40000007e-010  -0.02746875
-5.30000007e-010       -0.053
-5.20000007e-010  -0.04039063
-5.10000007e-010  -0.06478125
-5.00000007e-010  -0.05615625
-4.90000007e-010       -0.079
-4.80000006e-010   -0.0683125
-4.70000006e-010  -0.09357032
-4.60000006e-010  -0.08316407
-4.50000006e-010   -0.1088359
-4.40000006e-010   -0.1021563
-4.30000006e-010       -0.123
-4.20000006e-010   -0.1135391
-4.10000005e-010       -0.135
-4.00000005e-010       -0.125
-3.90000005e-010       -0.143
-3.80000005e-010   -0.1335781
-3.70000005e-010       -0.149
-3.60000005e-010   -0.1385469
-3.50000005e-010       -0.151
-3.40000005e-010   -0.1390391
-3.30000004e-010       -0.151
-3.20000004e-010   -0.1383672
-3.10000004e-010   -0.1499766
-3.00000004e-010   -0.1367813
-2.90000004e-010       -0.149
-2.80000004e-010   -0.1326406
-2.70000004e-010   -0.1424141
-2.60000003e-010        -0.13
-2.50000003e-010       -0.139
-2.40000003e-010   -0.1256875
-2.30000003e-010       -0.135
-2.20000003e-010   -0.1188047
-2.10000003e-010       -0.129
-2.00000003e-010   -0.1118672
-1.90000003e-010       -0.121
-1.80000002e-010   -0.1018203
-1.70000002e-010       -0.111
-1.60000002e-010   -0.0924375
-1.50000002e-010   -0.1000156
-1.40000002e-010  -0.08132813
-1.30000002e-010  -0.08741407
-1.20000002e-010  -0.06710938
-1.10000001e-010       -0.073
-1.00000001e-010  -0.05057813
-9.00000012e-011  -0.05846875
-8.00000011e-011       -0.035
-7.00000009e-011  -0.04336719
-6.00000008e-011  -0.02044531
-5.00000007e-011  -0.02763281
-4.00000005e-011 -0.007851563
-3.00000004e-011       -0.015
-2.00000003e-011     0.001375
-1.00000001e-011 -0.004328125
           0  0.009000001
1.00000001e-011  0.001945313
2.00000003e-011   0.01507031
3.00000004e-011  0.006710938
4.00000005e-011        0.019
5.00000007e-011  0.008875001
6.00000008e-011   0.02051563
7.00000009e-011  0.009257813
8.00000011e-011   0.02008594
9.00000012e-011        0.011
1.00000001e-010   0.01944531
1.10000001e-010  0.009875001
1.20000002e-010   0.01721875
1.30000002e-010  0.008226563
1.40000002e-010        0.017
1.50000002e-010  0.008515626
1.60000002e-010    0.0163125
1.70000002e-010  0.006773438
1.80000002e-010        0.017
1.90000003e-010  0.006757813
2.00000003e-010        0.017
2.10000003e-010  0.007781251
2.20000003e-010        0.019
2.30000003e-010  0.008695313
2.40000003e-010        0.021
2.50000003e-010  0.009000001
2.60000003e-010   0.02232031
2.70000004e-010   0.01151563
2.80000004e-010        0.025
2.90000004e-010        0.013
3.00000004e-010   0.02424219
3.10000004e-010   0.01435938
3.20000004e-010     0.022875
3.30000004e-010   0.01332813
3.40000005e-010   0.02301563
3.50000005e-010   0.01298438
3.60000005e-010   0.02163281
3.70000005e-010   0.01264844
3.80000005e-010      0.01975
3.90000005e-010  0.009000001
4.00000005e-010        0.019
4.10000005e-010  0.008929688
4.20000006e-010   0.01728906
4.30000006e-010  0.007914063
4.40000006e-010        0.017
4.50000006e-010  0.007359376
4.60000006e-010        0.015
4.70000006e-010  0.005242188
4.80000006e-010   0.01336719
4.90000007e-010  0.004953126
5.00000007e-010   0.01325781
5.10000007e-010  0.004421876
5.20000007e-010    0.0140625
5.30000007e-010  0.004250001
5.40000007e-010   0.01626563
5.50000007e-010  0.004976563
5.60000007e-010   0.01628125
5.70000008e-010  0.005000001
5.80000008e-010   0.01695313
5.90000008e-010  0.005953126
6.00000008e-010    0.0173125
6.10000008e-010  0.005015626
6.20000008e-010   0.01921094
6.30000008e-010  0.003984376
6.40000009e-010        0.017
6.50000009e-010  0.007320313
6.60000009e-010        0.019
6.70000009e-010  0.006835938
6.80000009e-010   0.01903906
6.90000009e-010  0.008296876
7.00000009e-010   0.01961719
7.10000009e-010  0.007156251
7.2000001e-010   0.01725781
7.3000001e-010  0.006476563
7.4000001e-010   0.01879688
7.5000001e-010  0.008195313
7.6000001e-010        0.019
7.7000001e-010  0.009000001
7.8000001e-010        0.019
7.90000011e-010   0.01027344
8.00000011e-010        0.019
8.10000011e-010   0.01057813
8.20000011e-010   0.01992188
8.30000011e-010   0.01025781
8.40000011e-010   0.02161719
8.50000011e-010    0.0115625
8.60000011e-010   0.02210938
8.70000012e-010   0.01252344
8.80000012e-010        0.021
8.90000012e-010        0.013
9.00000012e-010   0.02400781
9.10000012e-010    0.0129375
9.20000012e-010   0.02494531
9.30000012e-010   0.01322656
9.40000013e-010   0.02290625
9.50000013e-010        0.013
9.60000013e-010   0.02236719
9.70000013e-010        0.013
9.80000013e-010   0.02228906
9.90000013e-010   0.01285938
1.00000001e-009   0.02285938
1.01000001e-009   0.01279688
1.02000001e-009   0.02290625
1.03000001e-009   0.01259375
1.04000001e-009   0.02203906
1.05000001e-009   0.01155469
1.06000001e-009      0.02175
1.07000001e-009   0.01196875
1.08000001e-009        0.023
1.09000001e-009   0.01267969
1.10000001e-009   0.02239063
1.11000001e-009        0.013
1.12000001e-009   0.02207813
1.13000002e-009   0.01147656
1.14000002e-009   0.02114844
1.15000002e-009   0.01123438
1.16000002e-009    0.0214375
1.17000002e-009      0.01275
1.18000002e-009   0.02111719
1.19000002e-009   0.01269531
1.20000002e-009   0.02242969
1.21000002e-009    0.0119375
1.22000002e-009   0.02310156
1.23000002e-009   0.01099219
1.24000002e-009   0.02250781
1.25000002e-009        0.011
1.26000002e-009   0.02284375
1.27000002e-009   0.01153906
1.28000002e-009   0.02205469
1.29000002e-009   0.01141406
1.30000002e-009   0.02154688
1.31000002e-009   0.01209375
1.32000002e-009   0.02370313
1.33000002e-009   0.01232813
1.34000002e-009        0.025
1.35000002e-009   0.01182031
1.36000002e-009   0.02270313
1.37000002e-009   0.01242969
1.38000002e-009        0.021
1.39000002e-009   0.01213281
1.40000002e-009        0.023
1.41000002e-009   0.01060156
1.42000002e-009    0.0219375
1.43000002e-009      0.01225
1.44000002e-009   0.02160938
1.45000002e-009   0.01265625
1.46000002e-009   0.02124219
1.47000002e-009   0.01160938
1.48000002e-009   0.02119531
1.49000002e-009     0.010875
1.50000002e-009   0.02460938
1.51000002e-009   0.01163281
1.52000002e-009        0.025
1.53000002e-009   0.01214063
1.54000002e-009        0.023
1.55000002e-009   0.01186719
1.56000002e-009   0.02124219
1.57000002e-009   0.01060938
1.58000002e-009   0.02225781
1.59000002e-009        0.011
1.60000002e-009   0.02285156
1.61000002e-009   0.01102344
1.62000002e-009   0.02047656
1.63000002e-009   0.01058594
1.64000002e-009   0.02000781
1.65000002e-009        0.011
1.66000002e-009   0.01901563
1.67000002e-009        0.011
1.68000002e-009    0.0204375
1.69000002e-009   0.01003906
1.70000002e-009   0.02229688
1.71000002e-009  0.009164063
1.72000002e-009        0.021
1.73000002e-009  0.009601563
1.74000002e-009        0.021
1.75000002e-009   0.01030469
1.76000002e-009   0.02089844
1.77000002e-009   0.01084375
1.78000002e-009   0.02104688
1.79000002e-009   0.01042188
1.80000002e-009   0.02089844
1.81000002e-009   0.01059375
1.82000002e-009        0.019
1.83000002e-009  0.009000001
1.84000002e-009        0.019
1.85000002e-009  0.007882813
1.86000002e-009   0.01963281
1.87000002e-009  0.008382813
1.88000003e-009   0.01942188
1.89000003e-009   0.01092969
1.90000003e-009   0.02142969
1.91000003e-009  0.009523438
1.92000003e-009        0.023
1.93000003e-009  0.009609376
1.94000003e-009   0.01928906
1.95000003e-009    0.0104375
1.96000003e-009   0.01917969
1.97000003e-009   0.01051563
1.98000003e-009   0.02082813
1.99000003e-009   0.01069531
2.00000003e-009   0.01986719
2.01000003e-009   0.01028906
2.02000003e-009   0.02020313
2.03000003e-009   0.01051563
2.04000003e-009        0.021
2.05000003e-009   0.01007031
2.06000003e-009    0.0194375
2.07000003e-009  0.009000001
2.08000003e-009        0.019
2.09000003e-009   0.01001563
2.10000003e-009   0.01882031
2.11000003e-009  0.009000001
2.12000003e-009   0.01977344
2.13000003e-009  0.009000001
2.14000003e-009   0.01930469
2.15000003e-009  0.009000001
2.16000003e-009   0.01824219
2.17000003e-009  0.009671876
2.18000003e-009   0.01928906
2.19000003e-009  0.007898438
2.20000003e-009    0.0191875
2.21000003e-009  0.008226563
2.22000003e-009   0.01936719
2.23000003e-009  0.009367188
2.24000003e-009   0.01935156
2.25000003e-009  0.009000001
2.26000003e-009   0.01914844
2.27000003e-009  0.009601563
2.28000003e-009   0.01963281
2.29000003e-009  0.009000001
2.30000003e-009   0.02013281
2.31000003e-009  0.009000001
2.32000003e-009   0.01914063
2.33000003e-009  0.009093751
2.34000003e-009        0.019
2.35000003e-009  0.008601563
2.36000003e-009   0.01815625
2.37000003e-009  0.008039063
2.38000003e-009   0.01828125
2.39000003e-009  0.008312501
2.40000003e-009   0.01794531
2.41000003e-009  0.009000001
2.42000003e-009        0.019
2.43000003e-009  0.009000001
2.44000003e-009   0.01766406
2.45000003e-009  0.008109376
2.46000003e-009        0.019
2.47000003e-009  0.006617188
2.48000003e-009        0.017
2.49000003e-009  0.007000001
2.50000003e-009   0.01700781
