-4.98000007e-009 0.0003203129
-4.96000007e-009 0.0003203129
-4.94000007e-009 0.0004375004
-4.92000007e-009 0.0004687504
-4.90000007e-009 0.0003750004
-4.88000007e-009 0.0001875004
-4.86000006e-009 5.468785e-005
-4.84000006e-009 0.0001015629
-4.82000006e-009 0.0002500004
-4.80000006e-009 0.0003203129
-4.78000006e-009 0.0002812504
-4.76000006e-009 0.0002187504
-4.74000006e-009 0.0002265629
-4.72000006e-009 0.0003359379
-4.70000006e-009 0.0004765629
-4.68000006e-009 0.0005468754
-4.66000006e-009 0.0005546879
-4.64000006e-009 0.0005390629
-4.62000006e-009 0.0004843754
-4.60000006e-009 0.0004453129
-4.58000006e-009 0.0003828129
-4.56000006e-009 0.0003515629
-4.54000006e-009 0.0003906254
-4.52000006e-009 0.0003671879
-4.50000006e-009 0.0002500004
-4.48000006e-009 0.0001406254
-4.46000006e-009 0.0002031254
-4.44000006e-009 0.0004453129
-4.42000006e-009 0.0007734379
-4.40000006e-009 0.0009609379
-4.38000006e-009 0.0008984379
-4.36000006e-009 0.0006953129
-4.34000006e-009 0.0004296879
-4.32000006e-009 0.0001796879
-4.30000006e-009 3.125035e-005
-4.28000006e-009 3.125035e-005
-4.26000006e-009 0.0001484379
-4.24000006e-009 0.0003359379
-4.22000006e-009 0.0006015629
-4.20000006e-009 0.0006328129
-4.18000006e-009 0.0004609379
-4.16000006e-009 0.0001640629
-4.14000006e-009 -7.812465e-005
-4.12000006e-009 -0.0001640622
-4.10000005e-009 -2.343715e-005
-4.08000005e-009 0.0001484379
-4.06000005e-009 0.0003359379
-4.04000005e-009 0.0004140629
-4.02000005e-009 0.0004375004
-4.00000005e-009 0.0004218754
-3.98000005e-009 0.0004218754
-3.96000005e-009 0.0003828129
-3.94000005e-009 0.0002968754
-3.92000005e-009 0.0003046879
-3.90000005e-009 0.0003671879
-3.88000005e-009 0.0004609379
-3.86000005e-009 0.0004687504
-3.84000005e-009 0.0002578129
-3.82000005e-009 -9.374966e-005
-3.80000005e-009 -0.0002734372
-3.78000005e-009 -0.0001484372
-3.76000005e-009 0.0002187504
-3.74000005e-009 0.0003828129
-3.72000005e-009 0.0002734379
-3.70000005e-009 3.49246e-010
-3.68000005e-009 -0.0001015622
-3.66000005e-009 3.125035e-005
-3.64000005e-009 0.0003828129
-3.62000005e-009 0.0005234379
-3.60000005e-009 0.0004218754
-3.58000005e-009 0.0002265629
-3.56000005e-009 0.0001171879
-3.54000005e-009 0.0001875004
-3.52000005e-009 0.0002656254
-3.50000005e-009 0.0003437504
-3.48000005e-009 0.0004843754
-3.46000005e-009 0.0006250004
-3.44000005e-009 0.0006406254
-3.42000005e-009 0.0004062504
-3.40000005e-009 7.031285e-005
-3.38000005e-009 -0.0003046872
-3.36000004e-009 -0.0005624997
-3.34000004e-009 -0.0007343747
-3.32000004e-009 -0.0009062497
-3.30000004e-009 -0.001039062
-3.28000004e-009 -0.001085937
-3.26000004e-009 -0.001117187
-3.24000004e-009 -0.001265625
-3.22000004e-009 -0.001601562
-3.20000004e-009 -0.002054687
-3.18000004e-009 -0.002414062
-3.16000004e-009 -0.002695312
-3.14000004e-009 -0.002992187
-3.12000004e-009 -0.003359375
-3.10000004e-009 -0.003757812
-3.08000004e-009   -0.0040625
-3.06000004e-009 -0.004320312
-3.04000004e-009 -0.004710937
-3.02000004e-009 -0.005226562
-3.00000004e-009 -0.005773437
-2.98000004e-009 -0.006085937
-2.96000004e-009 -0.006132812
-2.94000004e-009 -0.006148437
-2.92000004e-009 -0.006390625
-2.90000004e-009 -0.006914062
-2.88000004e-009 -0.007398438
-2.86000004e-009   -0.0076875
-2.84000004e-009 -0.007703125
-2.82000004e-009  -0.00771875
-2.80000004e-009    -0.007875
-2.78000004e-009 -0.008132813
-2.76000004e-009 -0.008390625
-2.74000004e-009 -0.008632813
-2.72000004e-009 -0.008742188
-2.70000004e-009 -0.008859375
-2.68000004e-009 -0.008898438
-2.66000004e-009 -0.008960938
-2.64000004e-009 -0.008992188
-2.62000003e-009  -0.00909375
-2.60000003e-009 -0.009117188
-2.58000003e-009 -0.009085938
-2.56000003e-009 -0.008960938
-2.54000003e-009    -0.008875
-2.52000003e-009 -0.008867188
-2.50000003e-009 -0.008953125
-2.48000003e-009 -0.008992188
-2.46000003e-009 -0.008921875
-2.44000003e-009 -0.008851563
-2.42000003e-009     -0.00875
-2.40000003e-009 -0.008609375
-2.38000003e-009 -0.008539063
-2.36000003e-009 -0.008546875
-2.34000003e-009 -0.008710938
-2.32000003e-009 -0.008835938
-2.30000003e-009 -0.008773438
-2.28000003e-009 -0.008453125
-2.26000003e-009 -0.008054688
-2.24000003e-009 -0.007734375
-2.22000003e-009 -0.007609375
-2.20000003e-009 -0.007523438
-2.18000003e-009 -0.007367188
-2.16000003e-009 -0.007273437
-2.14000003e-009 -0.007414063
-2.12000003e-009 -0.007710938
-2.10000003e-009 -0.007820313
-2.08000003e-009 -0.007609375
-2.06000003e-009 -0.007117187
-2.04000003e-009 -0.006703125
-2.02000003e-009  -0.00653125
-2.00000003e-009 -0.006476562
-1.98000003e-009 -0.006429687
-1.96000003e-009  -0.00621875
-1.94000003e-009 -0.005976562
-1.92000003e-009 -0.005796875
-1.90000003e-009 -0.005765625
-1.88000003e-009 -0.005796875
-1.86000002e-009  -0.00571875
-1.84000002e-009 -0.005460937
-1.82000002e-009 -0.005078125
-1.80000002e-009 -0.004796875
-1.78000002e-009 -0.004695312
-1.76000002e-009 -0.004648437
-1.74000002e-009  -0.00440625
-1.72000002e-009 -0.004007812
-1.70000002e-009 -0.003679687
-1.68000002e-009 -0.003554687
-1.66000002e-009 -0.003648437
-1.64000002e-009 -0.003648437
-1.62000002e-009  -0.00340625
-1.60000002e-009 -0.003046875
-1.58000002e-009   -0.0028125
-1.56000002e-009   -0.0026875
-1.54000002e-009 -0.002632812
-1.52000002e-009 -0.002492187
-1.50000002e-009  -0.00240625
-1.48000002e-009 -0.002429687
-1.46000002e-009 -0.002414062
-1.44000002e-009 -0.002203125
-1.42000002e-009 -0.001921875
-1.40000002e-009 -0.001742187
-1.38000002e-009 -0.001789062
-1.36000002e-009 -0.001867187
-1.34000002e-009   -0.0018125
-1.32000002e-009    -0.001625
-1.30000002e-009 -0.001492187
-1.28000002e-009 -0.001414062
-1.26000002e-009 -0.001390625
-1.24000002e-009 -0.001296875
-1.22000002e-009 -0.001273437
-1.20000002e-009 -0.001304687
-1.18000002e-009 -0.001359375
-1.16000002e-009   -0.0013125
-1.14000002e-009     -0.00125
-1.12000001e-009 -0.001320312
-1.10000001e-009 -0.001476562
-1.08000001e-009 -0.001632812
-1.06000001e-009 -0.001648437
-1.04000001e-009 -0.001578125
-1.02000001e-009  -0.00153125
-1.00000001e-009 -0.001578125
-9.80000013e-010 -0.001640625
-9.60000013e-010 -0.001757812
-9.40000013e-010 -0.001914062
-9.20000012e-010 -0.002195312
-9.00000012e-010 -0.002421875
-8.80000012e-010 -0.002507812
-8.60000011e-010  -0.00246875
-8.40000011e-010 -0.002453125
-8.20000011e-010 -0.002515625
-8.00000011e-010 -0.002539062
-7.8000001e-010 -0.002695312
-7.6000001e-010  -0.00290625
-7.4000001e-010 -0.003257812
-7.2000001e-010 -0.003742187
-7.00000009e-010 -0.004304687
-6.80000009e-010 -0.005195312
-6.60000009e-010 -0.006148437
-6.40000009e-010 -0.007578125
-6.20000008e-010 -0.009554688
-6.00000008e-010  -0.01228906
-5.80000008e-010  -0.01647656
-5.60000007e-010  -0.02223438
-5.40000007e-010  -0.03008594
-5.20000007e-010    -0.040125
-5.00000007e-010  -0.05203125
-4.80000006e-010  -0.06545313
-4.60000006e-010  -0.07989063
-4.40000006e-010  -0.09460157
-4.20000006e-010   -0.1085313
-4.00000005e-010   -0.1204141
-3.80000005e-010   -0.1292031
-3.60000005e-010   -0.1350391
-3.40000005e-010   -0.1379063
-3.20000004e-010   -0.1386016
-3.00000004e-010   -0.1376484
-2.80000004e-010   -0.1356172
-2.60000003e-010   -0.1337344
-2.40000003e-010   -0.1316953
-2.20000003e-010   -0.1292656
-2.00000003e-010   -0.1259766
-1.80000002e-010   -0.1213672
-1.60000002e-010   -0.1157188
-1.40000002e-010   -0.1082734
-1.20000002e-010  -0.09889844
-1.00000001e-010  -0.08757032
-8.00000011e-011  -0.07446875
-6.00000008e-011  -0.06032813
-4.00000005e-011    -0.045625
-2.00000003e-011   -0.0310625
           0  -0.01770313
2.00000003e-011 -0.006421875
4.00000005e-011  0.002757813
6.00000008e-011  0.009437501
8.00000011e-011    0.0138125
1.00000001e-010   0.01582813
1.20000002e-010   0.01578906
1.40000002e-010   0.01472656
1.60000002e-010   0.01303125
1.80000002e-010   0.01139844
2.00000003e-010   0.01009375
2.20000003e-010  0.009648438
2.40000003e-010   0.01046094
2.60000003e-010   0.01217969
2.80000004e-010   0.01427344
3.00000004e-010   0.01626563
3.20000004e-010        0.018
3.40000005e-010     0.019375
3.60000005e-010   0.02014844
3.80000005e-010     0.019875
4.00000005e-010   0.01877344
4.20000006e-010   0.01713281
4.40000006e-010    0.0155625
4.60000006e-010   0.01424219
4.80000006e-010   0.01321875
5.00000007e-010    0.0125625
5.20000007e-010    0.0123125
5.40000007e-010   0.01223438
5.60000007e-010   0.01232031
5.80000008e-010   0.01246875
6.00000008e-010   0.01280469
6.20000008e-010   0.01335938
6.40000009e-010   0.01385156
6.60000009e-010   0.01417969
6.80000009e-010   0.01424219
7.00000009e-010   0.01427344
7.2000001e-010   0.01446875
7.4000001e-010   0.01467188
7.6000001e-010    0.0148125
7.8000001e-010    0.0146875
8.00000011e-010   0.01445313
8.20000011e-010   0.01430469
8.40000011e-010   0.01429688
8.60000011e-010   0.01440625
8.80000012e-010   0.01474219
9.00000012e-010   0.01528906
9.20000012e-010   0.01602344
9.40000013e-010   0.01669531
9.60000013e-010   0.01714063
9.80000013e-010   0.01725781
1.00000001e-009   0.01711719
1.02000001e-009    0.0168125
1.04000001e-009   0.01652344
1.06000001e-009   0.01633594
1.08000001e-009   0.01615625
1.10000001e-009   0.01603906
1.12000001e-009   0.01600781
1.14000002e-009   0.01624219
1.16000002e-009   0.01674219
1.18000002e-009   0.01735938
1.20000002e-009   0.01790625
1.22000002e-009   0.01814063
1.24000002e-009   0.01805469
1.26000002e-009   0.01776563
1.28000002e-009   0.01747656
1.30000002e-009   0.01736719
1.32000002e-009   0.01740625
1.34000002e-009   0.01753906
1.36000002e-009      0.01775
1.38000002e-009   0.01797656
1.40000002e-009    0.0181875
1.42000002e-009   0.01832031
1.44000002e-009   0.01833594
1.46000002e-009   0.01821094
1.48000002e-009   0.01798438
1.50000002e-009   0.01767188
1.52000002e-009   0.01749219
1.54000002e-009   0.01736719
1.56000002e-009   0.01719531
1.58000002e-009   0.01691406
1.60000002e-009   0.01642969
1.62000002e-009   0.01594531
1.64000002e-009   0.01558594
1.66000002e-009   0.01527344
1.68000002e-009   0.01500781
1.70000002e-009   0.01476563
1.72000002e-009   0.01460156
1.74000002e-009   0.01453906
1.76000002e-009   0.01466406
1.78000002e-009   0.01471094
1.80000002e-009   0.01467188
1.82000002e-009   0.01446875
1.84000002e-009   0.01434375
1.86000002e-009   0.01430469
1.88000003e-009   0.01429688
1.90000003e-009    0.0143125
1.92000003e-009   0.01424219
1.94000003e-009   0.01422656
1.96000003e-009   0.01429688
1.98000003e-009   0.01444531
2.00000003e-009   0.01450781
2.02000003e-009   0.01439844
2.04000003e-009   0.01419531
2.06000003e-009   0.01403125
2.08000003e-009   0.01400781
2.10000003e-009   0.01411719
2.12000003e-009   0.01425781
2.14000003e-009   0.01430469
2.16000003e-009   0.01428125
2.18000003e-009    0.0143125
2.20000003e-009   0.01439844
2.22000003e-009   0.01454688
2.24000003e-009   0.01465625
2.26000003e-009   0.01477344
2.28000003e-009     0.014875
2.30000003e-009   0.01490625
2.32000003e-009   0.01485938
2.34000003e-009   0.01476563
2.36000003e-009   0.01474219
2.38000003e-009   0.01470313
2.40000003e-009    0.0145625
2.42000003e-009   0.01422656
2.44000003e-009     0.013875
2.46000003e-009   0.01364844
2.48000003e-009   0.01371094
2.50000003e-009   0.01389063
2.52000003e-009   0.01398438
2.54000003e-009   0.01388281
2.56000003e-009   0.01371875
2.58000003e-009   0.01360938
2.60000003e-009   0.01364063
2.62000003e-009   0.01374219
2.64000004e-009   0.01378125
2.66000004e-009   0.01369531
2.68000004e-009   0.01344531
2.70000004e-009   0.01321875
2.72000004e-009   0.01315625
2.74000004e-009    0.0131875
2.76000004e-009   0.01321094
2.78000004e-009   0.01309375
2.80000004e-009   0.01280469
2.82000004e-009   0.01248438
2.84000004e-009   0.01217969
2.86000004e-009   0.01205469
2.88000004e-009   0.01202344
2.90000004e-009   0.01210938
2.92000004e-009   0.01219531
2.94000004e-009   0.01228125
2.96000004e-009    0.0123125
2.98000004e-009   0.01228906
3.00000004e-009   0.01210938
3.02000004e-009   0.01191406
3.04000004e-009   0.01188281
3.06000004e-009     0.011875
3.08000004e-009   0.01185156
3.10000004e-009   0.01164063
3.12000004e-009   0.01149219
3.14000004e-009   0.01152344
3.16000004e-009   0.01171875
3.18000004e-009   0.01176563
3.20000004e-009   0.01148438
3.22000004e-009   0.01107031
3.24000004e-009    0.0108125
3.26000004e-009   0.01080469
3.28000004e-009   0.01085156
3.30000004e-009   0.01080469
3.32000004e-009      0.01075
3.34000004e-009   0.01071094
3.36000004e-009   0.01079688
3.38000005e-009   0.01086719
3.40000005e-009   0.01082031
3.42000005e-009   0.01070313
3.44000005e-009   0.01052344
3.46000005e-009   0.01022656
3.48000005e-009  0.009859376
3.50000005e-009  0.009515626
3.52000005e-009  0.009445313
3.54000005e-009  0.009585938
3.56000005e-009  0.009796876
3.58000005e-009  0.009828126
3.60000005e-009  0.009664063
3.62000005e-009  0.009515626
3.64000005e-009  0.009437501
3.66000005e-009  0.009445313
3.68000005e-009  0.009375001
3.70000005e-009  0.009289063
3.72000005e-009  0.009242188
3.74000005e-009  0.009242188
3.76000005e-009  0.009187501
3.78000005e-009  0.009085938
3.80000005e-009  0.008953126
3.82000005e-009  0.008835938
3.84000005e-009  0.008820313
3.86000005e-009  0.008843751
3.88000005e-009  0.008812501
3.90000005e-009  0.008750001
3.92000005e-009  0.008687501
3.94000005e-009  0.008734376
3.96000005e-009  0.008937501
3.98000005e-009  0.009187501
4.00000005e-009  0.009351563
4.02000005e-009  0.009281251
4.04000005e-009  0.009070313
4.06000005e-009  0.008859376
4.08000005e-009  0.008726563
4.10000005e-009  0.008679688
4.12000006e-009  0.008593751
4.14000006e-009  0.008414063
4.16000006e-009  0.008085938
4.18000006e-009  0.007789063
4.20000006e-009  0.007585938
4.22000006e-009  0.007578126
4.24000006e-009  0.007687501
4.26000006e-009  0.007859376
4.28000006e-009  0.007992188
4.30000006e-009  0.007937501
4.32000006e-009  0.007789063
4.34000006e-009  0.007625001
4.36000006e-009  0.007562501
4.38000006e-009  0.007570313
4.40000006e-009  0.007468751
4.42000006e-009  0.007210938
4.44000006e-009  0.006859376
4.46000006e-009  0.006632813
4.48000006e-009  0.006757813
4.50000006e-009  0.007156251
4.52000006e-009  0.007468751
4.54000006e-009  0.007578126
4.56000006e-009  0.007398438
4.58000006e-009  0.007195313
4.60000006e-009  0.007015626
4.62000006e-009  0.006968751
4.64000006e-009  0.006992188
4.66000006e-009  0.006937501
4.68000006e-009  0.006859376
4.70000006e-009  0.006718751
4.72000006e-009  0.006593751
4.74000006e-009  0.006585938
4.76000006e-009  0.006664063
4.78000006e-009  0.006867188
4.80000006e-009  0.006976563
4.82000006e-009  0.007031251
4.84000006e-009  0.006992188
4.86000006e-009  0.006890626
4.88000007e-009  0.006796876
4.90000007e-009  0.006695313
4.92000007e-009  0.006679688
4.94000007e-009  0.006679688
4.96000007e-009  0.006671876
4.98000007e-009  0.006640626
5.00000007e-009  0.006664063
