-1.24500002e-009    -0.007125
-1.24000002e-009  0.002820313
-1.23500002e-009 -0.007007812
-1.23000002e-009  0.002273438
-1.22500002e-009 -0.007195312
-1.22000002e-009    0.0023125
-1.21500002e-009    -0.006875
-1.21000002e-009  0.003023438
-1.20500002e-009 -0.007171875
-1.20000002e-009  0.003164063
-1.19500002e-009   -0.0068125
-1.19000002e-009  0.002648438
-1.18500002e-009 -0.007132812
-1.18000002e-009  0.003015625
-1.17500002e-009 -0.007414063
-1.17000002e-009  0.003664063
-1.16500002e-009 -0.007789063
-1.16000002e-009  0.003531251
-1.15500002e-009 -0.007539063
-1.15000002e-009  0.003085938
-1.14500002e-009  -0.00759375
-1.14000002e-009  0.002796875
-1.13500002e-009 -0.007109375
-1.13000002e-009  0.001984375
-1.12500002e-009  -0.00684375
-1.12000001e-009        0.003
-1.11500001e-009  -0.00815625
-1.11000001e-009  0.003164063
-1.10500001e-009 -0.008960938
-1.10000001e-009  0.002601563
-1.09500001e-009 -0.008726563
-1.09000001e-009   0.00159375
-1.08500001e-009 -0.007453125
-1.08000001e-009    0.0025625
-1.07500001e-009 -0.007117187
-1.07000001e-009  0.003023438
-1.06500001e-009    -0.007125
-1.06000001e-009  0.002734375
-1.05500001e-009       -0.007
-1.05000001e-009   0.00171875
-1.04500001e-009 -0.006945312
-1.04000001e-009 0.0009687504
-1.03500001e-009    -0.006875
-1.03000001e-009 0.0006406254
-1.02500001e-009 -0.007234375
-1.02000001e-009  0.001234375
-1.01500001e-009  -0.00734375
-1.01000001e-009  0.001023438
-1.00500001e-009       -0.007
-1.00000001e-009  0.001234375
-9.95000013e-010 -0.006976562
-9.90000013e-010  0.001328125
-9.85000013e-010 -0.007078125
-9.80000013e-010  0.001046875
-9.75000013e-010    -0.007125
-9.70000013e-010  0.001046875
-9.65000013e-010 -0.007304687
-9.60000013e-010        0.001
-9.55000013e-010 -0.007804688
-9.50000013e-010 0.0007421879
-9.45000013e-010 -0.007796875
-9.40000013e-010        0.001
-9.35000012e-010 -0.007328125
-9.30000012e-010  0.001390625
-9.25000012e-010 -0.007078125
-9.20000012e-010  0.001640625
-9.15000012e-010 -0.007171875
-9.10000012e-010  0.002804688
-9.05000012e-010 -0.007289062
-9.00000012e-010   0.00284375
-8.95000012e-010 -0.007109375
-8.90000012e-010      0.00175
-8.85000012e-010  -0.00703125
-8.80000012e-010  0.001242188
-8.75000012e-010  -0.00765625
-8.70000012e-010  0.001328125
-8.65000012e-010  -0.00840625
-8.60000011e-010   0.00128125
-8.55000011e-010 -0.009257813
-8.50000011e-010        0.001
-8.45000011e-010 -0.009320313
-8.40000011e-010        0.001
-8.35000011e-010 -0.008515625
-8.30000011e-010 0.0005703129
-8.25000011e-010 -0.008195313
-8.20000011e-010 -0.0003046872
-8.15000011e-010 -0.007914063
-8.10000011e-010 0.0007031254
-8.05000011e-010 -0.007351562
-8.00000011e-010  0.001234375
-7.95000011e-010 -0.007804688
-7.90000011e-010  0.001109375
-7.8500001e-010 -0.008765625
-7.8000001e-010        0.001
-7.7500001e-010  -0.00984375
-7.7000001e-010 0.0006250004
-7.6500001e-010  -0.01028125
-7.6000001e-010 -0.0005859372
-7.5500001e-010 -0.009710938
-7.5000001e-010 -0.001054687
-7.4500001e-010     -0.00925
-7.4000001e-010 -0.001328125
-7.3500001e-010  -0.00928125
-7.3000001e-010 -0.001984375
-7.2500001e-010  -0.01049219
-7.2000001e-010 -0.0009999997
-7.1500001e-010  -0.01171094
-7.10000009e-010 -0.0009999997
-7.05000009e-010  -0.01270313
-7.00000009e-010 -0.0009999997
-6.95000009e-010  -0.01353906
-6.90000009e-010 -0.002460937
-6.85000009e-010  -0.01436719
-6.80000009e-010 -0.005015625
-6.75000009e-010  -0.01482813
-6.70000009e-010 -0.006734375
-6.65000009e-010  -0.01590625
-6.60000009e-010     -0.00675
-6.55000009e-010  -0.01810938
-6.50000009e-010 -0.007921875
-6.45000009e-010   -0.0194375
-6.40000009e-010  -0.01051563
-6.35000008e-010  -0.02110156
-6.30000008e-010  -0.01328125
-6.25000008e-010  -0.02359375
-6.20000008e-010  -0.01491406
-6.15000008e-010  -0.02742969
-6.10000008e-010  -0.01722656
-6.05000008e-010  -0.03316406
-6.00000008e-010     -0.02075
-5.95000008e-010  -0.03854688
-5.90000008e-010  -0.02595313
-5.85000008e-010  -0.04350781
-5.80000008e-010  -0.03071094
-5.75000008e-010  -0.04815625
-5.70000008e-010  -0.03588281
-5.65000008e-010  -0.05258594
-5.60000007e-010    -0.042625
-5.55000007e-010  -0.05900781
-5.50000007e-010  -0.04876563
-5.45000007e-010  -0.06497657
-5.40000007e-010  -0.05554688
-5.35000007e-010  -0.07123438
-5.30000007e-010       -0.063
-5.25000007e-010  -0.07966407
-5.20000007e-010  -0.07004688
-5.15000007e-010  -0.08770313
-5.10000007e-010   -0.0769375
-5.05000007e-010       -0.095
-5.00000007e-010  -0.08397657
-4.95000007e-010   -0.1010703
-4.90000007e-010  -0.09049219
-4.85000006e-010   -0.1071328
-4.80000006e-010  -0.09588282
-4.75000006e-010   -0.1142734
-4.70000006e-010   -0.1013281
-4.65000006e-010   -0.1201328
-4.60000006e-010       -0.107
-4.55000006e-010   -0.1251563
-4.50000006e-010   -0.1123984
-4.45000006e-010   -0.1304141
-4.40000006e-010   -0.1182031
-4.35000006e-010       -0.135
-4.30000006e-010   -0.1241875
-4.25000006e-010   -0.1385469
-4.20000006e-010   -0.1296172
-4.15000006e-010   -0.1414688
-4.10000005e-010   -0.1319297
-4.05000005e-010   -0.1443672
-4.00000005e-010   -0.1341641
-3.95000005e-010       -0.147
-3.90000005e-010   -0.1354453
-3.85000005e-010   -0.1479297
-3.80000005e-010   -0.1364844
-3.75000005e-010   -0.1488906
-3.70000005e-010   -0.1364688
-3.65000005e-010   -0.1485859
-3.60000005e-010   -0.1353672
-3.55000005e-010   -0.1483984
-3.50000005e-010    -0.134875
-3.45000005e-010       -0.147
-3.40000005e-010   -0.1346875
-3.35000004e-010     -0.14475
-3.30000004e-010   -0.1339531
-3.25000004e-010   -0.1446797
-3.20000004e-010   -0.1336172
-3.15000004e-010   -0.1444453
-3.10000004e-010       -0.133
-3.05000004e-010   -0.1430625
-3.00000004e-010   -0.1307734
-2.95000004e-010   -0.1414141
-2.90000004e-010   -0.1294219
-2.85000004e-010   -0.1396641
-2.80000004e-010   -0.1275703
-2.75000004e-010   -0.1391719
-2.70000004e-010   -0.1253828
-2.65000004e-010       -0.139
-2.60000003e-010   -0.1238594
-2.55000003e-010   -0.1367656
-2.50000003e-010   -0.1226484
-2.45000003e-010   -0.1340703
-2.40000003e-010       -0.121
-2.35000003e-010   -0.1315313
-2.30000003e-010   -0.1184063
-2.25000003e-010   -0.1282109
-2.20000003e-010       -0.115
-2.15000003e-010   -0.1250859
-2.10000003e-010   -0.1101719
-2.05000003e-010   -0.1224922
-2.00000003e-010   -0.1051719
-1.95000003e-010   -0.1186016
-1.90000003e-010   -0.1006797
-1.85000002e-010   -0.1150547
-1.80000002e-010  -0.09649219
-1.75000002e-010   -0.1100781
-1.70000002e-010    -0.091875
-1.65000002e-010    -0.102875
-1.60000002e-010  -0.08609375
-1.55000002e-010  -0.09576563
-1.50000002e-010  -0.08048438
-1.45000002e-010    -0.090125
-1.40000002e-010  -0.07466407
-1.35000002e-010  -0.08405469
-1.30000002e-010  -0.06897657
-1.25000002e-010  -0.07735157
-1.20000002e-010  -0.06161719
-1.15000002e-010  -0.06985938
-1.10000001e-010   -0.0539375
-1.05000001e-010  -0.06150782
-1.00000001e-010       -0.047
-9.50000013e-011  -0.05471094
-9.00000012e-011  -0.03941406
-8.50000011e-011  -0.04782813
-8.00000011e-011     -0.03225
-7.5000001e-011  -0.04042188
-7.00000009e-011  -0.02474219
-6.50000009e-011  -0.03271875
-6.00000008e-011  -0.01771094
-5.50000007e-011  -0.02546875
-5.00000007e-011  -0.01167969
-4.50000006e-011       -0.019
-4.00000005e-011 -0.006117187
-3.50000005e-011  -0.01321094
-3.00000004e-011 -0.0007265622
-2.50000003e-011 -0.008179688
-2.00000003e-011  0.003695313
-1.50000002e-011 -0.004773437
-1.00000001e-011  0.008328126
-5.00000007e-012 -0.0009999997
           0   0.01245313
5.00000007e-012  0.001484375
1.00000001e-011        0.015
1.50000002e-011  0.002984375
2.00000003e-011   0.01710156
2.50000003e-011  0.004531251
3.00000004e-011   0.01870313
3.50000005e-011  0.006156251
4.00000005e-011   0.01977344
4.50000006e-011  0.007476563
5.00000007e-011        0.021
5.50000007e-011  0.008765626
6.00000008e-011   0.02078125
6.50000009e-011   0.01035156
7.00000009e-011        0.023
7.5000001e-011  0.009671876
8.00000011e-011   0.02302344
8.50000011e-011  0.009117188
9.00000012e-011   0.02208594
9.50000013e-011  0.008843751
1.00000001e-010   0.02052344
1.05000001e-010  0.007484376
1.10000001e-010   0.01870313
1.15000002e-010  0.007085938
1.20000002e-010        0.017
1.25000002e-010  0.006812501
1.30000002e-010   0.01715625
1.35000002e-010  0.006515626
1.40000002e-010   0.01689844
1.45000002e-010  0.005539063
1.50000002e-010   0.01685938
1.55000002e-010  0.005000001
1.60000002e-010   0.01675781
1.65000002e-010  0.005359376
1.70000002e-010        0.016
1.75000002e-010  0.005921876
1.80000002e-010     0.015375
1.85000002e-010  0.006460938
1.90000003e-010       0.0165
1.95000003e-010  0.007109376
2.00000003e-010   0.01726563
2.05000003e-010  0.008015626
2.10000003e-010   0.01807031
2.15000003e-010  0.008781251
2.20000003e-010   0.01971094
2.25000003e-010  0.009000001
2.30000003e-010   0.02066406
2.35000003e-010   0.01013281
2.40000003e-010   0.02104688
2.45000003e-010   0.01111719
2.50000003e-010   0.02107031
2.55000003e-010    0.0114375
2.60000003e-010   0.02188281
2.65000004e-010   0.01204688
2.70000004e-010   0.02216406
2.75000004e-010        0.013
2.80000004e-010   0.02282813
2.85000004e-010   0.01422656
2.90000004e-010   0.02322656
2.95000004e-010   0.01452344
3.00000004e-010   0.02419531
3.05000004e-010   0.01453125
3.10000004e-010   0.02484375
3.15000004e-010   0.01400781
3.20000004e-010   0.02486719
3.25000004e-010   0.01342969
3.30000004e-010        0.025
3.35000004e-010   0.01304688
3.40000005e-010   0.02402344
3.45000005e-010    0.0128125
3.50000005e-010   0.02196875
3.55000005e-010   0.01215625
3.60000005e-010        0.021
3.65000005e-010   0.01134375
3.70000005e-010   0.02114844
3.75000005e-010   0.01075781
3.80000005e-010        0.021
3.85000005e-010   0.01060938
3.90000005e-010   0.02022656
3.95000005e-010  0.009039063
4.00000005e-010   0.01902344
4.05000005e-010  0.007109376
4.10000005e-010   0.01763281
4.15000006e-010  0.005671876
4.20000006e-010   0.01726563
4.25000006e-010  0.005000001
4.30000006e-010        0.017
4.35000006e-010  0.005320313
4.40000006e-010   0.01738281
4.45000006e-010  0.006406251
4.50000006e-010   0.01754688
4.55000006e-010  0.006640626
4.60000006e-010   0.01703125
4.65000006e-010  0.006789063
4.70000006e-010   0.01678906
4.75000006e-010  0.007000001
4.80000006e-010   0.01628906
4.85000006e-010  0.006703126
4.90000007e-010   0.01748438
4.95000007e-010  0.006828126
5.00000007e-010   0.01782031
5.05000007e-010  0.007210938
5.10000007e-010   0.01727344
5.15000007e-010  0.007351563
5.20000007e-010   0.01694531
5.25000007e-010  0.006765626
5.30000007e-010   0.01736719
5.35000007e-010  0.007000001
5.40000007e-010   0.01863281
5.45000007e-010  0.008234376
5.50000007e-010   0.01915625
5.55000007e-010  0.008921876
5.60000007e-010   0.01888281
5.65000008e-010  0.008351563
5.70000008e-010        0.019
5.75000008e-010  0.008226563
5.80000008e-010   0.02049219
5.85000008e-010  0.007906251
5.90000008e-010        0.021
5.95000008e-010  0.007289063
6.00000008e-010        0.021
6.05000008e-010  0.006859376
6.10000008e-010   0.02057813
6.15000008e-010  0.006914063
6.20000008e-010   0.01957813
6.25000008e-010  0.007468751
6.30000008e-010   0.01832031
6.35000008e-010  0.007164063
6.40000009e-010   0.01895313
6.45000009e-010  0.006976563
6.50000009e-010   0.01883594
6.55000009e-010  0.007234376
6.60000009e-010   0.01802344
6.65000009e-010  0.007890626
6.70000009e-010        0.017
6.75000009e-010  0.008484376
6.80000009e-010   0.01710156
6.85000009e-010  0.008039063
6.90000009e-010   0.01910156
6.95000009e-010  0.008335938
7.00000009e-010   0.02063281
7.05000009e-010  0.008070313
7.10000009e-010   0.02115625
7.1500001e-010  0.007140626
7.2000001e-010     0.020875
7.2500001e-010  0.007007813
7.3000001e-010   0.02092969
7.3500001e-010  0.007890626
7.4000001e-010   0.02029688
7.4500001e-010  0.009000001
7.5000001e-010        0.019
7.5500001e-010  0.009000001
7.6000001e-010   0.01896094
7.6500001e-010  0.008093751
7.7000001e-010        0.019
7.7500001e-010  0.008148438
7.8000001e-010   0.01973438
7.8500001e-010  0.009132813
7.90000011e-010   0.02184375
7.95000011e-010  0.009000001
8.00000011e-010        0.023
8.05000011e-010  0.009257813
8.10000011e-010   0.02294531
8.15000011e-010   0.01048438
8.20000011e-010   0.02208594
8.25000011e-010   0.01040625
8.30000011e-010        0.023
8.35000011e-010   0.01051563
8.40000011e-010   0.02258594
8.45000011e-010   0.01079688
8.50000011e-010   0.02111719
8.55000011e-010   0.01126563
8.60000011e-010   0.02070313
8.65000012e-010        0.011
8.70000012e-010   0.02111719
8.75000012e-010   0.01134375
8.80000012e-010   0.02263281
8.85000012e-010   0.01127344
8.90000012e-010   0.02302344
8.95000012e-010        0.011
9.00000012e-010   0.02228125
9.05000012e-010   0.01174219
9.10000012e-010   0.02078906
9.15000012e-010   0.01132813
9.20000012e-010   0.02048438
9.25000012e-010   0.01088281
9.30000012e-010   0.02036719
9.35000012e-010   0.01119531
9.40000013e-010   0.02148438
9.45000013e-010   0.01099219
9.50000013e-010   0.02275781
9.55000013e-010   0.01078125
9.60000013e-010   0.02288281
9.65000013e-010   0.01076563
9.70000013e-010   0.02175781
9.75000013e-010  0.009882813
9.80000013e-010   0.01963281
9.85000013e-010  0.009000001
9.90000013e-010   0.01967969
9.95000013e-010  0.008742188
1.00000001e-009   0.01966406
1.00500001e-009  0.009015626
1.01000001e-009    0.0193125
1.01500001e-009  0.009640626
1.02000001e-009        0.019
1.02500001e-009  0.009328126
1.03000001e-009   0.01925781
1.03500001e-009  0.008859376
1.04000001e-009   0.02051563
1.04500001e-009  0.009039063
1.05000001e-009        0.021
1.05500001e-009  0.009250001
1.06000001e-009   0.02046094
1.06500001e-009  0.009031251
1.07000001e-009   0.01917188
1.07500001e-009  0.009492188
1.08000001e-009   0.01941406
1.08500001e-009   0.01042188
1.09000001e-009   0.02014063
1.09500001e-009   0.01045313
1.10000001e-009        0.021
1.10500001e-009        0.011
1.11000001e-009   0.02092188
1.11500001e-009   0.01247656
1.12000001e-009   0.02189844
1.12500002e-009   0.01176563
1.13000002e-009        0.023
1.13500002e-009   0.01102344
1.14000002e-009    0.0234375
1.14500002e-009      0.01125
1.15000002e-009        0.023
1.15500002e-009    0.0124375
1.16000002e-009       0.0225
1.16500002e-009   0.01428125
1.17000002e-009   0.02284375
1.17500002e-009   0.01392188
1.18000002e-009   0.02455469
1.18500002e-009   0.01292188
1.19000002e-009   0.02503906
1.19500002e-009   0.01271875
1.20000002e-009   0.02419531
1.20500002e-009   0.01271094
1.21000002e-009   0.02238281
1.21500002e-009   0.01309375
1.22000002e-009        0.021
1.22500002e-009   0.01257031
1.23000002e-009   0.02105469
1.23500002e-009   0.01200781
1.24000002e-009   0.02242188
1.24500002e-009   0.01213281
1.25000002e-009     0.024125
