-1.24500002e-009 -0.008085938
-1.24000002e-009        0.003
-1.23500002e-009   -0.0075625
-1.23000002e-009  0.003421876
-1.22500002e-009 -0.006195312
-1.22000002e-009        0.003
-1.21500002e-009 -0.006257812
-1.21000002e-009  0.003078125
-1.20500002e-009      -0.0065
-1.20000002e-009  0.004148438
-1.19500002e-009 -0.006234375
-1.19000002e-009  0.004906251
-1.18500002e-009 -0.006226562
-1.18000002e-009  0.004812501
-1.17500002e-009 -0.006078125
-1.17000002e-009  0.003906251
-1.16500002e-009 -0.005585937
-1.16000002e-009  0.003687501
-1.15500002e-009 -0.005820312
-1.15000002e-009  0.003046875
-1.14500002e-009       -0.007
-1.14000002e-009  0.003375001
-1.13500002e-009    -0.007375
-1.13000002e-009  0.003289063
-1.12500002e-009   -0.0074375
-1.12000001e-009  0.005000001
-1.11500001e-009  -0.00703125
-1.11000001e-009  0.005414063
-1.10500001e-009 -0.005953125
-1.10000001e-009  0.004601563
-1.09500001e-009 -0.005421875
-1.09000001e-009  0.003007813
-1.08500001e-009 -0.005234375
-1.08000001e-009  0.002476563
-1.07500001e-009 -0.005117187
-1.07000001e-009  0.003085938
-1.06500001e-009     -0.00525
-1.06000001e-009   0.00315625
-1.05500001e-009       -0.005
-1.05000001e-009    0.0026875
-1.04500001e-009 -0.005148437
-1.04000001e-009  0.002523438
-1.03500001e-009   -0.0051875
-1.03000001e-009  0.003226563
-1.02500001e-009 -0.005382812
-1.02000001e-009  0.003250001
-1.01500001e-009 -0.006507812
-1.01000001e-009  0.002921875
-1.00500001e-009 -0.007265625
-1.00000001e-009     0.002375
-9.95000013e-010  -0.00721875
-9.90000013e-010  0.002140625
-9.85000013e-010 -0.006484375
-9.80000013e-010  0.001335938
-9.75000013e-010   -0.0063125
-9.70000013e-010    0.0013125
-9.65000013e-010 -0.007226562
-9.60000013e-010     0.001375
-9.55000013e-010 -0.007460938
-9.50000013e-010  0.002578125
-9.45000013e-010       -0.007
-9.40000013e-010        0.003
-9.35000012e-010 -0.005921875
-9.30000012e-010  0.003218751
-9.25000012e-010 -0.005617187
-9.20000012e-010  0.002984375
-9.15000012e-010 -0.005726562
-9.10000012e-010        0.003
-9.05000012e-010 -0.006757812
-9.00000012e-010  0.003414063
-8.95000012e-010       -0.007
-8.90000012e-010  0.004265626
-8.85000012e-010 -0.006453125
-8.80000012e-010  0.005000001
-8.75000012e-010 -0.006570312
-8.70000012e-010  0.003968751
-8.65000012e-010       -0.007
-8.60000011e-010  0.001835938
-8.55000011e-010 -0.007070312
-8.50000011e-010  0.001234375
-8.45000011e-010  -0.00728125
-8.40000011e-010  0.001320313
-8.35000011e-010 -0.007265625
-8.30000011e-010  0.002382813
-8.25000011e-010 -0.007101562
-8.20000011e-010        0.003
-8.15000011e-010   -0.0071875
-8.10000011e-010  0.002671875
-8.05000011e-010  -0.00746875
-8.00000011e-010  0.001726563
-7.95000011e-010 -0.007492188
-7.90000011e-010  0.001585938
-7.8500001e-010    -0.008125
-7.8000001e-010   0.00190625
-7.7500001e-010 -0.008992188
-7.7000001e-010  0.002570313
-7.6500001e-010       -0.009
-7.6000001e-010   0.00290625
-7.5500001e-010   -0.0086875
-7.5000001e-010  0.001929688
-7.4500001e-010 -0.008398438
-7.4000001e-010 0.0005312504
-7.3500001e-010 -0.008695313
-7.3000001e-010 -0.0006796872
-7.2500001e-010 -0.009695313
-7.2000001e-010 -0.0009921872
-7.1500001e-010  -0.01063281
-7.10000009e-010 -0.0009999997
-7.05000009e-010       -0.011
-7.00000009e-010 -0.001796875
-6.95000009e-010    -0.011625
-6.90000009e-010 -0.001828125
-6.85000009e-010   -0.0124375
-6.80000009e-010 -0.002109375
-6.75000009e-010     -0.01375
-6.70000009e-010 -0.003148437
-6.65000009e-010  -0.01465625
-6.60000009e-010       -0.005
-6.55000009e-010       -0.015
-6.50000009e-010 -0.006070312
-6.45000009e-010  -0.01721875
-6.40000009e-010 -0.007765625
-6.35000008e-010  -0.01997656
-6.30000008e-010  -0.01014063
-6.25000008e-010    -0.022125
-6.20000008e-010       -0.013
-6.15000008e-010  -0.02558594
-6.10000008e-010  -0.01625781
-6.05000008e-010       -0.029
-6.00000008e-010       -0.019
-5.95000008e-010   -0.0328125
-5.90000008e-010  -0.02298438
-5.85000008e-010  -0.03691406
-5.80000008e-010  -0.02811719
-5.75000008e-010  -0.04311719
-5.70000008e-010  -0.03086719
-5.65000008e-010       -0.049
-5.60000007e-010  -0.03460938
-5.55000007e-010  -0.05442188
-5.50000007e-010  -0.04001563
-5.45000007e-010  -0.06165625
-5.40000007e-010  -0.04728125
-5.35000007e-010  -0.06817969
-5.30000007e-010  -0.05584375
-5.25000007e-010   -0.0750625
-5.20000007e-010    -0.065125
-5.15000007e-010  -0.08274219
-5.10000007e-010       -0.073
-5.05000007e-010  -0.09013282
-5.00000007e-010  -0.08015625
-4.95000007e-010  -0.09692188
-4.90000007e-010  -0.08732032
-4.85000006e-010   -0.1035781
-4.80000006e-010  -0.09501563
-4.75000006e-010   -0.1114453
-4.70000006e-010   -0.1019063
-4.65000006e-010   -0.1186719
-4.60000006e-010   -0.1083438
-4.55000006e-010       -0.125
-4.50000006e-010   -0.1147422
-4.45000006e-010      -0.1295
-4.40000006e-010   -0.1205547
-4.35000006e-010       -0.135
-4.30000006e-010     -0.12425
-4.25000006e-010   -0.1380703
-4.20000006e-010   -0.1280391
-4.15000006e-010       -0.141
-4.10000005e-010   -0.1312734
-4.05000005e-010       -0.143
-4.00000005e-010       -0.133
-3.95000005e-010   -0.1436797
-3.90000005e-010   -0.1328203
-3.85000005e-010   -0.1453516
-3.80000005e-010   -0.1327422
-3.75000005e-010   -0.1453828
-3.70000005e-010   -0.1330313
-3.65000005e-010   -0.1465469
-3.60000005e-010   -0.1337969
-3.55000005e-010       -0.147
-3.50000005e-010   -0.1334531
-3.45000005e-010   -0.1450078
-3.40000005e-010   -0.1326094
-3.35000004e-010   -0.1442891
-3.30000004e-010   -0.1320625
-3.25000004e-010   -0.1432031
-3.20000004e-010   -0.1314453
-3.15000004e-010   -0.1419297
-3.10000004e-010   -0.1293984
-3.05000004e-010   -0.1396016
-3.00000004e-010   -0.1278125
-2.95000004e-010       -0.139
-2.90000004e-010   -0.1270781
-2.85000004e-010   -0.1372813
-2.80000004e-010   -0.1262031
-2.75000004e-010   -0.1360781
-2.70000004e-010   -0.1254141
-2.65000004e-010   -0.1351953
-2.60000003e-010   -0.1239063
-2.55000003e-010       -0.135
-2.50000003e-010   -0.1215781
-2.45000003e-010   -0.1329141
-2.40000003e-010   -0.1192656
-2.35000003e-010   -0.1299063
-2.30000003e-010   -0.1172344
-2.25000003e-010   -0.1277813
-2.20000003e-010   -0.1144141
-2.15000003e-010   -0.1254453
-2.10000003e-010   -0.1107813
-2.05000003e-010   -0.1216563
-2.00000003e-010   -0.1070938
-1.95000003e-010   -0.1172813
-1.90000003e-010   -0.1028906
-1.85000002e-010   -0.1131563
-1.80000002e-010     -0.09875
-1.75000002e-010   -0.1079844
-1.70000002e-010  -0.09346094
-1.65000002e-010    -0.101625
-1.60000002e-010  -0.08745313
-1.55000002e-010       -0.097
-1.50000002e-010  -0.08167188
-1.45000002e-010  -0.09207813
-1.40000002e-010  -0.07632813
-1.35000002e-010  -0.08650782
-1.30000002e-010  -0.07010157
-1.25000002e-010  -0.08015625
-1.20000002e-010       -0.063
-1.15000002e-010  -0.07297657
-1.10000001e-010   -0.0561875
-1.05000001e-010       -0.065
-1.00000001e-010  -0.04846875
-9.50000013e-011  -0.05676563
-9.00000012e-011  -0.03983594
-8.50000011e-011  -0.04910156
-8.00000011e-011  -0.03146875
-7.5000001e-011  -0.04129688
-7.00000009e-011  -0.02375781
-6.50000009e-011  -0.03360938
-6.00000008e-011       -0.017
-5.50000007e-011  -0.02646875
-5.00000007e-011 -0.009539063
-4.50000006e-011  -0.01967969
-4.00000005e-011 -0.003476562
-3.50000005e-011  -0.01309375
-3.00000004e-011  0.001453125
-2.50000003e-011 -0.008273438
-2.00000003e-011  0.005234376
-1.50000002e-011 -0.003570312
-1.00000001e-011  0.008914063
-5.00000007e-012 -0.0001015622
           0   0.01214844
5.00000007e-012        0.003
1.00000001e-011   0.01573438
1.50000002e-011  0.005109376
2.00000003e-011   0.01739844
2.50000003e-011  0.007437501
3.00000004e-011   0.01847656
3.50000005e-011  0.009976563
4.00000005e-011        0.021
4.50000006e-011   0.01210938
5.00000007e-011   0.02120313
5.50000007e-011   0.01127344
6.00000008e-011   0.02241406
6.50000009e-011   0.01050781
7.00000009e-011   0.02285156
7.5000001e-011   0.01021875
8.00000011e-011   0.02196875
8.50000011e-011   0.01075781
9.00000012e-011        0.021
9.50000013e-011        0.011
1.00000001e-010   0.02051563
1.05000001e-010  0.009507813
1.10000001e-010   0.01944531
1.15000002e-010  0.008218751
1.20000002e-010   0.01828125
1.25000002e-010  0.006507813
1.30000002e-010   0.01703906
1.35000002e-010  0.005000001
1.40000002e-010   0.01569531
1.45000002e-010  0.004390626
1.50000002e-010   0.01576563
1.55000002e-010  0.005070313
1.60000002e-010   0.01674219
1.65000002e-010  0.006226563
1.70000002e-010   0.01707813
1.75000002e-010  0.006437501
1.80000002e-010   0.01839844
1.85000002e-010  0.006070313
1.90000003e-010        0.019
1.95000003e-010  0.006140626
2.00000003e-010        0.019
2.05000003e-010  0.007000001
2.10000003e-010   0.01878906
2.15000003e-010  0.008531251
2.20000003e-010     0.019125
2.25000003e-010  0.009625001
2.30000003e-010   0.01995313
2.35000003e-010        0.011
2.40000003e-010   0.02103125
2.45000003e-010   0.01172656
2.50000003e-010   0.02351563
2.55000003e-010   0.01203906
2.60000003e-010        0.025
2.65000004e-010   0.01246875
2.70000004e-010   0.02503125
2.75000004e-010   0.01374219
2.80000004e-010        0.024
2.85000004e-010        0.015
2.90000004e-010   0.02508594
2.95000004e-010   0.01628125
3.00000004e-010   0.02599219
3.05000004e-010   0.01657031
3.10000004e-010   0.02669531
3.15000004e-010   0.01634375
3.20000004e-010        0.027
3.25000004e-010   0.01635156
3.30000004e-010        0.027
3.35000004e-010   0.01548438
3.40000005e-010   0.02577344
3.45000005e-010        0.015
3.50000005e-010        0.025
3.55000005e-010        0.015
3.60000005e-010       0.0235
3.65000005e-010   0.01435156
3.70000005e-010   0.02301563
3.75000005e-010   0.01352344
3.80000005e-010        0.023
3.85000005e-010   0.01204688
3.90000005e-010   0.02211719
3.95000005e-010   0.01114844
4.00000005e-010   0.02067188
4.05000005e-010   0.01079688
4.10000005e-010   0.01940625
4.15000006e-010   0.01010156
4.20000006e-010        0.019
4.25000006e-010  0.009109376
4.30000006e-010   0.01810938
4.35000006e-010  0.008507813
4.40000006e-010   0.01849219
4.45000006e-010  0.008125001
4.50000006e-010   0.02022656
4.55000006e-010  0.008445313
4.60000006e-010        0.021
4.65000006e-010  0.008648438
4.70000006e-010   0.02048438
4.75000006e-010  0.008375001
4.80000006e-010    0.0189375
4.85000006e-010  0.008640626
4.90000007e-010   0.01786719
4.95000007e-010  0.008648438
5.00000007e-010   0.01790625
5.05000007e-010  0.008898438
5.10000007e-010    0.0180625
5.15000007e-010  0.008437501
5.20000007e-010   0.01822656
5.25000007e-010  0.008468751
5.30000007e-010   0.01830469
5.35000007e-010  0.008812501
5.40000007e-010   0.01876563
5.45000007e-010  0.008234376
5.50000007e-010        0.019
5.55000007e-010  0.008039063
5.60000007e-010   0.01917188
5.65000008e-010  0.008507813
5.70000008e-010   0.01917969
5.75000008e-010  0.008726563
5.80000008e-010   0.01914063
5.85000008e-010  0.009085938
5.90000008e-010   0.01946875
5.95000008e-010  0.009000001
6.00000008e-010   0.02011719
6.05000008e-010  0.009187501
6.10000008e-010   0.02017969
6.15000008e-010  0.008968751
6.20000008e-010   0.01960938
6.25000008e-010  0.008796876
6.30000008e-010   0.01979688
6.35000008e-010  0.008945313
6.40000009e-010        0.021
6.45000009e-010  0.009000001
6.50000009e-010   0.02102344
6.55000009e-010  0.009593751
6.60000009e-010   0.02091406
6.65000009e-010   0.01011719
6.70000009e-010   0.02078125
6.75000009e-010  0.008960938
6.80000009e-010   0.01978906
6.85000009e-010  0.009000001
6.90000009e-010   0.01982031
6.95000009e-010   0.01036719
7.00000009e-010   0.02086719
7.05000009e-010   0.01084375
7.10000009e-010        0.021
7.1500001e-010   0.01096094
7.2000001e-010   0.02035938
7.2500001e-010     0.010625
7.3000001e-010   0.02105469
7.3500001e-010      0.01075
7.4000001e-010     0.020625
7.4500001e-010  0.009632813
7.5000001e-010        0.021
7.5500001e-010  0.008492188
7.6000001e-010        0.021
7.6500001e-010  0.007875001
7.7000001e-010   0.02011719
7.7500001e-010  0.007890626
7.8000001e-010   0.02049219
7.8500001e-010  0.008625001
7.90000011e-010   0.02132813
7.95000011e-010  0.009000001
8.00000011e-010    0.0215625
8.05000011e-010  0.009523438
8.10000011e-010   0.02127344
8.15000011e-010   0.01057813
8.20000011e-010    0.0205625
8.25000011e-010   0.01115625
8.30000011e-010   0.02079688
8.35000011e-010   0.01107031
8.40000011e-010    0.0210625
8.45000011e-010   0.01171875
8.50000011e-010   0.02075781
8.55000011e-010   0.01174219
8.60000011e-010        0.021
8.65000012e-010   0.01060156
8.70000012e-010        0.021
8.75000012e-010  0.009492188
8.80000012e-010   0.02126563
8.85000012e-010  0.008867188
8.90000012e-010   0.02120313
8.95000012e-010  0.009000001
9.00000012e-010   0.02147656
9.05000012e-010   0.01010156
9.10000012e-010   0.02152344
9.15000012e-010   0.01195313
9.20000012e-010   0.02124219
9.25000012e-010   0.01278125
9.30000012e-010     0.021625
9.35000012e-010   0.01324219
9.40000013e-010   0.02225781
9.45000013e-010     0.013625
9.50000013e-010        0.023
9.55000013e-010   0.01404688
9.60000013e-010   0.02353125
9.65000013e-010   0.01341406
9.70000013e-010   0.02359375
9.75000013e-010   0.01274219
9.80000013e-010   0.02317188
9.85000013e-010   0.01145313
9.90000013e-010   0.02227344
9.95000013e-010      0.01075
1.00000001e-009   0.02278906
1.00500001e-009   0.01079688
1.01000001e-009   0.02327344
1.01500001e-009   0.01152344
1.02000001e-009   0.02336719
1.02500001e-009   0.01173438
1.03000001e-009        0.023
1.03500001e-009    0.0110625
1.04000001e-009   0.02210938
1.04500001e-009   0.01116406
1.05000001e-009   0.02092969
1.05500001e-009   0.01200781
1.06000001e-009        0.021
1.06500001e-009   0.01272656
1.07000001e-009   0.02103125
1.07500001e-009   0.01295313
1.08000001e-009    0.0210625
1.08500001e-009   0.01328125
1.09000001e-009    0.0211875
1.09500001e-009   0.01278906
1.10000001e-009   0.02132031
1.10500001e-009        0.013
1.11000001e-009   0.02247656
1.11500001e-009    0.0129375
1.12000001e-009   0.02332813
1.12500002e-009   0.01338281
1.13000002e-009   0.02352344
1.13500002e-009    0.0138125
1.14000002e-009   0.02315625
1.14500002e-009   0.01342969
1.15000002e-009   0.02239063
1.15500002e-009   0.01261719
1.16000002e-009   0.02241406
1.16500002e-009   0.01226563
1.17000002e-009   0.02205469
1.17500002e-009   0.01130469
1.18000002e-009   0.02215625
1.18500002e-009       0.0105
1.19000002e-009   0.02302344
1.19500002e-009   0.01057813
1.20000002e-009   0.02344531
1.20500002e-009   0.01171094
1.21000002e-009   0.02383594
1.21500002e-009   0.01278906
1.22000002e-009   0.02358594
1.22500002e-009   0.01311719
1.23000002e-009   0.02338281
1.23500002e-009   0.01350781
1.24000002e-009   0.02348438
1.24500002e-009   0.01403906
1.25000002e-009   0.02317188
