+3.00000000000E+005  -8.73606846961E+001
+7.79850000000E+006  -8.77569978218E+001
+1.52970000000E+007  -7.82663308058E+001
+2.27955000000E+007  -8.54513695646E+001
+3.02940000000E+007  -8.40203289032E+001
+3.77925000000E+007  -7.71371009247E+001
+4.52910000000E+007  -6.93622609077E+001
+5.27895000000E+007  -7.32696955991E+001
+6.02880000000E+007  -6.71636057707E+001
+6.77865000000E+007  -7.49034057565E+001
+7.52850000000E+007  -7.93248464008E+001
+8.27835000000E+007  -6.81207566193E+001
+9.02820000000E+007  -7.54648182452E+001
+9.77805000000E+007  -7.82887730712E+001
+1.05279000000E+008  -5.87361526237E+001
+1.12777500000E+008  -5.99016813099E+001
+1.20276000000E+008  -6.79358030614E+001
+1.27774500000E+008  -6.60394159436E+001
+1.35273000000E+008  -6.90498022237E+001
+1.42771500000E+008  -6.37893116138E+001
+1.50270000000E+008  -5.76941998571E+001
+1.57768500000E+008  -7.78146870018E+001
+1.65267000000E+008  -6.50948056494E+001
+1.72765500000E+008  -5.59726784473E+001
+1.80264000000E+008  -5.60999739555E+001
+1.87762500000E+008  -5.78189166817E+001
+1.95261000000E+008  -6.00179512778E+001
+2.02759500000E+008  -6.01831109854E+001
+2.10258000000E+008  -6.94050824953E+001
+2.17756500000E+008  -5.58461345921E+001
+2.25255000000E+008  -5.83782399703E+001
+2.32753500000E+008  -5.40863933544E+001
+2.40252000000E+008  -6.05568043002E+001
+2.47750500000E+008  -6.86568302269E+001
+2.55249000000E+008  -5.63353093638E+001
+2.62747500000E+008  -5.79297214204E+001
+2.70246000000E+008  -5.56814784998E+001
+2.77744500000E+008  -6.12854235773E+001
+2.85243000000E+008  -5.92304440634E+001
+2.92741500000E+008  -5.74787625595E+001
+3.00240000000E+008  -7.24739679272E+001
+3.07738500000E+008  -5.63205901048E+001
+3.15237000000E+008  -5.78597578987E+001
+3.22735500000E+008  -5.70436064669E+001
+3.30234000000E+008  -5.88120126842E+001
+3.37732500000E+008  -7.05745605440E+001
+3.45231000000E+008  -6.20810807782E+001
+3.52729500000E+008  -5.37498477794E+001
+3.60228000000E+008  -6.24688457154E+001
+3.67726500000E+008  -7.57735961720E+001
+3.75225000000E+008  -6.34826941748E+001
+3.82723500000E+008  -5.67687198503E+001
+3.90222000000E+008  -6.57085284306E+001
+3.97720500000E+008  -6.20790259513E+001
+4.05219000000E+008  -5.24141749981E+001
+4.12717500000E+008  -5.84714224470E+001
+4.20216000000E+008  -5.94775606477E+001
+4.27714500000E+008  -6.18979373146E+001
+4.35213000000E+008  -6.89972490724E+001
+4.42711500000E+008  -7.02843572195E+001
+4.50210000000E+008  -6.59925036552E+001
+4.57708500000E+008  -6.55143789250E+001
+4.65207000000E+008  -6.22163737241E+001
+4.72705500000E+008  -5.92453889447E+001
+4.80204000000E+008  -6.27141689804E+001
+4.87702500000E+008  -6.41309814094E+001
+4.95201000000E+008  -7.42188638651E+001
+5.02699500000E+008  -5.97660754954E+001
+5.10198000000E+008  -5.89071924254E+001
+5.17696500000E+008  -6.37959507853E+001
+5.25195000000E+008  -6.57534506580E+001
+5.32693500000E+008  -5.80528250134E+001
+5.40192000000E+008  -6.80070436183E+001
+5.47690500000E+008  -5.81422708742E+001
+5.55189000000E+008  -5.97079316141E+001
+5.62687500000E+008  -6.45638431318E+001
+5.70186000000E+008  -5.68825251732E+001
+5.77684500000E+008  -5.64162975389E+001
+5.85183000000E+008  -6.50057584641E+001
+5.92681500000E+008  -6.60171829021E+001
+6.00180000000E+008  -5.74959034878E+001
+6.07678500000E+008  -6.32522813646E+001
+6.15177000000E+008  -6.74706152872E+001
+6.22675500000E+008  -7.38011875652E+001
+6.30174000000E+008  -6.19084192437E+001
+6.37672500000E+008  -6.10777876164E+001
+6.45171000000E+008  -5.70762978503E+001
+6.52669500000E+008  -6.06538252341E+001
+6.60168000000E+008  -6.76554289949E+001
+6.67666500000E+008  -6.16991650687E+001
+6.75165000000E+008  -5.89762527462E+001
+6.82663500000E+008  -6.29511119681E+001
+6.90162000000E+008  -7.40378174556E+001
+6.97660500000E+008  -5.94576601045E+001
+7.05159000000E+008  -5.87202599935E+001
+7.12657500000E+008  -6.32500316383E+001
+7.20156000000E+008  -6.74897689775E+001
+7.27654500000E+008  -7.12098106147E+001
+7.35153000000E+008  -7.31040864517E+001
+7.42651500000E+008  -6.77775610383E+001
+7.50150000000E+008  -6.54836980773E+001
+7.57648500000E+008  -7.16524301884E+001
+7.65147000000E+008  -6.12976303193E+001
+7.72645500000E+008  -6.43075719510E+001
+7.80144000000E+008  -6.31993521444E+001
+7.87642500000E+008  -6.61590559986E+001
+7.95141000000E+008  -6.17761830689E+001
+8.02639500000E+008  -6.72505657162E+001
+8.10138000000E+008  -6.26179617091E+001
+8.17636500000E+008  -7.13683807327E+001
+8.25135000000E+008  -6.25872936246E+001
+8.32633500000E+008  -5.91838668591E+001
+8.40132000000E+008  -5.91180194760E+001
+8.47630500000E+008  -7.30890521942E+001
+8.55129000000E+008  -6.97035820504E+001
+8.62627500000E+008  -6.67192548152E+001
+8.70126000000E+008  -6.58916813682E+001
+8.77624500000E+008  -6.58857330425E+001
+8.85123000000E+008  -7.69325155833E+001
+8.92621500000E+008  -7.94827129338E+001
+9.00120000000E+008  -6.80311979056E+001
+9.07618500000E+008  -5.97041672480E+001
+9.15117000000E+008  -6.64242135969E+001
+9.22615500000E+008  -6.58225220110E+001
+9.30114000000E+008  -6.14008347961E+001
+9.37612500000E+008  -7.63188186857E+001
+9.45111000000E+008  -6.33297409508E+001
+9.52609500000E+008  -6.24263382187E+001
+9.60108000000E+008  -6.39905763861E+001
+9.67606500000E+008  -6.58535875843E+001
+9.75105000000E+008  -6.56439012350E+001
+9.82603500000E+008  -8.08030734425E+001
+9.90102000000E+008  -6.64397809047E+001
+9.97600500000E+008  -5.90327540665E+001
+1.00509900000E+009  -6.17347156609E+001
+1.01259750000E+009  -6.53940536266E+001
+1.02009600000E+009  -6.27511991120E+001
+1.02759450000E+009  -7.06873420920E+001
+1.03509300000E+009  -6.21229662885E+001
+1.04259150000E+009  -7.02559510102E+001
+1.05009000000E+009  -6.96070652758E+001
+1.05758850000E+009  -6.40208615059E+001
+1.06508700000E+009  -6.45332090363E+001
+1.07258550000E+009  -6.44953657310E+001
+1.08008400000E+009  -7.13452659266E+001
+1.08758250000E+009  -6.54854184462E+001
+1.09508100000E+009  -6.87144385389E+001
+1.10257950000E+009  -6.73603688898E+001
+1.11007800000E+009  -6.53560002272E+001
+1.11757650000E+009  -6.78116416392E+001
+1.12507500000E+009  -7.86055436478E+001
+1.13257350000E+009  -7.37854084676E+001
+1.14007200000E+009  -6.95254116938E+001
+1.14757050000E+009  -6.76733945423E+001
+1.15506900000E+009  -7.83130485881E+001
+1.16256750000E+009  -7.89930125514E+001
+1.17006600000E+009  -6.73508048112E+001
+1.17756450000E+009  -6.64336682628E+001
+1.18506300000E+009  -7.15221498558E+001
+1.19256150000E+009  -7.36737262770E+001
+1.20006000000E+009  -6.10431090614E+001
+1.20755850000E+009  -7.65633596625E+001
+1.21505700000E+009  -6.35434425243E+001
+1.22255550000E+009  -7.06240804828E+001
+1.23005400000E+009  -7.09302525974E+001
+1.23755250000E+009  -7.18183003768E+001
+1.24505100000E+009  -6.57169293184E+001
+1.25254950000E+009  -9.01532981463E+001
+1.26004800000E+009  -7.03780829728E+001
+1.26754650000E+009  -6.80621759007E+001
+1.27504500000E+009  -6.88568938989E+001
+1.28254350000E+009  -6.75615640776E+001
+1.29004200000E+009  -7.07036864595E+001
+1.29754050000E+009  -7.83293181340E+001
+1.30503900000E+009  -7.30613443861E+001
+1.31253750000E+009  -7.26600061284E+001
+1.32003600000E+009  -7.20736723731E+001
+1.32753450000E+009  -8.64274836339E+001
+1.33503300000E+009  -7.15679327962E+001
+1.34253150000E+009  -7.03256387868E+001
+1.35003000000E+009  -7.26534741665E+001
+1.35752850000E+009  -6.64502195333E+001
+1.36502700000E+009  -7.36784981977E+001
+1.37252550000E+009  -6.62665388192E+001
+1.38002400000E+009  -7.57205539553E+001
+1.38752250000E+009  -7.18763291813E+001
+1.39502100000E+009  -6.94757646041E+001
+1.40251950000E+009  -8.03868359973E+001
+1.41001800000E+009  -7.01841064653E+001
+1.41751650000E+009  -7.15691751975E+001
+1.42501500000E+009  -9.48780369667E+001
+1.43251350000E+009  -7.06755805665E+001
+1.44001200000E+009  -7.60898969183E+001
+1.44751050000E+009  -7.43438550794E+001
+1.45500900000E+009  -8.74892994500E+001
+1.46250750000E+009  -7.41462244102E+001
+1.47000600000E+009  -8.49447441750E+001
+1.47750450000E+009  -7.30259000221E+001
+1.48500300000E+009  -7.28956932657E+001
+1.49250150000E+009  -6.83806980724E+001
+1.50000000000E+009  -8.42404696378E+001
