-2.49000003e-009    -0.013875
-2.48000003e-009 -0.005335937
-2.47000003e-009       -0.015
-2.46000003e-009 -0.004617187
-2.45000003e-009  -0.01592188
-2.44000003e-009       -0.005
-2.43000003e-009  -0.01551563
-2.42000003e-009 -0.006617187
-2.41000003e-009  -0.01490625
-2.40000003e-009 -0.004953125
-2.39000003e-009       -0.015
-2.38000003e-009       -0.005
-2.37000003e-009  -0.01532031
-2.36000003e-009 -0.004710937
-2.35000003e-009  -0.01360938
-2.34000003e-009       -0.005
-2.33000003e-009  -0.01298438
-2.32000003e-009 -0.004492187
-2.31000003e-009  -0.01292969
-2.30000003e-009 -0.005078125
-2.29000003e-009  -0.01377344
-2.28000003e-009       -0.005
-2.27000003e-009   -0.0133125
-2.26000003e-009 -0.004867187
-2.25000003e-009  -0.01454688
-2.24000003e-009  -0.00353125
-2.23000003e-009  -0.01421094
-2.22000003e-009 -0.004015625
-2.21000003e-009   -0.0131875
-2.20000003e-009 -0.003867187
-2.19000003e-009  -0.01247656
-2.18000003e-009 -0.001609375
-2.17000003e-009  -0.01319531
-2.16000003e-009 -0.001539062
-2.15000003e-009  -0.01296875
-2.14000003e-009 -0.002273437
-2.13000003e-009  -0.01239063
-2.12000003e-009       -0.003
-2.11000003e-009       -0.013
-2.10000003e-009       -0.003
-2.09000003e-009  -0.01328125
-2.08000003e-009 -0.002734375
-2.07000003e-009  -0.01138281
-2.06000003e-009 -0.003796875
-2.05000003e-009   -0.0118125
-2.04000003e-009 -0.002945312
-2.03000003e-009  -0.01242188
-2.02000003e-009 -0.002460937
-2.01000003e-009  -0.01165625
-2.00000003e-009 -0.002984375
-1.99000003e-009  -0.01198438
-1.98000003e-009 -0.002429687
-1.97000003e-009  -0.01165625
-1.96000003e-009 -0.001476562
-1.95000003e-009  -0.01123438
-1.94000003e-009 -5.468715e-005
-1.93000003e-009  -0.01046094
-1.92000003e-009 -0.0009999997
-1.91000003e-009  -0.01078125
-1.90000003e-009 -0.0009999997
-1.89000003e-009       -0.011
-1.88000003e-009 -0.001007812
-1.87000002e-009  -0.01032031
-1.86000002e-009 -0.0009999997
-1.85000002e-009 -0.009414063
-1.84000002e-009 -0.0009999997
-1.83000002e-009  -0.01050781
-1.82000002e-009 -0.001960937
-1.81000002e-009  -0.01048438
-1.80000002e-009  -0.00165625
-1.79000002e-009       -0.011
-1.78000002e-009 0.0009140629
-1.77000002e-009  -0.01089844
-1.76000002e-009 -2.343715e-005
-1.75000002e-009       -0.011
-1.74000002e-009 -8.593715e-005
-1.73000002e-009  -0.01058594
-1.72000002e-009   0.00128125
-1.71000002e-009 -0.008390625
-1.70000002e-009 -0.0001953122
-1.69000002e-009 -0.009851563
-1.68000002e-009 -0.0004609372
-1.67000002e-009  -0.01066406
-1.66000002e-009        0.001
-1.65000002e-009       -0.009
-1.64000002e-009        0.001
-1.63000002e-009      -0.0085
-1.62000002e-009        0.001
-1.61000002e-009 -0.008992188
-1.60000002e-009        0.001
-1.59000002e-009    -0.007625
-1.58000002e-009 0.0009296879
-1.57000002e-009 -0.009882813
-1.56000002e-009  0.001546875
-1.55000002e-009 -0.008429688
-1.54000002e-009  0.001648438
-1.53000002e-009 -0.008804688
-1.52000002e-009  0.001226563
-1.51000002e-009      -0.0075
-1.50000002e-009  0.003023438
-1.49000002e-009       -0.009
-1.48000002e-009  0.005000001
-1.47000002e-009 -0.007953125
-1.46000002e-009        0.003
-1.45000002e-009       -0.009
-1.44000002e-009  0.002898438
-1.43000002e-009 -0.007484375
-1.42000002e-009  0.001453125
-1.41000002e-009 -0.006992187
-1.40000002e-009  0.001242188
-1.39000002e-009 -0.007039062
-1.38000002e-009        0.001
-1.37000002e-009 -0.007492188
-1.36000002e-009        0.003
-1.35000002e-009 -0.009210938
-1.34000002e-009  0.002007813
-1.33000002e-009    -0.007875
-1.32000002e-009        0.003
-1.31000002e-009 -0.007640625
-1.30000002e-009   0.00103125
-1.29000002e-009 -0.008171875
-1.28000002e-009  0.002695313
-1.27000002e-009 -0.007007812
-1.26000002e-009        0.003
-1.25000002e-009 -0.006640625
-1.24000002e-009  0.002179688
-1.23000002e-009 -0.007546875
-1.22000002e-009  0.002539063
-1.21000002e-009   -0.0075625
-1.20000002e-009  0.001289063
-1.19000002e-009       -0.009
-1.18000002e-009  0.001804688
-1.17000002e-009 -0.007835938
-1.16000002e-009  0.001484375
-1.15000002e-009 -0.007757813
-1.14000002e-009        0.003
-1.13000002e-009      -0.0065
-1.12000001e-009  0.004539063
-1.11000001e-009   -0.0056875
-1.10000001e-009  0.004257813
-1.09000001e-009       -0.007
-1.08000001e-009        0.003
-1.07000001e-009 -0.007664063
-1.06000001e-009  0.002023438
-1.05000001e-009 -0.006921875
-1.04000001e-009        0.001
-1.03000001e-009 -0.007554688
-1.02000001e-009  0.001289063
-1.01000001e-009 -0.007742188
-1.00000001e-009  0.003070313
-9.90000013e-010       -0.009
-9.80000013e-010        0.003
-9.70000013e-010 -0.007757813
-9.60000013e-010  0.001453125
-9.50000013e-010 -0.009109375
-9.40000013e-010  0.002429688
-9.30000012e-010 -0.008164063
-9.20000012e-010        0.003
-9.10000012e-010       -0.007
-9.00000012e-010        0.001
-8.90000012e-010       -0.007
-8.80000012e-010  0.002953125
-8.70000012e-010       -0.007
-8.60000011e-010  0.001960938
-8.50000011e-010 -0.007195312
-8.40000011e-010 0.0007500004
-8.30000011e-010 -0.007609375
-8.20000011e-010 0.0007500004
-8.10000011e-010 -0.007789063
-8.00000011e-010        0.003
-7.90000011e-010  -0.01058594
-7.8000001e-010 0.0002656254
-7.7000001e-010       -0.011
-7.6000001e-010 -0.0009999997
-7.5000001e-010 -0.009257813
-7.4000001e-010 -0.0009999997
-7.3000001e-010 -0.009851563
-7.2000001e-010 -0.001679687
-7.10000009e-010       -0.011
-7.00000009e-010 -0.002414062
-6.90000009e-010  -0.01246094
-6.80000009e-010       -0.005
-6.70000009e-010  -0.01538281
-6.60000009e-010       -0.007
-6.50000009e-010  -0.01949219
-6.40000009e-010  -0.00771875
-6.30000008e-010  -0.02434375
-6.20000008e-010  -0.01157031
-6.10000008e-010  -0.02914844
-6.00000008e-010  -0.01895313
-5.90000008e-010  -0.03736719
-5.80000008e-010    -0.026375
-5.70000008e-010       -0.047
-5.60000007e-010  -0.03595313
-5.50000007e-010  -0.05805469
-5.40000007e-010       -0.049
-5.30000007e-010  -0.07196094
-5.20000007e-010  -0.06270313
-5.10000007e-010       -0.087
-5.00000007e-010  -0.07601563
-4.90000007e-010   -0.1001172
-4.80000006e-010  -0.08996094
-4.70000006e-010       -0.115
-4.60000006e-010   -0.1045391
-4.50000006e-010       -0.127
-4.40000006e-010   -0.1147422
-4.30000006e-010   -0.1348828
-4.20000006e-010   -0.1230391
-4.10000005e-010   -0.1420156
-4.00000005e-010   -0.1325703
-3.90000005e-010       -0.147
-3.80000005e-010   -0.1356875
-3.70000005e-010   -0.1470313
-3.60000005e-010   -0.1354297
-3.50000005e-010       -0.147
-3.40000005e-010       -0.135
-3.30000004e-010   -0.1454453
-3.20000004e-010   -0.1325625
-3.10000004e-010   -0.1439453
-3.00000004e-010   -0.1303047
-2.90000004e-010       -0.141
-2.80000004e-010       -0.129
-2.70000004e-010   -0.1391563
-2.60000003e-010    -0.126625
-2.50000003e-010   -0.1365625
-2.40000003e-010   -0.1207734
-2.30000003e-010   -0.1331094
-2.20000003e-010   -0.1154453
-2.10000003e-010   -0.1278516
-2.00000003e-010      -0.1095
-1.90000003e-010       -0.121
-1.80000002e-010   -0.1003359
-1.70000002e-010   -0.1121172
-1.60000002e-010       -0.091
-1.50000002e-010   -0.1016719
-1.40000002e-010  -0.07865625
-1.30000002e-010  -0.08697657
-1.20000002e-010  -0.06425782
-1.10000001e-010  -0.07402344
-1.00000001e-010  -0.04703125
-9.00000012e-011       -0.059
-8.00000011e-011  -0.03188281
-7.00000009e-011  -0.04422656
-6.00000008e-011  -0.01921875
-5.00000007e-011       -0.029
-4.00000005e-011 -0.008242188
-3.00000004e-011  -0.01635156
-2.00000003e-011        0.003
-1.00000001e-011   -0.0055625
           0   0.01021094
1.00000001e-011  0.001828125
2.00000003e-011   0.01489063
3.00000004e-011  0.005890626
4.00000005e-011        0.019
5.00000007e-011  0.009000001
6.00000008e-011   0.02173438
7.00000009e-011   0.01011719
8.00000011e-011        0.021
9.00000012e-011  0.008875001
1.00000001e-010   0.01992969
1.10000001e-010  0.007085938
1.20000002e-010        0.019
1.30000002e-010  0.006429688
1.40000002e-010        0.017
1.50000002e-010  0.006515626
1.60000002e-010   0.01607813
1.70000002e-010  0.006250001
1.80000002e-010   0.01582813
1.90000003e-010  0.006351563
2.00000003e-010   0.01630469
2.10000003e-010  0.007703126
2.20000003e-010        0.019
2.30000003e-010  0.008804688
2.40000003e-010   0.02058594
2.50000003e-010   0.01064063
2.60000003e-010   0.02260156
2.70000004e-010   0.01283594
2.80000004e-010   0.02374219
2.90000004e-010        0.013
3.00000004e-010      0.02375
3.10000004e-010    0.0136875
3.20000004e-010        0.025
3.30000004e-010    0.0146875
3.40000005e-010   0.02453125
3.50000005e-010   0.01246094
3.60000005e-010   0.02128906
3.70000005e-010   0.01089844
3.80000005e-010   0.02149219
3.90000005e-010  0.008500001
4.00000005e-010   0.01974219
4.10000005e-010  0.008179688
4.20000006e-010   0.01789844
4.30000006e-010  0.007000001
4.40000006e-010        0.017
4.50000006e-010  0.005187501
4.60000006e-010        0.017
4.70000006e-010  0.005000001
4.80000006e-010        0.017
4.90000007e-010  0.008359376
5.00000007e-010   0.01766406
5.10000007e-010  0.007593751
5.20000007e-010        0.019
5.30000007e-010  0.007867188
5.40000007e-010        0.019
5.50000007e-010  0.008273438
5.60000007e-010        0.017
5.70000008e-010  0.007000001
5.80000008e-010   0.01848438
5.90000008e-010  0.007023438
6.00000008e-010    0.0183125
6.10000008e-010  0.008406251
6.20000008e-010   0.01841406
6.30000008e-010  0.008765626
6.40000009e-010        0.019
6.50000009e-010  0.007648438
6.60000009e-010   0.02016406
6.70000009e-010  0.007203126
6.80000009e-010        0.021
6.90000009e-010  0.008460938
7.00000009e-010   0.01809375
7.10000009e-010  0.008851563
7.2000001e-010   0.01947656
7.3000001e-010  0.008054688
7.4000001e-010   0.01998438
7.5000001e-010  0.006593751
7.6000001e-010   0.01830469
7.7000001e-010  0.008257813
7.8000001e-010   0.01935156
7.90000011e-010  0.008750001
8.00000011e-010    0.0199375
8.10000011e-010  0.008570313
8.20000011e-010   0.01972656
8.30000011e-010  0.009000001
8.40000011e-010   0.02083594
8.50000011e-010  0.009000001
8.60000011e-010   0.02099219
8.70000012e-010        0.011
8.80000012e-010        0.021
8.90000012e-010   0.01213281
9.00000012e-010   0.02141406
9.10000012e-010   0.01039063
9.20000012e-010        0.023
9.30000012e-010       0.0105
9.40000013e-010   0.02228125
9.50000013e-010  0.009000001
9.60000013e-010   0.02185938
9.70000013e-010  0.009718751
9.80000013e-010   0.02042188
9.90000013e-010     0.010625
1.00000001e-009   0.01926563
1.01000001e-009  0.009804688
1.02000001e-009   0.02076563
1.03000001e-009  0.008976563
1.04000001e-009   0.02073438
1.05000001e-009  0.009000001
1.06000001e-009        0.021
1.07000001e-009        0.011
1.08000001e-009        0.021
1.09000001e-009  0.009000001
1.10000001e-009   0.01988281
1.11000001e-009   0.01009375
1.12000001e-009   0.01947656
1.13000002e-009   0.01033594
1.14000002e-009        0.021
1.15000002e-009    0.0128125
1.16000002e-009   0.02164844
1.17000002e-009   0.01292969
1.18000002e-009   0.02200781
1.19000002e-009   0.01265625
1.20000002e-009   0.02347656
1.21000002e-009       0.0125
1.22000002e-009    0.0233125
1.23000002e-009   0.01294531
1.24000002e-009   0.02288281
1.25000002e-009   0.01310156
1.26000002e-009    0.0230625
1.27000002e-009   0.01249219
1.28000002e-009        0.023
1.29000002e-009        0.011
1.30000002e-009   0.02167188
1.31000002e-009   0.01197656
1.32000002e-009   0.02103125
1.33000002e-009        0.013
1.34000002e-009   0.02122656
1.35000002e-009   0.01180469
1.36000002e-009   0.02284375
1.37000002e-009    0.0125625
1.38000002e-009   0.02589063
1.39000002e-009   0.01279688
1.40000002e-009   0.02396094
1.41000002e-009   0.01314844
1.42000002e-009   0.02352344
1.43000002e-009   0.01146875
1.44000002e-009        0.025
1.45000002e-009        0.011
1.46000002e-009   0.02359375
1.47000002e-009   0.01014063
1.48000002e-009   0.02109375
1.49000002e-009   0.01030469
1.50000002e-009   0.02164063
1.51000002e-009   0.01164063
1.52000002e-009   0.02145313
1.53000002e-009        0.011
1.54000002e-009   0.02161719
1.55000002e-009  0.009859376
1.56000002e-009   0.02035938
1.57000002e-009   0.01116406
1.58000002e-009        0.019
1.59000002e-009  0.009156251
1.60000002e-009        0.019
1.61000002e-009  0.009492188
1.62000002e-009        0.019
1.63000002e-009  0.007906251
1.64000002e-009        0.018
1.65000002e-009  0.007000001
1.66000002e-009   0.01885938
1.67000002e-009  0.008921876
1.68000002e-009        0.019
1.69000002e-009  0.008406251
1.70000002e-009   0.01853906
1.71000002e-009  0.007890626
1.72000002e-009   0.01792969
1.73000002e-009  0.007000001
1.74000002e-009        0.019
1.75000002e-009  0.007656251
1.76000002e-009   0.01828125
1.77000002e-009  0.007500001
1.78000002e-009   0.01810156
1.79000002e-009  0.008875001
1.80000002e-009   0.01917969
1.81000002e-009  0.008406251
1.82000002e-009   0.01771875
1.83000002e-009  0.008062501
1.84000002e-009        0.019
1.85000002e-009  0.006617188
1.86000002e-009   0.01800781
1.87000002e-009  0.007437501
1.88000003e-009   0.01940625
1.89000003e-009  0.008671876
1.90000003e-009   0.01871094
1.91000003e-009  0.008257813
1.92000003e-009   0.01710156
1.93000003e-009  0.008617188
1.94000003e-009   0.01796875
1.95000003e-009  0.008828126
1.96000003e-009        0.019
1.97000003e-009  0.009000001
1.98000003e-009   0.01935156
1.99000003e-009  0.008921876
2.00000003e-009   0.01953906
2.01000003e-009  0.008632813
2.02000003e-009   0.02172656
2.03000003e-009  0.009000001
2.04000003e-009    0.0211875
2.05000003e-009  0.009000001
2.06000003e-009        0.019
2.07000003e-009  0.008851563
2.08000003e-009   0.01748438
2.09000003e-009  0.008734376
2.10000003e-009   0.01935156
2.11000003e-009  0.008648438
2.12000003e-009        0.019
2.13000003e-009  0.009000001
2.14000003e-009   0.02076563
2.15000003e-009  0.009156251
2.16000003e-009     0.020125
2.17000003e-009  0.009367188
2.18000003e-009   0.01896875
2.19000003e-009   0.01036719
2.20000003e-009   0.01869531
2.21000003e-009  0.008734376
2.22000003e-009        0.019
2.23000003e-009  0.006671876
2.24000003e-009   0.01850781
2.25000003e-009  0.009000001
2.26000003e-009   0.01785156
2.27000003e-009  0.008593751
2.28000003e-009   0.01889063
2.29000003e-009  0.008445313
2.30000003e-009    0.0186875
2.31000003e-009  0.008148438
2.32000003e-009        0.019
2.33000003e-009  0.007398438
2.34000003e-009        0.019
2.35000003e-009  0.007242188
2.36000003e-009   0.01960156
2.37000003e-009  0.008164063
2.38000003e-009        0.019
2.39000003e-009  0.007203126
2.40000003e-009   0.01833594
2.41000003e-009  0.007000001
2.42000003e-009   0.01701563
2.43000003e-009  0.007148438
2.44000003e-009        0.019
2.45000003e-009  0.007890626
2.46000003e-009   0.01914844
2.47000003e-009  0.009000001
2.48000003e-009        0.019
2.49000003e-009  0.008695313
2.50000003e-009   0.01926563
