-4.98000007e-009 -0.005945312
-4.96000007e-009  0.006601563
-4.94000007e-009  -0.00615625
-4.92000007e-009  0.003679688
-4.90000007e-009       -0.005
-4.88000007e-009  0.004289063
-4.86000006e-009  -0.00559375
-4.84000006e-009  0.004429688
-4.82000006e-009       -0.005
-4.80000006e-009  0.005000001
-4.78000006e-009 -0.006132812
-4.76000006e-009  0.003179688
-4.74000006e-009 -0.004632812
-4.72000006e-009  0.004390626
-4.70000006e-009       -0.005
-4.68000006e-009  0.003507813
-4.66000006e-009      -0.0055
-4.64000006e-009  0.003726563
-4.62000006e-009       -0.005
-4.60000006e-009  0.003539063
-4.58000006e-009 -0.005398437
-4.56000006e-009  0.005015626
-4.54000006e-009 -0.005242187
-4.52000006e-009  0.003828126
-4.50000006e-009       -0.005
-4.48000006e-009  0.005195313
-4.46000006e-009 -0.003984375
-4.44000006e-009  0.004484376
-4.42000006e-009   -0.0055625
-4.40000006e-009  0.004695313
-4.38000006e-009 -0.005992187
-4.36000006e-009  0.003593751
-4.34000006e-009 -0.003851562
-4.32000006e-009  0.005000001
-4.30000006e-009       -0.007
-4.28000006e-009  0.003328126
-4.26000006e-009 -0.004882812
-4.24000006e-009  0.005000001
-4.22000006e-009  -0.00603125
-4.20000006e-009  0.005000001
-4.18000006e-009 -0.005273437
-4.16000006e-009  0.004812501
-4.14000006e-009 -0.004523437
-4.12000006e-009  0.005000001
-4.10000005e-009 -0.005929687
-4.08000005e-009  0.005468751
-4.06000005e-009 -0.004984375
-4.04000005e-009  0.004312501
-4.02000005e-009 -0.005921875
-4.00000005e-009  0.005000001
-3.98000005e-009 -0.004929687
-3.96000005e-009  0.004085938
-3.94000005e-009   -0.0063125
-3.92000005e-009  0.004437501
-3.90000005e-009       -0.005
-3.88000005e-009  0.003882813
-3.86000005e-009 -0.005460937
-3.84000005e-009  0.005054688
-3.82000005e-009 -0.005671875
-3.80000005e-009  0.005320313
-3.78000005e-009 -0.004773437
-3.76000005e-009  0.004593751
-3.74000005e-009       -0.005
-3.72000005e-009  0.005000001
-3.70000005e-009       -0.005
-3.68000005e-009  0.005500001
-3.66000005e-009 -0.006265625
-3.64000005e-009  0.003453126
-3.62000005e-009  -0.00553125
-3.60000005e-009  0.005226563
-3.58000005e-009    -0.005875
-3.56000005e-009  0.004359376
-3.54000005e-009 -0.004085937
-3.52000005e-009  0.004578126
-3.50000005e-009 -0.005023437
-3.48000005e-009  0.004148438
-3.46000005e-009 -0.005382812
-3.44000005e-009  0.003757813
-3.42000005e-009  -0.00534375
-3.40000005e-009  0.005000001
-3.38000005e-009 -0.005765625
-3.36000004e-009  0.003312501
-3.34000004e-009 -0.005289062
-3.32000004e-009        0.003
-3.30000004e-009       -0.007
-3.28000004e-009  0.003789063
-3.26000004e-009 -0.005695312
-3.24000004e-009   0.00203125
-3.22000004e-009  -0.00728125
-3.20000004e-009        0.001
-3.18000004e-009 -0.008476563
-3.16000004e-009  0.001570313
-3.14000004e-009 -0.008335938
-3.12000004e-009        0.001
-3.10000004e-009       -0.009
-3.08000004e-009 -0.0003203122
-3.06000004e-009 -0.009617188
-3.04000004e-009 -0.002140625
-3.02000004e-009       -0.011
-3.00000004e-009 -0.001882812
-2.98000004e-009    -0.011875
-2.96000004e-009 -0.002640625
-2.94000004e-009       -0.013
-2.92000004e-009 -0.004179687
-2.90000004e-009       -0.015
-2.88000004e-009 -0.003460937
-2.86000004e-009  -0.01279688
-2.84000004e-009 -0.004929687
-2.82000004e-009       -0.015
-2.80000004e-009       -0.003
-2.78000004e-009  -0.01339844
-2.76000004e-009   -0.0060625
-2.74000004e-009  -0.01378125
-2.72000004e-009       -0.003
-2.70000004e-009       -0.015
-2.68000004e-009  -0.00453125
-2.66000004e-009  -0.01576563
-2.64000004e-009       -0.005
-2.62000003e-009       -0.015
-2.60000003e-009       -0.003
-2.58000003e-009  -0.01448438
-2.56000003e-009 -0.005257812
-2.54000003e-009  -0.01467969
-2.52000003e-009 -0.005507812
-2.50000003e-009       -0.015
-2.48000003e-009 -0.004273437
-2.46000003e-009  -0.01534375
-2.44000003e-009 -0.005820312
-2.42000003e-009       -0.015
-2.40000003e-009    -0.004875
-2.38000003e-009  -0.01619531
-2.36000003e-009 -0.005640625
-2.34000003e-009       -0.015
-2.32000003e-009       -0.003
-2.30000003e-009       -0.015
-2.28000003e-009 -0.004609375
-2.26000003e-009  -0.01364844
-2.24000003e-009 -0.003601562
-2.22000003e-009  -0.01251563
-2.20000003e-009 -0.003742187
-2.18000003e-009  -0.01273438
-2.16000003e-009  -0.00315625
-2.14000003e-009   -0.0121875
-2.12000003e-009 -0.003140625
-2.10000003e-009       -0.013
-2.08000003e-009  -0.00240625
-2.06000003e-009  -0.01085156
-2.04000003e-009 -0.002679687
-2.02000003e-009  -0.01108594
-2.00000003e-009    -0.001375
-1.98000003e-009  -0.01172656
-1.96000003e-009  -0.00215625
-1.94000003e-009     -0.01025
-1.92000003e-009 -0.002890625
-1.90000003e-009  -0.01108594
-1.88000003e-009 -0.0005859372
-1.86000002e-009  -0.01100781
-1.84000002e-009 -0.0004374997
-1.82000002e-009 -0.009226563
-1.80000002e-009 -7.031215e-005
-1.78000002e-009  -0.01057031
-1.76000002e-009 -0.0007187497
-1.74000002e-009 -0.009382813
-1.72000002e-009 6.250035e-005
-1.70000002e-009 -0.009890625
-1.68000002e-009  0.001234375
-1.66000002e-009 -0.008867188
-1.64000002e-009  0.001390625
-1.62000002e-009       -0.009
-1.60000002e-009  0.001171875
-1.58000002e-009 -0.009117188
-1.56000002e-009  0.001695313
-1.54000002e-009 -0.008179688
-1.52000002e-009        0.001
-1.50000002e-009       -0.009
-1.48000002e-009  0.002304688
-1.46000002e-009 -0.008414063
-1.44000002e-009  0.002554688
-1.42000002e-009 -0.007632813
-1.40000002e-009  0.002289063
-1.38000002e-009    -0.006875
-1.36000002e-009  0.001554688
-1.34000002e-009       -0.009
-1.32000002e-009        0.003
-1.30000002e-009       -0.007
-1.28000002e-009  0.002710938
-1.26000002e-009 -0.008023438
-1.24000002e-009  0.002039063
-1.22000002e-009 -0.007328125
-1.20000002e-009        0.003
-1.18000002e-009 -0.006757812
-1.16000002e-009  0.003328126
-1.14000002e-009  -0.00703125
-1.12000001e-009  0.002414063
-1.10000001e-009 -0.007203125
-1.08000001e-009  0.001742188
-1.06000001e-009 -0.007601563
-1.04000001e-009        0.003
-1.02000001e-009       -0.007
-1.00000001e-009  0.003273438
-9.80000013e-010  -0.00715625
-9.60000013e-010  0.001148438
-9.40000013e-010  -0.00796875
-9.20000012e-010  0.003265626
-9.00000012e-010       -0.007
-8.80000012e-010    0.0025625
-8.60000011e-010 -0.007617188
-8.40000011e-010  0.001421875
-8.20000011e-010       -0.009
-8.00000011e-010 -0.0009999997
-7.8000001e-010  -0.00884375
-7.6000001e-010 0.0001718754
-7.4000001e-010 -0.008640625
-7.2000001e-010 -0.0009999997
-7.00000009e-010  -0.01191406
-6.80000009e-010 -0.003929687
-6.60000009e-010  -0.01409375
-6.40000009e-010 -0.007734375
-6.20000008e-010  -0.02057813
-6.00000008e-010       -0.013
-5.80000008e-010  -0.03553906
-5.60000007e-010  -0.02860156
-5.40000007e-010       -0.055
-5.20000007e-010  -0.05014063
-5.00000007e-010       -0.085
-4.80000006e-010  -0.07636719
-4.60000006e-010   -0.1133828
-4.40000006e-010   -0.1039297
-4.20000006e-010       -0.135
-4.00000005e-010       -0.127
-3.80000005e-010   -0.1437734
-3.60000005e-010   -0.1358438
-3.40000005e-010   -0.1454141
-3.20000004e-010       -0.135
-3.00000004e-010   -0.1450547
-2.80000004e-010   -0.1305703
-2.60000003e-010   -0.1401406
-2.40000003e-010       -0.123
-2.20000003e-010       -0.133
-2.00000003e-010   -0.1149375
-1.80000002e-010   -0.1223281
-1.60000002e-010  -0.09817969
-1.40000002e-010   -0.1038203
-1.20000002e-010  -0.07190625
-1.00000001e-010       -0.079
-8.00000011e-011  -0.04157031
-6.00000008e-011  -0.04950781
-4.00000005e-011       -0.015
-2.00000003e-011    -0.021375
           0  0.005429688
2.00000003e-011 -0.001617187
4.00000005e-011      0.01775
6.00000008e-011  0.009062501
8.00000011e-011   0.01928906
1.00000001e-010       0.0105
1.20000002e-010   0.01885938
1.40000002e-010  0.007296876
1.60000002e-010   0.01614063
1.80000002e-010  0.004578126
2.00000003e-010        0.017
2.20000003e-010  0.006343751
2.40000003e-010   0.01878125
2.60000003e-010  0.009476563
2.80000004e-010    0.0221875
3.00000004e-010    0.0121875
3.20000004e-010   0.02313281
3.40000005e-010   0.01375781
3.60000005e-010   0.02371094
3.80000005e-010        0.011
4.00000005e-010        0.021
4.20000006e-010  0.006289063
4.40000006e-010   0.01732813
4.60000006e-010  0.005218751
4.80000006e-010   0.01722656
5.00000007e-010  0.007000001
5.20000007e-010   0.01754688
5.40000007e-010  0.005609376
5.60000007e-010   0.01723438
5.80000008e-010  0.007398438
6.00000008e-010    0.0185625
6.20000008e-010  0.008640626
6.40000009e-010     0.020875
6.60000009e-010  0.006992188
6.80000009e-010        0.019
7.00000009e-010  0.007000001
7.2000001e-010   0.01896875
7.4000001e-010  0.006609376
7.6000001e-010        0.019
7.8000001e-010  0.009640626
8.00000011e-010        0.019
8.20000011e-010  0.009585938
8.40000011e-010   0.01928125
8.60000011e-010  0.009773438
8.80000012e-010        0.021
9.00000012e-010        0.011
9.20000012e-010   0.02136719
9.40000013e-010   0.01117188
9.60000013e-010   0.02192969
9.80000013e-010        0.011
1.00000001e-009        0.021
1.02000001e-009   0.01035938
1.04000001e-009   0.01897656
1.06000001e-009   0.01052344
1.08000001e-009        0.019
1.10000001e-009        0.011
1.12000001e-009   0.02089844
1.14000002e-009   0.01148438
1.16000002e-009   0.02159375
1.18000002e-009        0.011
1.20000002e-009   0.02234375
1.22000002e-009    0.0104375
1.24000002e-009   0.02288281
1.26000002e-009        0.011
1.28000002e-009   0.02114063
1.30000002e-009   0.01223438
1.32000002e-009   0.02182031
1.34000002e-009     0.011125
1.36000002e-009   0.02322656
1.38000002e-009   0.01034375
1.40000002e-009        0.023
1.42000002e-009   0.01139063
1.44000002e-009   0.02495313
1.46000002e-009   0.01230469
1.48000002e-009        0.025
1.50000002e-009   0.01214063
1.52000002e-009    0.0223125
1.54000002e-009     0.011125
1.56000002e-009        0.023
1.58000002e-009        0.011
1.60000002e-009        0.021
1.62000002e-009  0.008789063
1.64000002e-009     0.021375
1.66000002e-009  0.008476563
1.68000002e-009        0.019
1.70000002e-009  0.008429688
1.72000002e-009   0.01926563
1.74000002e-009  0.008195313
1.76000002e-009   0.02071094
1.78000002e-009  0.007625001
1.80000002e-009   0.01907031
1.82000002e-009  0.008148438
1.84000002e-009   0.02071094
1.86000002e-009  0.008843751
1.88000003e-009   0.01921875
1.90000003e-009  0.007195313
1.92000003e-009   0.01883594
1.94000003e-009  0.008632813
1.96000003e-009       0.0175
1.98000003e-009  0.008656251
2.00000003e-009        0.019
2.02000003e-009  0.009148438
2.04000003e-009   0.01739844
2.06000003e-009  0.009000001
2.08000003e-009   0.01928125
2.10000003e-009  0.007109376
2.12000003e-009       0.0185
2.14000003e-009  0.008953126
2.16000003e-009   0.01907813
2.18000003e-009  0.007437501
2.20000003e-009   0.01822656
2.22000003e-009  0.009320313
2.24000003e-009   0.02067969
2.26000003e-009  0.009000001
2.28000003e-009   0.01708594
2.30000003e-009  0.009000001
2.32000003e-009   0.01892969
2.34000003e-009  0.009687501
2.36000003e-009   0.01851563
2.38000003e-009  0.009000001
2.40000003e-009   0.01713281
2.42000003e-009  0.007523438
2.44000003e-009   0.01957813
2.46000003e-009  0.008109376
2.48000003e-009        0.017
2.50000003e-009  0.007000001
2.52000003e-009     0.017375
2.54000003e-009  0.008476563
2.56000003e-009    0.0186875
2.58000003e-009  0.008390626
2.60000003e-009        0.021
2.62000003e-009  0.008265626
2.64000004e-009   0.01852344
2.66000004e-009  0.007523438
2.68000004e-009        0.019
2.70000004e-009  0.007000001
2.72000004e-009        0.016
2.74000004e-009  0.006507813
2.76000004e-009        0.017
2.78000004e-009  0.008187501
2.80000004e-009   0.01501563
2.82000004e-009  0.007312501
2.84000004e-009   0.01524219
2.86000004e-009  0.006703126
2.88000004e-009        0.017
2.90000004e-009  0.006398438
2.92000004e-009   0.01663281
2.94000004e-009  0.005328126
2.96000004e-009     0.017625
2.98000004e-009  0.007796876
3.00000004e-009        0.017
3.02000004e-009  0.003867188
3.04000004e-009   0.01671094
3.06000004e-009  0.007000001
3.08000004e-009        0.015
3.10000004e-009  0.005000001
3.12000004e-009   0.01569531
3.14000004e-009  0.005929688
3.16000004e-009   0.01621875
3.18000004e-009  0.006062501
3.20000004e-009        0.015
3.22000004e-009  0.006304688
3.24000004e-009   0.01510156
3.26000004e-009  0.004703126
3.28000004e-009   0.01510156
3.30000004e-009  0.005421876
3.32000004e-009       0.0145
3.34000004e-009  0.004539063
3.36000004e-009   0.01498438
3.38000005e-009  0.005000001
3.40000005e-009        0.015
3.42000005e-009  0.005226563
3.44000005e-009   0.01474219
3.46000005e-009  0.005210938
3.48000005e-009   0.01454688
3.50000005e-009  0.003046875
3.52000005e-009     0.013625
3.54000005e-009  0.001164063
3.56000005e-009        0.013
3.58000005e-009  0.005000001
3.60000005e-009        0.013
3.62000005e-009  0.004671876
3.64000005e-009   0.01478906
3.66000005e-009  0.004601563
3.68000005e-009        0.013
3.70000005e-009        0.003
3.72000005e-009      0.01425
3.74000005e-009  0.003882813
3.76000005e-009   0.01467969
3.78000005e-009        0.003
3.80000005e-009        0.013
3.82000005e-009  0.004250001
3.84000005e-009   0.01353906
3.86000005e-009        0.003
3.88000005e-009        0.015
3.90000005e-009  0.004054688
3.92000005e-009   0.01239844
3.94000005e-009  0.003101563
3.96000005e-009        0.013
3.98000005e-009  0.004492188
4.00000005e-009        0.013
4.02000005e-009  0.003218751
4.04000005e-009   0.01229688
4.06000005e-009  0.004109376
4.08000005e-009    0.0135625
4.10000005e-009        0.003
4.12000006e-009   0.01215625
4.14000006e-009  0.004078126
4.16000006e-009   0.01279688
4.18000006e-009        0.003
4.20000006e-009   0.01155469
4.22000006e-009 0.0006328129
4.24000006e-009   0.01097656
4.26000006e-009   0.00259375
4.28000006e-009        0.011
4.30000006e-009        0.001
4.32000006e-009   0.01117969
4.34000006e-009  0.001851563
4.36000006e-009        0.011
4.38000006e-009        0.001
4.40000006e-009        0.011
4.42000006e-009  0.002117188
4.44000006e-009   0.01153125
4.46000006e-009  0.001234375
4.48000006e-009   0.01110938
4.50000006e-009  0.002210938
4.52000006e-009   0.01057031
4.54000006e-009 0.0009531254
4.56000006e-009    0.0108125
4.58000006e-009        0.001
4.60000006e-009   0.01027344
4.62000006e-009 0.0003125004
4.64000006e-009   0.01084375
4.66000006e-009  0.001023438
4.68000006e-009        0.011
4.70000006e-009     0.001875
4.72000006e-009   0.01167188
4.74000006e-009 -6.249965e-005
4.76000006e-009   0.01138281
4.78000006e-009        0.001
4.80000006e-009        0.011
4.82000006e-009  0.001203125
4.84000006e-009   0.01173438
4.86000006e-009     0.001375
4.88000007e-009   0.01124219
4.90000007e-009 0.0007109379
4.92000007e-009  0.009351563
4.94000007e-009 -4.687465e-005
4.96000007e-009        0.013
4.98000007e-009 -0.0001171872
5.00000007e-009        0.011
