-1.24500002e-009 -0.001210937
-1.24000002e-009 -0.001203125
-1.23500002e-009 -0.001210937
-1.23000002e-009 -0.001203125
-1.22500002e-009 -0.001226562
-1.22000002e-009 -0.001203125
-1.21500002e-009   -0.0011875
-1.21000002e-009 -0.001179687
-1.20500002e-009 -0.001203125
-1.20000002e-009 -0.001195312
-1.19500002e-009   -0.0011875
-1.19000002e-009 -0.001226562
-1.18500002e-009 -0.001265625
-1.18000002e-009 -0.001289062
-1.17500002e-009 -0.001320312
-1.17000002e-009 -0.001351562
-1.16500002e-009 -0.001382812
-1.16000002e-009 -0.001398437
-1.15500002e-009 -0.001414062
-1.15000002e-009 -0.001414062
-1.14500002e-009 -0.001398437
-1.14000002e-009 -0.001367187
-1.13500002e-009 -0.001359375
-1.13000002e-009  -0.00128125
-1.12500002e-009 -0.001242187
-1.12000001e-009 -0.001171875
-1.11500001e-009 -0.001109375
-1.11000001e-009 -0.001039062
-1.10500001e-009 -0.0009999997
-1.10000001e-009 -0.0009999997
-1.09500001e-009 -0.0009843747
-1.09000001e-009 -0.0009999997
-1.08500001e-009 -0.001039062
-1.08000001e-009 -0.001078125
-1.07500001e-009  -0.00115625
-1.07000001e-009 -0.001226562
-1.06500001e-009 -0.001296875
-1.06000001e-009 -0.001390625
-1.05500001e-009 -0.001484375
-1.05000001e-009 -0.001554687
-1.04500001e-009 -0.001617187
-1.04000001e-009 -0.001632812
-1.03500001e-009  -0.00165625
-1.03000001e-009 -0.001664062
-1.02500001e-009 -0.001640625
-1.02000001e-009 -0.001648437
-1.01500001e-009 -0.001578125
-1.01000001e-009 -0.001539062
-1.00500001e-009  -0.00146875
-1.00000001e-009 -0.001453125
-9.95000013e-010 -0.001421875
-9.90000013e-010 -0.001421875
-9.85000013e-010 -0.001359375
-9.80000013e-010 -0.001367187
-9.75000013e-010 -0.001382812
-9.70000013e-010 -0.001429687
-9.65000013e-010 -0.001453125
-9.60000013e-010 -0.001546875
-9.55000013e-010 -0.001609375
-9.50000013e-010 -0.001695312
-9.45000013e-010 -0.001765625
-9.40000013e-010 -0.001789062
-9.35000012e-010 -0.001820312
-9.30000012e-010  -0.00184375
-9.25000012e-010 -0.001898437
-9.20000012e-010 -0.001867187
-9.15000012e-010 -0.001859375
-9.10000012e-010 -0.001835937
-9.05000012e-010 -0.001820312
-9.00000012e-010 -0.001773437
-8.95000012e-010 -0.001757812
-8.90000012e-010 -0.001695312
-8.85000012e-010   -0.0016875
-8.80000012e-010 -0.001671875
-8.75000012e-010  -0.00165625
-8.70000012e-010  -0.00165625
-8.65000012e-010 -0.001679687
-8.60000011e-010   -0.0016875
-8.55000011e-010  -0.00171875
-8.50000011e-010 -0.001734375
-8.45000011e-010   -0.0018125
-8.40000011e-010 -0.001867187
-8.35000011e-010 -0.001929687
-8.30000011e-010 -0.001984375
-8.25000011e-010 -0.002039062
-8.20000011e-010 -0.002117187
-8.15000011e-010 -0.002179687
-8.10000011e-010 -0.002265625
-8.05000011e-010 -0.002382812
-8.00000011e-010 -0.002453125
-7.95000011e-010 -0.002585937
-7.90000011e-010 -0.002632812
-7.8500001e-010 -0.002765625
-7.8000001e-010 -0.002867187
-7.7500001e-010   -0.0029375
-7.7000001e-010 -0.003007812
-7.6500001e-010   -0.0030625
-7.6000001e-010    -0.003125
-7.5500001e-010 -0.003226562
-7.5000001e-010 -0.003320312
-7.4500001e-010 -0.003367187
-7.4000001e-010  -0.00340625
-7.3500001e-010 -0.003515625
-7.3000001e-010 -0.003578125
-7.2500001e-010 -0.003679687
-7.2000001e-010  -0.00378125
-7.1500001e-010 -0.003859375
-7.10000009e-010 -0.004039062
-7.05000009e-010  -0.00421875
-7.00000009e-010 -0.004429687
-6.95000009e-010  -0.00465625
-6.90000009e-010 -0.004984375
-6.85000009e-010 -0.005257812
-6.80000009e-010  -0.00559375
-6.75000009e-010 -0.005945312
-6.70000009e-010 -0.006273437
-6.65000009e-010 -0.006609375
-6.60000009e-010 -0.007023437
-6.55000009e-010  -0.00746875
-6.50000009e-010 -0.007914063
-6.45000009e-010 -0.008453125
-6.40000009e-010 -0.009015625
-6.35000008e-010    -0.009625
-6.30000008e-010  -0.01026563
-6.25000008e-010   -0.0109375
-6.20000008e-010  -0.01170313
-6.15000008e-010  -0.01253125
-6.10000008e-010  -0.01346875
-6.05000008e-010  -0.01453125
-6.00000008e-010  -0.01570313
-5.95000008e-010  -0.01697656
-5.90000008e-010  -0.01842188
-5.85000008e-010  -0.01997656
-5.80000008e-010   -0.0216875
-5.75000008e-010  -0.02347656
-5.70000008e-010  -0.02540625
-5.65000008e-010  -0.02749219
-5.60000007e-010  -0.02971875
-5.55000007e-010  -0.03210156
-5.50000007e-010  -0.03461719
-5.45000007e-010  -0.03727344
-5.40000007e-010  -0.04003906
-5.35000007e-010  -0.04290625
-5.30000007e-010  -0.04590625
-5.25000007e-010       -0.049
-5.20000007e-010  -0.05217188
-5.15000007e-010  -0.05542969
-5.10000007e-010  -0.05876563
-5.05000007e-010  -0.06219532
-5.00000007e-010  -0.06566407
-4.95000007e-010  -0.06920313
-4.90000007e-010  -0.07282813
-4.85000006e-010  -0.07646875
-4.80000006e-010  -0.08014063
-4.75000006e-010    -0.083875
-4.70000006e-010  -0.08764844
-4.65000006e-010  -0.09136719
-4.60000006e-010  -0.09507813
-4.55000006e-010  -0.09872657
-4.50000006e-010   -0.1023672
-4.45000006e-010   -0.1058672
-4.40000006e-010   -0.1092969
-4.35000006e-010   -0.1125547
-4.30000006e-010   -0.1157813
-4.25000006e-010   -0.1187734
-4.20000006e-010   -0.1215859
-4.15000006e-010   -0.1242266
-4.10000005e-010   -0.1266094
-4.05000005e-010     -0.12875
-4.00000005e-010   -0.1306797
-3.95000005e-010   -0.1323516
-3.90000005e-010   -0.1338594
-3.85000005e-010   -0.1351016
-3.80000005e-010   -0.1362266
-3.75000005e-010   -0.1371406
-3.70000005e-010   -0.1379063
-3.65000005e-010   -0.1385703
-3.60000005e-010   -0.1390234
-3.55000005e-010   -0.1392656
-3.50000005e-010   -0.1394766
-3.45000005e-010   -0.1395391
-3.40000005e-010   -0.1395547
-3.35000004e-010   -0.1394688
-3.30000004e-010   -0.1393047
-3.25000004e-010   -0.1391094
-3.20000004e-010   -0.1388516
-3.15000004e-010   -0.1385938
-3.10000004e-010   -0.1381953
-3.05000004e-010   -0.1377266
-3.00000004e-010   -0.1372109
-2.95000004e-010   -0.1367188
-2.90000004e-010    -0.136125
-2.85000004e-010   -0.1355234
-2.80000004e-010   -0.1349531
-2.75000004e-010   -0.1344063
-2.70000004e-010   -0.1338672
-2.65000004e-010   -0.1333828
-2.60000003e-010   -0.1328125
-2.55000003e-010   -0.1322031
-2.50000003e-010    -0.131625
-2.45000003e-010   -0.1309688
-2.40000003e-010   -0.1303438
-2.35000003e-010   -0.1296875
-2.30000003e-010   -0.1289688
-2.25000003e-010   -0.1282344
-2.20000003e-010   -0.1274375
-2.15000003e-010   -0.1266016
-2.10000003e-010   -0.1255703
-2.05000003e-010   -0.1243984
-2.00000003e-010   -0.1231563
-1.95000003e-010   -0.1217656
-1.90000003e-010   -0.1202266
-1.85000002e-010   -0.1185625
-1.80000002e-010   -0.1167891
-1.75000002e-010   -0.1148984
-1.70000002e-010   -0.1129219
-1.65000002e-010   -0.1108359
-1.60000002e-010   -0.1086094
-1.55000002e-010   -0.1062734
-1.50000002e-010   -0.1038672
-1.45000002e-010   -0.1013516
-1.40000002e-010  -0.09873438
-1.35000002e-010  -0.09603125
-1.30000002e-010  -0.09325782
-1.25000002e-010  -0.09042969
-1.20000002e-010      -0.0875
-1.15000002e-010  -0.08450782
-1.10000001e-010    -0.081375
-1.05000001e-010  -0.07817969
-1.00000001e-010  -0.07486719
-9.50000013e-011  -0.07145313
-9.00000012e-011  -0.06796875
-8.50000011e-011  -0.06438282
-8.00000011e-011  -0.06073438
-7.5000001e-011  -0.05702344
-7.00000009e-011  -0.05321094
-6.50000009e-011  -0.04939844
-6.00000008e-011  -0.04564063
-5.50000007e-011  -0.04184375
-5.00000007e-011  -0.03807031
-4.50000006e-011  -0.03432813
-4.00000005e-011  -0.03070313
-3.50000005e-011    -0.027125
-3.00000004e-011    -0.023625
-2.50000003e-011  -0.02021875
-2.00000003e-011  -0.01696094
-1.50000002e-011  -0.01380469
-1.00000001e-011  -0.01083594
-5.00000007e-012  -0.00803125
           0 -0.005359375
5.00000007e-012 -0.002820312
1.00000001e-011 -0.0004374997
1.50000002e-011  0.001773438
2.00000003e-011  0.003882813
2.50000003e-011  0.005820313
3.00000004e-011  0.007617188
3.50000005e-011  0.009218751
4.00000005e-011    0.0106875
4.50000006e-011   0.01195313
5.00000007e-011   0.01307031
5.50000007e-011   0.01402344
6.00000008e-011   0.01486719
6.50000009e-011   0.01551563
7.00000009e-011   0.01607813
7.5000001e-011   0.01649219
8.00000011e-011   0.01680469
8.50000011e-011   0.01695313
9.00000012e-011   0.01697656
9.50000013e-011   0.01691406
1.00000001e-010   0.01674219
1.05000001e-010   0.01652344
1.10000001e-010   0.01621094
1.15000002e-010   0.01592188
1.20000002e-010   0.01553906
1.25000002e-010   0.01516406
1.30000002e-010   0.01477344
1.35000002e-010   0.01435156
1.40000002e-010   0.01392188
1.45000002e-010   0.01350781
1.50000002e-010   0.01310938
1.55000002e-010    0.0126875
1.60000002e-010   0.01232813
1.65000002e-010        0.012
1.70000002e-010   0.01172656
1.75000002e-010   0.01146094
1.80000002e-010   0.01128906
1.85000002e-010   0.01113281
1.90000003e-010   0.01102344
1.95000003e-010   0.01099219
2.00000003e-010   0.01095313
2.05000003e-010   0.01099219
2.10000003e-010   0.01110938
2.15000003e-010   0.01128906
2.20000003e-010       0.0115
2.25000003e-010   0.01176563
2.30000003e-010     0.012125
2.35000003e-010   0.01251563
2.40000003e-010   0.01291406
2.45000003e-010   0.01332813
2.50000003e-010   0.01379688
2.55000003e-010    0.0143125
2.60000003e-010   0.01478125
2.65000004e-010    0.0153125
2.70000004e-010   0.01584375
2.75000004e-010     0.016375
2.80000004e-010   0.01688281
2.85000004e-010   0.01740625
2.90000004e-010   0.01790625
2.95000004e-010   0.01838281
3.00000004e-010   0.01885938
3.05000004e-010   0.01926563
3.10000004e-010   0.01965625
3.15000004e-010   0.01999219
3.20000004e-010   0.02028906
3.25000004e-010   0.02054688
3.30000004e-010   0.02073438
3.35000004e-010   0.02086719
3.40000005e-010   0.02098438
3.45000005e-010   0.02097656
3.50000005e-010   0.02092188
3.55000005e-010   0.02078906
3.60000005e-010   0.02067188
3.65000005e-010   0.02042188
3.70000005e-010    0.0201875
3.75000005e-010   0.01988281
3.80000005e-010   0.01955469
3.85000005e-010   0.01921094
3.90000005e-010   0.01885938
3.95000005e-010   0.01842969
4.00000005e-010   0.01807031
4.05000005e-010   0.01764063
4.10000005e-010      0.01725
4.15000006e-010   0.01689063
4.20000006e-010   0.01652344
4.25000006e-010   0.01615625
4.30000006e-010    0.0158125
4.35000006e-010   0.01547656
4.40000006e-010   0.01516406
4.45000006e-010   0.01486719
4.50000006e-010   0.01457813
4.55000006e-010   0.01430469
4.60000006e-010   0.01408594
4.65000006e-010     0.013875
4.70000006e-010   0.01367969
4.75000006e-010       0.0135
4.80000006e-010   0.01338281
4.85000006e-010   0.01325781
4.90000007e-010   0.01317969
4.95000007e-010   0.01310156
5.00000007e-010   0.01303906
5.05000007e-010   0.01301563
5.10000007e-010        0.013
5.15000007e-010   0.01303906
5.20000007e-010   0.01303125
5.25000007e-010   0.01308594
5.30000007e-010     0.013125
5.35000007e-010   0.01321875
5.40000007e-010   0.01326563
5.45000007e-010   0.01339063
5.50000007e-010   0.01347656
5.55000007e-010   0.01357813
5.60000007e-010   0.01366406
5.65000008e-010      0.01375
5.70000008e-010   0.01383594
5.75000008e-010    0.0139375
5.80000008e-010   0.01400781
5.85000008e-010   0.01409375
5.90000008e-010   0.01415625
5.95000008e-010   0.01423438
6.00000008e-010   0.01428125
6.05000008e-010   0.01433594
6.10000008e-010   0.01436719
6.15000008e-010   0.01439063
6.20000008e-010   0.01442188
6.25000008e-010   0.01446094
6.30000008e-010   0.01446875
6.35000008e-010   0.01451563
6.40000009e-010   0.01452344
6.45000009e-010   0.01453125
6.50000009e-010   0.01457031
6.55000009e-010   0.01460938
6.60000009e-010   0.01463281
6.65000009e-010   0.01470313
6.70000009e-010   0.01472656
6.75000009e-010   0.01476563
6.80000009e-010   0.01484375
6.85000009e-010   0.01491406
6.90000009e-010   0.01495313
6.95000009e-010   0.01501563
7.00000009e-010   0.01508594
7.05000009e-010   0.01513281
7.10000009e-010    0.0151875
7.1500001e-010   0.01522656
7.2000001e-010   0.01524219
7.2500001e-010   0.01525781
7.3000001e-010   0.01525781
7.3500001e-010   0.01527344
7.4000001e-010   0.01528125
7.4500001e-010      0.01525
7.5000001e-010   0.01521875
7.5500001e-010   0.01519531
7.6000001e-010   0.01513281
7.6500001e-010   0.01510938
7.7000001e-010   0.01507031
7.7500001e-010   0.01502344
7.8000001e-010   0.01500781
7.8500001e-010   0.01497656
7.90000011e-010   0.01492969
7.95000011e-010   0.01491406
8.00000011e-010   0.01491406
8.05000011e-010   0.01492969
8.10000011e-010   0.01495313
8.15000011e-010   0.01496875
8.20000011e-010        0.015
8.25000011e-010   0.01505469
8.30000011e-010   0.01510156
8.35000011e-010   0.01514844
8.40000011e-010   0.01524219
8.45000011e-010   0.01533594
8.50000011e-010   0.01541406
8.55000011e-010   0.01550781
8.60000011e-010   0.01559375
8.65000012e-010   0.01569531
8.70000012e-010    0.0158125
8.75000012e-010    0.0159375
8.80000012e-010   0.01603906
8.85000012e-010   0.01614844
8.90000012e-010   0.01628125
8.95000012e-010   0.01639844
9.00000012e-010   0.01652344
9.05000012e-010   0.01664844
9.10000012e-010   0.01677344
9.15000012e-010   0.01686719
9.20000012e-010   0.01697656
9.25000012e-010   0.01708594
9.30000012e-010    0.0171875
9.35000012e-010   0.01724219
9.40000013e-010   0.01734375
9.45000013e-010   0.01736719
9.50000013e-010   0.01745313
9.55000013e-010   0.01746094
9.60000013e-010   0.01753125
9.65000013e-010   0.01750781
9.70000013e-010   0.01751563
9.75000013e-010   0.01750781
9.80000013e-010   0.01749219
9.85000013e-010   0.01745313
9.90000013e-010    0.0174375
9.95000013e-010   0.01739844
1.00000001e-009   0.01734375
1.00500001e-009   0.01730469
1.01000001e-009   0.01725781
1.01500001e-009   0.01721875
1.02000001e-009   0.01714063
1.02500001e-009   0.01711719
1.03000001e-009   0.01705469
1.03500001e-009        0.017
1.04000001e-009    0.0169375
1.04500001e-009   0.01686719
1.05000001e-009   0.01682813
1.05500001e-009   0.01674219
1.06000001e-009   0.01667969
1.06500001e-009   0.01660938
1.07000001e-009   0.01651563
1.07500001e-009   0.01642969
1.08000001e-009   0.01636719
1.08500001e-009   0.01629688
1.09000001e-009   0.01624219
1.09500001e-009   0.01623438
1.10000001e-009   0.01616406
1.10500001e-009   0.01621094
1.11000001e-009   0.01623438
1.11500001e-009   0.01629688
1.12000001e-009   0.01639844
1.12500002e-009   0.01650781
1.13000002e-009    0.0166875
1.13500002e-009   0.01686719
1.14000002e-009   0.01704688
1.14500002e-009      0.01725
1.15000002e-009   0.01744531
1.15500002e-009   0.01763281
1.16000002e-009    0.0178125
1.16500002e-009   0.01799219
1.17000002e-009   0.01809375
1.17500002e-009   0.01822656
1.18000002e-009   0.01832031
1.18500002e-009   0.01839063
1.19000002e-009   0.01840625
1.19500002e-009   0.01844531
1.20000002e-009   0.01842969
1.20500002e-009   0.01839844
1.21000002e-009     0.018375
1.21500002e-009     0.018375
1.22000002e-009   0.01834375
1.22500002e-009   0.01833594
1.23000002e-009   0.01835938
1.23500002e-009   0.01832813
1.24000002e-009   0.01838281
1.24500002e-009   0.01839844
1.25000002e-009    0.0184375
