+3.00000000000E+005  -8.98309319029E+001
+7.79850000000E+006  -9.55950600918E+001
+1.52970000000E+007  -8.19698921077E+001
+2.27955000000E+007  -7.39203361099E+001
+3.02940000000E+007  -7.34941011425E+001
+3.77925000000E+007  -8.66630088673E+001
+4.52910000000E+007  -6.91318343829E+001
+5.27895000000E+007  -7.48531649590E+001
+6.02880000000E+007  -6.85247265995E+001
+6.77865000000E+007  -6.93446632592E+001
+7.52850000000E+007  -7.47475412643E+001
+8.27835000000E+007  -6.81819335033E+001
+9.02820000000E+007  -6.98715054553E+001
+9.77805000000E+007  -6.65666178634E+001
+1.05279000000E+008  -6.14507428777E+001
+1.12777500000E+008  -6.57413027149E+001
+1.20276000000E+008  -6.45907406523E+001
+1.27774500000E+008  -7.32624264272E+001
+1.35273000000E+008  -6.41591398065E+001
+1.42771500000E+008  -6.89734903209E+001
+1.50270000000E+008  -6.50169453170E+001
+1.57768500000E+008  -5.97481081461E+001
+1.65267000000E+008  -5.35588187531E+001
+1.72765500000E+008  -6.43648593292E+001
+1.80264000000E+008  -5.34471853714E+001
+1.87762500000E+008  -6.18920433384E+001
+1.95261000000E+008  -5.93770277562E+001
+2.02759500000E+008  -6.38732054174E+001
+2.10258000000E+008  -6.74789540833E+001
+2.17756500000E+008  -6.00475375623E+001
+2.25255000000E+008  -5.52205057258E+001
+2.32753500000E+008  -5.39569515753E+001
+2.40252000000E+008  -7.55084991450E+001
+2.47750500000E+008  -5.27912274341E+001
+2.55249000000E+008  -6.06234405131E+001
+2.62747500000E+008  -6.20383911631E+001
+2.70246000000E+008  -5.90429141179E+001
+2.77744500000E+008  -5.56699976204E+001
+2.85243000000E+008  -8.61946506465E+001
+2.92741500000E+008  -5.48055522138E+001
+3.00240000000E+008  -6.01913999925E+001
+3.07738500000E+008  -5.85849429747E+001
+3.15237000000E+008  -6.06479953895E+001
+3.22735500000E+008  -6.76222476842E+001
+3.30234000000E+008  -7.51018222375E+001
+3.37732500000E+008  -6.08439401048E+001
+3.45231000000E+008  -6.35015128896E+001
+3.52729500000E+008  -5.97505622200E+001
+3.60228000000E+008  -5.80426019375E+001
+3.67726500000E+008  -5.90871349496E+001
+3.75225000000E+008  -6.80541325944E+001
+3.82723500000E+008  -6.38968917094E+001
+3.90222000000E+008  -6.19972164365E+001
+3.97720500000E+008  -5.46936355112E+001
+4.05219000000E+008  -7.04979029064E+001
+4.12717500000E+008  -6.86229617305E+001
+4.20216000000E+008  -6.19341209298E+001
+4.27714500000E+008  -6.56382750839E+001
+4.35213000000E+008  -5.45694701185E+001
+4.42711500000E+008  -5.70764077034E+001
+4.50210000000E+008  -5.99622017227E+001
+4.57708500000E+008  -6.50271796178E+001
+4.65207000000E+008  -6.79761139750E+001
+4.72705500000E+008  -5.95895916733E+001
+4.80204000000E+008  -6.57400784732E+001
+4.87702500000E+008  -5.90119834324E+001
+4.95201000000E+008  -7.22547204960E+001
+5.02699500000E+008  -7.15665760473E+001
+5.10198000000E+008  -5.69088998431E+001
+5.17696500000E+008  -7.24346052723E+001
+5.25195000000E+008  -5.42029110622E+001
+5.32693500000E+008  -6.19874802848E+001
+5.40192000000E+008  -5.74549569906E+001
+5.47690500000E+008  -5.97569058510E+001
+5.55189000000E+008  -5.99384821592E+001
+5.62687500000E+008  -6.18136039827E+001
+5.70186000000E+008  -5.76920464705E+001
+5.77684500000E+008  -6.01421281477E+001
+5.85183000000E+008  -6.15177186243E+001
+5.92681500000E+008  -6.66606476708E+001
+6.00180000000E+008  -6.82041427690E+001
+6.07678500000E+008  -6.15534124219E+001
+6.15177000000E+008  -6.40471181426E+001
+6.22675500000E+008  -6.25195481516E+001
+6.30174000000E+008  -5.83357567106E+001
+6.37672500000E+008  -7.11953351078E+001
+6.45171000000E+008  -6.15258597796E+001
+6.52669500000E+008  -6.71881174322E+001
+6.60168000000E+008  -6.26289544714E+001
+6.67666500000E+008  -6.33117831468E+001
+6.75165000000E+008  -6.94858577661E+001
+6.82663500000E+008  -7.39424714480E+001
+6.90162000000E+008  -7.37785425159E+001
+6.97660500000E+008  -6.62687333414E+001
+7.05159000000E+008  -6.04661635475E+001
+7.12657500000E+008  -6.67369521060E+001
+7.20156000000E+008  -6.39454100789E+001
+7.27654500000E+008  -6.36399756941E+001
+7.35153000000E+008  -6.37242978519E+001
+7.42651500000E+008  -6.20861690123E+001
+7.50150000000E+008  -5.89801658042E+001
+7.57648500000E+008  -6.90661859325E+001
+7.65147000000E+008  -6.38654505549E+001
+7.72645500000E+008  -7.29980641523E+001
+7.80144000000E+008  -5.56778067755E+001
+7.87642500000E+008  -6.74890090622E+001
+7.95141000000E+008  -6.25128819148E+001
+8.02639500000E+008  -7.26574340356E+001
+8.10138000000E+008  -7.00334101488E+001
+8.17636500000E+008  -6.19973262432E+001
+8.25135000000E+008  -6.30246024454E+001
+8.32633500000E+008  -6.02809842826E+001
+8.40132000000E+008  -6.24495470283E+001
+8.47630500000E+008  -5.87694309785E+001
+8.55129000000E+008  -6.19783159496E+001
+8.62627500000E+008  -6.41695430993E+001
+8.70126000000E+008  -6.35131250281E+001
+8.77624500000E+008  -6.55141422225E+001
+8.85123000000E+008  -6.18611722832E+001
+8.92621500000E+008  -7.43090793481E+001
+9.00120000000E+008  -6.63351407430E+001
+9.07618500000E+008  -6.89705610593E+001
+9.15117000000E+008  -7.22280797080E+001
+9.22615500000E+008  -6.28957998020E+001
+9.30114000000E+008  -6.72688208809E+001
+9.37612500000E+008  -6.10740559344E+001
+9.45111000000E+008  -7.26970585332E+001
+9.52609500000E+008  -5.81959251821E+001
+9.60108000000E+008  -6.28146867760E+001
+9.67606500000E+008  -5.97679898444E+001
+9.75105000000E+008  -6.66455519933E+001
+9.82603500000E+008  -6.49763633017E+001
+9.90102000000E+008  -7.14577191088E+001
+9.97600500000E+008  -7.45487326453E+001
+1.00509900000E+009  -6.76777370371E+001
+1.01259750000E+009  -6.40203407651E+001
+1.02009600000E+009  -6.63084645263E+001
+1.02759450000E+009  -7.00887078206E+001
+1.03509300000E+009  -6.22612814611E+001
+1.04259150000E+009  -6.46012355267E+001
+1.05009000000E+009  -7.64320562244E+001
+1.05758850000E+009  -7.21521964742E+001
+1.06508700000E+009  -8.46769726880E+001
+1.07258550000E+009  -6.19932612514E+001
+1.08008400000E+009  -6.85975819519E+001
+1.08758250000E+009  -7.61709350725E+001
+1.09508100000E+009  -7.15045597170E+001
+1.10257950000E+009  -6.56586871989E+001
+1.11007800000E+009  -6.68639612528E+001
+1.11757650000E+009  -7.60813416167E+001
+1.12507500000E+009  -6.38088763781E+001
+1.13257350000E+009  -6.30640024424E+001
+1.14007200000E+009  -5.99406426889E+001
+1.14757050000E+009  -7.11140220703E+001
+1.15506900000E+009  -8.29330304532E+001
+1.16256750000E+009  -8.54452817260E+001
+1.17006600000E+009  -6.73252712591E+001
+1.17756450000E+009  -7.37640046796E+001
+1.18506300000E+009  -7.25915206051E+001
+1.19256150000E+009  -7.79215794876E+001
+1.20006000000E+009  -7.02328324179E+001
+1.20755850000E+009  -7.20481423003E+001
+1.21505700000E+009  -7.63519073378E+001
+1.22255550000E+009  -7.28373062835E+001
+1.23005400000E+009  -7.10823422411E+001
+1.23755250000E+009  -6.66283768606E+001
+1.24505100000E+009  -7.40709368129E+001
+1.25254950000E+009  -7.54411145661E+001
+1.26004800000E+009  -6.51844128882E+001
+1.26754650000E+009  -6.38297306481E+001
+1.27504500000E+009  -8.01226302190E+001
+1.28254350000E+009  -6.72732404231E+001
+1.29004200000E+009  -6.38396745833E+001
+1.29754050000E+009  -7.73048356777E+001
+1.30503900000E+009  -7.74211665323E+001
+1.31253750000E+009  -7.48986012809E+001
+1.32003600000E+009  -6.97577347894E+001
+1.32753450000E+009  -7.69826447433E+001
+1.33503300000E+009  -7.41874761697E+001
+1.34253150000E+009  -7.22603704376E+001
+1.35003000000E+009  -6.68977470815E+001
+1.35752850000E+009  -6.94101832429E+001
+1.36502700000E+009  -7.58252953289E+001
+1.37252550000E+009  -6.82326989523E+001
+1.38002400000E+009  -8.28891239892E+001
+1.38752250000E+009  -7.69216761214E+001
+1.39502100000E+009  -7.93476870147E+001
+1.40251950000E+009  -6.96158309590E+001
+1.41001800000E+009  -7.38494411407E+001
+1.41751650000E+009  -7.41482999080E+001
+1.42501500000E+009  -7.64508392403E+001
+1.43251350000E+009  -9.43638744738E+001
+1.44001200000E+009  -7.14723614987E+001
+1.44751050000E+009  -6.93981609758E+001
+1.45500900000E+009  -7.50832145057E+001
+1.46250750000E+009  -8.26937371206E+001
+1.47000600000E+009  -7.57703054455E+001
+1.47750450000E+009  -8.01082249584E+001
+1.48500300000E+009  -7.21354692024E+001
+1.49250150000E+009  -8.28812871905E+001
+1.50000000000E+009  -7.41027698827E+001
