-2.49000003e-009       -0.015
-2.48000003e-009 -0.004789062
-2.47000003e-009  -0.01542969
-2.46000003e-009 -0.003421875
-2.45000003e-009  -0.01401563
-2.44000003e-009 -0.002859375
-2.43000003e-009  -0.01336719
-2.42000003e-009 -0.003304687
-2.41000003e-009    -0.013875
-2.40000003e-009 -0.003804687
-2.39000003e-009  -0.01342969
-2.38000003e-009       -0.005
-2.37000003e-009   -0.0130625
-2.36000003e-009 -0.004757812
-2.35000003e-009  -0.01350781
-2.34000003e-009 -0.004039062
-2.33000003e-009       -0.013
-2.32000003e-009       -0.003
-2.31000003e-009      -0.0125
-2.30000003e-009 -0.003382812
-2.29000003e-009  -0.01316406
-2.28000003e-009 -0.002960937
-2.27000003e-009  -0.01271875
-2.26000003e-009 -0.003898437
-2.25000003e-009  -0.01309375
-2.24000003e-009       -0.005
-2.23000003e-009  -0.01341406
-2.22000003e-009  -0.00484375
-2.21000003e-009       -0.013
-2.20000003e-009 -0.004445312
-2.19000003e-009       -0.015
-2.18000003e-009  -0.00415625
-2.17000003e-009  -0.01498438
-2.16000003e-009 -0.003640625
-2.15000003e-009       -0.013
-2.14000003e-009       -0.003
-2.13000003e-009  -0.01300781
-2.12000003e-009 -0.002359375
-2.11000003e-009  -0.01110156
-2.10000003e-009 -0.002757812
-2.09000003e-009  -0.01150781
-2.08000003e-009 -0.004195312
-2.07000003e-009  -0.01102344
-2.06000003e-009       -0.003
-2.05000003e-009       -0.011
-2.04000003e-009   -0.0026875
-2.03000003e-009  -0.01161719
-2.02000003e-009 -0.002960937
-2.01000003e-009       -0.013
-2.00000003e-009 -0.002898437
-1.99000003e-009  -0.01157031
-1.98000003e-009   -0.0029375
-1.97000003e-009   -0.0109375
-1.96000003e-009 -0.002335937
-1.95000003e-009   -0.0113125
-1.94000003e-009  -0.00203125
-1.93000003e-009       -0.011
-1.92000003e-009 -0.002609375
-1.91000003e-009  -0.01079688
-1.90000003e-009    -0.001875
-1.89000003e-009       -0.011
-1.88000003e-009 -0.001914062
-1.87000002e-009       -0.011
-1.86000002e-009 -0.001414062
-1.85000002e-009  -0.01240625
-1.84000002e-009        0.001
-1.83000002e-009  -0.01327344
-1.82000002e-009 0.0005156254
-1.81000002e-009  -0.01199219
-1.80000002e-009 -0.0008203122
-1.79000002e-009  -0.01064063
-1.78000002e-009 -0.0003984372
-1.77000002e-009 -0.009523438
-1.76000002e-009 0.0007656254
-1.75000002e-009        -0.01
-1.74000002e-009        0.001
-1.73000002e-009 -0.009585938
-1.72000002e-009 -0.0003984372
-1.71000002e-009 -0.008640625
-1.70000002e-009 -0.0009999997
-1.69000002e-009 -0.007804688
-1.68000002e-009 0.0003359379
-1.67000002e-009 -0.008351563
-1.66000002e-009 0.0006093754
-1.65000002e-009       -0.009
-1.64000002e-009        0.001
-1.63000002e-009       -0.009
-1.62000002e-009   0.00115625
-1.61000002e-009 -0.009734375
-1.60000002e-009 0.0008281254
-1.59000002e-009 -0.008796875
-1.58000002e-009  0.001296875
-1.57000002e-009 -0.008304688
-1.56000002e-009  0.001570313
-1.55000002e-009 -0.007296875
-1.54000002e-009        0.001
-1.53000002e-009 -0.007523438
-1.52000002e-009  0.001445313
-1.51000002e-009 -0.007265625
-1.50000002e-009  0.001835938
-1.49000002e-009 -0.008117188
-1.48000002e-009  0.001320313
-1.47000002e-009 -0.009617188
-1.46000002e-009        0.001
-1.45000002e-009 -0.009953125
-1.44000002e-009        0.001
-1.43000002e-009       -0.009
-1.42000002e-009  0.001835938
-1.41000002e-009 -0.007476563
-1.40000002e-009  0.002242188
-1.39000002e-009 -0.008601563
-1.38000002e-009        0.003
-1.37000002e-009 -0.008765625
-1.36000002e-009  0.001734375
-1.35000002e-009 -0.007257812
-1.34000002e-009  0.003210938
-1.33000002e-009       -0.007
-1.32000002e-009        0.003
-1.31000002e-009  -0.00703125
-1.30000002e-009  0.002265625
-1.29000002e-009 -0.008609375
-1.28000002e-009   0.00190625
-1.27000002e-009 -0.008148438
-1.26000002e-009        0.001
-1.25000002e-009       -0.007
-1.24000002e-009        0.003
-1.23000002e-009 -0.007132812
-1.22000002e-009  0.002679688
-1.21000002e-009       -0.007
-1.20000002e-009  0.001640625
-1.19000002e-009  -0.00740625
-1.18000002e-009  0.003429688
-1.17000002e-009 -0.007304687
-1.16000002e-009  0.003648438
-1.15000002e-009 -0.007039062
-1.14000002e-009    0.0025625
-1.13000002e-009       -0.007
-1.12000001e-009  0.004000001
-1.11000001e-009   -0.0080625
-1.10000001e-009        0.003
-1.09000001e-009 -0.008882813
-1.08000001e-009  0.003359376
-1.07000001e-009  -0.00678125
-1.06000001e-009  0.002078125
-1.05000001e-009 -0.006789062
-1.04000001e-009  0.001359375
-1.03000001e-009 -0.007132812
-1.02000001e-009   0.00171875
-1.01000001e-009 -0.008171875
-1.00000001e-009  0.001984375
-9.90000013e-010    -0.008875
-9.80000013e-010        0.003
-9.70000013e-010       -0.007
-9.60000013e-010  0.001703125
-9.50000013e-010       -0.007
-9.40000013e-010  0.001351563
-9.30000012e-010 -0.007617188
-9.20000012e-010  0.003992188
-9.10000012e-010       -0.009
-9.00000012e-010        0.003
-8.90000012e-010 -0.007796875
-8.80000012e-010  0.001101563
-8.70000012e-010  -0.00746875
-8.60000011e-010        0.003
-8.50000011e-010 -0.007492188
-8.40000011e-010  0.003468751
-8.30000011e-010       -0.009
-8.20000011e-010    0.0021875
-8.10000011e-010  -0.00815625
-8.00000011e-010  0.002859375
-7.90000011e-010 -0.008742188
-7.8000001e-010 0.0007656254
-7.7000001e-010       -0.009
-7.6000001e-010 0.0004140629
-7.5000001e-010       -0.009
-7.4000001e-010  0.001195313
-7.3000001e-010 -0.007859375
-7.2000001e-010        0.003
-7.10000009e-010   -0.0093125
-7.00000009e-010   0.00178125
-6.90000009e-010 -0.009054688
-6.80000009e-010 -0.0009999997
-6.70000009e-010 -0.009789063
-6.60000009e-010 -0.0007187497
-6.50000009e-010  -0.01165625
-6.40000009e-010 -0.002648437
-6.30000008e-010       -0.013
-6.20000008e-010       -0.003
-6.10000008e-010  -0.01699219
-6.00000008e-010 -0.007046875
-5.90000008e-010  -0.01907813
-5.80000008e-010 -0.008570313
-5.70000008e-010       -0.023
-5.60000007e-010  -0.01401563
-5.50000007e-010  -0.02799219
-5.40000007e-010       -0.021
-5.30000007e-010  -0.03785156
-5.20000007e-010  -0.02783594
-5.10000007e-010  -0.05115625
-5.00000007e-010  -0.03439063
-4.90000007e-010  -0.06208594
-4.80000006e-010  -0.04530469
-4.70000006e-010       -0.073
-4.60000006e-010     -0.06175
-4.50000006e-010  -0.08809375
-4.40000006e-010       -0.081
-4.30000006e-010   -0.1049453
-4.20000006e-010  -0.09379688
-4.10000005e-010   -0.1193672
-4.00000005e-010   -0.1084688
-3.90000005e-010       -0.131
-3.80000005e-010   -0.1203438
-3.70000005e-010   -0.1406875
-3.60000005e-010   -0.1314844
-3.50000005e-010   -0.1459453
-3.40000005e-010   -0.1358203
-3.30000004e-010       -0.147
-3.20000004e-010   -0.1362266
-3.10000004e-010   -0.1450391
-3.00000004e-010   -0.1347109
-2.90000004e-010       -0.145
-2.80000004e-010   -0.1340938
-2.70000004e-010   -0.1421641
-2.60000003e-010   -0.1297109
-2.50000003e-010   -0.1400234
-2.40000003e-010   -0.1249531
-2.30000003e-010   -0.1361094
-2.20000003e-010   -0.1217109
-2.10000003e-010   -0.1297188
-2.00000003e-010   -0.1151328
-1.90000003e-010       -0.125
-1.80000002e-010   -0.1064531
-1.70000002e-010       -0.117
-1.60000002e-010  -0.09457813
-1.50000002e-010   -0.1072578
-1.40000002e-010  -0.08101563
-1.30000002e-010   -0.0943125
-1.20000002e-010  -0.06582032
-1.10000001e-010  -0.08299219
-1.00000001e-010  -0.05391406
-9.00000012e-011  -0.06917969
-8.00000011e-011  -0.04096875
-7.00000009e-011       -0.053
-6.00000008e-011  -0.02529688
-5.00000007e-011  -0.03573438
-4.00000005e-011   -0.0133125
-3.00000004e-011  -0.02067969
-2.00000003e-011 -0.0009999997
-1.00000001e-011 -0.009265625
           0  0.005617188
1.00000001e-011 -0.003390625
2.00000003e-011   0.01074219
3.00000004e-011  0.001070313
4.00000005e-011        0.015
5.00000007e-011  0.003953126
6.00000008e-011        0.017
7.00000009e-011  0.006796876
8.00000011e-011        0.019
9.00000012e-011  0.007093751
1.00000001e-010        0.017
1.10000001e-010  0.007000001
1.20000002e-010   0.01544531
1.30000002e-010  0.006343751
1.40000002e-010   0.01719531
1.50000002e-010  0.005328126
1.60000002e-010   0.01553906
1.70000002e-010  0.004781251
1.80000002e-010        0.015
1.90000003e-010  0.005570313
2.00000003e-010   0.01642969
2.10000003e-010  0.006539063
2.20000003e-010   0.01828125
2.30000003e-010  0.007703126
2.40000003e-010        0.021
2.50000003e-010   0.01004688
2.60000003e-010   0.02039063
2.70000004e-010   0.01185156
2.80000004e-010        0.023
2.90000004e-010   0.01292969
3.00000004e-010     0.022125
3.10000004e-010   0.01267969
3.20000004e-010   0.02296094
3.30000004e-010   0.01296094
3.40000005e-010   0.02270313
3.50000005e-010   0.01129688
3.60000005e-010   0.02153125
3.70000005e-010   0.01003125
3.80000005e-010        0.019
3.90000005e-010  0.009289063
4.00000005e-010   0.01873438
4.10000005e-010  0.007000001
4.20000006e-010   0.01900781
4.30000006e-010  0.007578126
4.40000006e-010   0.01796875
4.50000006e-010  0.006750001
4.60000006e-010        0.017
4.70000006e-010  0.007000001
4.80000006e-010   0.01650781
4.90000007e-010  0.006859376
5.00000007e-010   0.01616406
5.10000007e-010  0.006921876
5.20000007e-010        0.017
5.30000007e-010  0.005617188
5.40000007e-010   0.01519531
5.50000007e-010  0.003976563
5.60000007e-010   0.01560156
5.70000008e-010  0.005000001
5.80000008e-010        0.016
5.90000008e-010  0.006328126
6.00000008e-010   0.01675781
6.10000008e-010  0.004593751
6.20000008e-010   0.01565625
6.30000008e-010  0.005562501
6.40000009e-010   0.01566406
6.50000009e-010  0.004421876
6.60000009e-010        0.015
6.70000009e-010  0.004125001
6.80000009e-010   0.01477344
6.90000009e-010  0.005000001
7.00000009e-010        0.015
7.10000009e-010  0.005335938
7.2000001e-010   0.01654688
7.3000001e-010  0.006085938
7.4000001e-010        0.019
7.5000001e-010  0.006304688
7.6000001e-010   0.01790625
7.7000001e-010  0.007515626
7.8000001e-010   0.01766406
7.90000011e-010  0.006953126
8.00000011e-010   0.01752344
8.10000011e-010  0.008234376
8.20000011e-010   0.01919531
8.30000011e-010  0.008812501
8.40000011e-010   0.01942969
8.50000011e-010  0.009000001
8.60000011e-010   0.02107031
8.70000012e-010   0.01000781
8.80000012e-010   0.02060156
8.90000012e-010    0.0106875
9.00000012e-010   0.01907813
9.10000012e-010   0.01083594
9.20000012e-010   0.02059375
9.30000012e-010   0.01079688
9.40000013e-010       0.0205
9.50000013e-010   0.01060938
9.60000013e-010        0.021
9.70000013e-010   0.01046094
9.80000013e-010   0.02082031
9.90000013e-010   0.01057813
1.00000001e-009   0.02126563
1.01000001e-009   0.01094531
1.02000001e-009   0.02044531
1.03000001e-009        0.011
1.04000001e-009   0.02049219
1.05000001e-009   0.01048438
1.06000001e-009   0.02107031
1.07000001e-009        0.011
1.08000001e-009   0.02217188
1.09000001e-009    0.0123125
1.10000001e-009        0.021
1.11000001e-009  0.009906251
1.12000001e-009   0.01942188
1.13000002e-009  0.009562501
1.14000002e-009       0.0205
1.15000002e-009       0.0105
1.16000002e-009        0.021
1.17000002e-009  0.009789063
1.18000002e-009   0.01991406
1.19000002e-009         0.01
1.20000002e-009   0.01997656
1.21000002e-009     0.010375
1.22000002e-009   0.02196094
1.23000002e-009   0.01040625
1.24000002e-009   0.02272656
1.25000002e-009  0.009773438
1.26000002e-009   0.02107813
1.27000002e-009  0.009000001
1.28000002e-009        0.021
1.29000002e-009   0.01035938
1.30000002e-009   0.02145313
1.31000002e-009   0.01190625
1.32000002e-009        0.021
1.33000002e-009   0.01133594
1.34000002e-009   0.02152344
1.35000002e-009   0.01079688
1.36000002e-009        0.021
1.37000002e-009  0.009000001
1.38000002e-009   0.02225781
1.39000002e-009  0.009757813
1.40000002e-009    0.0229375
1.41000002e-009        0.011
1.42000002e-009   0.02192969
1.43000002e-009   0.01067969
1.44000002e-009   0.01996875
1.45000002e-009   0.01053906
1.46000002e-009   0.02089844
1.47000002e-009   0.01089844
1.48000002e-009   0.02122656
1.49000002e-009        0.011
1.50000002e-009   0.02048438
1.51000002e-009   0.01190625
1.52000002e-009   0.01982813
1.53000002e-009   0.01044531
1.54000002e-009        0.021
1.55000002e-009  0.009000001
1.56000002e-009   0.01941406
1.57000002e-009  0.009906251
1.58000002e-009     0.019375
1.59000002e-009  0.009671876
1.60000002e-009   0.01909375
1.61000002e-009  0.008875001
1.62000002e-009        0.021
1.63000002e-009  0.009429688
1.64000002e-009   0.01939844
1.65000002e-009   0.01021094
1.66000002e-009   0.01944531
1.67000002e-009  0.009000001
1.68000002e-009        0.019
1.69000002e-009  0.009484376
1.70000002e-009   0.01916406
1.71000002e-009        0.011
1.72000002e-009   0.01926563
1.73000002e-009   0.01058594
1.74000002e-009        0.019
1.75000002e-009  0.008765626
1.76000002e-009   0.01970313
1.77000002e-009  0.007671876
1.78000002e-009        0.019
1.79000002e-009  0.007437501
1.80000002e-009    0.0195625
1.81000002e-009  0.007515626
1.82000002e-009    0.0190625
1.83000002e-009  0.008828126
1.84000002e-009   0.01792188
1.85000002e-009  0.009000001
1.86000002e-009        0.019
1.87000002e-009  0.008734376
1.88000003e-009     0.017625
1.89000003e-009  0.009000001
1.90000003e-009   0.01846875
1.91000003e-009  0.008359376
1.92000003e-009   0.01917969
1.93000003e-009  0.008250001
1.94000003e-009   0.01811719
1.95000003e-009  0.008234376
1.96000003e-009   0.01764063
1.97000003e-009  0.008570313
1.98000003e-009       0.0175
1.99000003e-009  0.009367188
2.00000003e-009   0.01715625
2.01000003e-009  0.008781251
2.02000003e-009   0.01728125
2.03000003e-009  0.009000001
2.04000003e-009   0.01723438
2.05000003e-009  0.007773438
2.06000003e-009        0.019
2.07000003e-009  0.006789063
2.08000003e-009        0.019
2.09000003e-009  0.007570313
2.10000003e-009   0.01820313
2.11000003e-009  0.007000001
2.12000003e-009   0.01764844
2.13000003e-009  0.007718751
2.14000003e-009   0.01726563
2.15000003e-009  0.008601563
2.16000003e-009   0.01749219
2.17000003e-009  0.009000001
2.18000003e-009        0.019
2.19000003e-009  0.007757813
2.20000003e-009   0.01822656
2.21000003e-009  0.007140626
2.22000003e-009        0.018
2.23000003e-009  0.007781251
2.24000003e-009   0.01900781
2.25000003e-009  0.006914063
2.26000003e-009        0.019
2.27000003e-009  0.008476563
2.28000003e-009    0.0174375
2.29000003e-009  0.007632813
2.30000003e-009   0.01764844
2.31000003e-009  0.006921876
2.32000003e-009      0.01725
2.33000003e-009  0.008312501
2.34000003e-009        0.017
2.35000003e-009  0.008507813
2.36000003e-009   0.01841406
2.37000003e-009  0.008039063
2.38000003e-009   0.01822656
2.39000003e-009  0.006742188
2.40000003e-009   0.01740625
2.41000003e-009  0.008085938
2.42000003e-009   0.01702344
2.43000003e-009  0.007773438
2.44000003e-009   0.01614844
2.45000003e-009  0.007296876
2.46000003e-009    0.0158125
2.47000003e-009  0.006070313
2.48000003e-009    0.0173125
2.49000003e-009  0.005578126
2.50000003e-009   0.01610938
