-1.24500002e-009 -0.002320312
-1.24000002e-009 -0.002304687
-1.23500002e-009 -0.002296875
-1.23000002e-009 -0.002328125
-1.22500002e-009 -0.002328125
-1.22000002e-009 -0.002367187
-1.21500002e-009  -0.00240625
-1.21000002e-009   -0.0024375
-1.20500002e-009  -0.00246875
-1.20000002e-009 -0.002492187
-1.19500002e-009 -0.002546875
-1.19000002e-009   -0.0025625
-1.18500002e-009   -0.0025625
-1.18000002e-009   -0.0025625
-1.17500002e-009 -0.002578125
-1.17000002e-009 -0.002554687
-1.16500002e-009  -0.00253125
-1.16000002e-009 -0.002515625
-1.15500002e-009 -0.002523437
-1.15000002e-009      -0.0025
-1.14500002e-009 -0.002460937
-1.14000002e-009 -0.002460937
-1.13500002e-009   -0.0024375
-1.13000002e-009 -0.002414062
-1.12500002e-009 -0.002398437
-1.12000001e-009 -0.002421875
-1.11500001e-009   -0.0024375
-1.11000001e-009   -0.0024375
-1.10500001e-009 -0.002421875
-1.10000001e-009 -0.002445312
-1.09500001e-009   -0.0024375
-1.09000001e-009   -0.0024375
-1.08500001e-009 -0.002476562
-1.08000001e-009      -0.0025
-1.07500001e-009 -0.002484375
-1.07000001e-009      -0.0025
-1.06500001e-009      -0.0025
-1.06000001e-009 -0.002476562
-1.05500001e-009 -0.002523437
-1.05000001e-009 -0.002515625
-1.04500001e-009 -0.002515625
-1.04000001e-009 -0.002507812
-1.03500001e-009 -0.002523437
-1.03000001e-009 -0.002546875
-1.02500001e-009   -0.0025625
-1.02000001e-009  -0.00259375
-1.01500001e-009 -0.002609375
-1.01000001e-009  -0.00265625
-1.00500001e-009   -0.0026875
-1.00000001e-009   -0.0026875
-9.95000013e-010 -0.002742187
-9.90000013e-010 -0.002796875
-9.85000013e-010   -0.0028125
-9.80000013e-010 -0.002835937
-9.75000013e-010 -0.002867187
-9.70000013e-010 -0.002867187
-9.65000013e-010    -0.002875
-9.60000013e-010 -0.002859375
-9.55000013e-010    -0.002875
-9.50000013e-010 -0.002851562
-9.45000013e-010 -0.002835937
-9.40000013e-010 -0.002820312
-9.35000012e-010 -0.002789062
-9.30000012e-010 -0.002789062
-9.25000012e-010 -0.002742187
-9.20000012e-010 -0.002742187
-9.15000012e-010 -0.002773437
-9.10000012e-010 -0.002734375
-9.05000012e-010 -0.002773437
-9.00000012e-010   -0.0028125
-8.95000012e-010 -0.002859375
-8.90000012e-010 -0.002921875
-8.85000012e-010 -0.003007812
-8.80000012e-010 -0.003046875
-8.75000012e-010    -0.003125
-8.70000012e-010  -0.00321875
-8.65000012e-010 -0.003265625
-8.60000011e-010 -0.003335937
-8.55000011e-010 -0.003414062
-8.50000011e-010 -0.003445312
-8.45000011e-010 -0.003484375
-8.40000011e-010 -0.003484375
-8.35000011e-010 -0.003453125
-8.30000011e-010 -0.003460937
-8.25000011e-010  -0.00340625
-8.20000011e-010    -0.003375
-8.15000011e-010 -0.003304687
-8.10000011e-010  -0.00328125
-8.05000011e-010 -0.003242187
-8.00000011e-010 -0.003257812
-7.95000011e-010 -0.003234375
-7.90000011e-010  -0.00321875
-7.8500001e-010 -0.003242187
-7.8000001e-010 -0.003257812
-7.7500001e-010 -0.003273437
-7.7000001e-010 -0.003351562
-7.6500001e-010 -0.003398437
-7.6000001e-010 -0.003476562
-7.5500001e-010 -0.003554687
-7.5000001e-010  -0.00365625
-7.4500001e-010 -0.003695312
-7.4000001e-010 -0.003789062
-7.3500001e-010 -0.003859375
-7.3000001e-010  -0.00390625
-7.2500001e-010 -0.003929687
-7.2000001e-010 -0.003992187
-7.1500001e-010  -0.00403125
-7.10000009e-010 -0.004101562
-7.05000009e-010   -0.0041875
-7.00000009e-010  -0.00428125
-6.95000009e-010 -0.004351562
-6.90000009e-010 -0.004429687
-6.85000009e-010 -0.004515625
-6.80000009e-010  -0.00465625
-6.75000009e-010 -0.004765625
-6.70000009e-010  -0.00490625
-6.65000009e-010 -0.005085937
-6.60000009e-010 -0.005257812
-6.55000009e-010 -0.005460937
-6.50000009e-010 -0.005632812
-6.45000009e-010 -0.005851562
-6.40000009e-010 -0.006070312
-6.35000008e-010 -0.006328125
-6.30000008e-010 -0.006570312
-6.25000008e-010   -0.0068125
-6.20000008e-010    -0.007125
-6.15000008e-010 -0.007484375
-6.10000008e-010    -0.007875
-6.05000008e-010 -0.008351563
-6.00000008e-010 -0.008828125
-5.95000008e-010 -0.009421875
-5.90000008e-010 -0.009992188
-5.85000008e-010  -0.01064063
-5.80000008e-010  -0.01134375
-5.75000008e-010  -0.01208594
-5.70000008e-010  -0.01290625
-5.65000008e-010  -0.01380469
-5.60000007e-010  -0.01480469
-5.55000007e-010  -0.01588281
-5.50000007e-010  -0.01700781
-5.45000007e-010  -0.01817969
-5.40000007e-010      -0.0195
-5.35000007e-010  -0.02089063
-5.30000007e-010  -0.02235156
-5.25000007e-010  -0.02395313
-5.20000007e-010  -0.02569531
-5.15000007e-010   -0.0275625
-5.10000007e-010  -0.02959375
-5.05000007e-010  -0.03178906
-5.00000007e-010  -0.03414063
-4.95000007e-010  -0.03667188
-4.90000007e-010  -0.03932031
-4.85000006e-010  -0.04210156
-4.80000006e-010  -0.04505469
-4.75000006e-010    -0.048125
-4.70000006e-010  -0.05132813
-4.65000006e-010  -0.05467188
-4.60000006e-010  -0.05811719
-4.55000006e-010  -0.06167188
-4.50000006e-010  -0.06528125
-4.45000006e-010  -0.06901563
-4.40000006e-010     -0.07275
-4.35000006e-010  -0.07653907
-4.30000006e-010  -0.08039063
-4.25000006e-010  -0.08419532
-4.20000006e-010  -0.08807032
-4.15000006e-010    -0.091875
-4.10000005e-010  -0.09565625
-4.05000005e-010  -0.09938282
-4.00000005e-010   -0.1030156
-3.95000005e-010   -0.1066094
-3.90000005e-010   -0.1100391
-3.85000005e-010   -0.1134141
-3.80000005e-010   -0.1165859
-3.75000005e-010   -0.1196406
-3.70000005e-010   -0.1224609
-3.65000005e-010   -0.1250313
-3.60000005e-010   -0.1274453
-3.55000005e-010    -0.129625
-3.50000005e-010   -0.1315703
-3.45000005e-010   -0.1333359
-3.40000005e-010   -0.1348672
-3.35000004e-010     -0.13625
-3.30000004e-010   -0.1373906
-3.25000004e-010   -0.1383672
-3.20000004e-010   -0.1390781
-3.15000004e-010   -0.1396328
-3.10000004e-010   -0.1399844
-3.05000004e-010   -0.1401484
-3.00000004e-010     -0.14025
-2.95000004e-010   -0.1402031
-2.90000004e-010   -0.1400156
-2.85000004e-010   -0.1397734
-2.80000004e-010   -0.1394375
-2.75000004e-010       -0.139
-2.70000004e-010   -0.1384688
-2.65000004e-010   -0.1378047
-2.60000003e-010   -0.1371094
-2.55000003e-010   -0.1362969
-2.50000003e-010   -0.1354922
-2.45000003e-010   -0.1346563
-2.40000003e-010     -0.13375
-2.35000003e-010   -0.1329141
-2.30000003e-010   -0.1320234
-2.25000003e-010    -0.131125
-2.20000003e-010   -0.1301406
-2.15000003e-010   -0.1291406
-2.10000003e-010   -0.1280703
-2.05000003e-010   -0.1268906
-2.00000003e-010   -0.1257031
-1.95000003e-010   -0.1245234
-1.90000003e-010   -0.1231719
-1.85000002e-010   -0.1217891
-1.80000002e-010   -0.1203047
-1.75000002e-010   -0.1187422
-1.70000002e-010   -0.1169609
-1.65000002e-010   -0.1151094
-1.60000002e-010   -0.1130781
-1.55000002e-010   -0.1108906
-1.50000002e-010   -0.1085313
-1.45000002e-010    -0.106125
-1.40000002e-010   -0.1035078
-1.35000002e-010   -0.1008047
-1.30000002e-010  -0.09794532
-1.25000002e-010  -0.09501563
-1.20000002e-010   -0.0919375
-1.15000002e-010  -0.08875782
-1.10000001e-010  -0.08545313
-1.05000001e-010  -0.08203907
-1.00000001e-010  -0.07853907
-9.50000013e-011  -0.07495313
-9.00000012e-011   -0.0713125
-8.50000011e-011  -0.06759375
-8.00000011e-011    -0.063875
-7.5000001e-011   -0.0600625
-7.00000009e-011     -0.05625
-6.50000009e-011  -0.05240625
-6.00000008e-011   -0.0485625
-5.50000007e-011     -0.04475
-5.00000007e-011       -0.041
-4.50000006e-011  -0.03726563
-4.00000005e-011  -0.03357031
-3.50000005e-011        -0.03
-3.00000004e-011  -0.02651563
-2.50000003e-011   -0.0231875
-2.00000003e-011  -0.02001563
-1.50000002e-011  -0.01696094
-1.00000001e-011  -0.01411719
-5.00000007e-012  -0.01140625
           0 -0.008859375
5.00000007e-012 -0.006492187
1.00000001e-011 -0.004265625
1.50000002e-011 -0.002195312
2.00000003e-011 -0.0003124997
2.50000003e-011  0.001453125
3.00000004e-011  0.003007813
3.50000005e-011  0.004382813
4.00000005e-011  0.005640626
4.50000006e-011  0.006734376
5.00000007e-011  0.007710938
5.50000007e-011  0.008562501
6.00000008e-011  0.009335938
6.50000009e-011  0.009992188
7.00000009e-011   0.01046094
7.5000001e-011   0.01089844
8.00000011e-011   0.01122656
8.50000011e-011   0.01138281
9.00000012e-011   0.01147656
9.50000013e-011       0.0115
1.00000001e-010   0.01149219
1.05000001e-010   0.01140625
1.10000001e-010   0.01129688
1.15000002e-010   0.01116406
1.20000002e-010   0.01101563
1.25000002e-010   0.01082031
1.30000002e-010   0.01059375
1.35000002e-010   0.01038281
1.40000002e-010   0.01015625
1.45000002e-010  0.009906251
1.50000002e-010  0.009703126
1.55000002e-010  0.009507813
1.60000002e-010  0.009367188
1.65000002e-010  0.009242188
1.70000002e-010  0.009156251
1.75000002e-010  0.009085938
1.80000002e-010  0.009031251
1.85000002e-010  0.009031251
1.90000003e-010  0.009078126
1.95000003e-010  0.009148438
2.00000003e-010  0.009304688
2.05000003e-010  0.009500001
2.10000003e-010  0.009765626
2.15000003e-010    0.0100625
2.20000003e-010     0.010375
2.25000003e-010   0.01075781
2.30000003e-010   0.01119531
2.35000003e-010   0.01164063
2.40000003e-010   0.01210938
2.45000003e-010   0.01257031
2.50000003e-010   0.01308594
2.55000003e-010   0.01357813
2.60000003e-010   0.01404688
2.65000004e-010   0.01450781
2.70000004e-010   0.01498438
2.75000004e-010   0.01541406
2.80000004e-010    0.0158125
2.85000004e-010   0.01615625
2.90000004e-010    0.0164375
2.95000004e-010   0.01671094
3.00000004e-010   0.01690625
3.05000004e-010   0.01707031
3.10000004e-010   0.01719531
3.15000004e-010   0.01726563
3.20000004e-010   0.01730469
3.25000004e-010   0.01732813
3.30000004e-010      0.01725
3.35000004e-010    0.0171875
3.40000005e-010   0.01708594
3.45000005e-010   0.01695313
3.50000005e-010    0.0168125
3.55000005e-010   0.01665625
3.60000005e-010       0.0165
3.65000005e-010   0.01632031
3.70000005e-010   0.01611719
3.75000005e-010   0.01592969
3.80000005e-010      0.01575
3.85000005e-010   0.01558594
3.90000005e-010     0.015375
3.95000005e-010   0.01519531
4.00000005e-010   0.01502344
4.05000005e-010   0.01483594
4.10000005e-010   0.01465625
4.15000006e-010   0.01446094
4.20000006e-010   0.01428125
4.25000006e-010   0.01408594
4.30000006e-010   0.01389063
4.35000006e-010   0.01366406
4.40000006e-010   0.01347656
4.45000006e-010   0.01324219
4.50000006e-010   0.01303906
4.55000006e-010   0.01282031
4.60000006e-010   0.01259375
4.65000006e-010     0.012375
4.70000006e-010   0.01211719
4.75000006e-010   0.01189844
4.80000006e-010   0.01170313
4.85000006e-010   0.01148438
4.90000007e-010   0.01127344
4.95000007e-010   0.01110156
5.00000007e-010   0.01091406
5.05000007e-010   0.01075781
5.10000007e-010   0.01063281
5.15000007e-010       0.0105
5.20000007e-010   0.01039063
5.25000007e-010   0.01032813
5.30000007e-010   0.01027344
5.35000007e-010   0.01025781
5.40000007e-010   0.01021875
5.45000007e-010   0.01025781
5.50000007e-010   0.01028906
5.55000007e-010   0.01033594
5.60000007e-010   0.01039844
5.65000008e-010   0.01044531
5.70000008e-010       0.0105
5.75000008e-010    0.0105625
5.80000008e-010   0.01063281
5.85000008e-010   0.01069531
5.90000008e-010   0.01072656
5.95000008e-010   0.01077344
6.00000008e-010   0.01078125
6.05000008e-010    0.0108125
6.10000008e-010   0.01080469
6.15000008e-010    0.0108125
6.20000008e-010   0.01077344
6.25000008e-010      0.01075
6.30000008e-010   0.01070313
6.35000008e-010   0.01066406
6.40000009e-010   0.01058594
6.45000009e-010   0.01053906
6.50000009e-010   0.01048438
6.55000009e-010   0.01040625
6.60000009e-010   0.01035938
6.65000009e-010   0.01028906
6.70000009e-010   0.01021875
6.75000009e-010   0.01017969
6.80000009e-010   0.01011719
6.85000009e-010   0.01011719
6.90000009e-010   0.01007813
6.95000009e-010    0.0100625
7.00000009e-010   0.01007813
7.05000009e-010     0.010125
7.10000009e-010   0.01016406
7.1500001e-010   0.01023438
7.2000001e-010   0.01032031
7.2500001e-010   0.01039844
7.3000001e-010   0.01050781
7.3500001e-010   0.01060938
7.4000001e-010   0.01072656
7.4500001e-010   0.01089063
7.5000001e-010   0.01100781
7.5500001e-010   0.01114063
7.6000001e-010   0.01124219
7.6500001e-010   0.01139063
7.7000001e-010   0.01152344
7.7500001e-010   0.01164844
7.8000001e-010   0.01180469
7.8500001e-010   0.01196094
7.90000011e-010   0.01208594
7.95000011e-010   0.01222656
8.00000011e-010   0.01242188
8.05000011e-010   0.01258594
8.10000011e-010      0.01275
8.15000011e-010   0.01292969
8.20000011e-010   0.01311719
8.25000011e-010   0.01332031
8.30000011e-010       0.0135
8.35000011e-010   0.01369531
8.40000011e-010   0.01386719
8.45000011e-010   0.01403125
8.50000011e-010   0.01420313
8.55000011e-010     0.014375
8.60000011e-010   0.01449219
8.65000012e-010     0.014625
8.70000012e-010      0.01475
8.75000012e-010   0.01484375
8.80000012e-010    0.0149375
8.85000012e-010   0.01500781
8.90000012e-010    0.0150625
8.95000012e-010   0.01514063
9.00000012e-010   0.01515625
9.05000012e-010   0.01520313
9.10000012e-010   0.01522656
9.15000012e-010      0.01525
9.20000012e-010   0.01528906
9.25000012e-010   0.01527344
9.30000012e-010   0.01530469
9.35000012e-010   0.01530469
9.40000013e-010   0.01528906
9.45000013e-010   0.01529688
9.50000013e-010   0.01530469
9.55000013e-010   0.01528906
9.60000013e-010      0.01525
9.65000013e-010   0.01524219
9.70000013e-010      0.01525
9.75000013e-010   0.01526563
9.80000013e-010   0.01524219
9.85000013e-010   0.01526563
9.90000013e-010      0.01525
9.95000013e-010   0.01524219
1.00000001e-009   0.01524219
1.00500001e-009      0.01525
1.01000001e-009   0.01525781
1.01500001e-009      0.01525
1.02000001e-009   0.01525781
1.02500001e-009   0.01529688
1.03000001e-009   0.01527344
1.03500001e-009   0.01528906
1.04000001e-009   0.01528125
1.04500001e-009   0.01528125
1.05000001e-009   0.01527344
1.05500001e-009      0.01525
1.06000001e-009   0.01528125
1.06500001e-009   0.01527344
1.07000001e-009   0.01526563
1.07500001e-009   0.01527344
1.08000001e-009   0.01526563
1.08500001e-009   0.01528906
1.09000001e-009    0.0153125
1.09500001e-009   0.01533594
1.10000001e-009    0.0153125
1.10500001e-009     0.015375
1.11000001e-009   0.01541406
1.11500001e-009   0.01541406
1.12000001e-009   0.01542188
1.12500002e-009   0.01542969
1.13000002e-009   0.01546875
1.13500002e-009   0.01548438
1.14000002e-009   0.01545313
1.14500002e-009    0.0154375
1.15000002e-009   0.01544531
1.15500002e-009    0.0154375
1.16000002e-009   0.01542969
1.16500002e-009   0.01540625
1.17000002e-009   0.01539063
1.17500002e-009   0.01533594
1.18000002e-009   0.01532813
1.18500002e-009   0.01527344
1.19000002e-009   0.01527344
1.19500002e-009      0.01525
1.20000002e-009   0.01522656
1.20500002e-009   0.01519531
1.21000002e-009   0.01519531
1.21500002e-009   0.01519531
1.22000002e-009   0.01524219
1.22500002e-009   0.01523438
1.23000002e-009   0.01527344
1.23500002e-009   0.01535938
1.24000002e-009     0.015375
1.24500002e-009   0.01539844
1.25000002e-009   0.01546875
