-4.98000007e-009      -0.0055
-4.96000007e-009  0.005000001
-4.94000007e-009    -0.006375
-4.92000007e-009  0.005000001
-4.90000007e-009 -0.006523437
-4.88000007e-009  0.005187501
-4.86000006e-009 -0.004960937
-4.84000006e-009  0.003695313
-4.82000006e-009 -0.008421875
-4.80000006e-009  0.003742188
-4.78000006e-009 -0.005429687
-4.76000006e-009  0.005531251
-4.74000006e-009 -0.006429687
-4.72000006e-009  0.005000001
-4.70000006e-009       -0.005
-4.68000006e-009  0.005210938
-4.66000006e-009  -0.00734375
-4.64000006e-009  0.004289063
-4.62000006e-009       -0.005
-4.60000006e-009  0.005328126
-4.58000006e-009 -0.005171875
-4.56000006e-009  0.005726563
-4.54000006e-009 -0.005132812
-4.52000006e-009        0.003
-4.50000006e-009       -0.005
-4.48000006e-009  0.003695313
-4.46000006e-009 -0.005257812
-4.44000006e-009  0.004312501
-4.42000006e-009 -0.005328125
-4.40000006e-009  0.004976563
-4.38000006e-009       -0.004
-4.36000006e-009  0.005078126
-4.34000006e-009       -0.005
-4.32000006e-009  0.003593751
-4.30000006e-009       -0.005
-4.28000006e-009  0.004687501
-4.26000006e-009 -0.006078125
-4.24000006e-009  0.004578126
-4.22000006e-009 -0.005976562
-4.20000006e-009  0.003117188
-4.18000006e-009 -0.004671875
-4.16000006e-009   0.00303125
-4.14000006e-009 -0.005835937
-4.12000006e-009  0.003945313
-4.10000005e-009 -0.003953125
-4.08000005e-009  0.004320313
-4.06000005e-009 -0.005359375
-4.04000005e-009  0.003453126
-4.02000005e-009   -0.0060625
-4.00000005e-009  0.005000001
-3.98000005e-009 -0.005140625
-3.96000005e-009  0.004710938
-3.94000005e-009 -0.006445312
-3.92000005e-009  0.004523438
-3.90000005e-009 -0.005976562
-3.88000005e-009  0.004726563
-3.86000005e-009 -0.005921875
-3.84000005e-009  0.005000001
-3.82000005e-009       -0.005
-3.80000005e-009  0.004398438
-3.78000005e-009 -0.005679687
-3.76000005e-009  0.004609376
-3.74000005e-009       -0.005
-3.72000005e-009  0.005000001
-3.70000005e-009       -0.007
-3.68000005e-009  0.004859376
-3.66000005e-009 -0.005382812
-3.64000005e-009  0.005000001
-3.62000005e-009 -0.005257812
-3.60000005e-009  0.004375001
-3.58000005e-009 -0.004148437
-3.56000005e-009  0.003656251
-3.54000005e-009   -0.0071875
-3.52000005e-009  0.004335938
-3.50000005e-009  -0.00621875
-3.48000005e-009  0.006648438
-3.46000005e-009 -0.006953125
-3.44000005e-009        0.003
-3.42000005e-009       -0.007
-3.40000005e-009  0.004070313
-3.38000005e-009 -0.006171875
-3.36000004e-009  0.003765626
-3.34000004e-009 -0.006617187
-3.32000004e-009        0.003
-3.30000004e-009 -0.007109375
-3.28000004e-009  0.001890625
-3.26000004e-009 -0.008351563
-3.24000004e-009 0.0006015629
-3.22000004e-009       -0.009
-3.20000004e-009 -0.0007031247
-3.18000004e-009 -0.008453125
-3.16000004e-009  0.001046875
-3.14000004e-009  -0.01167188
-3.12000004e-009 -0.0009999997
-3.10000004e-009  -0.01038281
-3.08000004e-009 -0.001953125
-3.06000004e-009  -0.01171875
-3.04000004e-009       -0.003
-3.02000004e-009  -0.01152344
-3.00000004e-009 -0.002632812
-2.98000004e-009  -0.01146094
-2.96000004e-009 -0.003273437
-2.94000004e-009       -0.013
-2.92000004e-009       -0.003
-2.90000004e-009       -0.013
-2.88000004e-009 -0.004710937
-2.86000004e-009  -0.01552344
-2.84000004e-009 -0.004632812
-2.82000004e-009  -0.01399219
-2.80000004e-009 -0.004046875
-2.78000004e-009  -0.01432031
-2.76000004e-009 -0.003234375
-2.74000004e-009       -0.015
-2.72000004e-009       -0.005
-2.70000004e-009  -0.01559375
-2.68000004e-009  -0.00540625
-2.66000004e-009  -0.01453906
-2.64000004e-009   -0.0034375
-2.62000003e-009  -0.01344531
-2.60000003e-009 -0.004164062
-2.58000003e-009  -0.01720313
-2.56000003e-009 -0.004601562
-2.54000003e-009       -0.017
-2.52000003e-009       -0.005
-2.50000003e-009  -0.01428906
-2.48000003e-009 -0.005226562
-2.46000003e-009  -0.01514844
-2.44000003e-009       -0.005
-2.42000003e-009  -0.01382813
-2.40000003e-009 -0.004664062
-2.38000003e-009  -0.01359375
-2.36000003e-009 -0.005140625
-2.34000003e-009  -0.01384375
-2.32000003e-009 -0.004304687
-2.30000003e-009  -0.01322656
-2.28000003e-009 -0.004039062
-2.26000003e-009  -0.01342969
-2.24000003e-009  -0.00459375
-2.22000003e-009       -0.011
-2.20000003e-009       -0.003
-2.18000003e-009    -0.014375
-2.16000003e-009 -0.004507812
-2.14000003e-009  -0.01289063
-2.12000003e-009    -0.003875
-2.10000003e-009  -0.01136719
-2.08000003e-009 -0.001445312
-2.06000003e-009  -0.01314063
-2.04000003e-009 -0.002773437
-2.02000003e-009  -0.01107813
-2.00000003e-009 -0.002601562
-1.98000003e-009  -0.01111719
-1.96000003e-009  -0.00246875
-1.94000003e-009  -0.01100781
-1.92000003e-009 -0.0009999997
-1.90000003e-009       -0.011
-1.88000003e-009  0.001109375
-1.86000002e-009 -0.009460938
-1.84000002e-009 -0.0009999997
-1.82000002e-009       -0.011
-1.80000002e-009 0.0009843754
-1.78000002e-009  -0.00984375
-1.76000002e-009 -0.0007578122
-1.74000002e-009  -0.01051563
-1.72000002e-009 -0.0003828122
-1.70000002e-009       -0.009
-1.68000002e-009  0.001460938
-1.66000002e-009 -0.009179688
-1.64000002e-009        0.001
-1.62000002e-009 -0.008976563
-1.60000002e-009  0.002523438
-1.58000002e-009 -0.009273438
-1.56000002e-009  0.001734375
-1.54000002e-009 -0.008710938
-1.52000002e-009        0.001
-1.50000002e-009 -0.007320312
-1.48000002e-009  0.001359375
-1.46000002e-009 -0.009054688
-1.44000002e-009        0.003
-1.42000002e-009       -0.009
-1.40000002e-009  0.003492188
-1.38000002e-009 -0.006914062
-1.36000002e-009  0.001445313
-1.34000002e-009       -0.009
-1.32000002e-009        0.001
-1.30000002e-009 -0.006367187
-1.28000002e-009  0.001664063
-1.26000002e-009 -0.007109375
-1.24000002e-009  0.002429688
-1.22000002e-009       -0.007
-1.20000002e-009  0.002648438
-1.18000002e-009  -0.00746875
-1.16000002e-009  0.002851563
-1.14000002e-009       -0.007
-1.12000001e-009        0.003
-1.10000001e-009  -0.00715625
-1.08000001e-009  0.002992188
-1.06000001e-009 -0.008335938
-1.04000001e-009   0.00184375
-1.02000001e-009       -0.009
-1.00000001e-009        0.001
-9.80000013e-010 -0.007101562
-9.60000013e-010    0.0018125
-9.40000013e-010       -0.009
-9.20000012e-010  0.002148438
-9.00000012e-010 -0.005867187
-8.80000012e-010  0.003070313
-8.60000011e-010 -0.007265625
-8.40000011e-010        0.001
-8.20000011e-010 -0.007367188
-8.00000011e-010        0.001
-7.8000001e-010 -0.006984375
-7.6000001e-010 0.0004062504
-7.4000001e-010 -0.009726563
-7.2000001e-010        0.001
-7.00000009e-010 -0.009460938
-6.80000009e-010 -0.0007890622
-6.60000009e-010  -0.01196094
-6.40000009e-010 0.0003203129
-6.20000008e-010       -0.013
-6.00000008e-010       -0.005
-5.80000008e-010  -0.01775781
-5.60000007e-010  -0.01011719
-5.40000007e-010       -0.029
-5.20000007e-010       -0.021
-5.00000007e-010  -0.04879688
-4.80000006e-010  -0.04367969
-4.60000006e-010  -0.07860938
-4.40000006e-010  -0.06976563
-4.20000006e-010       -0.107
-4.00000005e-010       -0.095
-3.80000005e-010   -0.1297969
-3.60000005e-010   -0.1241641
-3.40000005e-010       -0.145
-3.20000004e-010   -0.1366016
-3.00000004e-010       -0.149
-2.80000004e-010   -0.1338359
-2.60000003e-010   -0.1433984
-2.40000003e-010   -0.1276563
-2.20000003e-010   -0.1364688
-2.00000003e-010   -0.1181641
-1.80000002e-010   -0.1249063
-1.60000002e-010   -0.1028984
-1.40000002e-010     -0.10875
-1.20000002e-010       -0.077
-1.00000001e-010  -0.08457032
-8.00000011e-011  -0.04764063
-6.00000008e-011  -0.05502344
-4.00000005e-011  -0.01879688
-2.00000003e-011       -0.025
           0  0.002507813
2.00000003e-011 -0.005867187
4.00000005e-011   0.01116406
6.00000008e-011  0.005632813
8.00000011e-011   0.01641406
1.00000001e-010  0.006515626
1.20000002e-010   0.01653906
1.40000002e-010  0.006328126
1.60000002e-010   0.01528906
1.80000002e-010  0.005000001
2.00000003e-010   0.01573438
2.20000003e-010  0.007140626
2.40000003e-010   0.01767188
2.60000003e-010   0.01003125
2.80000004e-010        0.021
3.00000004e-010   0.01277344
3.20000004e-010   0.02304688
3.40000005e-010   0.01242188
3.60000005e-010   0.02116406
3.80000005e-010  0.009945313
4.00000005e-010   0.01926563
4.20000006e-010  0.009320313
4.40000006e-010   0.01932813
4.60000006e-010  0.007000001
4.80000006e-010   0.01588281
5.00000007e-010  0.006500001
5.20000007e-010   0.01488281
5.40000007e-010  0.004648438
5.60000007e-010        0.017
5.80000008e-010  0.005000001
6.00000008e-010    0.0161875
6.20000008e-010  0.004296876
6.40000009e-010   0.01541406
6.60000009e-010  0.006000001
6.80000009e-010   0.01540625
7.00000009e-010  0.006445313
7.2000001e-010   0.01594531
7.4000001e-010  0.005273438
7.6000001e-010        0.017
7.8000001e-010  0.008554688
8.00000011e-010   0.01892969
8.20000011e-010  0.009476563
8.40000011e-010   0.01877344
8.60000011e-010  0.009000001
8.80000012e-010        0.019
9.00000012e-010  0.008992188
9.20000012e-010   0.02278125
9.40000013e-010   0.01095313
9.60000013e-010   0.02072656
9.80000013e-010   0.01051563
1.00000001e-009   0.01950781
1.02000001e-009  0.009890626
1.04000001e-009    0.0209375
1.06000001e-009        0.011
1.08000001e-009   0.02004688
1.10000001e-009   0.01161719
1.12000001e-009   0.01941406
1.14000002e-009   0.01110938
1.16000002e-009       0.0195
1.18000002e-009   0.01015625
1.20000002e-009   0.01964063
1.22000002e-009   0.01145313
1.24000002e-009    0.0194375
1.26000002e-009        0.011
1.28000002e-009   0.02017188
1.30000002e-009  0.008656251
1.32000002e-009   0.02207813
1.34000002e-009   0.01123438
1.36000002e-009   0.02199219
1.38000002e-009        0.013
1.40000002e-009        0.021
1.42000002e-009   0.01133594
1.44000002e-009     0.023625
1.46000002e-009   0.01023438
1.48000002e-009        0.021
1.50000002e-009   0.01061719
1.52000002e-009   0.01953906
1.54000002e-009   0.01058594
1.56000002e-009   0.02004688
1.58000002e-009  0.009000001
1.60000002e-009   0.01938281
1.62000002e-009  0.007320313
1.64000002e-009    0.0195625
1.66000002e-009  0.009000001
1.68000002e-009        0.019
1.70000002e-009  0.009671876
1.72000002e-009   0.01900781
1.74000002e-009  0.008640626
1.76000002e-009        0.019
1.78000002e-009  0.006843751
1.80000002e-009   0.01813281
1.82000002e-009  0.007765626
1.84000002e-009   0.01898438
1.86000002e-009  0.008500001
1.88000003e-009        0.019
1.90000003e-009  0.009000001
1.92000003e-009        0.018
1.94000003e-009  0.008796876
1.96000003e-009   0.01804688
1.98000003e-009  0.008492188
2.00000003e-009        0.019
2.02000003e-009  0.006210938
2.04000003e-009   0.01732031
2.06000003e-009  0.007000001
2.08000003e-009   0.01785938
2.10000003e-009  0.008210938
2.12000003e-009   0.01816406
2.14000003e-009  0.008750001
2.16000003e-009        0.019
2.18000003e-009  0.007421876
2.20000003e-009        0.017
2.22000003e-009  0.007062501
2.24000003e-009   0.01775781
2.26000003e-009  0.009000001
2.28000003e-009        0.017
2.30000003e-009  0.006531251
2.32000003e-009   0.01851563
2.34000003e-009  0.006945313
2.36000003e-009   0.01716406
2.38000003e-009  0.007250001
2.40000003e-009        0.017
2.42000003e-009  0.005539063
2.44000003e-009   0.01709375
2.46000003e-009  0.006828126
2.48000003e-009        0.017
2.50000003e-009  0.006257813
2.52000003e-009   0.01809375
2.54000003e-009  0.006570313
2.56000003e-009   0.01645313
2.58000003e-009  0.007617188
2.60000003e-009   0.01507813
2.62000003e-009  0.007085938
2.64000004e-009   0.01613281
2.66000004e-009  0.005093751
2.68000004e-009   0.01583594
2.70000004e-009  0.006375001
2.72000004e-009   0.01539063
2.74000004e-009  0.004734376
2.76000004e-009   0.01689063
2.78000004e-009  0.004320313
2.80000004e-009   0.01600781
2.82000004e-009  0.006476563
2.84000004e-009   0.01459375
2.86000004e-009  0.005390626
2.88000004e-009        0.019
2.90000004e-009  0.005046876
2.92000004e-009   0.01446094
2.94000004e-009  0.004093751
2.96000004e-009   0.01705469
2.98000004e-009  0.005585938
3.00000004e-009        0.017
3.02000004e-009  0.004937501
3.04000004e-009   0.01485938
3.06000004e-009  0.005000001
3.08000004e-009   0.01371875
3.10000004e-009  0.004906251
3.12000004e-009   0.01438281
3.14000004e-009  0.004468751
3.16000004e-009   0.01467969
3.18000004e-009  0.005000001
3.20000004e-009   0.01516406
3.22000004e-009  0.005062501
3.24000004e-009   0.01632031
3.26000004e-009  0.005000001
3.28000004e-009        0.015
3.30000004e-009  0.003195313
3.32000004e-009   0.01322656
3.34000004e-009  0.003867188
3.36000004e-009   0.01428125
3.38000005e-009  0.003085938
3.40000005e-009   0.01339844
3.42000005e-009  0.003070313
3.44000005e-009   0.01367188
3.46000005e-009  0.004281251
3.48000005e-009   0.01453125
3.50000005e-009  0.003070313
3.52000005e-009   0.01371094
3.54000005e-009  0.003664063
3.56000005e-009   0.01264063
3.58000005e-009  0.002273438
3.60000005e-009        0.013
3.62000005e-009     0.002625
3.64000005e-009   0.01296094
3.66000005e-009       0.0025
3.68000005e-009        0.015
3.70000005e-009  0.001671875
3.72000005e-009   0.01328906
3.74000005e-009  0.001460938
3.76000005e-009   0.01326563
3.78000005e-009        0.001
3.80000005e-009        0.013
3.82000005e-009  0.002320313
3.84000005e-009   0.01392969
3.86000005e-009  0.001351563
3.88000005e-009   0.01153906
3.90000005e-009  0.001765625
3.92000005e-009   0.01233594
3.94000005e-009 0.0003125004
3.96000005e-009   0.01052344
3.98000005e-009  0.002320313
4.00000005e-009   0.01303906
4.02000005e-009  0.002078125
4.04000005e-009   0.01176563
4.06000005e-009  0.002453125
4.08000005e-009        0.013
4.10000005e-009   0.00221875
4.12000006e-009   0.01159375
4.14000006e-009  0.002695313
4.16000006e-009   0.01171094
4.18000006e-009 0.0006562504
4.20000006e-009        0.013
4.22000006e-009     0.002375
4.24000006e-009   0.01040625
4.26000006e-009  0.001828125
4.28000006e-009        0.013
4.30000006e-009        0.001
4.32000006e-009    0.0109375
4.34000006e-009 0.0002187504
4.36000006e-009        0.011
4.38000006e-009 0.0009296879
4.40000006e-009        0.011
4.42000006e-009  0.002007813
4.44000006e-009   0.01133594
4.46000006e-009 0.0008125004
4.48000006e-009   0.01122656
4.50000006e-009    0.0025625
4.52000006e-009      0.01225
4.54000006e-009  0.002828125
4.56000006e-009     0.012625
4.58000006e-009        0.001
4.60000006e-009        0.011
4.62000006e-009 -0.0002343747
4.64000006e-009   0.01135938
4.66000006e-009  0.002109375
4.68000006e-009        0.011
4.70000006e-009 0.0007500004
4.72000006e-009   0.01153125
4.74000006e-009  0.002078125
4.76000006e-009   0.01125781
4.78000006e-009        0.001
4.80000006e-009   0.01141406
4.82000006e-009  0.002609375
4.84000006e-009   0.01359375
4.86000006e-009  0.002648438
4.88000007e-009        0.011
4.90000007e-009  0.002992188
4.92000007e-009   0.01088281
4.94000007e-009  0.001148438
4.96000007e-009   0.01300781
4.98000007e-009        0.003
5.00000007e-009   0.01469531
