-4.98000007e-009 -0.0002968747
-4.96000007e-009 -0.0003671872
-4.94000007e-009 -0.0004765622
-4.92000007e-009 -0.0005078122
-4.90000007e-009 -0.0005312497
-4.88000007e-009 -0.0005312497
-4.86000006e-009 -0.0004296872
-4.84000006e-009 -0.0003203122
-4.82000006e-009 -0.0002109372
-4.80000006e-009 -0.0001953122
-4.78000006e-009 -0.0003046872
-4.76000006e-009 -0.0004921872
-4.74000006e-009 -0.0006406247
-4.72000006e-009 -0.0007031247
-4.70000006e-009 -0.0007031247
-4.68000006e-009 -0.0006406247
-4.66000006e-009 -0.0005937497
-4.64000006e-009 -0.0005703122
-4.62000006e-009 -0.0005859372
-4.60000006e-009 -0.0006562497
-4.58000006e-009 -0.0006874997
-4.56000006e-009 -0.0006796872
-4.54000006e-009 -0.0005937497
-4.52000006e-009 -0.0004999997
-4.50000006e-009 -0.0004531247
-4.48000006e-009 -0.0005156247
-4.46000006e-009 -0.0005390622
-4.44000006e-009 -0.0004765622
-4.42000006e-009 -0.0003593747
-4.40000006e-009 -0.0003593747
-4.38000006e-009 -0.0005078122
-4.36000006e-009 -0.0007265622
-4.34000006e-009 -0.0008437497
-4.32000006e-009 -0.0007031247
-4.30000006e-009 -0.0004687497
-4.28000006e-009 -0.0003281247
-4.26000006e-009 -0.0002968747
-4.24000006e-009 -0.0003281247
-4.22000006e-009 -0.0003828122
-4.20000006e-009 -0.0003749997
-4.18000006e-009 -0.0005156247
-4.16000006e-009 -0.0006718747
-4.14000006e-009 -0.0008749997
-4.12000006e-009 -0.0009374997
-4.10000005e-009 -0.0008828122
-4.08000005e-009 -0.0008906247
-4.06000005e-009 -0.0008828122
-4.04000005e-009 -0.0008203122
-4.02000005e-009 -0.0007031247
-4.00000005e-009 -0.0006484372
-3.98000005e-009 -0.0007499997
-3.96000005e-009 -0.0008984372
-3.94000005e-009 -0.0008984372
-3.92000005e-009 -0.0007734372
-3.90000005e-009 -0.0006249997
-3.88000005e-009 -0.0005859372
-3.86000005e-009 -0.0005859372
-3.84000005e-009 -0.0005546872
-3.82000005e-009 -0.0004843747
-3.80000005e-009 -0.0003749997
-3.78000005e-009 -0.0004218747
-3.76000005e-009 -0.0004765622
-3.74000005e-009 -0.0005156247
-3.72000005e-009 -0.0005312497
-3.70000005e-009 -0.0005624997
-3.68000005e-009 -0.0005078122
-3.66000005e-009 -0.0004218747
-3.64000005e-009 -0.0002578122
-3.62000005e-009 -0.0002109372
-3.60000005e-009 -0.0003749997
-3.58000005e-009 -0.0006796872
-3.56000005e-009 -0.0008906247
-3.54000005e-009 -0.0009218747
-3.52000005e-009 -0.0008984372
-3.50000005e-009 -0.0008671872
-3.48000005e-009 -0.0008671872
-3.46000005e-009 -0.0009062497
-3.44000005e-009 -0.0008515622
-3.42000005e-009 -0.0009296872
-3.40000005e-009 -0.001054687
-3.38000005e-009  -0.00134375
-3.36000004e-009 -0.001640625
-3.34000004e-009 -0.001953125
-3.32000004e-009 -0.002273437
-3.30000004e-009 -0.002617187
-3.28000004e-009 -0.002921875
-3.26000004e-009 -0.003140625
-3.24000004e-009 -0.003242187
-3.22000004e-009 -0.003367187
-3.20000004e-009 -0.003671875
-3.18000004e-009 -0.004195312
-3.16000004e-009 -0.004867187
-3.14000004e-009 -0.005429687
-3.12000004e-009     -0.00575
-3.10000004e-009  -0.00590625
-3.08000004e-009 -0.006015625
-3.06000004e-009 -0.006195312
-3.04000004e-009 -0.006445312
-3.02000004e-009 -0.006695312
-3.00000004e-009 -0.006984375
-2.98000004e-009 -0.007492188
-2.96000004e-009    -0.008125
-2.94000004e-009  -0.00859375
-2.92000004e-009 -0.008679688
-2.90000004e-009 -0.008546875
-2.88000004e-009 -0.008507813
-2.86000004e-009   -0.0088125
-2.84000004e-009 -0.009140625
-2.82000004e-009   -0.0091875
-2.80000004e-009 -0.009007813
-2.78000004e-009 -0.008851563
-2.76000004e-009 -0.008945313
-2.74000004e-009 -0.009242188
-2.72000004e-009 -0.009515625
-2.70000004e-009   -0.0096875
-2.68000004e-009 -0.009835938
-2.66000004e-009 -0.009984375
-2.64000004e-009  -0.01000781
-2.62000003e-009 -0.009945313
-2.60000003e-009 -0.009953125
-2.58000003e-009   -0.0100625
-2.56000003e-009  -0.01014844
-2.54000003e-009  -0.01001563
-2.52000003e-009 -0.009835938
-2.50000003e-009  -0.00971875
-2.48000003e-009 -0.009726563
-2.46000003e-009 -0.009679688
-2.44000003e-009 -0.009507813
-2.42000003e-009 -0.009304688
-2.40000003e-009 -0.009242188
-2.38000003e-009 -0.009296875
-2.36000003e-009 -0.009351563
-2.34000003e-009   -0.0093125
-2.32000003e-009 -0.009210938
-2.30000003e-009 -0.009226563
-2.28000003e-009 -0.009210938
-2.26000003e-009  -0.00903125
-2.24000003e-009 -0.008757813
-2.22000003e-009 -0.008546875
-2.20000003e-009 -0.008476563
-2.18000003e-009 -0.008492188
-2.16000003e-009 -0.008351563
-2.14000003e-009 -0.008039063
-2.12000003e-009  -0.00778125
-2.10000003e-009 -0.007726563
-2.08000003e-009 -0.007828125
-2.06000003e-009  -0.00784375
-2.04000003e-009 -0.007601563
-2.02000003e-009 -0.007164062
-2.00000003e-009 -0.006820312
-1.98000003e-009 -0.006632812
-1.96000003e-009 -0.006601562
-1.94000003e-009 -0.006585937
-1.92000003e-009      -0.0065
-1.90000003e-009 -0.006335937
-1.88000003e-009  -0.00603125
-1.86000002e-009     -0.00575
-1.84000002e-009  -0.00559375
-1.82000002e-009 -0.005617187
-1.80000002e-009 -0.005679687
-1.78000002e-009 -0.005632812
-1.76000002e-009 -0.005414062
-1.74000002e-009  -0.00515625
-1.72000002e-009 -0.005015625
-1.70000002e-009 -0.004960937
-1.68000002e-009  -0.00490625
-1.66000002e-009   -0.0046875
-1.64000002e-009 -0.004367187
-1.62000002e-009 -0.004148437
-1.60000002e-009 -0.004007812
-1.58000002e-009  -0.00390625
-1.56000002e-009  -0.00378125
-1.54000002e-009 -0.003640625
-1.52000002e-009 -0.003546875
-1.50000002e-009 -0.003539062
-1.48000002e-009 -0.003484375
-1.46000002e-009 -0.003390625
-1.44000002e-009   -0.0033125
-1.42000002e-009 -0.003273437
-1.40000002e-009  -0.00328125
-1.38000002e-009 -0.003234375
-1.36000002e-009 -0.002992187
-1.34000002e-009 -0.002773437
-1.32000002e-009 -0.002609375
-1.30000002e-009 -0.002671875
-1.28000002e-009 -0.002882812
-1.26000002e-009 -0.003023437
-1.24000002e-009 -0.002929687
-1.22000002e-009 -0.002609375
-1.20000002e-009 -0.002289062
-1.18000002e-009 -0.002195312
-1.16000002e-009     -0.00225
-1.14000002e-009    -0.002375
-1.12000001e-009 -0.002414062
-1.10000001e-009 -0.002414062
-1.08000001e-009 -0.002429687
-1.06000001e-009      -0.0025
-1.04000001e-009 -0.002539062
-1.02000001e-009 -0.002601562
-1.00000001e-009  -0.00271875
-9.80000013e-010 -0.002789062
-9.60000013e-010   -0.0028125
-9.40000013e-010 -0.002757812
-9.20000012e-010 -0.002742187
-9.00000012e-010 -0.002890625
-8.80000012e-010 -0.003054687
-8.60000011e-010 -0.003101562
-8.40000011e-010  -0.00303125
-8.20000011e-010 -0.003023437
-8.00000011e-010 -0.003078125
-7.8000001e-010 -0.003257812
-7.6000001e-010    -0.003375
-7.4000001e-010 -0.003476562
-7.2000001e-010 -0.003734375
-7.00000009e-010  -0.00421875
-6.80000009e-010 -0.004789062
-6.60000009e-010 -0.005203125
-6.40000009e-010 -0.005648437
-6.20000008e-010 -0.006421875
-6.00000008e-010 -0.007703125
-5.80000008e-010 -0.009570313
-5.60000007e-010   -0.0119375
-5.40000007e-010  -0.01534375
-5.20000007e-010  -0.02053125
-5.00000007e-010  -0.02783594
-4.80000006e-010  -0.03730469
-4.60000006e-010  -0.04844531
-4.40000006e-010  -0.06110938
-4.20000006e-010  -0.07515625
-4.00000005e-010  -0.09007032
-3.80000005e-010   -0.1049219
-3.60000005e-010   -0.1184297
-3.40000005e-010   -0.1293125
-3.20000004e-010   -0.1369375
-3.00000004e-010   -0.1413359
-2.80000004e-010   -0.1426875
-2.60000003e-010   -0.1420781
-2.40000003e-010   -0.1399375
-2.20000003e-010   -0.1366016
-2.00000003e-010   -0.1327109
-1.80000002e-010   -0.1277734
-1.60000002e-010   -0.1218047
-1.40000002e-010   -0.1139453
-1.20000002e-010   -0.1039219
-1.00000001e-010  -0.09214844
-8.00000011e-011  -0.07889063
-6.00000008e-011  -0.06449219
-4.00000005e-011    -0.049375
-2.00000003e-011   -0.0343125
           0  -0.02071875
2.00000003e-011 -0.009710938
4.00000005e-011 -0.001257812
6.00000008e-011  0.004835938
8.00000011e-011  0.008953126
1.00000001e-010   0.01121094
1.20000002e-010   0.01186719
1.40000002e-010   0.01161719
1.60000002e-010   0.01098438
1.80000002e-010   0.01042969
2.00000003e-010   0.01027344
2.20000003e-010   0.01058594
2.40000003e-010   0.01148438
2.60000003e-010      0.01275
2.80000004e-010   0.01417188
3.00000004e-010   0.01546094
3.20000004e-010   0.01651563
3.40000005e-010   0.01722656
3.60000005e-010   0.01750781
3.80000005e-010   0.01725781
4.00000005e-010   0.01652344
4.20000006e-010   0.01555469
4.40000006e-010   0.01446875
4.60000006e-010   0.01342188
4.80000006e-010   0.01242188
5.00000007e-010   0.01153906
5.20000007e-010   0.01079688
5.40000007e-010   0.01029688
5.60000007e-010  0.009953126
5.80000008e-010  0.009789063
6.00000008e-010  0.009781251
6.20000008e-010  0.009968751
6.40000009e-010   0.01020313
6.60000009e-010   0.01035156
6.80000009e-010   0.01038281
7.00000009e-010   0.01023438
7.2000001e-010   0.01021875
7.4000001e-010     0.010375
7.6000001e-010   0.01089844
7.8000001e-010   0.01159375
8.00000011e-010   0.01229688
8.20000011e-010   0.01292969
8.40000011e-010   0.01340625
8.60000011e-010   0.01383594
8.80000012e-010      0.01425
9.00000012e-010   0.01475781
9.20000012e-010   0.01523438
9.40000013e-010   0.01555469
9.60000013e-010   0.01560938
9.80000013e-010   0.01558594
1.00000001e-009   0.01572656
1.02000001e-009   0.01597656
1.04000001e-009   0.01614844
1.06000001e-009   0.01605469
1.08000001e-009   0.01571875
1.10000001e-009   0.01546875
1.12000001e-009    0.0154375
1.14000002e-009   0.01553125
1.16000002e-009   0.01558594
1.18000002e-009   0.01565625
1.20000002e-009   0.01571875
1.22000002e-009   0.01575781
1.24000002e-009   0.01570313
1.26000002e-009   0.01557031
1.28000002e-009   0.01558594
1.30000002e-009   0.01576563
1.32000002e-009   0.01597656
1.34000002e-009     0.016125
1.36000002e-009    0.0161875
1.38000002e-009   0.01626563
1.40000002e-009   0.01636719
1.42000002e-009   0.01634375
1.44000002e-009   0.01635156
1.46000002e-009   0.01632031
1.48000002e-009   0.01625781
1.50000002e-009   0.01621875
1.52000002e-009   0.01598438
1.54000002e-009      0.01575
1.56000002e-009   0.01554688
1.58000002e-009   0.01544531
1.60000002e-009    0.0153125
1.62000002e-009   0.01504688
1.64000002e-009   0.01469531
1.66000002e-009   0.01448438
1.68000002e-009   0.01440625
1.70000002e-009   0.01446094
1.72000002e-009   0.01457813
1.74000002e-009   0.01463281
1.76000002e-009    0.0144375
1.78000002e-009   0.01422656
1.80000002e-009   0.01396875
1.82000002e-009   0.01385938
1.84000002e-009    0.0138125
1.86000002e-009   0.01382813
1.88000003e-009   0.01367188
1.90000003e-009   0.01339844
1.92000003e-009   0.01320313
1.94000003e-009   0.01317969
1.96000003e-009   0.01328906
1.98000003e-009   0.01342188
2.00000003e-009   0.01345313
2.02000003e-009   0.01351563
2.04000003e-009   0.01351563
2.06000003e-009   0.01360156
2.08000003e-009   0.01359375
2.10000003e-009   0.01353906
2.12000003e-009    0.0134375
2.14000003e-009   0.01321875
2.16000003e-009   0.01304688
2.18000003e-009   0.01288281
2.20000003e-009   0.01286719
2.22000003e-009   0.01295313
2.24000003e-009   0.01307813
2.26000003e-009   0.01322656
2.28000003e-009   0.01332813
2.30000003e-009   0.01332813
2.32000003e-009   0.01310156
2.34000003e-009   0.01285938
2.36000003e-009      0.01275
2.38000003e-009   0.01286719
2.40000003e-009   0.01299219
2.42000003e-009   0.01271094
2.44000003e-009   0.01214844
2.46000003e-009   0.01169531
2.48000003e-009   0.01164063
2.50000003e-009   0.01194531
2.52000003e-009   0.01220313
2.54000003e-009   0.01213281
2.56000003e-009    0.0118125
2.58000003e-009   0.01159375
2.60000003e-009   0.01164844
2.62000003e-009   0.01182031
2.64000004e-009   0.01188281
2.66000004e-009   0.01180469
2.68000004e-009   0.01167188
2.70000004e-009   0.01159375
2.72000004e-009   0.01146875
2.74000004e-009    0.0113125
2.76000004e-009   0.01108594
2.78000004e-009   0.01092188
2.80000004e-009   0.01088281
2.82000004e-009   0.01083594
2.84000004e-009   0.01069531
2.86000004e-009   0.01050781
2.88000004e-009   0.01035938
2.90000004e-009   0.01039844
2.92000004e-009   0.01060156
2.94000004e-009   0.01067969
2.96000004e-009   0.01054688
2.98000004e-009   0.01021875
3.00000004e-009  0.009929688
3.02000004e-009  0.009828126
3.04000004e-009  0.009875001
3.06000004e-009  0.009882813
3.08000004e-009  0.009828126
3.10000004e-009  0.009718751
3.12000004e-009  0.009648438
3.14000004e-009  0.009609376
3.16000004e-009  0.009617188
3.18000004e-009  0.009632813
3.20000004e-009  0.009640626
3.22000004e-009  0.009656251
3.24000004e-009  0.009671876
3.26000004e-009  0.009539063
3.28000004e-009  0.009382813
3.30000004e-009  0.009351563
3.32000004e-009  0.009476563
3.34000004e-009  0.009632813
3.36000004e-009  0.009609376
3.38000005e-009  0.009351563
3.40000005e-009  0.009117188
3.42000005e-009  0.009023438
3.44000005e-009  0.008929688
3.46000005e-009  0.008781251
3.48000005e-009  0.008429688
3.50000005e-009  0.008117188
3.52000005e-009  0.008015626
3.54000005e-009  0.008046876
3.56000005e-009  0.008093751
3.58000005e-009  0.007984376
3.60000005e-009  0.007750001
3.62000005e-009  0.007515626
3.64000005e-009  0.007289063
3.66000005e-009  0.007296876
3.68000005e-009  0.007429688
3.70000005e-009  0.007632813
3.72000005e-009  0.007757813
3.74000005e-009  0.007742188
3.76000005e-009  0.007648438
3.78000005e-009  0.007562501
3.80000005e-009  0.007421876
3.82000005e-009  0.007226563
3.84000005e-009  0.007007813
3.86000005e-009  0.006914063
3.88000005e-009  0.006843751
3.90000005e-009  0.006820313
3.92000005e-009  0.006687501
3.94000005e-009  0.006617188
3.96000005e-009  0.006765626
3.98000005e-009  0.007101563
4.00000005e-009  0.007351563
4.02000005e-009  0.007375001
4.04000005e-009  0.007242188
4.06000005e-009  0.007156251
4.08000005e-009  0.007250001
4.10000005e-009  0.007414063
4.12000006e-009  0.007453126
4.14000006e-009  0.007273438
4.16000006e-009  0.007046876
4.18000006e-009  0.006906251
4.20000006e-009  0.006960938
4.22000006e-009  0.007007813
4.24000006e-009  0.006828126
4.26000006e-009  0.006492188
4.28000006e-009  0.006234376
4.30000006e-009  0.006257813
4.32000006e-009  0.006484376
4.34000006e-009  0.006664063
4.36000006e-009  0.006726563
4.38000006e-009  0.006718751
4.40000006e-009  0.006765626
4.42000006e-009  0.006742188
4.44000006e-009  0.006640626
4.46000006e-009  0.006507813
4.48000006e-009  0.006390626
4.50000006e-009  0.006390626
4.52000006e-009  0.006359376
4.54000006e-009  0.006406251
4.56000006e-009  0.006546876
4.58000006e-009  0.006757813
4.60000006e-009  0.006703126
4.62000006e-009  0.006375001
4.64000006e-009  0.006046876
4.66000006e-009  0.006023438
4.68000006e-009  0.006375001
4.70000006e-009  0.006750001
4.72000006e-009  0.006726563
4.74000006e-009  0.006500001
4.76000006e-009  0.006414063
4.78000006e-009  0.006617188
4.80000006e-009  0.006890626
4.82000006e-009  0.006960938
4.84000006e-009  0.006835938
4.86000006e-009  0.006687501
4.88000007e-009  0.006773438
4.90000007e-009  0.007031251
4.92000007e-009  0.007273438
4.94000007e-009  0.007445313
4.96000007e-009  0.007562501
4.98000007e-009  0.007625001
5.00000007e-009  0.007742188
