-4.98000007e-009    -0.003125
-4.96000007e-009  0.007179688
-4.94000007e-009 -0.002148437
-4.92000007e-009  0.007000001
-4.90000007e-009   -0.0016875
-4.88000007e-009   0.01058594
-4.86000006e-009 -0.002570312
-4.84000006e-009  0.007000001
-4.82000006e-009 -0.001578125
-4.80000006e-009  0.007164063
-4.78000006e-009 -0.002429687
-4.76000006e-009  0.007773438
-4.74000006e-009 -0.001328125
-4.72000006e-009  0.008156251
-4.70000006e-009 -0.0009999997
-4.68000006e-009  0.007265626
-4.66000006e-009   -0.0011875
-4.64000006e-009  0.007132813
-4.62000006e-009 -0.002601562
-4.60000006e-009  0.007515626
-4.58000006e-009  -0.00234375
-4.56000006e-009  0.006695313
-4.54000006e-009 -0.002453125
-4.52000006e-009  0.009000001
-4.50000006e-009       -0.003
-4.48000006e-009  0.007734376
-4.46000006e-009 -0.002601562
-4.44000006e-009  0.007523438
-4.42000006e-009       -0.003
-4.40000006e-009  0.007000001
-4.38000006e-009    -0.003125
-4.36000006e-009  0.006609376
-4.34000006e-009  -0.00203125
-4.32000006e-009  0.007281251
-4.30000006e-009 -0.004085937
-4.28000006e-009  0.008687501
-4.26000006e-009  -0.00184375
-4.24000006e-009        0.011
-4.22000006e-009 -0.0009999997
-4.20000006e-009  0.008703126
-4.18000006e-009 -0.002757812
-4.16000006e-009  0.008671876
-4.14000006e-009 -0.002765625
-4.12000006e-009  0.009000001
-4.10000005e-009       -0.003
-4.08000005e-009  0.007328126
-4.06000005e-009 -0.003179687
-4.04000005e-009  0.008187501
-4.02000005e-009 -0.002882812
-4.00000005e-009  0.008359376
-3.98000005e-009    -0.001375
-3.96000005e-009  0.007359376
-3.94000005e-009 -0.002085937
-3.92000005e-009  0.008492188
-3.90000005e-009 -0.002320312
-3.88000005e-009  0.007601563
-3.86000005e-009   -0.0024375
-3.84000005e-009  0.009000001
-3.82000005e-009  -0.00428125
-3.80000005e-009  0.007203126
-3.78000005e-009 -0.002070312
-3.76000005e-009  0.008515626
-3.74000005e-009 -0.001054687
-3.72000005e-009  0.009296876
-3.70000005e-009 -0.003179687
-3.68000005e-009  0.009117188
-3.66000005e-009  -0.00134375
-3.64000005e-009  0.007203126
-3.62000005e-009   -0.0030625
-3.60000005e-009  0.007851563
-3.58000005e-009 -0.002429687
-3.56000005e-009  0.006812501
-3.54000005e-009 -0.002492187
-3.52000005e-009  0.009000001
-3.50000005e-009       -0.003
-3.48000005e-009  0.007960938
-3.46000005e-009 -0.002828125
-3.44000005e-009  0.007000001
-3.42000005e-009 -0.003101562
-3.40000005e-009  0.005750001
-3.38000005e-009 -0.003695312
-3.36000004e-009  0.007531251
-3.34000004e-009       -0.003
-3.32000004e-009  0.007289063
-3.30000004e-009 -0.003976562
-3.28000004e-009  0.006375001
-3.26000004e-009    -0.003125
-3.24000004e-009  0.005632813
-3.22000004e-009       -0.003
-3.20000004e-009  0.005882813
-3.18000004e-009 -0.003921875
-3.16000004e-009  0.003867188
-3.14000004e-009 -0.006351562
-3.12000004e-009  0.003273438
-3.10000004e-009 -0.003765625
-3.08000004e-009  0.005015626
-3.06000004e-009 -0.006398437
-3.04000004e-009  0.004187501
-3.02000004e-009  -0.00509375
-3.00000004e-009  0.003421876
-2.98000004e-009   -0.0051875
-2.96000004e-009  0.004984376
-2.94000004e-009 -0.005367187
-2.92000004e-009  0.005000001
-2.90000004e-009       -0.007
-2.88000004e-009  0.003539063
-2.86000004e-009 -0.005210937
-2.84000004e-009        0.003
-2.82000004e-009 -0.005546875
-2.80000004e-009  0.002703125
-2.78000004e-009   -0.0069375
-2.76000004e-009  0.003234376
-2.74000004e-009 -0.006164062
-2.72000004e-009        0.003
-2.70000004e-009 -0.006914062
-2.68000004e-009  0.001945313
-2.66000004e-009 -0.005554687
-2.64000004e-009     0.002625
-2.62000003e-009       -0.007
-2.60000003e-009        0.003
-2.58000003e-009 -0.006242187
-2.56000003e-009  0.002351563
-2.54000003e-009 -0.007398438
-2.52000003e-009       0.0025
-2.50000003e-009 -0.007914063
-2.48000003e-009  0.002296875
-2.46000003e-009 -0.007398438
-2.44000003e-009  0.001960938
-2.42000003e-009 -0.008070313
-2.40000003e-009        0.003
-2.38000003e-009 -0.005859375
-2.36000003e-009  0.001085938
-2.34000003e-009 -0.007953125
-2.32000003e-009    0.0021875
-2.30000003e-009       -0.007
-2.28000003e-009  0.002492188
-2.26000003e-009 -0.008023438
-2.24000003e-009  0.001546875
-2.22000003e-009 -0.007148437
-2.20000003e-009  0.002726563
-2.18000003e-009 -0.007429688
-2.16000003e-009    0.0014375
-2.14000003e-009       -0.007
-2.12000003e-009        0.003
-2.10000003e-009 -0.007234375
-2.08000003e-009   0.00303125
-2.06000003e-009 -0.007195312
-2.04000003e-009  0.004703126
-2.02000003e-009 -0.007367188
-2.00000003e-009        0.003
-1.98000003e-009 -0.007523438
-1.96000003e-009  0.003929688
-1.94000003e-009       -0.007
-1.92000003e-009  0.002195313
-1.90000003e-009 -0.007335937
-1.88000003e-009  0.002601563
-1.86000002e-009 -0.007007812
-1.84000002e-009  0.002867188
-1.82000002e-009   -0.0069375
-1.80000002e-009     0.002875
-1.78000002e-009 -0.006007812
-1.76000002e-009  0.002882813
-1.74000002e-009       -0.007
-1.72000002e-009        0.003
-1.70000002e-009 -0.006585937
-1.68000002e-009  0.003414063
-1.66000002e-009 -0.006335937
-1.64000002e-009  0.003578126
-1.62000002e-009       -0.007
-1.60000002e-009  0.002773438
-1.58000002e-009  -0.00590625
-1.56000002e-009  0.003265626
-1.54000002e-009  -0.00609375
-1.52000002e-009  0.004210938
-1.50000002e-009       -0.005
-1.48000002e-009  0.004359376
-1.46000002e-009 -0.006101562
-1.44000002e-009  0.003820313
-1.42000002e-009  -0.00509375
-1.40000002e-009  0.004000001
-1.38000002e-009  -0.00484375
-1.36000002e-009  0.004531251
-1.34000002e-009       -0.005
-1.32000002e-009  0.004773438
-1.30000002e-009       -0.005
-1.28000002e-009  0.004554688
-1.26000002e-009   -0.0046875
-1.24000002e-009  0.005500001
-1.22000002e-009       -0.005
-1.20000002e-009  0.005000001
-1.18000002e-009   -0.0053125
-1.16000002e-009  0.005781251
-1.14000002e-009       -0.005
-1.12000001e-009  0.005000001
-1.10000001e-009       -0.005
-1.08000001e-009  0.005195313
-1.06000001e-009 -0.005195312
-1.04000001e-009  0.006085938
-1.02000001e-009  -0.00371875
-1.00000001e-009  0.005000001
-9.80000013e-010   -0.0050625
-9.60000013e-010  0.003164063
-9.40000013e-010 -0.007828125
-9.20000012e-010  0.005000001
-9.00000012e-010       -0.005
-8.80000012e-010  0.004820313
-8.60000011e-010 -0.005171875
-8.40000011e-010  0.003835938
-8.20000011e-010 -0.006273437
-8.00000011e-010        0.003
-7.8000001e-010  -0.01086719
-7.6000001e-010 0.0009843754
-7.4000001e-010  -0.01335156
-7.2000001e-010 -0.003007812
-7.00000009e-010  -0.01610156
-6.80000009e-010      -0.0065
-6.60000009e-010  -0.02280469
-6.40000009e-010  -0.01342969
-6.20000008e-010       -0.029
-6.00000008e-010       -0.017
-5.80000008e-010  -0.03570313
-5.60000007e-010  -0.02620313
-5.40000007e-010  -0.03996875
-5.20000007e-010  -0.03014063
-5.00000007e-010    -0.046875
-4.80000006e-010  -0.03560938
-4.60000006e-010  -0.05033594
-4.40000006e-010  -0.03917969
-4.20000006e-010  -0.05100781
-4.00000005e-010       -0.041
-3.80000005e-010   -0.0520625
-3.60000005e-010  -0.04170313
-3.40000005e-010  -0.05184375
-3.20000004e-010       -0.039
-3.00000004e-010  -0.04950781
-2.80000004e-010  -0.03222656
-2.60000003e-010  -0.04578906
-2.40000003e-010  -0.02816406
-2.20000003e-010  -0.03760156
-2.00000003e-010       -0.023
-1.80000002e-010  -0.03215625
-1.60000002e-010  -0.01785156
-1.40000002e-010      -0.0285
-1.20000002e-010       -0.015
-1.00000001e-010  -0.02323438
-8.00000011e-011  -0.01136719
-6.00000008e-011    -0.021125
-4.00000005e-011 -0.009734375
-2.00000003e-011       -0.017
           0 -0.006289062
2.00000003e-011  -0.01632813
4.00000005e-011    -0.004625
6.00000008e-011       -0.013
8.00000011e-011 -0.0009999997
1.00000001e-010  -0.01095313
1.20000002e-010 -0.001859375
1.40000002e-010  -0.01024219
1.60000002e-010 -3.906215e-005
1.80000002e-010 -0.009984375
2.00000003e-010 -0.0009687497
2.20000003e-010  -0.01146094
2.40000003e-010 0.0002578129
2.60000003e-010   -0.0099375
2.80000004e-010        0.001
3.00000004e-010 -0.009742188
3.20000004e-010 0.0005156254
3.40000005e-010 -0.008257813
3.60000005e-010 0.0009062504
3.80000005e-010 -0.008421875
4.00000005e-010  0.005000001
4.20000006e-010 -0.007609375
4.40000006e-010  0.002960938
4.60000006e-010 -0.008328125
4.80000006e-010  0.005000001
5.00000007e-010       -0.005
5.20000007e-010  0.005382813
5.40000007e-010 -0.003328125
5.60000007e-010  0.008156251
5.80000008e-010       -0.003
6.00000008e-010  0.007000001
6.20000008e-010 -0.001726562
6.40000009e-010  0.009195313
6.60000009e-010 -0.001242187
6.80000009e-010  0.009000001
7.00000009e-010 -0.0009999997
7.2000001e-010  0.008257813
7.4000001e-010 -4.687465e-005
7.6000001e-010  0.009132813
7.8000001e-010 -0.0007031247
8.00000011e-010   0.01024219
8.20000011e-010 -0.0008203122
8.40000011e-010  0.008617188
8.60000011e-010 0.0002421879
8.80000012e-010  0.009000001
9.00000012e-010 -0.0009218747
9.20000012e-010   0.01003906
9.40000013e-010 0.0007890629
9.60000013e-010        0.013
9.80000013e-010        0.001
1.00000001e-009   0.01278125
1.02000001e-009 0.0007656254
1.04000001e-009  0.009898438
1.06000001e-009   0.00134375
1.08000001e-009        0.011
1.10000001e-009        0.001
1.12000001e-009   0.01219531
1.14000002e-009  0.002703125
1.16000002e-009   0.01169531
1.18000002e-009  0.002898438
1.20000002e-009        0.013
1.22000002e-009   0.00246875
1.24000002e-009     0.013625
1.26000002e-009   0.00259375
1.28000002e-009   0.01446875
1.30000002e-009     0.002875
1.32000002e-009   0.01485156
1.34000002e-009   0.00309375
1.36000002e-009   0.01527344
1.38000002e-009  0.005000001
1.40000002e-009        0.013
1.42000002e-009  0.004851563
1.44000002e-009   0.01304688
1.46000002e-009  0.005000001
1.48000002e-009   0.01317969
1.50000002e-009  0.003742188
1.52000002e-009   0.01367969
1.54000002e-009  0.004695313
1.56000002e-009   0.01536719
1.58000002e-009  0.005000001
1.60000002e-009        0.015
1.62000002e-009  0.005164063
1.64000002e-009   0.01685156
1.66000002e-009  0.004578126
1.68000002e-009        0.016
1.70000002e-009  0.004382813
1.72000002e-009   0.01448438
1.74000002e-009  0.003046875
1.76000002e-009   0.01589844
1.78000002e-009  0.007000001
1.80000002e-009        0.017
1.82000002e-009  0.005843751
1.84000002e-009   0.01532031
1.86000002e-009  0.005000001
1.88000003e-009   0.01574219
1.90000003e-009  0.006000001
1.92000003e-009   0.01603906
1.94000003e-009  0.005937501
1.96000003e-009        0.017
1.98000003e-009  0.006085938
2.00000003e-009   0.01583594
2.02000003e-009  0.006617188
2.04000003e-009   0.01647656
2.06000003e-009  0.006523438
2.08000003e-009   0.01584375
2.10000003e-009  0.007000001
2.12000003e-009   0.01538281
2.14000003e-009  0.005820313
2.16000003e-009   0.01775781
2.18000003e-009  0.006546876
2.20000003e-009        0.017
2.22000003e-009  0.005257813
2.24000003e-009   0.01675781
2.26000003e-009  0.006398438
2.28000003e-009        0.017
2.30000003e-009  0.007000001
2.32000003e-009   0.01549219
2.34000003e-009  0.004039063
2.36000003e-009   0.01673438
2.38000003e-009  0.006320313
2.40000003e-009        0.017
2.42000003e-009  0.007304688
2.44000003e-009   0.01527344
2.46000003e-009  0.007414063
2.48000003e-009   0.01592188
2.50000003e-009  0.005000001
2.52000003e-009   0.01644531
2.54000003e-009  0.006125001
2.56000003e-009   0.01592969
2.58000003e-009  0.006625001
2.60000003e-009   0.01859375
2.62000003e-009  0.004554688
2.64000004e-009    0.0156875
2.66000004e-009  0.005257813
2.68000004e-009        0.019
2.70000004e-009  0.007000001
2.72000004e-009   0.01607031
2.74000004e-009  0.005218751
2.76000004e-009   0.01530469
2.78000004e-009  0.005382813
2.80000004e-009   0.01523438
2.82000004e-009  0.004773438
2.84000004e-009   0.01582031
2.86000004e-009  0.007000001
2.88000004e-009   0.01557813
2.90000004e-009  0.006375001
2.92000004e-009   0.01769531
2.94000004e-009  0.007250001
2.96000004e-009   0.01539063
2.98000004e-009  0.006695313
3.00000004e-009        0.017
3.02000004e-009  0.007156251
3.04000004e-009   0.01655469
3.06000004e-009  0.006664063
3.08000004e-009        0.017
3.10000004e-009  0.007000001
3.12000004e-009   0.01585156
3.14000004e-009  0.005617188
3.16000004e-009   0.01564844
3.18000004e-009  0.006921876
3.20000004e-009        0.017
3.22000004e-009  0.004179688
3.24000004e-009   0.01702344
3.26000004e-009  0.004148438
3.28000004e-009        0.015
3.30000004e-009  0.005000001
3.32000004e-009     0.015625
3.34000004e-009  0.004328126
3.36000004e-009   0.01555469
3.38000005e-009  0.006664063
3.40000005e-009   0.01510156
3.42000005e-009  0.006609376
3.44000005e-009   0.01507031
3.46000005e-009  0.007000001
3.48000005e-009        0.015
3.50000005e-009  0.006664063
3.52000005e-009   0.01457813
3.54000005e-009  0.004007813
3.56000005e-009        0.017
3.58000005e-009  0.004554688
3.60000005e-009   0.01422656
3.62000005e-009  0.004476563
3.64000005e-009   0.01492188
3.66000005e-009  0.006070313
3.68000005e-009   0.01602344
3.70000005e-009        0.003
3.72000005e-009   0.01564844
3.74000005e-009  0.004796876
3.76000005e-009    0.0153125
3.78000005e-009  0.005000001
3.80000005e-009        0.015
3.82000005e-009  0.003804688
3.84000005e-009   0.01510156
3.86000005e-009  0.004367188
3.88000005e-009        0.015
3.90000005e-009  0.005000001
3.92000005e-009   0.01417969
3.94000005e-009  0.004898438
3.96000005e-009   0.01422656
3.98000005e-009        0.003
4.00000005e-009        0.015
4.02000005e-009  0.004257813
4.04000005e-009   0.01458594
4.06000005e-009  0.004687501
4.08000005e-009        0.015
4.10000005e-009        0.003
4.12000006e-009   0.01407813
4.14000006e-009  0.004039063
4.16000006e-009        0.015
4.18000006e-009  0.005101563
4.20000006e-009   0.01347656
4.22000006e-009  0.005000001
4.24000006e-009   0.01253125
4.26000006e-009  0.004335938
4.28000006e-009        0.015
4.30000006e-009  0.004984376
4.32000006e-009   0.01434375
4.34000006e-009  0.004500001
4.36000006e-009   0.01346094
4.38000006e-009        0.003
4.40000006e-009   0.01354688
4.42000006e-009  0.004281251
4.44000006e-009   0.01433594
4.46000006e-009  0.005000001
4.48000006e-009        0.015
4.50000006e-009  0.005000001
4.52000006e-009     0.014875
4.54000006e-009  0.004976563
4.56000006e-009        0.015
4.58000006e-009  0.005156251
4.60000006e-009        0.015
4.62000006e-009  0.004507813
4.64000006e-009   0.01457031
4.66000006e-009  0.005179688
4.68000006e-009        0.015
4.70000006e-009  0.004937501
4.72000006e-009   0.01560938
4.74000006e-009  0.005367188
4.76000006e-009   0.01467969
4.78000006e-009  0.005000001
4.80000006e-009   0.01463281
4.82000006e-009  0.004687501
4.84000006e-009   0.01539063
4.86000006e-009  0.004359376
4.88000007e-009   0.01424219
4.90000007e-009  0.005414063
4.92000007e-009   0.01525781
4.94000007e-009  0.005664063
4.96000007e-009    0.0145625
4.98000007e-009  0.005000001
5.00000007e-009   0.01523438
