-1.24500002e-009       -0.005
-1.24000002e-009  0.004484376
-1.23500002e-009 -0.006195312
-1.23000002e-009  0.005000001
-1.22500002e-009 -0.006710937
-1.22000002e-009  0.005000001
-1.21500002e-009 -0.006570312
-1.21000002e-009  0.004203126
-1.20500002e-009 -0.005929687
-1.20000002e-009  0.004679688
-1.19500002e-009       -0.005
-1.19000002e-009  0.005039063
-1.18500002e-009 -0.004804687
-1.18000002e-009  0.004484376
-1.17500002e-009 -0.005117187
-1.17000002e-009  0.004929688
-1.16500002e-009 -0.004742187
-1.16000002e-009  0.004890626
-1.15500002e-009 -0.005328125
-1.15000002e-009  0.004945313
-1.14500002e-009  -0.00571875
-1.14000002e-009  0.004937501
-1.13500002e-009 -0.005578125
-1.13000002e-009  0.005000001
-1.12500002e-009       -0.005
-1.12000001e-009  0.004906251
-1.11500001e-009 -0.005242187
-1.11000001e-009  0.005000001
-1.10500001e-009 -0.005304687
-1.10000001e-009  0.004156251
-1.09500001e-009 -0.004960937
-1.09000001e-009  0.004250001
-1.08500001e-009 -0.004671875
-1.08000001e-009  0.004867188
-1.07500001e-009 -0.003984375
-1.07000001e-009  0.004929688
-1.06500001e-009 -0.003984375
-1.06000001e-009  0.005000001
-1.05500001e-009       -0.005
-1.05000001e-009  0.005000001
-1.04500001e-009 -0.005585937
-1.04000001e-009  0.004421876
-1.03500001e-009 -0.005992187
-1.03000001e-009  0.004476563
-1.02500001e-009   -0.0055625
-1.02000001e-009  0.005179688
-1.01500001e-009 -0.004203125
-1.01000001e-009  0.005351563
-1.00500001e-009       -0.005
-1.00000001e-009  0.004289063
-9.95000013e-010    -0.005625
-9.90000013e-010  0.003476563
-9.85000013e-010      -0.0055
-9.80000013e-010  0.003226563
-9.75000013e-010 -0.004867187
-9.70000013e-010  0.003367188
-9.65000013e-010 -0.005007812
-9.60000013e-010   0.00309375
-9.55000013e-010       -0.005
-9.50000013e-010        0.003
-9.45000013e-010 -0.005171875
-9.40000013e-010  0.003421876
-9.35000012e-010 -0.005484375
-9.30000012e-010  0.004351563
-9.25000012e-010       -0.005
-9.20000012e-010  0.005000001
-9.15000012e-010 -0.005226562
-9.10000012e-010  0.004765626
-9.05000012e-010   -0.0050625
-9.00000012e-010  0.003796876
-8.95000012e-010 -0.005015625
-8.90000012e-010  0.002929688
-8.85000012e-010 -0.005632812
-8.80000012e-010        0.003
-8.75000012e-010 -0.006484375
-8.70000012e-010  0.003250001
-8.65000012e-010       -0.007
-8.60000011e-010  0.003757813
-8.55000011e-010  -0.00721875
-8.50000011e-010  0.004359376
-8.45000011e-010 -0.007054687
-8.40000011e-010  0.004843751
-8.35000011e-010 -0.006539062
-8.30000011e-010  0.005000001
-8.25000011e-010 -0.006828125
-8.20000011e-010  0.004320313
-8.15000011e-010 -0.007140625
-8.10000011e-010  0.003179688
-8.05000011e-010 -0.008242188
-8.00000011e-010  0.001859375
-7.95000011e-010       -0.009
-7.90000011e-010        0.001
-7.8500001e-010 -0.009601563
-7.8000001e-010 0.0007656254
-7.7500001e-010  -0.01141406
-7.7000001e-010 -0.0004374997
-7.6500001e-010       -0.013
-7.6000001e-010 -0.0009999997
-7.5500001e-010  -0.01458594
-7.5000001e-010 -0.002070312
-7.4500001e-010       -0.017
-7.4000001e-010 -0.003351562
-7.3500001e-010  -0.01784375
-7.3000001e-010 -0.004507812
-7.2500001e-010   -0.0181875
-7.2000001e-010 -0.005671875
-7.1500001e-010  -0.01971094
-7.10000009e-010 -0.007015625
-7.05000009e-010  -0.02078125
-7.00000009e-010 -0.008859375
-6.95000009e-010  -0.02270313
-6.90000009e-010  -0.01024219
-6.85000009e-010  -0.02432031
-6.80000009e-010  -0.01174219
-6.75000009e-010  -0.02559375
-6.70000009e-010       -0.013
-6.65000009e-010       -0.027
-6.60000009e-010      -0.0145
-6.55000009e-010  -0.02878125
-6.50000009e-010  -0.01590625
-6.45000009e-010  -0.03052344
-6.40000009e-010  -0.01589063
-6.35000008e-010  -0.03228906
-6.30000008e-010       -0.017
-6.25000008e-010   -0.0336875
-6.20000008e-010  -0.01951563
-6.15000008e-010  -0.03538281
-6.10000008e-010  -0.02239844
-6.05000008e-010  -0.03694531
-6.00000008e-010       -0.023
-5.95000008e-010   -0.0384375
-5.90000008e-010  -0.02400781
-5.85000008e-010  -0.04022656
-5.80000008e-010  -0.02547656
-5.75000008e-010  -0.04190625
-5.70000008e-010  -0.02727344
-5.65000008e-010  -0.04338281
-5.60000007e-010       -0.029
-5.55000007e-010  -0.04438281
-5.50000007e-010  -0.03089063
-5.45000007e-010  -0.04492188
-5.40000007e-010  -0.03253125
-5.35000007e-010  -0.04546875
-5.30000007e-010       -0.033
-5.25000007e-010  -0.04664844
-5.20000007e-010  -0.03428906
-5.15000007e-010       -0.047
-5.10000007e-010  -0.03619531
-5.05000007e-010  -0.04738281
-5.00000007e-010  -0.03786719
-4.95000007e-010  -0.04848438
-4.90000007e-010  -0.03914063
-4.85000006e-010  -0.04947656
-4.80000006e-010   -0.0398125
-4.75000006e-010  -0.05070313
-4.70000006e-010  -0.04096875
-4.65000006e-010  -0.05084375
-4.60000006e-010  -0.04178906
-4.55000006e-010       -0.051
-4.50000006e-010  -0.04176563
-4.45000006e-010  -0.05063281
-4.40000006e-010    -0.041375
-4.35000006e-010  -0.05094531
-4.30000006e-010       -0.041
-4.25000006e-010   -0.0514375
-4.20000006e-010  -0.04129688
-4.15000006e-010  -0.05259375
-4.10000005e-010  -0.04210938
-4.05000005e-010  -0.05303125
-4.00000005e-010  -0.04171094
-3.95000005e-010  -0.05267188
-3.90000005e-010  -0.04178906
-3.85000005e-010  -0.05185938
-3.80000005e-010  -0.04227344
-3.75000005e-010  -0.05167969
-3.70000005e-010  -0.04221875
-3.65000005e-010  -0.05176563
-3.60000005e-010  -0.04014063
-3.55000005e-010       -0.051
-3.50000005e-010  -0.03788281
-3.45000005e-010  -0.05069531
-3.40000005e-010  -0.03621094
-3.35000004e-010  -0.05007031
-3.30000004e-010  -0.03507031
-3.25000004e-010  -0.04910156
-3.20000004e-010       -0.033
-3.15000004e-010  -0.04797656
-3.10000004e-010   -0.0313125
-3.05000004e-010       -0.047
-3.00000004e-010  -0.03016406
-2.95000004e-010  -0.04495313
-2.90000004e-010  -0.02950781
-2.85000004e-010  -0.04421875
-2.80000004e-010  -0.02883594
-2.75000004e-010       -0.043
-2.70000004e-010  -0.02720313
-2.65000004e-010  -0.04086719
-2.60000003e-010       -0.025
-2.55000003e-010  -0.03926563
-2.50000003e-010  -0.02395313
-2.45000003e-010    -0.037625
-2.40000003e-010  -0.02385156
-2.35000003e-010  -0.03608594
-2.30000003e-010   -0.0243125
-2.25000003e-010     -0.03525
-2.20000003e-010  -0.02292188
-2.15000003e-010      -0.0345
-2.10000003e-010  -0.02094531
-2.05000003e-010   -0.0335625
-2.00000003e-010  -0.01889844
-1.95000003e-010  -0.03285938
-1.90000003e-010  -0.01708594
-1.85000002e-010  -0.03219531
-1.80000002e-010  -0.01573438
-1.75000002e-010  -0.03094531
-1.70000002e-010  -0.01400781
-1.65000002e-010  -0.02916406
-1.60000002e-010  -0.01242188
-1.55000002e-010  -0.02867188
-1.50000002e-010     -0.01225
-1.45000002e-010  -0.02783594
-1.40000002e-010  -0.01314844
-1.35000002e-010  -0.02657031
-1.30000002e-010  -0.01407813
-1.25000002e-010       -0.025
-1.20000002e-010  -0.01235938
-1.15000002e-010    -0.024125
-1.10000001e-010       -0.011
-1.05000001e-010     -0.02325
-1.00000001e-010  -0.01034375
-9.50000013e-011       -0.023
-9.00000012e-011    -0.010125
-8.50000011e-011   -0.0213125
-8.00000011e-011 -0.009054688
-7.5000001e-011  -0.01955469
-7.00000009e-011      -0.0085
-6.50000009e-011       -0.019
-6.00000008e-011 -0.007890625
-5.50000007e-011   -0.0186875
-5.00000007e-011 -0.007101562
-4.50000006e-011  -0.01816406
-4.00000005e-011 -0.006898437
-3.50000005e-011  -0.01754688
-3.00000004e-011       -0.007
-2.50000003e-011  -0.01700781
-2.00000003e-011  -0.00659375
-1.50000002e-011  -0.01673438
-1.00000001e-011 -0.006476562
-5.00000007e-012  -0.01546094
           0 -0.005570312
5.00000007e-012       -0.015
1.00000001e-011       -0.005
1.50000002e-011  -0.01380469
2.00000003e-011 -0.004054687
2.50000003e-011      -0.0135
3.00000004e-011     -0.00375
3.50000005e-011  -0.01350781
4.00000005e-011 -0.003953125
4.50000006e-011  -0.01341406
5.00000007e-011 -0.003429687
5.50000007e-011  -0.01311719
6.00000008e-011 -0.002945312
6.50000009e-011    -0.012625
7.00000009e-011 -0.003171875
7.5000001e-011  -0.01178125
8.00000011e-011       -0.003
8.50000011e-011     -0.01125
9.00000012e-011 -0.002515625
9.50000013e-011  -0.01096094
1.00000001e-010 -0.002390625
1.05000001e-010   -0.0111875
1.10000001e-010  -0.00240625
1.15000002e-010  -0.01110938
1.20000002e-010 -0.001898437
1.25000002e-010       -0.011
1.30000002e-010 -0.0009999997
1.35000002e-010  -0.01184375
1.40000002e-010 -0.001039062
1.45000002e-010  -0.01173438
1.50000002e-010 -0.001320312
1.55000002e-010  -0.01073438
1.60000002e-010 -0.0008828122
1.65000002e-010  -0.01038281
1.70000002e-010 -0.001015625
1.75000002e-010    -0.010125
1.80000002e-010 -0.0009999997
1.85000002e-010 -0.009453125
1.90000003e-010 -0.0004843747
1.95000003e-010 -0.009953125
2.00000003e-010 -0.0006015622
2.05000003e-010  -0.01107031
2.10000003e-010 -0.0006718747
2.15000003e-010    -0.012625
2.20000003e-010 -0.0006562497
2.25000003e-010  -0.01298438
2.30000003e-010 -0.0007109372
2.35000003e-010  -0.01195313
2.40000003e-010 -0.0007187497
2.45000003e-010  -0.01097656
2.50000003e-010 -0.0006796872
2.55000003e-010  -0.01145313
2.60000003e-010 -0.0009999997
2.65000004e-010  -0.01132813
2.70000004e-010 -0.0009999997
2.75000004e-010  -0.01042969
2.80000004e-010 -0.0008828122
2.85000004e-010 -0.009171875
2.90000004e-010 -0.0002187497
2.95000004e-010       -0.009
3.00000004e-010 -6.249965e-005
3.05000004e-010       -0.009
3.10000004e-010 -0.0002421872
3.15000004e-010  -0.00940625
3.20000004e-010 -0.0001328122
3.25000004e-010    -0.009625
3.30000004e-010 -0.0003203122
3.35000004e-010 -0.009398438
3.40000005e-010 -0.0005781247
3.45000005e-010 -0.009109375
3.50000005e-010 0.0006093754
3.55000005e-010       -0.009
3.60000005e-010     0.001125
3.65000005e-010 -0.008828125
3.70000005e-010  0.001351563
3.75000005e-010       -0.009
3.80000005e-010  0.001460938
3.85000005e-010 -0.009203125
3.90000005e-010   0.00159375
3.95000005e-010 -0.009117188
4.00000005e-010  0.002609375
4.05000005e-010  -0.00840625
4.10000005e-010  0.003203126
4.15000006e-010 -0.007226562
4.20000006e-010  0.003226563
4.25000006e-010    -0.006875
4.30000006e-010  0.004718751
4.35000006e-010 -0.006804687
4.40000006e-010  0.005359376
4.45000006e-010    -0.006125
4.50000006e-010  0.005000001
4.55000006e-010 -0.005171875
4.60000006e-010  0.003617188
4.65000006e-010 -0.005304687
4.70000006e-010  0.003898438
4.75000006e-010  -0.00553125
4.80000006e-010  0.005687501
4.85000006e-010 -0.005265625
4.90000007e-010  0.006843751
4.95000007e-010 -0.005484375
5.00000007e-010  0.006781251
5.05000007e-010       -0.005
5.10000007e-010  0.005546876
5.15000007e-010       -0.005
5.20000007e-010  0.005078126
5.25000007e-010 -0.004734375
5.30000007e-010  0.005453126
5.35000007e-010    -0.003875
5.40000007e-010  0.006570313
5.45000007e-010 -0.003648437
5.50000007e-010  0.007343751
5.55000007e-010 -0.003101562
5.60000007e-010  0.007593751
5.65000008e-010 -0.002914062
5.70000008e-010  0.008382813
5.75000008e-010    -0.002875
5.80000008e-010  0.009140626
5.85000008e-010 -0.002984375
5.90000008e-010  0.009234376
5.95000008e-010    -0.003375
6.00000008e-010  0.008531251
6.05000008e-010   -0.0034375
6.10000008e-010  0.008976563
6.15000008e-010 -0.002679687
6.20000008e-010  0.009695313
6.25000008e-010 -0.001359375
6.30000008e-010   0.01090625
6.35000008e-010  -0.00140625
6.40000009e-010        0.011
6.45000009e-010  -0.00184375
6.50000009e-010  0.009773438
6.55000009e-010 -0.001710937
6.60000009e-010  0.007765626
6.65000009e-010  -0.00128125
6.70000009e-010  0.008906251
6.75000009e-010 -0.001585937
6.80000009e-010  0.009398438
6.85000009e-010 -0.001554687
6.90000009e-010  0.009000001
6.95000009e-010 -0.0009999997
7.00000009e-010  0.007585938
7.05000009e-010 -0.0001953122
7.10000009e-010  0.007984376
7.1500001e-010 -0.0004062497
7.2000001e-010  0.008460938
7.2500001e-010 -0.0009999997
7.3000001e-010  0.008406251
7.3500001e-010 -0.001328125
7.4000001e-010  0.008867188
7.4500001e-010    -0.001125
7.5000001e-010  0.009281251
7.5500001e-010 -0.0009921872
7.6000001e-010  0.009000001
7.6500001e-010 -0.0008046872
7.7000001e-010  0.009000001
7.7500001e-010    -0.001125
7.8000001e-010  0.008921876
7.8500001e-010 -0.001109375
7.90000011e-010  0.009171876
7.95000011e-010 -0.0009999997
8.00000011e-010  0.009242188
8.05000011e-010 -1.562465e-005
8.10000011e-010  0.009031251
8.15000011e-010 -0.0005156247
8.20000011e-010  0.008070313
8.25000011e-010 -0.001242187
8.30000011e-010  0.008234376
8.35000011e-010 -0.001484375
8.40000011e-010  0.008664063
8.45000011e-010 -0.0009999997
8.50000011e-010  0.008929688
8.55000011e-010 -0.0009999997
8.60000011e-010  0.008968751
8.65000012e-010 -0.0006249997
8.70000012e-010  0.009000001
8.75000012e-010 -0.0001953122
8.80000012e-010   0.01008594
8.85000012e-010 -0.0006328122
8.90000012e-010   0.01100781
8.95000012e-010 -0.0009999997
9.00000012e-010   0.01157813
9.05000012e-010 -0.001109375
9.10000012e-010   0.01160156
9.15000012e-010 -0.0004374997
9.20000012e-010        0.011
9.25000012e-010 0.0007343754
9.30000012e-010   0.01129688
9.35000012e-010 0.0008906254
9.40000013e-010   0.01129688
9.45000013e-010 0.0006406254
9.50000013e-010   0.01241406
9.55000013e-010 0.0007656254
9.60000013e-010        0.013
9.65000013e-010 0.0005546879
9.70000013e-010   0.01230469
9.75000013e-010 -3.124965e-005
9.80000013e-010   0.01169531
9.85000013e-010 8.593785e-005
9.90000013e-010   0.01255469
9.95000013e-010 0.0007031254
1.00000001e-009   0.01271875
1.00500001e-009 0.0005937504
1.01000001e-009   0.01230469
1.01500001e-009 -0.0003671872
1.02000001e-009   0.01149219
1.02500001e-009 -0.001015625
1.03000001e-009   0.01066406
1.03500001e-009 -0.0006874997
1.04000001e-009  0.009953126
1.04500001e-009 -0.0002734372
1.05000001e-009  0.009718751
1.05500001e-009 0.0001718754
1.06000001e-009  0.009664063
1.06500001e-009 0.0008671879
1.07000001e-009   0.01015625
1.07500001e-009 0.0005625004
1.08000001e-009   0.01077344
1.08500001e-009 0.0001718754
1.09000001e-009   0.01140625
1.09500001e-009 0.0003984379
1.10000001e-009   0.01196875
1.10500001e-009 0.0005781254
1.11000001e-009   0.01213281
1.11500001e-009 0.0005859379
1.12000001e-009   0.01190625
1.12500002e-009  0.001039063
1.13000002e-009   0.01135938
1.13500002e-009     0.001875
1.14000002e-009   0.01057813
1.14500002e-009       0.0025
1.15000002e-009   0.01090625
1.15500002e-009  0.001585938
1.16000002e-009   0.01082813
1.16500002e-009 0.0009296879
1.17000002e-009   0.01132813
1.17500002e-009  0.001414063
1.18000002e-009    0.0113125
1.18500002e-009   0.00171875
1.19000002e-009   0.01232031
1.19500002e-009  0.001140625
1.20000002e-009        0.013
1.20500002e-009  0.001265625
1.21000002e-009   0.01389063
1.21500002e-009  0.001960938
1.22000002e-009   0.01410938
1.22500002e-009  0.002789063
1.23000002e-009   0.01490625
1.23500002e-009   0.00278125
1.24000002e-009   0.01470313
1.24500002e-009  0.002664063
1.25000002e-009   0.01319531
