-2.49000003e-009 -0.004210937
-2.48000003e-009 -0.004289062
-2.47000003e-009 -0.004382812
-2.46000003e-009 -0.004414062
-2.45000003e-009 -0.004421875
-2.44000003e-009 -0.004390625
-2.43000003e-009 -0.004296875
-2.42000003e-009 -0.004234375
-2.41000003e-009 -0.004195312
-2.40000003e-009 -0.004132812
-2.39000003e-009   -0.0040625
-2.38000003e-009 -0.004054687
-2.37000003e-009 -0.004070312
-2.36000003e-009 -0.004070312
-2.35000003e-009 -0.004101562
-2.34000003e-009 -0.004140625
-2.33000003e-009 -0.004171875
-2.32000003e-009 -0.004289062
-2.31000003e-009  -0.00434375
-2.30000003e-009  -0.00440625
-2.29000003e-009 -0.004429687
-2.28000003e-009 -0.004484375
-2.27000003e-009 -0.004515625
-2.26000003e-009 -0.004554687
-2.25000003e-009  -0.00459375
-2.24000003e-009   -0.0046875
-2.23000003e-009 -0.004773437
-2.22000003e-009 -0.004867187
-2.21000003e-009 -0.004960937
-2.20000003e-009 -0.005007812
-2.19000003e-009 -0.004992187
-2.18000003e-009 -0.004914062
-2.17000003e-009 -0.004851562
-2.16000003e-009 -0.004703125
-2.15000003e-009 -0.004585937
-2.14000003e-009 -0.004515625
-2.13000003e-009      -0.0045
-2.12000003e-009 -0.004507812
-2.11000003e-009  -0.00453125
-2.10000003e-009 -0.004539062
-2.09000003e-009 -0.004546875
-2.08000003e-009 -0.004539062
-2.07000003e-009  -0.00446875
-2.06000003e-009 -0.004445312
-2.05000003e-009  -0.00440625
-2.04000003e-009 -0.004367187
-2.03000003e-009  -0.00434375
-2.02000003e-009  -0.00434375
-2.01000003e-009 -0.004304687
-2.00000003e-009 -0.004289062
-1.99000003e-009 -0.004273437
-1.98000003e-009 -0.004273437
-1.97000003e-009     -0.00425
-1.96000003e-009 -0.004234375
-1.95000003e-009 -0.004289062
-1.94000003e-009   -0.0043125
-1.93000003e-009 -0.004398437
-1.92000003e-009 -0.004421875
-1.91000003e-009 -0.004453125
-1.90000003e-009  -0.00446875
-1.89000003e-009 -0.004429687
-1.88000003e-009 -0.004390625
-1.87000002e-009 -0.004367187
-1.86000002e-009 -0.004320312
-1.85000002e-009 -0.004242187
-1.84000002e-009 -0.004179687
-1.83000002e-009 -0.004171875
-1.82000002e-009 -0.004148437
-1.81000002e-009 -0.004140625
-1.80000002e-009  -0.00415625
-1.79000002e-009 -0.004179687
-1.78000002e-009  -0.00415625
-1.77000002e-009 -0.004179687
-1.76000002e-009 -0.004148437
-1.75000002e-009 -0.004117187
-1.74000002e-009 -0.004070312
-1.73000002e-009 -0.003984375
-1.72000002e-009 -0.003890625
-1.71000002e-009  -0.00378125
-1.70000002e-009 -0.003632812
-1.69000002e-009   -0.0035625
-1.68000002e-009      -0.0035
-1.67000002e-009 -0.003460937
-1.66000002e-009 -0.003484375
-1.65000002e-009 -0.003484375
-1.64000002e-009   -0.0035625
-1.63000002e-009  -0.00359375
-1.62000002e-009    -0.003625
-1.61000002e-009 -0.003609375
-1.60000002e-009 -0.003523437
-1.59000002e-009 -0.003398437
-1.58000002e-009 -0.003265625
-1.57000002e-009    -0.003125
-1.56000002e-009 -0.002992187
-1.55000002e-009 -0.002914062
-1.54000002e-009 -0.002921875
-1.53000002e-009 -0.002945312
-1.52000002e-009       -0.003
-1.51000002e-009 -0.003054687
-1.50000002e-009 -0.003039062
-1.49000002e-009  -0.00303125
-1.48000002e-009 -0.002992187
-1.47000002e-009 -0.002914062
-1.46000002e-009    -0.002875
-1.45000002e-009 -0.002828125
-1.44000002e-009  -0.00284375
-1.43000002e-009 -0.002921875
-1.42000002e-009 -0.002953125
-1.41000002e-009 -0.002945312
-1.40000002e-009  -0.00296875
-1.39000002e-009 -0.002890625
-1.38000002e-009 -0.002765625
-1.37000002e-009    -0.002625
-1.36000002e-009 -0.002523437
-1.35000002e-009 -0.002414062
-1.34000002e-009 -0.002414062
-1.33000002e-009  -0.00246875
-1.32000002e-009 -0.002515625
-1.31000002e-009 -0.002578125
-1.30000002e-009 -0.002601562
-1.29000002e-009 -0.002570312
-1.28000002e-009      -0.0025
-1.27000002e-009 -0.002367187
-1.26000002e-009 -0.002273437
-1.25000002e-009 -0.002203125
-1.24000002e-009 -0.002179687
-1.23000002e-009 -0.002171875
-1.22000002e-009 -0.002234375
-1.21000002e-009 -0.002257812
-1.20000002e-009 -0.002234375
-1.19000002e-009   -0.0021875
-1.18000002e-009 -0.002109375
-1.17000002e-009 -0.001984375
-1.16000002e-009 -0.001945312
-1.15000002e-009 -0.001921875
-1.14000002e-009 -0.001945312
-1.13000002e-009 -0.002023437
-1.12000001e-009 -0.002132812
-1.11000001e-009 -0.002242187
-1.10000001e-009 -0.002320312
-1.09000001e-009    -0.002375
-1.08000001e-009 -0.002398437
-1.07000001e-009 -0.002335937
-1.06000001e-009  -0.00228125
-1.05000001e-009  -0.00221875
-1.04000001e-009 -0.002140625
-1.03000001e-009 -0.002070312
-1.02000001e-009 -0.002015625
-1.01000001e-009 -0.001976562
-1.00000001e-009 -0.001960937
-9.90000013e-010 -0.001960937
-9.80000013e-010 -0.001953125
-9.70000013e-010  -0.00196875
-9.60000013e-010 -0.002054687
-9.50000013e-010  -0.00215625
-9.40000013e-010 -0.002226562
-9.30000012e-010 -0.002359375
-9.20000012e-010  -0.00246875
-9.10000012e-010 -0.002585937
-9.00000012e-010 -0.002726562
-8.90000012e-010 -0.002828125
-8.80000012e-010 -0.002984375
-8.70000012e-010  -0.00315625
-8.60000011e-010 -0.003429687
-8.50000011e-010 -0.003703125
-8.40000011e-010 -0.004054687
-8.30000011e-010 -0.004492187
-8.20000011e-010 -0.005023437
-8.10000011e-010 -0.005570312
-8.00000011e-010 -0.006179687
-7.90000011e-010 -0.006929687
-7.8000001e-010     -0.00775
-7.7000001e-010   -0.0086875
-7.6000001e-010 -0.009796875
-7.5000001e-010  -0.01100781
-7.4000001e-010  -0.01239844
-7.3000001e-010  -0.01392188
-7.2000001e-010      -0.0155
-7.10000009e-010  -0.01714844
-7.00000009e-010  -0.01878125
-6.90000009e-010  -0.02042188
-6.80000009e-010  -0.02203906
-6.70000009e-010  -0.02364844
-6.60000009e-010  -0.02527344
-6.50000009e-010  -0.02691406
-6.40000009e-010  -0.02863281
-6.30000008e-010  -0.03028906
-6.20000008e-010  -0.03201563
-6.10000008e-010  -0.03366406
-6.00000008e-010  -0.03525781
-5.90000008e-010  -0.03669531
-5.80000008e-010  -0.03805469
-5.70000008e-010  -0.03928125
-5.60000007e-010  -0.04045313
-5.50000007e-010  -0.04151563
-5.40000007e-010  -0.04254688
-5.30000007e-010  -0.04353906
-5.20000007e-010  -0.04439063
-5.10000007e-010  -0.04525781
-5.00000007e-010       -0.046
-4.90000007e-010  -0.04671875
-4.80000006e-010   -0.0473125
-4.70000006e-010  -0.04785938
-4.60000006e-010  -0.04835938
-4.50000006e-010  -0.04873438
-4.40000006e-010  -0.04903906
-4.30000006e-010  -0.04923438
-4.20000006e-010     -0.04925
-4.10000005e-010    -0.049125
-4.00000005e-010  -0.04883594
-3.90000005e-010  -0.04838281
-3.80000005e-010  -0.04782813
-3.70000005e-010    -0.047125
-3.60000005e-010  -0.04635156
-3.50000005e-010  -0.04546875
-3.40000005e-010  -0.04442188
-3.30000004e-010  -0.04328125
-3.20000004e-010       -0.042
-3.10000004e-010  -0.04059375
-3.00000004e-010  -0.03907813
-2.90000004e-010      -0.0375
-2.80000004e-010  -0.03591406
-2.70000004e-010  -0.03433594
-2.60000003e-010  -0.03286719
-2.50000003e-010      -0.0315
-2.40000003e-010  -0.03017188
-2.30000003e-010  -0.02892969
-2.20000003e-010  -0.02775781
-2.10000003e-010  -0.02665625
-2.00000003e-010  -0.02553125
-1.90000003e-010  -0.02442969
-1.80000002e-010  -0.02340625
-1.70000002e-010  -0.02240625
-1.60000002e-010      -0.0215
-1.50000002e-010  -0.02067969
-1.40000002e-010  -0.01992188
-1.30000002e-010  -0.01919531
-1.20000002e-010  -0.01853125
-1.10000001e-010  -0.01782813
-1.00000001e-010  -0.01710938
-9.00000012e-011   -0.0164375
-8.00000011e-011  -0.01571875
-7.00000009e-011  -0.01507031
-6.00000008e-011  -0.01442188
-5.00000007e-011  -0.01383594
-4.00000005e-011  -0.01328906
-3.00000004e-011  -0.01278125
-2.00000003e-011  -0.01226563
-1.00000001e-011  -0.01171875
           0  -0.01124219
1.00000001e-011  -0.01071094
2.00000003e-011     -0.01025
3.00000004e-011 -0.009867188
4.00000005e-011 -0.009554688
5.00000007e-011  -0.00928125
6.00000008e-011 -0.009070313
7.00000009e-011 -0.008859375
8.00000011e-011 -0.008640625
9.00000012e-011 -0.008421875
1.00000001e-010 -0.008273438
1.10000001e-010   -0.0081875
1.20000002e-010  -0.00809375
1.30000002e-010 -0.008132813
1.40000002e-010 -0.008210938
1.50000002e-010  -0.00828125
1.60000002e-010 -0.008421875
1.70000002e-010      -0.0085
1.80000002e-010      -0.0085
1.90000003e-010 -0.008460938
2.00000003e-010 -0.008382813
2.10000003e-010 -0.008242188
2.20000003e-010 -0.008070313
2.30000003e-010 -0.007945313
2.40000003e-010     -0.00775
2.50000003e-010 -0.007554688
2.60000003e-010 -0.007367188
2.70000004e-010 -0.007085937
2.80000004e-010 -0.006804687
2.90000004e-010 -0.006445312
3.00000004e-010 -0.006140625
3.10000004e-010 -0.005789062
3.20000004e-010 -0.005484375
3.30000004e-010 -0.005210937
3.40000005e-010 -0.004984375
3.50000005e-010 -0.004789062
3.60000005e-010    -0.004625
3.70000005e-010 -0.004453125
3.80000005e-010 -0.004273437
3.90000005e-010 -0.004101562
4.00000005e-010 -0.003882812
4.10000005e-010 -0.003679687
4.20000006e-010  -0.00340625
4.30000006e-010 -0.003195312
4.40000006e-010 -0.002882812
4.50000006e-010 -0.002640625
4.60000006e-010 -0.002335937
4.70000006e-010 -0.002109375
4.80000006e-010 -0.001898437
4.90000007e-010 -0.001671875
5.00000007e-010  -0.00146875
5.10000007e-010 -0.001304687
5.20000007e-010    -0.001125
5.30000007e-010 -0.0008906247
5.40000007e-010 -0.0005624997
5.50000007e-010 -0.0002031247
5.60000007e-010 0.0001718754
5.70000008e-010 0.0005781254
5.80000008e-010 0.0009375004
5.90000008e-010      0.00125
6.00000008e-010  0.001460938
6.10000008e-010  0.001554688
6.20000008e-010   0.00159375
6.30000008e-010  0.001601563
6.40000009e-010  0.001648438
6.50000009e-010  0.001710938
6.60000009e-010  0.001851563
6.70000009e-010  0.002054688
6.80000009e-010  0.002242188
6.90000009e-010   0.00240625
7.00000009e-010  0.002484375
7.10000009e-010  0.002515625
7.2000001e-010   0.00246875
7.3000001e-010  0.002382813
7.4000001e-010    0.0023125
7.5000001e-010  0.002257813
7.6000001e-010  0.002273438
7.7000001e-010  0.002351563
7.8000001e-010  0.002492188
7.90000011e-010     0.002625
8.00000011e-010  0.002742188
8.10000011e-010  0.002820313
8.20000011e-010  0.002882813
8.30000011e-010   0.00290625
8.40000011e-010  0.002898438
8.50000011e-010  0.002890625
8.60000011e-010     0.002875
8.70000012e-010  0.002882813
8.80000012e-010  0.002929688
8.90000012e-010  0.002976563
9.00000012e-010  0.003085938
9.10000012e-010  0.003187501
9.20000012e-010  0.003320313
9.30000012e-010  0.003476563
9.40000013e-010  0.003609376
9.50000013e-010  0.003750001
9.60000013e-010  0.003867188
9.70000013e-010  0.003945313
9.80000013e-010  0.004007813
9.90000013e-010  0.004078126
1.00000001e-009  0.004117188
1.01000001e-009  0.004132813
1.02000001e-009  0.004203126
1.03000001e-009  0.004250001
1.04000001e-009  0.004351563
1.05000001e-009  0.004437501
1.06000001e-009  0.004562501
1.07000001e-009  0.004695313
1.08000001e-009  0.004820313
1.09000001e-009  0.004914063
1.10000001e-009  0.005054688
1.11000001e-009  0.005171876
1.12000001e-009  0.005242188
1.13000002e-009  0.005367188
1.14000002e-009  0.005437501
1.15000002e-009  0.005476563
1.16000002e-009  0.005523438
1.17000002e-009  0.005546876
1.18000002e-009  0.005578126
1.19000002e-009  0.005578126
1.20000002e-009  0.005656251
1.21000002e-009  0.005742188
1.22000002e-009  0.005843751
1.23000002e-009  0.005953126
1.24000002e-009  0.006148438
1.25000002e-009  0.006304688
1.26000002e-009  0.006531251
1.27000002e-009  0.006703126
1.28000002e-009  0.006898438
1.29000002e-009  0.007007813
1.30000002e-009  0.007078126
1.31000002e-009  0.007125001
1.32000002e-009  0.007132813
1.33000002e-009  0.007085938
1.34000002e-009  0.007070313
1.35000002e-009  0.007054688
1.36000002e-009  0.007078126
1.37000002e-009  0.007070313
1.38000002e-009  0.007125001
1.39000002e-009  0.007171876
1.40000002e-009  0.007234376
1.41000002e-009  0.007257813
1.42000002e-009  0.007312501
1.43000002e-009  0.007296876
1.44000002e-009  0.007328126
1.45000002e-009  0.007375001
1.46000002e-009  0.007398438
1.47000002e-009  0.007445313
1.48000002e-009  0.007468751
1.49000002e-009  0.007437501
1.50000002e-009  0.007437501
1.51000002e-009  0.007390626
1.52000002e-009  0.007367188
1.53000002e-009  0.007320313
1.54000002e-009  0.007289063
1.55000002e-009  0.007296876
1.56000002e-009  0.007335938
1.57000002e-009  0.007414063
1.58000002e-009  0.007554688
1.59000002e-009  0.007695313
1.60000002e-009  0.007835938
1.61000002e-009  0.007976563
1.62000002e-009  0.008062501
1.63000002e-009  0.008125001
1.64000002e-009  0.008171876
1.65000002e-009  0.008140626
1.66000002e-009  0.008093751
1.67000002e-009  0.008031251
1.68000002e-009  0.007984376
1.69000002e-009  0.007984376
1.70000002e-009  0.008023438
1.71000002e-009  0.008085938
1.72000002e-009  0.008171876
1.73000002e-009  0.008343751
1.74000002e-009  0.008414063
1.75000002e-009  0.008484376
1.76000002e-009  0.008554688
1.77000002e-009  0.008554688
1.78000002e-009  0.008546876
1.79000002e-009  0.008492188
1.80000002e-009  0.008484376
1.81000002e-009  0.008500001
1.82000002e-009  0.008539063
1.83000002e-009  0.008609376
1.84000002e-009  0.008726563
1.85000002e-009  0.008828126
1.86000002e-009  0.008945313
1.87000002e-009  0.009007813
1.88000003e-009  0.009031251
1.89000003e-009  0.009039063
1.90000003e-009  0.009031251
1.91000003e-009  0.009000001
1.92000003e-009  0.008960938
1.93000003e-009  0.008921876
1.94000003e-009  0.008968751
1.95000003e-009  0.008984376
1.96000003e-009  0.009046876
1.97000003e-009  0.009164063
1.98000003e-009  0.009289063
1.99000003e-009  0.009367188
2.00000003e-009  0.009437501
2.01000003e-009  0.009515626
2.02000003e-009  0.009500001
2.03000003e-009  0.009421876
2.04000003e-009  0.009367188
2.05000003e-009  0.009289063
2.06000003e-009  0.009210938
2.07000003e-009  0.009171876
2.08000003e-009  0.009179688
2.09000003e-009  0.009218751
2.10000003e-009  0.009304688
2.11000003e-009  0.009359376
2.12000003e-009  0.009437501
2.13000003e-009  0.009515626
2.14000003e-009  0.009570313
2.15000003e-009  0.009546876
2.16000003e-009  0.009546876
2.17000003e-009  0.009515626
2.18000003e-009  0.009515626
2.19000003e-009  0.009507813
2.20000003e-009  0.009492188
2.21000003e-009  0.009476563
2.22000003e-009  0.009437501
2.23000003e-009  0.009414063
2.24000003e-009  0.009351563
2.25000003e-009  0.009312501
2.26000003e-009  0.009289063
2.27000003e-009  0.009273438
2.28000003e-009  0.009296876
2.29000003e-009  0.009343751
2.30000003e-009  0.009359376
2.31000003e-009  0.009414063
2.32000003e-009  0.009460938
2.33000003e-009  0.009468751
2.34000003e-009  0.009468751
2.35000003e-009  0.009437501
2.36000003e-009  0.009429688
2.37000003e-009  0.009492188
2.38000003e-009  0.009562501
2.39000003e-009  0.009625001
2.40000003e-009  0.009671876
2.41000003e-009  0.009718751
2.42000003e-009  0.009710938
2.43000003e-009  0.009640626
2.44000003e-009  0.009546876
2.45000003e-009  0.009460938
2.46000003e-009  0.009375001
2.47000003e-009  0.009328126
2.48000003e-009  0.009296876
2.49000003e-009  0.009343751
2.50000003e-009  0.009414063
