+3.00000000000E+005  -8.34119934298E+001
+7.79850000000E+006  -8.81246832482E+001
+1.52970000000E+007  -7.91795223089E+001
+2.27955000000E+007  -7.79832213027E+001
+3.02940000000E+007  -7.82876937338E+001
+3.77925000000E+007  -8.68015776437E+001
+4.52910000000E+007  -7.96531377593E+001
+5.27895000000E+007  -7.46298523098E+001
+6.02880000000E+007  -7.82111564121E+001
+6.77865000000E+007  -1.03408933958E+002
+7.52850000000E+007  -6.88470510752E+001
+8.27835000000E+007  -6.64374442748E+001
+9.02820000000E+007  -6.84601880007E+001
+9.77805000000E+007  -8.41990086317E+001
+1.05279000000E+008  -8.34403604217E+001
+1.12777500000E+008  -6.62999425484E+001
+1.20276000000E+008  -7.33497489538E+001
+1.27774500000E+008  -7.29187272813E+001
+1.35273000000E+008  -6.30647102767E+001
+1.42771500000E+008  -6.57651429951E+001
+1.50270000000E+008  -6.96621571186E+001
+1.57768500000E+008  -6.27613266483E+001
+1.65267000000E+008  -6.13610045753E+001
+1.72765500000E+008  -5.96686738248E+001
+1.80264000000E+008  -7.40396242612E+001
+1.87762500000E+008  -5.88110267539E+001
+1.95261000000E+008  -7.34665819621E+001
+2.02759500000E+008  -6.19923496796E+001
+2.10258000000E+008  -7.12042147424E+001
+2.17756500000E+008  -5.76931674602E+001
+2.25255000000E+008  -6.35567422471E+001
+2.32753500000E+008  -6.55598084296E+001
+2.40252000000E+008  -6.73456543377E+001
+2.47750500000E+008  -6.77968006998E+001
+2.55249000000E+008  -6.46404113654E+001
+2.62747500000E+008  -6.62862045648E+001
+2.70246000000E+008  -6.81627909143E+001
+2.77744500000E+008  -6.17846853812E+001
+2.85243000000E+008  -7.16047667668E+001
+2.92741500000E+008  -6.23234366961E+001
+3.00240000000E+008  -6.15865594432E+001
+3.07738500000E+008  -5.97980193937E+001
+3.15237000000E+008  -6.54908541742E+001
+3.22735500000E+008  -6.89506907650E+001
+3.30234000000E+008  -7.63653143450E+001
+3.37732500000E+008  -5.83952331021E+001
+3.45231000000E+008  -5.83381322004E+001
+3.52729500000E+008  -7.14540260226E+001
+3.60228000000E+008  -6.34268560464E+001
+3.67726500000E+008  -5.85846090862E+001
+3.75225000000E+008  -5.83133657692E+001
+3.82723500000E+008  -5.96156359120E+001
+3.90222000000E+008  -6.32566332469E+001
+3.97720500000E+008  -6.39541407181E+001
+4.05219000000E+008  -7.60236700113E+001
+4.12717500000E+008  -6.37578813623E+001
+4.20216000000E+008  -6.88076876347E+001
+4.27714500000E+008  -6.13175900766E+001
+4.35213000000E+008  -7.89367685005E+001
+4.42711500000E+008  -7.23237118334E+001
+4.50210000000E+008  -6.17941792699E+001
+4.57708500000E+008  -6.02216222788E+001
+4.65207000000E+008  -6.05382250733E+001
+4.72705500000E+008  -6.05452127311E+001
+4.80204000000E+008  -6.35709127860E+001
+4.87702500000E+008  -6.90637954770E+001
+4.95201000000E+008  -6.28974391343E+001
+5.02699500000E+008  -6.73847239026E+001
+5.10198000000E+008  -6.24013598070E+001
+5.17696500000E+008  -6.36910339005E+001
+5.25195000000E+008  -6.53076010433E+001
+5.32693500000E+008  -7.63812428998E+001
+5.40192000000E+008  -6.72148741632E+001
+5.47690500000E+008  -6.28687842643E+001
+5.55189000000E+008  -6.72321908857E+001
+5.62687500000E+008  -7.31889599532E+001
+5.70186000000E+008  -6.68371490485E+001
+5.77684500000E+008  -7.36044070689E+001
+5.85183000000E+008  -6.46780162008E+001
+5.92681500000E+008  -8.12295810818E+001
+6.00180000000E+008  -6.18000627566E+001
+6.07678500000E+008  -7.33060750665E+001
+6.15177000000E+008  -6.22752487094E+001
+6.22675500000E+008  -6.68134684628E+001
+6.30174000000E+008  -6.83583944832E+001
+6.37672500000E+008  -6.67964664556E+001
+6.45171000000E+008  -6.98794120324E+001
+6.52669500000E+008  -6.95842994348E+001
+6.60168000000E+008  -7.17434071539E+001
+6.67666500000E+008  -6.51767171256E+001
+6.75165000000E+008  -7.00590373516E+001
+6.82663500000E+008  -8.12965119928E+001
+6.90162000000E+008  -7.07128553152E+001
+6.97660500000E+008  -6.67767430438E+001
+7.05159000000E+008  -7.02449438874E+001
+7.12657500000E+008  -6.46345911517E+001
+7.20156000000E+008  -6.98754048876E+001
+7.27654500000E+008  -6.42723141158E+001
+7.35153000000E+008  -7.10868741877E+001
+7.42651500000E+008  -7.02375631579E+001
+7.50150000000E+008  -7.22098865165E+001
+7.57648500000E+008  -7.33352312177E+001
+7.65147000000E+008  -6.39368869929E+001
+7.72645500000E+008  -7.34828514024E+001
+7.80144000000E+008  -6.57533989530E+001
+7.87642500000E+008  -7.11200779048E+001
+7.95141000000E+008  -7.18516498636E+001
+8.02639500000E+008  -6.87357101754E+001
+8.10138000000E+008  -8.20609519162E+001
+8.17636500000E+008  -6.83104141150E+001
+8.25135000000E+008  -7.05407370290E+001
+8.32633500000E+008  -7.91512778283E+001
+8.40132000000E+008  -6.77779707580E+001
+8.47630500000E+008  -6.65570299239E+001
+8.55129000000E+008  -8.03600659029E+001
+8.62627500000E+008  -7.03415537527E+001
+8.70126000000E+008  -6.76835827082E+001
+8.77624500000E+008  -7.43023367279E+001
+8.85123000000E+008  -6.83676957853E+001
+8.92621500000E+008  -7.54858537048E+001
+9.00120000000E+008  -7.10003879789E+001
+9.07618500000E+008  -6.99294886153E+001
+9.15117000000E+008  -6.77040351435E+001
+9.22615500000E+008  -7.54118611449E+001
+9.30114000000E+008  -6.49789802734E+001
+9.37612500000E+008  -6.83976381230E+001
+9.45111000000E+008  -6.55057717639E+001
+9.52609500000E+008  -7.18088687341E+001
+9.60108000000E+008  -7.65311803216E+001
+9.67606500000E+008  -7.45517917064E+001
+9.75105000000E+008  -7.10351976612E+001
+9.82603500000E+008  -7.11065654354E+001
+9.90102000000E+008  -6.98600953684E+001
+9.97600500000E+008  -7.45686362561E+001
+1.00509900000E+009  -7.38362623853E+001
+1.01259750000E+009  -7.15666481588E+001
+1.02009600000E+009  -7.29188864903E+001
+1.02759450000E+009  -7.05864713783E+001
+1.03509300000E+009  -7.36835051096E+001
+1.04259150000E+009  -8.27994150434E+001
+1.05009000000E+009  -7.17464748528E+001
+1.05758850000E+009  -6.84333997988E+001
+1.06508700000E+009  -6.97563906260E+001
+1.07258550000E+009  -7.23438007181E+001
+1.08008400000E+009  -7.91143414846E+001
+1.08758250000E+009  -7.90024489588E+001
+1.09508100000E+009  -7.74564285221E+001
+1.10257950000E+009  -7.07032283031E+001
+1.11007800000E+009  -6.84518288831E+001
+1.11757650000E+009  -8.61294730447E+001
+1.12507500000E+009  -7.14596269007E+001
+1.13257350000E+009  -7.09691960571E+001
+1.14007200000E+009  -7.84283400873E+001
+1.14757050000E+009  -7.18012129881E+001
+1.15506900000E+009  -7.05946160953E+001
+1.16256750000E+009  -7.93828231906E+001
+1.17006600000E+009  -7.54503616858E+001
+1.17756450000E+009  -7.15359818836E+001
+1.18506300000E+009  -7.94779446981E+001
+1.19256150000E+009  -7.95169868645E+001
+1.20006000000E+009  -7.16622790608E+001
+1.20755850000E+009  -7.46357911101E+001
+1.21505700000E+009  -7.46535648505E+001
+1.22255550000E+009  -7.91485497617E+001
+1.23005400000E+009  -8.11283742946E+001
+1.23755250000E+009  -7.47528708259E+001
+1.24505100000E+009  -7.34592353854E+001
+1.25254950000E+009  -7.32917513315E+001
+1.26004800000E+009  -8.14454104161E+001
+1.26754650000E+009  -7.41003327134E+001
+1.27504500000E+009  -7.62744536087E+001
+1.28254350000E+009  -7.53504306703E+001
+1.29004200000E+009  -8.10853441839E+001
+1.29754050000E+009  -9.28286028385E+001
+1.30503900000E+009  -7.59921313993E+001
+1.31253750000E+009  -7.71045369039E+001
+1.32003600000E+009  -8.12962662850E+001
+1.32753450000E+009  -8.16836163282E+001
+1.33503300000E+009  -7.79520366703E+001
+1.34253150000E+009  -7.70357758995E+001
+1.35003000000E+009  -7.84020564309E+001
+1.35752850000E+009  -8.49945048985E+001
+1.36502700000E+009  -7.71284664760E+001
+1.37252550000E+009  -8.91855169044E+001
+1.38002400000E+009  -8.60184416763E+001
+1.38752250000E+009  -7.55724680465E+001
+1.39502100000E+009  -7.98540695104E+001
+1.40251950000E+009  -8.10083689964E+001
+1.41001800000E+009  -7.87304258663E+001
+1.41751650000E+009  -7.65538887565E+001
+1.42501500000E+009  -7.64971733287E+001
+1.43251350000E+009  -7.84365160868E+001
+1.44001200000E+009  -8.32849248402E+001
+1.44751050000E+009  -8.12349194023E+001
+1.45500900000E+009  -7.77885005981E+001
+1.46250750000E+009  -7.76406671691E+001
+1.47000600000E+009  -8.56298590260E+001
+1.47750450000E+009  -8.40991596021E+001
+1.48500300000E+009  -7.94823501192E+001
+1.49250150000E+009  -8.22606082773E+001
+1.50000000000E+009  -7.87820291343E+001
