-1.24500002e-009 -0.002148437
-1.24000002e-009 -0.002117187
-1.23500002e-009 -0.002078125
-1.23000002e-009 -0.002078125
-1.22500002e-009 -0.002078125
-1.22000002e-009 -0.002078125
-1.21500002e-009 -0.002085937
-1.21000002e-009 -0.002117187
-1.20500002e-009 -0.002109375
-1.20000002e-009 -0.002148437
-1.19500002e-009    -0.002125
-1.19000002e-009 -0.002109375
-1.18500002e-009 -0.002109375
-1.18000002e-009 -0.002085937
-1.17500002e-009   -0.0020625
-1.17000002e-009  -0.00203125
-1.16500002e-009       -0.002
-1.16000002e-009 -0.001976562
-1.15500002e-009 -0.001945312
-1.15000002e-009 -0.001921875
-1.14500002e-009 -0.001898437
-1.14000002e-009 -0.001898437
-1.13500002e-009 -0.001898437
-1.13000002e-009 -0.001890625
-1.12500002e-009  -0.00190625
-1.12000001e-009 -0.001929687
-1.11500001e-009 -0.001929687
-1.11000001e-009 -0.001921875
-1.10500001e-009 -0.001960937
-1.10000001e-009 -0.001953125
-1.09500001e-009  -0.00196875
-1.09000001e-009 -0.001976562
-1.08500001e-009 -0.001960937
-1.08000001e-009 -0.001976562
-1.07500001e-009 -0.001953125
-1.07000001e-009 -0.001976562
-1.06500001e-009  -0.00196875
-1.06000001e-009 -0.001976562
-1.05500001e-009 -0.001953125
-1.05000001e-009  -0.00196875
-1.04500001e-009 -0.001960937
-1.04000001e-009 -0.001945312
-1.03500001e-009  -0.00196875
-1.03000001e-009 -0.001992187
-1.02500001e-009 -0.001984375
-1.02000001e-009 -0.002007812
-1.01500001e-009 -0.002023437
-1.01000001e-009 -0.002039062
-1.00500001e-009 -0.002101562
-1.00000001e-009  -0.00209375
-9.95000013e-010 -0.002085937
-9.90000013e-010 -0.002117187
-9.85000013e-010    -0.002125
-9.80000013e-010 -0.002132812
-9.75000013e-010 -0.002132812
-9.70000013e-010 -0.002171875
-9.65000013e-010 -0.002164062
-9.60000013e-010 -0.002164062
-9.55000013e-010 -0.002179687
-9.50000013e-010 -0.002195312
-9.45000013e-010 -0.002179687
-9.40000013e-010 -0.002179687
-9.35000012e-010 -0.002195312
-9.30000012e-010 -0.002195312
-9.25000012e-010 -0.002203125
-9.20000012e-010  -0.00221875
-9.15000012e-010     -0.00225
-9.10000012e-010 -0.002234375
-9.05000012e-010 -0.002265625
-9.00000012e-010 -0.002257812
-8.95000012e-010 -0.002328125
-8.90000012e-010 -0.002335937
-8.85000012e-010 -0.002359375
-8.80000012e-010    -0.002375
-8.75000012e-010 -0.002414062
-8.70000012e-010   -0.0024375
-8.65000012e-010 -0.002460937
-8.60000011e-010 -0.002460937
-8.55000011e-010 -0.002476562
-8.50000011e-010      -0.0025
-8.45000011e-010 -0.002460937
-8.40000011e-010 -0.002476562
-8.35000011e-010  -0.00246875
-8.30000011e-010  -0.00246875
-8.25000011e-010 -0.002484375
-8.20000011e-010 -0.002484375
-8.15000011e-010 -0.002476562
-8.10000011e-010      -0.0025
-8.05000011e-010 -0.002546875
-8.00000011e-010 -0.002570312
-7.95000011e-010 -0.002640625
-7.90000011e-010 -0.002710937
-7.8500001e-010 -0.002789062
-7.8000001e-010 -0.002867187
-7.7500001e-010  -0.00296875
-7.7000001e-010 -0.003023437
-7.6500001e-010  -0.00315625
-7.6000001e-010 -0.003273437
-7.5500001e-010 -0.003367187
-7.5000001e-010 -0.003460937
-7.4500001e-010  -0.00359375
-7.4000001e-010   -0.0036875
-7.3500001e-010   -0.0038125
-7.3000001e-010 -0.003882812
-7.2500001e-010  -0.00396875
-7.2000001e-010 -0.004046875
-7.1500001e-010 -0.004132812
-7.10000009e-010  -0.00421875
-7.05000009e-010 -0.004335937
-7.00000009e-010 -0.004414062
-6.95000009e-010 -0.004554687
-6.90000009e-010  -0.00465625
-6.85000009e-010 -0.004789062
-6.80000009e-010 -0.004914062
-6.75000009e-010 -0.005023437
-6.70000009e-010  -0.00515625
-6.65000009e-010 -0.005296875
-6.60000009e-010 -0.005492187
-6.55000009e-010 -0.005671875
-6.50000009e-010 -0.005914062
-6.45000009e-010 -0.006171875
-6.40000009e-010      -0.0065
-6.35000008e-010 -0.006804687
-6.30000008e-010 -0.007203125
-6.25000008e-010 -0.007546875
-6.20000008e-010 -0.007984375
-6.15000008e-010 -0.008484375
-6.10000008e-010       -0.009
-6.05000008e-010    -0.009625
-6.00000008e-010     -0.01025
-5.95000008e-010  -0.01097656
-5.90000008e-010     -0.01175
-5.85000008e-010  -0.01259375
-5.80000008e-010  -0.01351563
-5.75000008e-010  -0.01446875
-5.70000008e-010  -0.01548438
-5.65000008e-010  -0.01663281
-5.60000007e-010  -0.01791406
-5.55000007e-010  -0.01928125
-5.50000007e-010  -0.02079688
-5.45000007e-010  -0.02244531
-5.40000007e-010  -0.02424219
-5.35000007e-010  -0.02616406
-5.30000007e-010  -0.02823438
-5.25000007e-010   -0.0304375
-5.20000007e-010   -0.0328125
-5.15000007e-010   -0.0353125
-5.10000007e-010  -0.03798438
-5.05000007e-010  -0.04075781
-5.00000007e-010  -0.04367969
-4.95000007e-010  -0.04673438
-4.90000007e-010  -0.04989844
-4.85000006e-010    -0.053125
-4.80000006e-010  -0.05645313
-4.75000006e-010  -0.05985938
-4.70000006e-010  -0.06325782
-4.65000006e-010  -0.06675782
-4.60000006e-010  -0.07032813
-4.55000006e-010  -0.07390625
-4.50000006e-010  -0.07751563
-4.45000006e-010  -0.08115625
-4.40000006e-010  -0.08484375
-4.35000006e-010  -0.08852344
-4.30000006e-010  -0.09220313
-4.25000006e-010  -0.09589063
-4.20000006e-010  -0.09952344
-4.15000006e-010   -0.1030938
-4.10000005e-010   -0.1066328
-4.05000005e-010   -0.1100156
-4.00000005e-010   -0.1133281
-3.95000005e-010   -0.1164531
-3.90000005e-010   -0.1194609
-3.85000005e-010   -0.1222969
-3.80000005e-010   -0.1249688
-3.75000005e-010   -0.1274453
-3.70000005e-010   -0.1296953
-3.65000005e-010   -0.1317031
-3.60000005e-010   -0.1335156
-3.55000005e-010   -0.1350391
-3.50000005e-010   -0.1363672
-3.45000005e-010   -0.1374922
-3.40000005e-010   -0.1383906
-3.35000004e-010   -0.1391406
-3.30000004e-010   -0.1397422
-3.25000004e-010   -0.1401953
-3.20000004e-010   -0.1404766
-3.15000004e-010   -0.1406172
-3.10000004e-010   -0.1406406
-3.05000004e-010   -0.1404922
-3.00000004e-010   -0.1402734
-2.95000004e-010    -0.139875
-2.90000004e-010   -0.1394297
-2.85000004e-010   -0.1389531
-2.80000004e-010   -0.1383984
-2.75000004e-010   -0.1377656
-2.70000004e-010   -0.1371328
-2.65000004e-010   -0.1363594
-2.60000003e-010   -0.1355703
-2.55000003e-010   -0.1346797
-2.50000003e-010   -0.1337813
-2.45000003e-010   -0.1328047
-2.40000003e-010   -0.1318125
-2.35000003e-010   -0.1308594
-2.30000003e-010   -0.1298672
-2.25000003e-010   -0.1289063
-2.20000003e-010   -0.1279375
-2.15000003e-010    -0.126875
-2.10000003e-010   -0.1257891
-2.05000003e-010   -0.1246797
-2.00000003e-010   -0.1235469
-1.95000003e-010     -0.12225
-1.90000003e-010   -0.1209297
-1.85000002e-010   -0.1195234
-1.80000002e-010   -0.1180703
-1.75000002e-010   -0.1165391
-1.70000002e-010   -0.1148516
-1.65000002e-010   -0.1130156
-1.60000002e-010   -0.1110625
-1.55000002e-010   -0.1089844
-1.50000002e-010   -0.1067422
-1.45000002e-010   -0.1043984
-1.40000002e-010   -0.1019063
-1.35000002e-010  -0.09932032
-1.30000002e-010  -0.09660938
-1.25000002e-010  -0.09382032
-1.20000002e-010  -0.09095313
-1.15000002e-010  -0.08797657
-1.10000001e-010   -0.0849375
-1.05000001e-010  -0.08178125
-1.00000001e-010  -0.07858594
-9.50000013e-011  -0.07532032
-9.00000012e-011  -0.07194532
-8.50000011e-011  -0.06857813
-8.00000011e-011  -0.06511719
-7.5000001e-011  -0.06160938
-7.00000009e-011  -0.05804688
-6.50000009e-011   -0.0544375
-6.00000008e-011  -0.05082813
-5.50000007e-011   -0.0471875
-5.00000007e-011  -0.04360156
-4.50000006e-011        -0.04
-4.00000005e-011  -0.03639844
-3.50000005e-011  -0.03285938
-3.00000004e-011  -0.02939063
-2.50000003e-011  -0.02600781
-2.00000003e-011  -0.02271875
-1.50000002e-011  -0.01958594
-1.00000001e-011  -0.01657031
-5.00000007e-012     -0.01375
           0  -0.01102344
5.00000007e-012 -0.008515625
1.00000001e-011    -0.006125
1.50000002e-011 -0.003914062
2.00000003e-011 -0.001804687
2.50000003e-011 0.0001484379
3.00000004e-011    0.0019375
3.50000005e-011  0.003585938
4.00000005e-011  0.005085938
4.50000006e-011  0.006468751
5.00000007e-011  0.007695313
5.50000007e-011  0.008773438
6.00000008e-011  0.009773438
6.50000009e-011   0.01071094
7.00000009e-011   0.01147656
7.5000001e-011   0.01214844
8.00000011e-011   0.01270313
8.50000011e-011   0.01316406
9.00000012e-011   0.01345313
9.50000013e-011    0.0136875
1.00000001e-010   0.01382031
1.05000001e-010     0.013875
1.10000001e-010    0.0138125
1.15000002e-010   0.01372656
1.20000002e-010   0.01359375
1.25000002e-010   0.01344531
1.30000002e-010   0.01324219
1.35000002e-010   0.01300781
1.40000002e-010   0.01276563
1.45000002e-010   0.01250781
1.50000002e-010   0.01226563
1.55000002e-010   0.01205469
1.60000002e-010   0.01179688
1.65000002e-010     0.011625
1.70000002e-010   0.01148438
1.75000002e-010   0.01136719
1.80000002e-010   0.01125781
1.85000002e-010   0.01119531
1.90000003e-010   0.01114063
1.95000003e-010   0.01109375
2.00000003e-010   0.01110938
2.05000003e-010   0.01113281
2.10000003e-010   0.01117969
2.15000003e-010   0.01126563
2.20000003e-010   0.01141406
2.25000003e-010   0.01159375
2.30000003e-010   0.01180469
2.35000003e-010    0.0120625
2.40000003e-010   0.01233594
2.45000003e-010   0.01264063
2.50000003e-010   0.01295313
2.55000003e-010   0.01333594
2.60000003e-010   0.01371094
2.65000004e-010    0.0140625
2.70000004e-010   0.01442969
2.75000004e-010   0.01477344
2.80000004e-010   0.01513281
2.85000004e-010   0.01545313
2.90000004e-010   0.01571875
2.95000004e-010   0.01596094
3.00000004e-010   0.01619531
3.05000004e-010   0.01636719
3.10000004e-010   0.01649219
3.15000004e-010   0.01665625
3.20000004e-010   0.01675781
3.25000004e-010   0.01683594
3.30000004e-010   0.01688281
3.35000004e-010   0.01696094
3.40000005e-010   0.01699219
3.45000005e-010   0.01702344
3.50000005e-010   0.01709375
3.55000005e-010   0.01707813
3.60000005e-010   0.01707813
3.65000005e-010   0.01711719
3.70000005e-010   0.01707031
3.75000005e-010   0.01701563
3.80000005e-010   0.01688281
3.85000005e-010   0.01675781
3.90000005e-010   0.01659375
3.95000005e-010     0.016375
4.00000005e-010     0.016125
4.05000005e-010   0.01579688
4.10000005e-010   0.01546094
4.15000006e-010   0.01507813
4.20000006e-010   0.01463281
4.25000006e-010   0.01421875
4.30000006e-010   0.01380469
4.35000006e-010   0.01336719
4.40000006e-010   0.01294531
4.45000006e-010   0.01258594
4.50000006e-010   0.01219531
4.55000006e-010     0.011875
4.60000006e-010   0.01161719
4.65000006e-010   0.01138281
4.70000006e-010   0.01117188
4.75000006e-010   0.01102344
4.80000006e-010   0.01091406
4.85000006e-010   0.01082031
4.90000007e-010   0.01077344
4.95000007e-010   0.01073438
5.00000007e-010   0.01073438
5.05000007e-010   0.01072656
5.10000007e-010   0.01071875
5.15000007e-010   0.01071875
5.20000007e-010   0.01072656
5.25000007e-010   0.01072656
5.30000007e-010   0.01071094
5.35000007e-010   0.01069531
5.40000007e-010   0.01067969
5.45000007e-010   0.01065625
5.50000007e-010   0.01064844
5.55000007e-010   0.01061719
5.60000007e-010   0.01060156
5.65000008e-010   0.01060156
5.70000008e-010   0.01058594
5.75000008e-010   0.01058594
5.80000008e-010     0.010625
5.85000008e-010   0.01063281
5.90000008e-010   0.01067188
5.95000008e-010   0.01071875
6.00000008e-010   0.01077344
6.05000008e-010   0.01085156
6.10000008e-010   0.01091406
6.15000008e-010   0.01099219
6.20000008e-010   0.01110156
6.25000008e-010   0.01119531
6.30000008e-010   0.01125781
6.35000008e-010     0.011375
6.40000009e-010   0.01142969
6.45000009e-010   0.01153906
6.50000009e-010   0.01159375
6.55000009e-010   0.01167969
6.60000009e-010      0.01175
6.65000009e-010   0.01176563
6.70000009e-010   0.01178906
6.75000009e-010   0.01183594
6.80000009e-010   0.01182813
6.85000009e-010   0.01183594
6.90000009e-010   0.01180469
6.95000009e-010   0.01175781
7.00000009e-010   0.01176563
7.05000009e-010      0.01175
7.10000009e-010   0.01175781
7.1500001e-010   0.01177344
7.2000001e-010   0.01182813
7.2500001e-010   0.01186719
7.3000001e-010   0.01196875
7.3500001e-010   0.01207813
7.4000001e-010   0.01223438
7.4500001e-010     0.012375
7.5000001e-010   0.01258594
7.5500001e-010   0.01274219
7.6000001e-010   0.01297656
7.6500001e-010   0.01317188
7.7000001e-010   0.01339844
7.7500001e-010   0.01357813
7.8000001e-010   0.01374219
7.8500001e-010   0.01390625
7.90000011e-010   0.01403906
7.95000011e-010   0.01414844
8.00000011e-010   0.01419531
8.05000011e-010   0.01421875
8.10000011e-010      0.01425
8.15000011e-010   0.01427344
8.20000011e-010      0.01425
8.25000011e-010   0.01426563
8.30000011e-010   0.01424219
8.35000011e-010   0.01423438
8.40000011e-010   0.01427344
8.45000011e-010   0.01430469
8.50000011e-010   0.01435156
8.55000011e-010   0.01441406
8.60000011e-010   0.01453125
8.65000012e-010   0.01464063
8.70000012e-010   0.01476563
8.75000012e-010     0.014875
8.80000012e-010   0.01503906
8.85000012e-010   0.01517969
8.90000012e-010   0.01527344
8.95000012e-010   0.01544531
9.00000012e-010   0.01555469
9.05000012e-010   0.01565625
9.10000012e-010      0.01575
9.15000012e-010   0.01582813
9.20000012e-010   0.01592188
9.25000012e-010   0.01597656
9.30000012e-010   0.01603125
9.35000012e-010    0.0160625
9.40000013e-010   0.01610938
9.45000013e-010   0.01616406
9.50000013e-010   0.01617188
9.55000013e-010   0.01620313
9.60000013e-010   0.01621094
9.65000013e-010      0.01625
9.70000013e-010   0.01628906
9.75000013e-010   0.01632813
9.80000013e-010   0.01634375
9.85000013e-010   0.01639063
9.90000013e-010   0.01641406
9.95000013e-010   0.01646875
1.00000001e-009   0.01650781
1.00500001e-009   0.01653906
1.01000001e-009   0.01658594
1.01500001e-009   0.01660938
1.02000001e-009   0.01667188
1.02500001e-009    0.0166875
1.03000001e-009   0.01671875
1.03500001e-009      0.01675
1.04000001e-009   0.01677344
1.04500001e-009   0.01675781
1.05000001e-009   0.01676563
1.05500001e-009   0.01674219
1.06000001e-009   0.01671875
1.06500001e-009   0.01667969
1.07000001e-009   0.01663281
1.07500001e-009    0.0165625
1.08000001e-009   0.01653125
1.08500001e-009   0.01642969
1.09000001e-009   0.01639844
1.09500001e-009   0.01632031
1.10000001e-009   0.01628906
1.10500001e-009   0.01620313
1.11000001e-009   0.01613281
1.11500001e-009   0.01607813
1.12000001e-009   0.01602344
1.12500002e-009   0.01596875
1.13000002e-009   0.01589844
1.13500002e-009   0.01588281
1.14000002e-009   0.01584375
1.14500002e-009    0.0158125
1.15000002e-009   0.01578125
1.15500002e-009   0.01580469
1.16000002e-009   0.01578906
1.16500002e-009   0.01583594
1.17000002e-009   0.01585156
1.17500002e-009   0.01590625
1.18000002e-009   0.01596094
1.18500002e-009   0.01605469
1.19000002e-009   0.01610156
1.19500002e-009   0.01619531
1.20000002e-009   0.01625781
1.20500002e-009   0.01633594
1.21000002e-009   0.01640625
1.21500002e-009   0.01645313
1.22000002e-009   0.01648438
1.22500002e-009   0.01649219
1.23000002e-009   0.01648438
1.23500002e-009   0.01645313
1.24000002e-009   0.01641406
1.24500002e-009   0.01638281
1.25000002e-009    0.0163125
