-2.49000003e-009  -0.01319531
-2.48000003e-009 -0.004390625
-2.47000003e-009  -0.01428906
-2.46000003e-009       -0.003
-2.45000003e-009  -0.01483594
-2.44000003e-009 -0.004507812
-2.43000003e-009       -0.013
-2.42000003e-009 -0.004796875
-2.41000003e-009  -0.01484375
-2.40000003e-009 -0.003554687
-2.39000003e-009  -0.01426563
-2.38000003e-009 -0.003007812
-2.37000003e-009       -0.013
-2.36000003e-009 -0.004359375
-2.35000003e-009       -0.013
-2.34000003e-009 -0.004859375
-2.33000003e-009  -0.01242969
-2.32000003e-009 -0.004671875
-2.31000003e-009  -0.01178125
-2.30000003e-009 -0.004351562
-2.29000003e-009  -0.01346875
-2.28000003e-009 -0.004234375
-2.27000003e-009       -0.013
-2.26000003e-009 -0.004132812
-2.25000003e-009  -0.01194531
-2.24000003e-009 -0.004203125
-2.23000003e-009  -0.01210938
-2.22000003e-009 -0.002882812
-2.21000003e-009  -0.01173438
-2.20000003e-009       -0.003
-2.19000003e-009  -0.01228125
-2.18000003e-009 -0.002617187
-2.17000003e-009       -0.013
-2.16000003e-009 -0.003945312
-2.15000003e-009       -0.013
-2.14000003e-009       -0.003
-2.13000003e-009  -0.01135156
-2.12000003e-009 -0.003570312
-2.11000003e-009       -0.013
-2.10000003e-009       -0.003
-2.09000003e-009  -0.01515625
-2.08000003e-009 -0.002835937
-2.07000003e-009  -0.01369531
-2.06000003e-009       -0.003
-2.05000003e-009  -0.01160156
-2.04000003e-009 -0.001304687
-2.03000003e-009  -0.01196094
-2.02000003e-009 -0.001273437
-2.01000003e-009       -0.013
-2.00000003e-009 -0.0005156247
-1.99000003e-009  -0.01235938
-1.98000003e-009 -0.0001406247
-1.97000003e-009  -0.01184375
-1.96000003e-009 0.0005312504
-1.95000003e-009  -0.01228906
-1.94000003e-009 0.0005781254
-1.93000003e-009       -0.011
-1.92000003e-009 -0.001164062
-1.91000003e-009       -0.011
-1.90000003e-009   -0.0014375
-1.89000003e-009       -0.011
-1.88000003e-009  -0.00134375
-1.87000002e-009 -0.009984375
-1.86000002e-009 -0.001203125
-1.85000002e-009 -0.009492188
-1.84000002e-009 -0.0006562497
-1.83000002e-009 -0.009304688
-1.82000002e-009 -0.0006718747
-1.81000002e-009       -0.011
-1.80000002e-009 -0.0008515622
-1.79000002e-009       -0.011
-1.78000002e-009 -0.0008671872
-1.77000002e-009 -0.009476563
-1.76000002e-009 -0.0009999997
-1.75000002e-009       -0.009
-1.74000002e-009 -0.0002656247
-1.73000002e-009 -0.009390625
-1.72000002e-009        0.001
-1.71000002e-009  -0.01013281
-1.70000002e-009 4.687535e-005
-1.69000002e-009       -0.011
-1.68000002e-009 -0.0008828122
-1.67000002e-009 -0.008945313
-1.66000002e-009 -0.0009999997
-1.65000002e-009 -0.009679688
-1.64000002e-009 -0.001078125
-1.63000002e-009 -0.008382813
-1.62000002e-009 -0.0005312497
-1.61000002e-009 -0.008953125
-1.60000002e-009  0.001578125
-1.59000002e-009 -0.007773438
-1.58000002e-009   0.00196875
-1.57000002e-009       -0.009
-1.56000002e-009 0.0004921879
-1.55000002e-009  -0.00896875
-1.54000002e-009  0.002484375
-1.53000002e-009 -0.007226562
-1.52000002e-009        0.003
-1.51000002e-009       -0.007
-1.50000002e-009  0.001820313
-1.49000002e-009 -0.007804688
-1.48000002e-009  0.002445313
-1.47000002e-009       -0.007
-1.46000002e-009        0.003
-1.45000002e-009  -0.00809375
-1.44000002e-009  0.001164063
-1.43000002e-009   -0.0085625
-1.42000002e-009  0.002320313
-1.41000002e-009       -0.007
-1.40000002e-009        0.003
-1.39000002e-009 -0.007226562
-1.38000002e-009        0.003
-1.37000002e-009 -0.006351562
-1.36000002e-009  0.003210938
-1.35000002e-009 -0.007484375
-1.34000002e-009  0.001882813
-1.33000002e-009 -0.008617188
-1.32000002e-009  0.001289063
-1.31000002e-009  -0.00809375
-1.30000002e-009  0.001898438
-1.29000002e-009       -0.007
-1.28000002e-009   0.00234375
-1.27000002e-009    -0.008625
-1.26000002e-009  0.002804688
-1.25000002e-009 -0.008148438
-1.24000002e-009   0.00271875
-1.23000002e-009       -0.007
-1.22000002e-009  0.001664063
-1.21000002e-009 -0.007539063
-1.20000002e-009  0.003117188
-1.19000002e-009  -0.00746875
-1.18000002e-009  0.005000001
-1.17000002e-009 -0.007453125
-1.16000002e-009  0.003726563
-1.15000002e-009       -0.007
-1.14000002e-009  0.002867188
-1.13000002e-009 -0.007039062
-1.12000001e-009        0.003
-1.11000001e-009    -0.005875
-1.10000001e-009  0.003101563
-1.09000001e-009 -0.007460938
-1.08000001e-009  0.003750001
-1.07000001e-009 -0.006671875
-1.06000001e-009   0.00271875
-1.05000001e-009       -0.007
-1.04000001e-009  0.002984375
-1.03000001e-009 -0.006515625
-1.02000001e-009        0.003
-1.01000001e-009 -0.006859375
-1.00000001e-009        0.003
-9.90000013e-010 -0.007382813
-9.80000013e-010  0.002820313
-9.70000013e-010       -0.007
-9.60000013e-010  0.001648438
-9.50000013e-010 -0.007757813
-9.40000013e-010    0.0015625
-9.30000012e-010  -0.00734375
-9.20000012e-010  0.001820313
-9.10000012e-010       -0.007
-9.00000012e-010  0.002171875
-8.90000012e-010       -0.007
-8.80000012e-010  0.002828125
-8.70000012e-010 -0.008109375
-8.60000011e-010  0.003109375
-8.50000011e-010       -0.009
-8.40000011e-010  0.002289063
-8.30000011e-010 -0.008609375
-8.20000011e-010  0.003828126
-8.10000011e-010 -0.008085938
-8.00000011e-010  0.005007813
-7.90000011e-010       -0.007
-7.8000001e-010  0.002617188
-7.7000001e-010 -0.006882812
-7.6000001e-010        0.001
-7.5000001e-010 -0.008882813
-7.4000001e-010      0.00125
-7.3000001e-010  -0.01146094
-7.2000001e-010        0.001
-7.10000009e-010       -0.011
-7.00000009e-010 -0.0009999997
-6.90000009e-010 -0.009632813
-6.80000009e-010  -0.00196875
-6.70000009e-010  -0.01102344
-6.60000009e-010  -0.00265625
-6.50000009e-010      -0.0125
-6.40000009e-010   -0.0041875
-6.30000008e-010  -0.01591406
-6.20000008e-010 -0.005710937
-6.10000008e-010  -0.01852344
-6.00000008e-010       -0.007
-5.90000008e-010  -0.02097656
-5.80000008e-010       -0.013
-5.70000008e-010  -0.02696094
-5.60000007e-010  -0.01852344
-5.50000007e-010  -0.03544531
-5.40000007e-010       -0.027
-5.30000007e-010  -0.04529688
-5.20000007e-010  -0.03678125
-5.10000007e-010   -0.0568125
-5.00000007e-010  -0.04879688
-4.90000007e-010  -0.07010938
-4.80000006e-010  -0.06207032
-4.70000006e-010  -0.08557813
-4.60000006e-010  -0.07563282
-4.50000006e-010       -0.101
-4.40000006e-010       -0.091
-4.30000006e-010       -0.117
-4.20000006e-010   -0.1031797
-4.10000005e-010   -0.1280156
-4.00000005e-010   -0.1176719
-3.90000005e-010   -0.1387031
-3.80000005e-010   -0.1282109
-3.70000005e-010       -0.145
-3.60000005e-010   -0.1329922
-3.50000005e-010       -0.145
-3.40000005e-010   -0.1342656
-3.30000004e-010   -0.1464609
-3.20000004e-010   -0.1334688
-3.10000004e-010       -0.145
-3.00000004e-010   -0.1324766
-2.90000004e-010   -0.1437734
-2.80000004e-010    -0.129625
-2.70000004e-010   -0.1406953
-2.60000003e-010   -0.1256875
-2.50000003e-010   -0.1357422
-2.40000003e-010   -0.1214141
-2.30000003e-010   -0.1321484
-2.20000003e-010   -0.1165391
-2.10000003e-010       -0.127
-2.00000003e-010    -0.109125
-1.90000003e-010   -0.1206484
-1.80000002e-010     -0.10275
-1.70000002e-010       -0.113
-1.60000002e-010  -0.09451563
-1.50000002e-010       -0.103
-1.40000002e-010       -0.083
-1.30000002e-010  -0.09249219
-1.20000002e-010       -0.071
-1.10000001e-010  -0.07983594
-1.00000001e-010  -0.05696094
-9.00000012e-011  -0.06661719
-8.00000011e-011   -0.0431875
-7.00000009e-011       -0.051
-6.00000008e-011  -0.02745313
-5.00000007e-011  -0.03603125
-4.00000005e-011  -0.01560156
-3.00000004e-011  -0.02190625
-2.00000003e-011 -0.004835937
-1.00000001e-011       -0.011
           0  0.005312501
1.00000001e-011  -0.00415625
2.00000003e-011    0.0120625
3.00000004e-011  0.002703125
4.00000005e-011   0.01576563
5.00000007e-011  0.007039063
6.00000008e-011        0.019
7.00000009e-011   0.01003125
8.00000011e-011     0.020625
9.00000012e-011   0.01032031
1.00000001e-010        0.023
1.10000001e-010  0.009000001
1.20000002e-010   0.01892969
1.30000002e-010  0.007187501
1.40000002e-010   0.01744531
1.50000002e-010  0.006835938
1.60000002e-010   0.01530469
1.70000002e-010  0.005750001
1.80000002e-010   0.01523438
1.90000003e-010  0.005000001
2.00000003e-010     0.015375
2.10000003e-010  0.005914063
2.20000003e-010   0.01628125
2.30000003e-010  0.008117188
2.40000003e-010   0.01813281
2.50000003e-010  0.008273438
2.60000003e-010   0.01985156
2.70000004e-010  0.009546876
2.80000004e-010        0.021
2.90000004e-010  0.009953126
3.00000004e-010   0.02203125
3.10000004e-010   0.01060938
3.20000004e-010   0.02304688
3.30000004e-010   0.01214063
3.40000005e-010   0.02139063
3.50000005e-010   0.01285938
3.60000005e-010   0.02185938
3.70000005e-010   0.01180469
3.80000005e-010   0.02189063
3.90000005e-010   0.01038281
4.00000005e-010   0.02003906
4.10000005e-010  0.009000001
4.20000006e-010        0.019
4.30000006e-010  0.007070313
4.40000006e-010   0.01946875
4.50000006e-010  0.005585938
4.60000006e-010   0.01701563
4.70000006e-010  0.004820313
4.80000006e-010        0.017
4.90000007e-010  0.004898438
5.00000007e-010   0.01555469
5.10000007e-010  0.005000001
5.20000007e-010        0.015
5.30000007e-010  0.006359376
5.40000007e-010   0.01370313
5.50000007e-010  0.005000001
5.60000007e-010   0.01558594
5.70000008e-010  0.005031251
5.80000008e-010   0.01740625
5.90000008e-010  0.005812501
6.00000008e-010   0.01786719
6.10000008e-010  0.005765626
6.20000008e-010    0.0183125
6.30000008e-010  0.004789063
6.40000009e-010        0.017
6.50000009e-010  0.006335938
6.60000009e-010   0.01699219
6.70000009e-010  0.007000001
6.80000009e-010   0.01740625
6.90000009e-010  0.007617188
7.00000009e-010   0.01736719
7.10000009e-010  0.005000001
7.2000001e-010   0.01660938
7.3000001e-010  0.005632813
7.4000001e-010        0.019
7.5000001e-010  0.006406251
7.6000001e-010   0.01942188
7.7000001e-010  0.007000001
7.8000001e-010   0.01960156
7.90000011e-010  0.008757813
8.00000011e-010   0.01980469
8.10000011e-010  0.008710938
8.20000011e-010     0.019375
8.30000011e-010  0.007335938
8.40000011e-010        0.019
8.50000011e-010  0.009195313
8.60000011e-010   0.01950781
8.70000012e-010   0.01009375
8.80000012e-010   0.01953125
8.90000012e-010     0.010625
9.00000012e-010   0.01888281
9.10000012e-010   0.01026563
9.20000012e-010        0.021
9.30000012e-010        0.011
9.40000013e-010   0.02009375
9.50000013e-010  0.009507813
9.60000013e-010   0.02120313
9.70000013e-010   0.01053906
9.80000013e-010        0.021
9.90000013e-010   0.01146875
1.00000001e-009   0.02185938
1.01000001e-009   0.01157813
1.02000001e-009   0.02240625
1.03000001e-009        0.013
1.04000001e-009   0.02178125
1.05000001e-009   0.01258594
1.06000001e-009   0.02061719
1.07000001e-009   0.01238281
1.08000001e-009   0.02105469
1.09000001e-009        0.011
1.10000001e-009        0.021
1.11000001e-009   0.01203906
1.12000001e-009   0.02159375
1.13000002e-009   0.01205469
1.14000002e-009        0.021
1.15000002e-009   0.01186719
1.16000002e-009        0.021
1.17000002e-009        0.011
1.18000002e-009   0.01945313
1.19000002e-009   0.01159375
1.20000002e-009   0.02007031
1.21000002e-009   0.01228125
1.22000002e-009        0.021
1.23000002e-009   0.01235938
1.24000002e-009   0.02117969
1.25000002e-009   0.01248438
1.26000002e-009   0.02203125
1.27000002e-009   0.01222656
1.28000002e-009        0.023
1.29000002e-009   0.01214844
1.30000002e-009   0.02320313
1.31000002e-009   0.01167188
1.32000002e-009        0.023
1.33000002e-009   0.01220313
1.34000002e-009   0.02179688
1.35000002e-009   0.01240625
1.36000002e-009   0.02207813
1.37000002e-009   0.01189063
1.38000002e-009   0.02267188
1.39000002e-009   0.01286719
1.40000002e-009   0.02138281
1.41000002e-009   0.01310156
1.42000002e-009   0.02147656
1.43000002e-009   0.01242188
1.44000002e-009   0.02189844
1.45000002e-009   0.01211719
1.46000002e-009    0.0214375
1.47000002e-009   0.01152344
1.48000002e-009        0.021
1.49000002e-009        0.011
1.50000002e-009   0.02158594
1.51000002e-009        0.011
1.52000002e-009   0.02113281
1.53000002e-009  0.009726563
1.54000002e-009     0.021125
1.55000002e-009  0.009375001
1.56000002e-009        0.021
1.57000002e-009  0.008437501
1.58000002e-009   0.02140625
1.59000002e-009  0.009000001
1.60000002e-009        0.021
1.61000002e-009        0.011
1.62000002e-009   0.01966406
1.63000002e-009        0.011
1.64000002e-009        0.021
1.65000002e-009        0.011
1.66000002e-009   0.02061719
1.67000002e-009  0.009000001
1.68000002e-009   0.02064063
1.69000002e-009   0.01026563
1.70000002e-009        0.019
1.71000002e-009   0.01038281
1.72000002e-009   0.01960156
1.73000002e-009  0.009218751
1.74000002e-009        0.019
1.75000002e-009  0.009000001
1.76000002e-009   0.01885938
1.77000002e-009  0.009000001
1.78000002e-009   0.01944531
1.79000002e-009  0.008859376
1.80000002e-009        0.019
1.81000002e-009  0.009867188
1.82000002e-009   0.01997656
1.83000002e-009  0.008984376
1.84000002e-009   0.02092969
1.85000002e-009  0.009570313
1.86000002e-009        0.019
1.87000002e-009  0.009570313
1.88000003e-009   0.01910938
1.89000003e-009  0.008343751
1.90000003e-009        0.019
1.91000003e-009  0.008132813
1.92000003e-009   0.01966406
1.93000003e-009   0.01023438
1.94000003e-009   0.01898438
1.95000003e-009  0.009000001
1.96000003e-009        0.019
1.97000003e-009  0.009375001
1.98000003e-009   0.01973438
1.99000003e-009  0.009937501
2.00000003e-009     0.019625
2.01000003e-009  0.009000001
2.02000003e-009   0.01992969
2.03000003e-009  0.009000001
2.04000003e-009   0.02147656
2.05000003e-009   0.01026563
2.06000003e-009      0.01975
2.07000003e-009  0.008257813
2.08000003e-009        0.019
2.09000003e-009  0.009695313
2.10000003e-009        0.019
2.11000003e-009  0.009601563
2.12000003e-009   0.01760156
2.13000003e-009   0.01022656
2.14000003e-009   0.01953125
2.15000003e-009  0.009000001
2.16000003e-009   0.01935156
2.17000003e-009  0.008695313
2.18000003e-009   0.01961719
2.19000003e-009  0.008109376
2.20000003e-009   0.02121875
2.21000003e-009  0.007445313
2.22000003e-009        0.019
2.23000003e-009  0.009000001
2.24000003e-009   0.01921875
2.25000003e-009  0.005000001
2.26000003e-009        0.019
2.27000003e-009  0.006882813
2.28000003e-009        0.019
2.29000003e-009   0.01033594
2.30000003e-009        0.019
2.31000003e-009  0.009000001
2.32000003e-009        0.019
2.33000003e-009  0.007242188
2.34000003e-009        0.019
2.35000003e-009  0.007000001
2.36000003e-009   0.01771875
2.37000003e-009  0.008531251
2.38000003e-009   0.01747656
2.39000003e-009  0.008601563
2.40000003e-009    0.0181875
2.41000003e-009  0.007398438
2.42000003e-009   0.01896875
2.43000003e-009  0.007453126
2.44000003e-009      0.01775
2.45000003e-009  0.008070313
2.46000003e-009   0.01666406
2.47000003e-009  0.007000001
2.48000003e-009        0.017
2.49000003e-009  0.009000001
2.50000003e-009   0.01722656
