-4.98000007e-009 0.0003515629
-4.96000007e-009 0.0002656254
-4.94000007e-009 0.0003203129
-4.92000007e-009 0.0003437504
-4.90000007e-009 0.0004218754
-4.88000007e-009 0.0003750004
-4.86000006e-009 0.0002890629
-4.84000006e-009 0.0002031254
-4.82000006e-009 0.0002187504
-4.80000006e-009 0.0003359379
-4.78000006e-009 0.0004531254
-4.76000006e-009 0.0004843754
-4.74000006e-009 0.0003593754
-4.72000006e-009 0.0001406254
-4.70000006e-009 3.125035e-005
-4.68000006e-009 6.250035e-005
-4.66000006e-009 0.0002734379
-4.64000006e-009 0.0004843754
-4.62000006e-009 0.0005546879
-4.60000006e-009 0.0005156254
-4.58000006e-009 0.0004921879
-4.56000006e-009 0.0004531254
-4.54000006e-009 0.0005156254
-4.52000006e-009 0.0004843754
-4.50000006e-009 0.0004531254
-4.48000006e-009 0.0003828129
-4.46000006e-009 0.0002734379
-4.44000006e-009 0.0001328129
-4.42000006e-009 0.0001406254
-4.40000006e-009 0.0002812504
-4.38000006e-009 0.0005312504
-4.36000006e-009 0.0006953129
-4.34000006e-009 0.0006328129
-4.32000006e-009 0.0003593754
-4.30000006e-009 0.0001406254
-4.28000006e-009 0.0001015629
-4.26000006e-009 0.0002500004
-4.24000006e-009 0.0004609379
-4.22000006e-009 0.0006484379
-4.20000006e-009 0.0006406254
-4.18000006e-009 0.0006015629
-4.16000006e-009 0.0004843754
-4.14000006e-009 0.0003984379
-4.12000006e-009 0.0003671879
-4.10000005e-009 0.0004609379
-4.08000005e-009 0.0005781254
-4.06000005e-009 0.0005703129
-4.04000005e-009 0.0003671879
-4.02000005e-009 0.0001640629
-4.00000005e-009 0.0001015629
-3.98000005e-009 0.0002968754
-3.96000005e-009 0.0005468754
-3.94000005e-009 0.0006406254
-3.92000005e-009 0.0004843754
-3.90000005e-009 0.0002656254
-3.88000005e-009 0.0001875004
-3.86000005e-009 0.0003281254
-3.84000005e-009 0.0005468754
-3.82000005e-009 0.0006953129
-3.80000005e-009 0.0005937504
-3.78000005e-009 0.0004843754
-3.76000005e-009 0.0003593754
-3.74000005e-009 0.0003750004
-3.72000005e-009 0.0004453129
-3.70000005e-009 0.0005625004
-3.68000005e-009 0.0006171879
-3.66000005e-009 0.0005312504
-3.64000005e-009 0.0003125004
-3.62000005e-009 0.0001015629
-3.60000005e-009 0.0001328129
-3.58000005e-009 0.0003671879
-3.56000005e-009 0.0005390629
-3.54000005e-009 0.0005156254
-3.52000005e-009 0.0003593754
-3.50000005e-009 0.0002968754
-3.48000005e-009 0.0003984379
-3.46000005e-009 0.0006093754
-3.44000005e-009 0.0007343754
-3.42000005e-009 0.0006484379
-3.40000005e-009 0.0003906254
-3.38000005e-009 4.687535e-005
-3.36000004e-009 -0.0001874997
-3.34000004e-009 -0.0002031247
-3.32000004e-009 -1.562465e-005
-3.30000004e-009 5.468785e-005
-3.28000004e-009 -0.0001484372
-3.26000004e-009 -0.0006171872
-3.24000004e-009  -0.00115625
-3.22000004e-009 -0.001523437
-3.20000004e-009 -0.001734375
-3.18000004e-009 -0.001882812
-3.16000004e-009 -0.002234375
-3.14000004e-009 -0.002664062
-3.12000004e-009  -0.00309375
-3.10000004e-009 -0.003421875
-3.08000004e-009 -0.003734375
-3.06000004e-009 -0.004023437
-3.04000004e-009 -0.004351562
-3.02000004e-009  -0.00465625
-3.00000004e-009 -0.004992187
-2.98000004e-009 -0.005296875
-2.96000004e-009  -0.00546875
-2.94000004e-009  -0.00565625
-2.92000004e-009 -0.005921875
-2.90000004e-009   -0.0061875
-2.88000004e-009 -0.006523437
-2.86000004e-009 -0.006851562
-2.84000004e-009   -0.0070625
-2.82000004e-009 -0.007164062
-2.80000004e-009 -0.007289062
-2.78000004e-009    -0.007375
-2.76000004e-009 -0.007507813
-2.74000004e-009 -0.007609375
-2.72000004e-009 -0.007734375
-2.70000004e-009 -0.007945313
-2.68000004e-009 -0.008140625
-2.66000004e-009   -0.0083125
-2.64000004e-009 -0.008335938
-2.62000003e-009  -0.00834375
-2.60000003e-009 -0.008421875
-2.58000003e-009 -0.008507813
-2.56000003e-009 -0.008570313
-2.54000003e-009 -0.008460938
-2.52000003e-009 -0.008390625
-2.50000003e-009 -0.008445313
-2.48000003e-009 -0.008710938
-2.46000003e-009 -0.008960938
-2.44000003e-009 -0.009046875
-2.42000003e-009 -0.008820313
-2.40000003e-009 -0.008546875
-2.38000003e-009 -0.008328125
-2.36000003e-009  -0.00828125
-2.34000003e-009 -0.008382813
-2.32000003e-009 -0.008484375
-2.30000003e-009 -0.008414063
-2.28000003e-009  -0.00821875
-2.26000003e-009 -0.007914063
-2.24000003e-009     -0.00775
-2.22000003e-009  -0.00771875
-2.20000003e-009 -0.007765625
-2.18000003e-009 -0.007671875
-2.16000003e-009 -0.007523438
-2.14000003e-009 -0.007429688
-2.12000003e-009 -0.007398438
-2.10000003e-009    -0.007375
-2.08000003e-009   -0.0073125
-2.06000003e-009 -0.007109375
-2.04000003e-009 -0.006960937
-2.02000003e-009 -0.006929687
-2.00000003e-009  -0.00684375
-1.98000003e-009 -0.006640625
-1.96000003e-009 -0.006414062
-1.94000003e-009 -0.006210937
-1.92000003e-009 -0.006109375
-1.90000003e-009 -0.006078125
-1.88000003e-009 -0.006015625
-1.86000002e-009 -0.005828125
-1.84000002e-009 -0.005523437
-1.82000002e-009  -0.00521875
-1.80000002e-009 -0.005148437
-1.78000002e-009 -0.005234375
-1.76000002e-009     -0.00525
-1.74000002e-009 -0.005046875
-1.72000002e-009 -0.004742187
-1.70000002e-009  -0.00440625
-1.68000002e-009 -0.004195312
-1.66000002e-009 -0.004179687
-1.64000002e-009 -0.004234375
-1.62000002e-009 -0.004289062
-1.60000002e-009 -0.004171875
-1.58000002e-009     -0.00375
-1.56000002e-009 -0.003304687
-1.54000002e-009  -0.00315625
-1.52000002e-009 -0.003304687
-1.50000002e-009 -0.003539062
-1.48000002e-009      -0.0035
-1.46000002e-009 -0.003132812
-1.44000002e-009 -0.002726562
-1.42000002e-009 -0.002507812
-1.40000002e-009 -0.002570312
-1.38000002e-009  -0.00265625
-1.36000002e-009 -0.002609375
-1.34000002e-009 -0.002460937
-1.32000002e-009 -0.002226562
-1.30000002e-009 -0.002070312
-1.28000002e-009 -0.002054687
-1.26000002e-009 -0.002226562
-1.24000002e-009 -0.002414062
-1.22000002e-009 -0.002445312
-1.20000002e-009 -0.002148437
-1.18000002e-009 -0.001703125
-1.16000002e-009 -0.001304687
-1.14000002e-009 -0.001328125
-1.12000001e-009 -0.001554687
-1.10000001e-009 -0.001820312
-1.08000001e-009  -0.00178125
-1.06000001e-009 -0.001632812
-1.04000001e-009 -0.001484375
-1.02000001e-009 -0.001546875
-1.00000001e-009 -0.001742187
-9.80000013e-010 -0.001835937
-9.60000013e-010 -0.001820312
-9.40000013e-010 -0.001695312
-9.20000012e-010 -0.001703125
-9.00000012e-010 -0.001890625
-8.80000012e-010 -0.002117187
-8.60000011e-010 -0.002398437
-8.40000011e-010   -0.0025625
-8.20000011e-010 -0.002507812
-8.00000011e-010  -0.00240625
-7.8000001e-010 -0.002304687
-7.6000001e-010 -0.002359375
-7.4000001e-010 -0.002664062
-7.2000001e-010  -0.00303125
-7.00000009e-010   -0.0033125
-6.80000009e-010    -0.003625
-6.60000009e-010    -0.003875
-6.40000009e-010 -0.004445312
-6.20000008e-010  -0.00546875
-6.00000008e-010 -0.006984375
-5.80000008e-010 -0.009265625
-5.60000007e-010  -0.01217969
-5.40000007e-010     -0.01625
-5.20000007e-010  -0.02203906
-5.00000007e-010  -0.02997656
-4.80000006e-010  -0.04042188
-4.60000006e-010   -0.0529375
-4.40000006e-010  -0.06709375
-4.20000006e-010  -0.08228125
-4.00000005e-010  -0.09746094
-3.80000005e-010   -0.1114375
-3.60000005e-010   -0.1233672
-3.40000005e-010   -0.1320938
-3.20000004e-010    -0.137625
-3.00000004e-010   -0.1400391
-2.80000004e-010   -0.1396016
-2.60000003e-010     -0.13775
-2.40000003e-010   -0.1347422
-2.20000003e-010   -0.1313281
-2.00000003e-010   -0.1276953
-1.80000002e-010   -0.1232656
-1.60000002e-010   -0.1180547
-1.40000002e-010   -0.1112578
-1.20000002e-010   -0.1025781
-1.00000001e-010  -0.09216407
-8.00000011e-011  -0.08017188
-6.00000008e-011  -0.06700782
-4.00000005e-011  -0.05282813
-2.00000003e-011    -0.038125
           0  -0.02405469
2.00000003e-011  -0.01172656
4.00000005e-011 -0.001765625
6.00000008e-011  0.005382813
8.00000011e-011    0.0101875
1.00000001e-010   0.01292188
1.20000002e-010   0.01407813
1.40000002e-010   0.01428125
1.60000002e-010   0.01357813
1.80000002e-010   0.01242969
2.00000003e-010   0.01121094
2.20000003e-010   0.01053125
2.40000003e-010   0.01079688
2.60000003e-010   0.01171094
2.80000004e-010   0.01300781
3.00000004e-010     0.014375
3.20000004e-010   0.01573438
3.40000005e-010   0.01701563
3.60000005e-010   0.01796094
3.80000005e-010   0.01836719
4.00000005e-010   0.01814063
4.20000006e-010   0.01739844
4.40000006e-010   0.01627344
4.60000006e-010    0.0149375
4.80000006e-010   0.01349219
5.00000007e-010   0.01207813
5.20000007e-010   0.01096094
5.40000007e-010   0.01038281
5.60000007e-010   0.01025781
5.80000008e-010   0.01042188
6.00000008e-010   0.01072656
6.20000008e-010   0.01120313
6.40000009e-010   0.01185156
6.60000009e-010   0.01251563
6.80000009e-010   0.01285156
7.00000009e-010   0.01274219
7.2000001e-010   0.01242969
7.4000001e-010   0.01225781
7.6000001e-010   0.01246875
7.8000001e-010   0.01290625
8.00000011e-010   0.01332813
8.20000011e-010   0.01373438
8.40000011e-010   0.01422656
8.60000011e-010   0.01474219
8.80000012e-010   0.01514063
9.00000012e-010   0.01538281
9.20000012e-010   0.01553906
9.40000013e-010   0.01589063
9.60000013e-010    0.0164375
9.80000013e-010   0.01694531
1.00000001e-009   0.01730469
1.02000001e-009   0.01740625
1.04000001e-009   0.01735156
1.06000001e-009   0.01720313
1.08000001e-009   0.01692969
1.10000001e-009   0.01657813
1.12000001e-009   0.01623438
1.14000002e-009        0.016
1.16000002e-009   0.01590625
1.18000002e-009   0.01589063
1.20000002e-009   0.01599219
1.22000002e-009   0.01628125
1.24000002e-009   0.01670313
1.26000002e-009   0.01711719
1.28000002e-009   0.01738281
1.30000002e-009   0.01745313
1.32000002e-009    0.0174375
1.34000002e-009     0.017375
1.36000002e-009   0.01722656
1.38000002e-009   0.01700781
1.40000002e-009   0.01682813
1.42000002e-009   0.01684375
1.44000002e-009   0.01696094
1.46000002e-009   0.01719531
1.48000002e-009   0.01739063
1.50000002e-009   0.01740625
1.52000002e-009   0.01711719
1.54000002e-009   0.01660156
1.56000002e-009   0.01615625
1.58000002e-009   0.01601563
1.60000002e-009     0.016125
1.62000002e-009    0.0161875
1.64000002e-009   0.01603125
1.66000002e-009    0.0156875
1.68000002e-009   0.01535156
1.70000002e-009   0.01516406
1.72000002e-009   0.01514844
1.74000002e-009   0.01523438
1.76000002e-009   0.01539063
1.78000002e-009   0.01553125
1.80000002e-009   0.01551563
1.82000002e-009   0.01527344
1.84000002e-009        0.015
1.86000002e-009   0.01490625
1.88000003e-009   0.01499219
1.90000003e-009   0.01507031
1.92000003e-009   0.01489844
1.94000003e-009       0.0145
1.96000003e-009   0.01425781
1.98000003e-009    0.0143125
2.00000003e-009   0.01460938
2.02000003e-009   0.01485156
2.04000003e-009   0.01485938
2.06000003e-009   0.01469531
2.08000003e-009   0.01453125
2.10000003e-009   0.01446094
2.12000003e-009   0.01460156
2.14000003e-009   0.01479688
2.16000003e-009   0.01494531
2.18000003e-009   0.01491406
2.20000003e-009      0.01475
2.22000003e-009   0.01458594
2.24000003e-009   0.01459375
2.26000003e-009     0.014625
2.28000003e-009   0.01464844
2.30000003e-009   0.01451563
2.32000003e-009   0.01426563
2.34000003e-009   0.01403906
2.36000003e-009   0.01396875
2.38000003e-009   0.01414844
2.40000003e-009   0.01424219
2.42000003e-009   0.01411719
2.44000003e-009      0.01375
2.46000003e-009   0.01332813
2.48000003e-009   0.01301563
2.50000003e-009   0.01283594
2.52000003e-009   0.01282813
2.54000003e-009   0.01285938
2.56000003e-009   0.01298438
2.58000003e-009   0.01297656
2.60000003e-009   0.01282813
2.62000003e-009   0.01257031
2.64000004e-009   0.01244531
2.66000004e-009   0.01253906
2.68000004e-009   0.01280469
2.70000004e-009   0.01291406
2.72000004e-009   0.01269531
2.74000004e-009   0.01228906
2.76000004e-009   0.01208594
2.78000004e-009    0.0121875
2.80000004e-009   0.01232813
2.82000004e-009   0.01230469
2.84000004e-009   0.01207031
2.86000004e-009   0.01171094
2.88000004e-009   0.01150781
2.90000004e-009   0.01140625
2.92000004e-009   0.01132813
2.94000004e-009      0.01125
2.96000004e-009   0.01128125
2.98000004e-009     0.011375
3.00000004e-009   0.01142969
3.02000004e-009   0.01134375
3.04000004e-009   0.01114063
3.06000004e-009   0.01108594
3.08000004e-009   0.01110938
3.10000004e-009   0.01114063
3.12000004e-009   0.01107813
3.14000004e-009   0.01097656
3.16000004e-009   0.01092969
3.18000004e-009   0.01088281
3.20000004e-009   0.01082031
3.22000004e-009   0.01073438
3.24000004e-009   0.01070313
3.26000004e-009   0.01078906
3.28000004e-009      0.01075
3.30000004e-009   0.01060938
3.32000004e-009   0.01039063
3.34000004e-009   0.01020313
3.36000004e-009   0.01010938
3.38000005e-009   0.01004688
3.40000005e-009  0.009914063
3.42000005e-009  0.009875001
3.44000005e-009  0.009875001
3.46000005e-009  0.009906251
3.48000005e-009  0.009867188
3.50000005e-009  0.009648438
3.52000005e-009  0.009335938
3.54000005e-009  0.009117188
3.56000005e-009  0.008976563
3.58000005e-009  0.008820313
3.60000005e-009  0.008625001
3.62000005e-009  0.008492188
3.64000005e-009  0.008531251
3.66000005e-009  0.008695313
3.68000005e-009  0.008890626
3.70000005e-009  0.008867188
3.72000005e-009  0.008734376
3.74000005e-009  0.008593751
3.76000005e-009  0.008593751
3.78000005e-009  0.008656251
3.80000005e-009  0.008671876
3.82000005e-009  0.008593751
3.84000005e-009  0.008445313
3.86000005e-009  0.008406251
3.88000005e-009  0.008531251
3.90000005e-009  0.008609376
3.92000005e-009  0.008578126
3.94000005e-009  0.008375001
3.96000005e-009  0.008234376
3.98000005e-009  0.008289063
4.00000005e-009  0.008648438
4.02000005e-009  0.009023438
4.04000005e-009  0.009132813
4.06000005e-009  0.008953126
4.08000005e-009  0.008562501
4.10000005e-009  0.008226563
4.12000006e-009  0.008070313
4.14000006e-009  0.008070313
4.16000006e-009  0.008078126
4.18000006e-009  0.008125001
4.20000006e-009  0.008070313
4.22000006e-009  0.007984376
4.24000006e-009  0.007929688
4.26000006e-009  0.007882813
4.28000006e-009  0.007804688
4.30000006e-009  0.007867188
4.32000006e-009  0.007992188
4.34000006e-009  0.008062501
4.36000006e-009  0.007976563
4.38000006e-009  0.007835938
4.40000006e-009  0.007757813
4.42000006e-009  0.007851563
4.44000006e-009  0.007890626
4.46000006e-009  0.007859376
4.48000006e-009  0.007656251
4.50000006e-009  0.007492188
4.52000006e-009  0.007523438
4.54000006e-009  0.007789063
4.56000006e-009  0.008054688
4.58000006e-009  0.008187501
4.60000006e-009  0.008007813
4.62000006e-009  0.007796876
4.64000006e-009  0.007726563
4.66000006e-009  0.007812501
4.68000006e-009  0.007960938
4.70000006e-009  0.007945313
4.72000006e-009  0.007789063
4.74000006e-009  0.007554688
4.76000006e-009  0.007437501
4.78000006e-009  0.007382813
4.80000006e-009  0.007460938
4.82000006e-009  0.007648438
4.84000006e-009  0.007898438
4.86000006e-009  0.007992188
4.88000007e-009  0.007953126
4.90000007e-009  0.007828126
4.92000007e-009  0.007804688
4.94000007e-009  0.007976563
4.96000007e-009  0.008265626
4.98000007e-009  0.008484376
5.00000007e-009  0.008625001
