-2.49000003e-009 -0.008890625
-2.48000003e-009 -0.008859375
-2.47000003e-009 -0.008859375
-2.46000003e-009 -0.008828125
-2.45000003e-009 -0.008820313
-2.44000003e-009   -0.0088125
-2.43000003e-009 -0.008726563
-2.42000003e-009 -0.008679688
-2.41000003e-009    -0.008625
-2.40000003e-009   -0.0085625
-2.39000003e-009    -0.008625
-2.38000003e-009 -0.008679688
-2.37000003e-009  -0.00878125
-2.36000003e-009 -0.008882813
-2.35000003e-009 -0.008960938
-2.34000003e-009 -0.008929688
-2.33000003e-009 -0.008859375
-2.32000003e-009     -0.00875
-2.31000003e-009 -0.008617188
-2.30000003e-009 -0.008445313
-2.29000003e-009 -0.008335938
-2.28000003e-009 -0.008296875
-2.27000003e-009    -0.008375
-2.26000003e-009 -0.008476563
-2.25000003e-009  -0.00865625
-2.24000003e-009 -0.008773438
-2.23000003e-009 -0.008828125
-2.22000003e-009 -0.008835938
-2.21000003e-009 -0.008734375
-2.20000003e-009 -0.008585938
-2.19000003e-009 -0.008398438
-2.18000003e-009 -0.008226563
-2.17000003e-009  -0.00803125
-2.16000003e-009 -0.007828125
-2.15000003e-009 -0.007734375
-2.14000003e-009 -0.007671875
-2.13000003e-009 -0.007617188
-2.12000003e-009  -0.00753125
-2.11000003e-009 -0.007460938
-2.10000003e-009 -0.007414063
-2.09000003e-009 -0.007351562
-2.08000003e-009 -0.007273437
-2.07000003e-009 -0.007234375
-2.06000003e-009 -0.007203125
-2.05000003e-009  -0.00721875
-2.04000003e-009 -0.007234375
-2.03000003e-009 -0.007203125
-2.02000003e-009 -0.007234375
-2.01000003e-009 -0.007203125
-2.00000003e-009  -0.00715625
-1.99000003e-009 -0.007132812
-1.98000003e-009 -0.007023437
-1.97000003e-009   -0.0069375
-1.96000003e-009 -0.006828125
-1.95000003e-009 -0.006695312
-1.94000003e-009 -0.006585937
-1.93000003e-009 -0.006492187
-1.92000003e-009 -0.006429687
-1.91000003e-009 -0.006359375
-1.90000003e-009  -0.00634375
-1.89000003e-009 -0.006320312
-1.88000003e-009   -0.0063125
-1.87000002e-009 -0.006335937
-1.86000002e-009 -0.006328125
-1.85000002e-009 -0.006359375
-1.84000002e-009 -0.006359375
-1.83000002e-009 -0.006335937
-1.82000002e-009 -0.006257812
-1.81000002e-009 -0.006148437
-1.80000002e-009 -0.006007812
-1.79000002e-009 -0.005859375
-1.78000002e-009 -0.005664062
-1.77000002e-009 -0.005492187
-1.76000002e-009 -0.005335937
-1.75000002e-009 -0.005242187
-1.74000002e-009   -0.0051875
-1.73000002e-009 -0.005179687
-1.72000002e-009 -0.005195312
-1.71000002e-009 -0.005132812
-1.70000002e-009 -0.005148437
-1.69000002e-009 -0.005007812
-1.68000002e-009 -0.004882812
-1.67000002e-009 -0.004710937
-1.66000002e-009  -0.00453125
-1.65000002e-009 -0.004359375
-1.64000002e-009     -0.00425
-1.63000002e-009 -0.004195312
-1.62000002e-009 -0.004171875
-1.61000002e-009 -0.004148437
-1.60000002e-009 -0.004140625
-1.59000002e-009 -0.004078125
-1.58000002e-009 -0.004007812
-1.57000002e-009 -0.003882812
-1.56000002e-009     -0.00375
-1.55000002e-009 -0.003640625
-1.54000002e-009 -0.003539062
-1.53000002e-009  -0.00346875
-1.52000002e-009 -0.003476562
-1.51000002e-009 -0.003484375
-1.50000002e-009 -0.003460937
-1.49000002e-009 -0.003476562
-1.48000002e-009 -0.003484375
-1.47000002e-009 -0.003421875
-1.46000002e-009  -0.00334375
-1.45000002e-009     -0.00325
-1.44000002e-009 -0.003148437
-1.43000002e-009 -0.003054687
-1.42000002e-009 -0.002960937
-1.41000002e-009 -0.002921875
-1.40000002e-009 -0.002859375
-1.39000002e-009   -0.0028125
-1.38000002e-009 -0.002789062
-1.37000002e-009 -0.002742187
-1.36000002e-009  -0.00271875
-1.35000002e-009   -0.0026875
-1.34000002e-009 -0.002648437
-1.33000002e-009 -0.002632812
-1.32000002e-009  -0.00259375
-1.31000002e-009 -0.002554687
-1.30000002e-009 -0.002539062
-1.29000002e-009 -0.002507812
-1.28000002e-009 -0.002492187
-1.27000002e-009 -0.002492187
-1.26000002e-009 -0.002476562
-1.25000002e-009  -0.00246875
-1.24000002e-009  -0.00240625
-1.23000002e-009 -0.002367187
-1.22000002e-009  -0.00228125
-1.21000002e-009 -0.002265625
-1.20000002e-009 -0.002210937
-1.19000002e-009 -0.002195312
-1.18000002e-009   -0.0021875
-1.17000002e-009 -0.002171875
-1.16000002e-009  -0.00215625
-1.15000002e-009 -0.002117187
-1.14000002e-009  -0.00209375
-1.13000002e-009 -0.002078125
-1.12000001e-009 -0.002015625
-1.11000001e-009 -0.001992187
-1.10000001e-009 -0.001984375
-1.09000001e-009 -0.002023437
-1.08000001e-009 -0.002039062
-1.07000001e-009   -0.0020625
-1.06000001e-009  -0.00209375
-1.05000001e-009 -0.002101562
-1.04000001e-009    -0.002125
-1.03000001e-009  -0.00209375
-1.02000001e-009 -0.002023437
-1.01000001e-009 -0.001960937
-1.00000001e-009 -0.001914062
-9.90000013e-010 -0.001882812
-9.80000013e-010  -0.00184375
-9.70000013e-010 -0.001828125
-9.60000013e-010 -0.001859375
-9.50000013e-010 -0.001921875
-9.40000013e-010 -0.002039062
-9.30000012e-010 -0.002164062
-9.20000012e-010 -0.002289062
-9.10000012e-010 -0.002414062
-9.00000012e-010 -0.002484375
-8.90000012e-010 -0.002523437
-8.80000012e-010 -0.002523437
-8.70000012e-010 -0.002476562
-8.60000011e-010 -0.002476562
-8.50000011e-010 -0.002460937
-8.40000011e-010 -0.002460937
-8.30000011e-010 -0.002515625
-8.20000011e-010 -0.002578125
-8.10000011e-010 -0.002703125
-8.00000011e-010  -0.00271875
-7.90000011e-010 -0.002820312
-7.8000001e-010 -0.002828125
-7.7000001e-010 -0.002835937
-7.6000001e-010  -0.00290625
-7.5000001e-010 -0.003015625
-7.4000001e-010 -0.003164062
-7.3000001e-010 -0.003390625
-7.2000001e-010 -0.003617187
-7.10000009e-010 -0.003851562
-7.00000009e-010  -0.00415625
-6.90000009e-010 -0.004429687
-6.80000009e-010     -0.00475
-6.70000009e-010 -0.005015625
-6.60000009e-010   -0.0053125
-6.50000009e-010 -0.005671875
-6.40000009e-010  -0.00615625
-6.30000008e-010 -0.006796875
-6.20000008e-010      -0.0075
-6.10000008e-010 -0.008367188
-6.00000008e-010 -0.009367188
-5.90000008e-010  -0.01060156
-5.80000008e-010  -0.01207813
-5.70000008e-010  -0.01380469
-5.60000007e-010  -0.01591406
-5.50000007e-010  -0.01847656
-5.40000007e-010    -0.021625
-5.30000007e-010  -0.02532031
-5.20000007e-010   -0.0295625
-5.10000007e-010  -0.03435938
-5.00000007e-010  -0.03964063
-4.90000007e-010  -0.04538281
-4.80000006e-010  -0.05153125
-4.70000006e-010  -0.05802344
-4.60000006e-010  -0.06485157
-4.50000006e-010  -0.07197657
-4.40000006e-010  -0.07935157
-4.30000006e-010  -0.08688282
-4.20000006e-010  -0.09446094
-4.10000005e-010   -0.1019297
-4.00000005e-010   -0.1089922
-3.90000005e-010   -0.1155547
-3.80000005e-010   -0.1214453
-3.70000005e-010   -0.1266016
-3.60000005e-010   -0.1309453
-3.50000005e-010   -0.1343906
-3.40000005e-010   -0.1369688
-3.30000004e-010   -0.1387891
-3.20000004e-010   -0.1399297
-3.10000004e-010   -0.1405078
-3.00000004e-010   -0.1405078
-2.90000004e-010   -0.1399766
-2.80000004e-010   -0.1391016
-2.70000004e-010   -0.1380234
-2.60000003e-010   -0.1367344
-2.50000003e-010   -0.1352969
-2.40000003e-010   -0.1336641
-2.30000003e-010   -0.1319141
-2.20000003e-010   -0.1300859
-2.10000003e-010   -0.1280938
-2.00000003e-010   -0.1258516
-1.90000003e-010   -0.1232266
-1.80000002e-010   -0.1202422
-1.70000002e-010   -0.1169375
-1.60000002e-010   -0.1132813
-1.50000002e-010   -0.1092266
-1.40000002e-010   -0.1047266
-1.30000002e-010  -0.09982813
-1.20000002e-010  -0.09457032
-1.10000001e-010  -0.08891407
-1.00000001e-010  -0.08290625
-9.00000012e-011  -0.07648438
-8.00000011e-011  -0.06978125
-7.00000009e-011     -0.06275
-6.00000008e-011  -0.05555469
-5.00000007e-011  -0.04832031
-4.00000005e-011  -0.04109375
-3.00000004e-011  -0.03407031
-2.00000003e-011  -0.02732031
-1.00000001e-011  -0.02091406
           0  -0.01503906
1.00000001e-011  -0.00965625
2.00000003e-011 -0.004882812
3.00000004e-011 -0.0005937497
4.00000005e-011  0.003070313
5.00000007e-011  0.006125001
6.00000008e-011  0.008585938
7.00000009e-011   0.01047656
8.00000011e-011   0.01189844
9.00000012e-011   0.01285938
1.00000001e-010   0.01345313
1.10000001e-010   0.01364063
1.20000002e-010   0.01361719
1.30000002e-010   0.01338281
1.40000002e-010   0.01311719
1.50000002e-010   0.01271094
1.60000002e-010      0.01225
1.70000002e-010   0.01179688
1.80000002e-010   0.01145313
1.90000003e-010   0.01117969
2.00000003e-010    0.0110625
2.10000003e-010   0.01107813
2.20000003e-010   0.01123438
2.30000003e-010   0.01160156
2.40000003e-010   0.01207813
2.50000003e-010   0.01267188
2.60000003e-010   0.01330469
2.70000004e-010   0.01397656
2.80000004e-010     0.014625
2.90000004e-010   0.01529688
3.00000004e-010   0.01586719
3.10000004e-010   0.01640625
3.20000004e-010   0.01678906
3.30000004e-010   0.01714844
3.40000005e-010   0.01734375
3.50000005e-010   0.01739844
3.60000005e-010   0.01735938
3.70000005e-010   0.01714844
3.80000005e-010   0.01682813
3.90000005e-010   0.01641406
4.00000005e-010   0.01591406
4.10000005e-010   0.01536719
4.20000006e-010   0.01478125
4.30000006e-010   0.01416406
4.40000006e-010   0.01353906
4.50000006e-010   0.01296094
4.60000006e-010     0.012375
4.70000006e-010   0.01184375
4.80000006e-010   0.01139844
4.90000007e-010    0.0110625
5.00000007e-010   0.01078906
5.10000007e-010   0.01064844
5.20000007e-010   0.01046094
5.30000007e-010   0.01038281
5.40000007e-010   0.01026563
5.50000007e-010   0.01017188
5.60000007e-010   0.01010156
5.70000008e-010   0.01010938
5.80000008e-010   0.01020313
5.90000008e-010     0.010375
6.00000008e-010   0.01064063
6.10000008e-010   0.01092969
6.20000008e-010   0.01121875
6.30000008e-010   0.01145313
6.40000009e-010   0.01160938
6.50000009e-010   0.01163281
6.60000009e-010     0.011625
6.70000009e-010   0.01155469
6.80000009e-010   0.01149219
6.90000009e-010   0.01149219
7.00000009e-010   0.01158594
7.10000009e-010   0.01177344
7.2000001e-010   0.01198438
7.3000001e-010   0.01220313
7.4000001e-010     0.012375
7.5000001e-010   0.01257031
7.6000001e-010   0.01270313
7.7000001e-010   0.01285156
7.8000001e-010        0.013
7.90000011e-010   0.01324219
8.00000011e-010       0.0135
8.10000011e-010   0.01378906
8.20000011e-010   0.01410156
8.30000011e-010   0.01439063
8.40000011e-010   0.01461719
8.50000011e-010   0.01482031
8.60000011e-010   0.01495313
8.70000012e-010    0.0150625
8.80000012e-010   0.01515625
8.90000012e-010   0.01521875
9.00000012e-010   0.01529688
9.10000012e-010   0.01538281
9.20000012e-010   0.01544531
9.30000012e-010   0.01547656
9.40000013e-010   0.01551563
9.50000013e-010   0.01554688
9.60000013e-010   0.01557813
9.70000013e-010     0.015625
9.80000013e-010   0.01571875
9.90000013e-010   0.01582031
1.00000001e-009   0.01596875
1.01000001e-009     0.016125
1.02000001e-009   0.01629688
1.03000001e-009   0.01644531
1.04000001e-009   0.01659375
1.05000001e-009   0.01665625
1.06000001e-009   0.01671094
1.07000001e-009     0.016625
1.08000001e-009   0.01651563
1.09000001e-009   0.01632031
1.10000001e-009   0.01613281
1.11000001e-009   0.01591406
1.12000001e-009   0.01574219
1.13000002e-009   0.01566406
1.14000002e-009   0.01565625
1.15000002e-009   0.01575781
1.16000002e-009   0.01594531
1.17000002e-009   0.01614063
1.18000002e-009   0.01632031
1.19000002e-009   0.01646875
1.20000002e-009   0.01653906
1.21000002e-009   0.01659375
1.22000002e-009   0.01658594
1.23000002e-009   0.01660156
1.24000002e-009   0.01657031
1.25000002e-009   0.01657031
1.26000002e-009   0.01658594
1.27000002e-009   0.01660156
1.28000002e-009   0.01659375
1.29000002e-009   0.01657813
1.30000002e-009   0.01657031
1.31000002e-009   0.01648438
1.32000002e-009   0.01648438
1.33000002e-009   0.01652344
1.34000002e-009   0.01659375
1.35000002e-009   0.01667188
1.36000002e-009   0.01677344
1.37000002e-009   0.01680469
1.38000002e-009     0.016875
1.39000002e-009   0.01685938
1.40000002e-009   0.01685156
1.41000002e-009   0.01682813
1.42000002e-009   0.01685938
1.43000002e-009   0.01682031
1.44000002e-009   0.01685938
1.45000002e-009   0.01690625
1.46000002e-009   0.01689844
1.47000002e-009     0.016875
1.48000002e-009   0.01683594
1.49000002e-009   0.01677344
1.50000002e-009   0.01670313
1.51000002e-009   0.01663281
1.52000002e-009   0.01658594
1.53000002e-009   0.01653125
1.54000002e-009   0.01647656
1.55000002e-009   0.01635938
1.56000002e-009   0.01621094
1.57000002e-009   0.01599219
1.58000002e-009   0.01578125
1.59000002e-009       0.0155
1.60000002e-009   0.01525781
1.61000002e-009   0.01505469
1.62000002e-009   0.01485938
1.63000002e-009   0.01472656
1.64000002e-009   0.01467969
1.65000002e-009   0.01471875
1.66000002e-009   0.01472656
1.67000002e-009      0.01475
1.68000002e-009   0.01477344
1.69000002e-009   0.01478906
1.70000002e-009    0.0148125
1.71000002e-009   0.01485938
1.72000002e-009   0.01484375
1.73000002e-009   0.01488281
1.74000002e-009   0.01485938
1.75000002e-009   0.01482813
1.76000002e-009    0.0148125
1.77000002e-009      0.01475
1.78000002e-009   0.01473438
1.79000002e-009   0.01465625
1.80000002e-009   0.01464063
1.81000002e-009     0.014625
1.82000002e-009   0.01460938
1.83000002e-009   0.01461719
1.84000002e-009   0.01458594
1.85000002e-009   0.01450781
1.86000002e-009   0.01444531
1.87000002e-009   0.01432813
1.88000003e-009    0.0141875
1.89000003e-009   0.01407031
1.90000003e-009   0.01400781
1.91000003e-009   0.01399219
1.92000003e-009    0.0140625
1.93000003e-009   0.01419531
1.94000003e-009   0.01434375
1.95000003e-009   0.01453125
1.96000003e-009   0.01466406
1.97000003e-009   0.01467188
1.98000003e-009   0.01465625
1.99000003e-009   0.01455469
2.00000003e-009   0.01446094
2.01000003e-009   0.01435156
2.02000003e-009   0.01430469
2.03000003e-009   0.01428906
2.04000003e-009   0.01435156
2.05000003e-009   0.01442188
2.06000003e-009   0.01450781
2.07000003e-009   0.01452344
2.08000003e-009   0.01449219
2.09000003e-009   0.01442969
2.10000003e-009   0.01433594
2.11000003e-009      0.01425
2.12000003e-009   0.01414063
2.13000003e-009   0.01405469
2.14000003e-009   0.01398438
2.15000003e-009   0.01391406
2.16000003e-009   0.01382813
2.17000003e-009   0.01374219
2.18000003e-009   0.01369531
2.19000003e-009   0.01367188
2.20000003e-009   0.01365625
2.21000003e-009   0.01374219
2.22000003e-009   0.01385938
2.23000003e-009   0.01403125
2.24000003e-009   0.01417969
2.25000003e-009      0.01425
2.26000003e-009   0.01430469
2.27000003e-009   0.01427344
2.28000003e-009   0.01414063
2.29000003e-009   0.01401563
2.30000003e-009     0.013875
2.31000003e-009   0.01374219
2.32000003e-009   0.01363281
2.33000003e-009   0.01360156
2.34000003e-009   0.01357813
2.35000003e-009    0.0135625
2.36000003e-009   0.01354688
2.37000003e-009   0.01342969
2.38000003e-009   0.01333594
2.39000003e-009    0.0131875
2.40000003e-009   0.01300781
2.41000003e-009   0.01284375
2.42000003e-009   0.01272656
2.43000003e-009   0.01265625
2.44000003e-009   0.01260938
2.45000003e-009   0.01261719
2.46000003e-009   0.01264063
2.47000003e-009   0.01265625
2.48000003e-009   0.01267188
2.49000003e-009   0.01261719
2.50000003e-009   0.01258594
