-4.98000007e-009   -0.0060625
-4.96000007e-009  0.005289063
-4.94000007e-009 -0.003828125
-4.92000007e-009  0.007125001
-4.90000007e-009 -0.005007812
-4.88000007e-009  0.005546876
-4.86000006e-009 -0.004734375
-4.84000006e-009  0.004945313
-4.82000006e-009 -0.004054687
-4.80000006e-009  0.007000001
-4.78000006e-009 -0.003601562
-4.76000006e-009  0.004960938
-4.74000006e-009       -0.005
-4.72000006e-009  0.005000001
-4.70000006e-009 -0.005078125
-4.68000006e-009  0.004921876
-4.66000006e-009 -0.005140625
-4.64000006e-009  0.005039063
-4.62000006e-009 -0.003804687
-4.60000006e-009  0.005000001
-4.58000006e-009  -0.00446875
-4.56000006e-009  0.007039063
-4.54000006e-009  -0.00453125
-4.52000006e-009  0.005000001
-4.50000006e-009       -0.005
-4.48000006e-009  0.004289063
-4.46000006e-009 -0.003679687
-4.44000006e-009  0.005000001
-4.42000006e-009 -0.003671875
-4.40000006e-009  0.004710938
-4.38000006e-009 -0.004179687
-4.36000006e-009  0.006429688
-4.34000006e-009 -0.004695312
-4.32000006e-009  0.007000001
-4.30000006e-009 -0.004289062
-4.28000006e-009  0.005351563
-4.26000006e-009  -0.00478125
-4.24000006e-009  0.005000001
-4.22000006e-009 -0.004578125
-4.20000006e-009  0.007000001
-4.18000006e-009 -0.003851562
-4.16000006e-009  0.005242188
-4.14000006e-009 -0.003914062
-4.12000006e-009  0.005000001
-4.10000005e-009       -0.005
-4.08000005e-009  0.005484376
-4.06000005e-009    -0.003875
-4.04000005e-009  0.006882813
-4.02000005e-009 -0.006328125
-4.00000005e-009  0.005000001
-3.98000005e-009 -0.005257812
-3.96000005e-009  0.004992188
-3.94000005e-009  -0.00496875
-3.92000005e-009  0.006054688
-3.90000005e-009       -0.007
-3.88000005e-009  0.005765626
-3.86000005e-009       -0.005
-3.84000005e-009  0.007000001
-3.82000005e-009 -0.003757812
-3.80000005e-009  0.007000001
-3.78000005e-009 -0.005070312
-3.76000005e-009  0.004890626
-3.74000005e-009 -0.005679687
-3.72000005e-009  0.005000001
-3.70000005e-009 -0.005992187
-3.68000005e-009  0.005250001
-3.66000005e-009 -0.004796875
-3.64000005e-009  0.005000001
-3.62000005e-009 -0.004453125
-3.60000005e-009  0.005000001
-3.58000005e-009 -0.004679687
-3.56000005e-009  0.004960938
-3.54000005e-009    -0.005375
-3.52000005e-009  0.005000001
-3.50000005e-009 -0.003789062
-3.48000005e-009  0.005039063
-3.46000005e-009   -0.0058125
-3.44000005e-009  0.007000001
-3.42000005e-009       -0.005
-3.40000005e-009  0.005000001
-3.38000005e-009 -0.004726562
-3.36000004e-009  0.004382813
-3.34000004e-009 -0.005539062
-3.32000004e-009  0.004062501
-3.30000004e-009 -0.005578125
-3.28000004e-009  0.004625001
-3.26000004e-009 -0.007195312
-3.24000004e-009  0.003453126
-3.22000004e-009       -0.007
-3.20000004e-009        0.003
-3.18000004e-009 -0.007554688
-3.16000004e-009  0.002539063
-3.14000004e-009 -0.008789063
-3.12000004e-009  0.001289063
-3.10000004e-009 -0.008523438
-3.08000004e-009  0.003164063
-3.06000004e-009  -0.00928125
-3.04000004e-009 -0.0009999997
-3.02000004e-009       -0.011
-3.00000004e-009 -0.0007656247
-2.98000004e-009  -0.01113281
-2.96000004e-009 0.0006093754
-2.94000004e-009  -0.01202344
-2.92000004e-009       -0.003
-2.90000004e-009       -0.013
-2.88000004e-009 -0.002765625
-2.86000004e-009  -0.01078906
-2.84000004e-009 -0.003132812
-2.82000004e-009   -0.0113125
-2.80000004e-009       -0.003
-2.78000004e-009  -0.01199219
-2.76000004e-009   -0.0043125
-2.74000004e-009  -0.01342188
-2.72000004e-009       -0.003
-2.70000004e-009       -0.015
-2.68000004e-009  -0.00446875
-2.66000004e-009  -0.01397656
-2.64000004e-009 -0.002257812
-2.62000003e-009       -0.015
-2.60000003e-009       -0.003
-2.58000003e-009  -0.01479688
-2.56000003e-009  -0.00334375
-2.54000003e-009  -0.01351563
-2.52000003e-009 -0.004601562
-2.50000003e-009       -0.015
-2.48000003e-009 -0.002765625
-2.46000003e-009  -0.01317969
-2.44000003e-009 -0.004421875
-2.42000003e-009       -0.015
-2.40000003e-009 -0.0009999997
-2.38000003e-009  -0.01377344
-2.36000003e-009 -0.003828125
-2.34000003e-009  -0.01278125
-2.32000003e-009 -0.0009999997
-2.30000003e-009       -0.013
-2.28000003e-009 -0.004132812
-2.26000003e-009  -0.01346094
-2.24000003e-009       -0.003
-2.22000003e-009       -0.013
-2.20000003e-009  -0.00334375
-2.18000003e-009  -0.01467188
-2.16000003e-009 -0.001585937
-2.14000003e-009  -0.01249219
-2.12000003e-009 -0.002804687
-2.10000003e-009  -0.01144531
-2.08000003e-009 -0.002578125
-2.06000003e-009     -0.01275
-2.04000003e-009   -0.0018125
-2.02000003e-009       -0.011
-2.00000003e-009 -0.001328125
-1.98000003e-009     -0.01125
-1.96000003e-009 -0.001460937
-1.94000003e-009  -0.01032031
-1.92000003e-009 -0.0009999997
-1.90000003e-009  -0.01014063
-1.88000003e-009 -0.001617187
-1.86000002e-009  -0.01090625
-1.84000002e-009 -0.0004765622
-1.82000002e-009      -0.0095
-1.80000002e-009 -0.0009999997
-1.78000002e-009  -0.00909375
-1.76000002e-009 -4.687465e-005
-1.74000002e-009 -0.009867188
-1.72000002e-009        0.001
-1.70000002e-009 -0.009085938
-1.68000002e-009 0.0008906254
-1.66000002e-009 -0.008914063
-1.64000002e-009 -0.0008671872
-1.62000002e-009 -0.007390625
-1.60000002e-009  0.001148438
-1.58000002e-009 -0.008492188
-1.56000002e-009 0.0006171879
-1.54000002e-009  -0.00915625
-1.52000002e-009        0.001
-1.50000002e-009 -0.007257812
-1.48000002e-009  0.003312501
-1.46000002e-009 -0.007328125
-1.44000002e-009  0.001179688
-1.42000002e-009       -0.007
-1.40000002e-009  0.001789063
-1.38000002e-009  -0.00728125
-1.36000002e-009  0.002929688
-1.34000002e-009       -0.007
-1.32000002e-009        0.001
-1.30000002e-009 -0.006703125
-1.28000002e-009  0.001359375
-1.26000002e-009 -0.006726562
-1.24000002e-009  0.003515626
-1.22000002e-009 -0.006242187
-1.20000002e-009  0.004023438
-1.18000002e-009 -0.006179687
-1.16000002e-009  0.002273438
-1.14000002e-009 -0.005835937
-1.12000001e-009        0.003
-1.10000001e-009 -0.005695312
-1.08000001e-009  0.002992188
-1.06000001e-009 -0.007046875
-1.04000001e-009        0.003
-1.02000001e-009 -0.006078125
-1.00000001e-009        0.003
-9.80000013e-010 -0.008171875
-9.60000013e-010  0.001820313
-9.40000013e-010       -0.007
-9.20000012e-010  0.003101563
-9.00000012e-010       -0.007
-8.80000012e-010  0.004023438
-8.60000011e-010 -0.007257812
-8.40000011e-010    0.0021875
-8.20000011e-010       -0.007
-8.00000011e-010  0.005000001
-7.8000001e-010   -0.0071875
-7.6000001e-010  0.001070313
-7.4000001e-010       -0.011
-7.2000001e-010  0.005000001
-7.00000009e-010 -0.009359375
-6.80000009e-010 0.0005703129
-6.60000009e-010 -0.009679688
-6.40000009e-010 -0.0009999997
-6.20000008e-010       -0.015
-6.00000008e-010       -0.005
-5.80000008e-010        -0.02
-5.60000007e-010    -0.011125
-5.40000007e-010   -0.0318125
-5.20000007e-010       -0.025
-5.00000007e-010  -0.05492188
-4.80000006e-010  -0.04752344
-4.60000006e-010  -0.08764844
-4.40000006e-010  -0.07864844
-4.20000006e-010   -0.1135938
-4.00000005e-010   -0.1080469
-3.80000005e-010   -0.1344688
-3.60000005e-010   -0.1276484
-3.40000005e-010   -0.1444531
-3.20000004e-010   -0.1345313
-3.00000004e-010       -0.147
-2.80000004e-010   -0.1317813
-2.60000003e-010   -0.1400938
-2.40000003e-010   -0.1245469
-2.20000003e-010   -0.1346406
-2.00000003e-010   -0.1141484
-1.80000002e-010   -0.1245156
-1.60000002e-010  -0.09974219
-1.40000002e-010   -0.1102969
-1.20000002e-010       -0.077
-1.00000001e-010  -0.08533594
-8.00000011e-011  -0.05046875
-6.00000008e-011       -0.058
-4.00000005e-011  -0.02175781
-2.00000003e-011       -0.029
           0 -1.562465e-005
2.00000003e-011 -0.006476562
4.00000005e-011   0.01457031
6.00000008e-011  0.006078126
8.00000011e-011        0.019
1.00000001e-010  0.009000001
1.20000002e-010   0.02027344
1.40000002e-010  0.007140626
1.60000002e-010   0.01735938
1.80000002e-010  0.005000001
2.00000003e-010   0.01524219
2.20000003e-010  0.004851563
2.40000003e-010   0.01704688
2.60000003e-010  0.006578126
2.80000004e-010   0.02107031
3.00000004e-010  0.009007813
3.20000004e-010   0.02292969
3.40000005e-010   0.01297656
3.60000005e-010   0.02228125
3.80000005e-010        0.013
4.00000005e-010        0.023
4.20000006e-010  0.009593751
4.40000006e-010     0.018625
4.60000006e-010  0.007632813
4.80000006e-010        0.017
5.00000007e-010  0.005000001
5.20000007e-010   0.01839063
5.40000007e-010  0.003546876
5.60000007e-010   0.01469531
5.80000008e-010  0.003937501
6.00000008e-010   0.01754688
6.20000008e-010  0.006460938
6.40000009e-010   0.01820313
6.60000009e-010  0.005054688
6.80000009e-010   0.01703125
7.00000009e-010  0.007000001
7.2000001e-010   0.01757813
7.4000001e-010  0.006671876
7.6000001e-010   0.01855469
7.8000001e-010  0.009000001
8.00000011e-010        0.019
8.20000011e-010  0.008531251
8.40000011e-010   0.02010938
8.60000011e-010   0.01063281
8.80000012e-010        0.021
9.00000012e-010  0.006375001
9.20000012e-010   0.02108594
9.40000013e-010   0.01066406
9.60000013e-010        0.023
9.80000013e-010   0.01228125
1.00000001e-009        0.023
1.02000001e-009   0.01115625
1.04000001e-009   0.02165625
1.06000001e-009   0.01063281
1.08000001e-009   0.02157031
1.10000001e-009   0.01208594
1.12000001e-009   0.02191406
1.14000002e-009   0.01038281
1.16000002e-009        0.021
1.18000002e-009   0.01149219
1.20000002e-009   0.02110156
1.22000002e-009   0.01240625
1.24000002e-009   0.02167188
1.26000002e-009        0.013
1.28000002e-009        0.023
1.30000002e-009   0.01297656
1.32000002e-009    0.0225625
1.34000002e-009   0.01089063
1.36000002e-009   0.02246094
1.38000002e-009   0.01114844
1.40000002e-009        0.023
1.42000002e-009   0.01160156
1.44000002e-009   0.02360938
1.46000002e-009   0.01124219
1.48000002e-009   0.02217969
1.50000002e-009   0.01071094
1.52000002e-009   0.02209375
1.54000002e-009   0.01242188
1.56000002e-009    0.0226875
1.58000002e-009        0.011
1.60000002e-009        0.025
1.62000002e-009   0.01022656
1.64000002e-009   0.02035156
1.66000002e-009   0.01022656
1.68000002e-009   0.02040625
1.70000002e-009        0.011
1.72000002e-009   0.02060156
1.74000002e-009  0.009984376
1.76000002e-009   0.01999219
1.78000002e-009  0.009000001
1.80000002e-009        0.021
1.82000002e-009  0.009843751
1.84000002e-009   0.02185156
1.86000002e-009        0.011
1.88000003e-009   0.01982031
1.90000003e-009  0.009000001
1.92000003e-009     0.020375
1.94000003e-009  0.008046876
1.96000003e-009   0.01978906
1.98000003e-009  0.009265626
2.00000003e-009        0.019
2.02000003e-009   0.01021875
2.04000003e-009   0.01946094
2.06000003e-009  0.009000001
2.08000003e-009        0.019
2.10000003e-009  0.009007813
2.12000003e-009   0.01938281
2.14000003e-009  0.009492188
2.16000003e-009     0.019625
2.18000003e-009  0.008804688
2.20000003e-009   0.01820313
2.22000003e-009  0.008703126
2.24000003e-009   0.01899219
2.26000003e-009  0.009835938
2.28000003e-009   0.01848438
2.30000003e-009  0.008484376
2.32000003e-009   0.01735938
2.34000003e-009  0.007203126
2.36000003e-009        0.019
2.38000003e-009   0.01017969
2.40000003e-009        0.019
2.42000003e-009  0.007210938
2.44000003e-009   0.01773438
2.46000003e-009  0.008898438
2.48000003e-009        0.017
2.50000003e-009  0.007000001
2.52000003e-009   0.01735938
2.54000003e-009  0.006585938
2.56000003e-009   0.01723438
2.58000003e-009  0.008531251
2.60000003e-009        0.017
2.62000003e-009  0.003664063
2.64000004e-009   0.01875781
2.66000004e-009  0.007000001
2.68000004e-009        0.017
2.70000004e-009  0.007000001
2.72000004e-009   0.01788281
2.74000004e-009  0.008046876
2.76000004e-009   0.01654688
2.78000004e-009  0.006921876
2.80000004e-009        0.017
2.82000004e-009  0.008398438
2.84000004e-009   0.01934375
2.86000004e-009  0.005000001
2.88000004e-009   0.01557031
2.90000004e-009  0.007000001
2.92000004e-009   0.01592969
2.94000004e-009  0.006585938
2.96000004e-009     0.015875
2.98000004e-009  0.005000001
3.00000004e-009        0.015
3.02000004e-009  0.006523438
3.04000004e-009   0.01655469
3.06000004e-009  0.006328126
3.08000004e-009        0.017
3.10000004e-009  0.005000001
3.12000004e-009   0.01595313
3.14000004e-009  0.005179688
3.16000004e-009   0.01626563
3.18000004e-009  0.006578126
3.20000004e-009        0.015
3.22000004e-009  0.003367188
3.24000004e-009   0.01421094
3.26000004e-009  0.006546876
3.28000004e-009   0.01589063
3.30000004e-009  0.005726563
3.32000004e-009   0.01425781
3.34000004e-009  0.004992188
3.36000004e-009        0.015
3.38000005e-009  0.005281251
3.40000005e-009   0.01367969
3.42000005e-009  0.004093751
3.44000005e-009   0.01647656
3.46000005e-009  0.004539063
3.48000005e-009   0.01336719
3.50000005e-009  0.004789063
3.52000005e-009   0.01290625
3.54000005e-009  0.004429688
3.56000005e-009       0.0135
3.58000005e-009  0.004125001
3.60000005e-009    0.0131875
3.62000005e-009  0.004750001
3.64000005e-009   0.01305469
3.66000005e-009  0.003804688
3.68000005e-009        0.015
3.70000005e-009  0.005000001
3.72000005e-009   0.01414063
3.74000005e-009  0.004859376
3.76000005e-009   0.01285156
3.78000005e-009  0.004562501
3.80000005e-009   0.01304688
3.82000005e-009  0.004117188
3.84000005e-009   0.01314063
3.86000005e-009        0.003
3.88000005e-009        0.013
3.90000005e-009        0.003
3.92000005e-009   0.01491406
3.94000005e-009 0.0003906254
3.96000005e-009   0.01321094
3.98000005e-009  0.003164063
4.00000005e-009        0.015
4.02000005e-009  0.003757813
4.04000005e-009   0.01340625
4.06000005e-009  0.003960938
4.08000005e-009   0.01310938
4.10000005e-009  0.002445313
4.12000006e-009   0.01530469
4.14000006e-009   0.00103125
4.16000006e-009        0.013
4.18000006e-009  0.001984375
4.20000006e-009     0.012125
4.22000006e-009    0.0023125
4.24000006e-009   0.01310938
4.26000006e-009  0.002734375
4.28000006e-009        0.013
4.30000006e-009  0.001109375
4.32000006e-009   0.01271875
4.34000006e-009    0.0026875
4.36000006e-009   0.01191406
4.38000006e-009        0.003
4.40000006e-009        0.013
4.42000006e-009    0.0019375
4.44000006e-009   0.01117969
4.46000006e-009  0.002679688
4.48000006e-009   0.01161719
4.50000006e-009  0.002421875
4.52000006e-009   0.01328906
4.54000006e-009  0.003007813
4.56000006e-009   0.01382813
4.58000006e-009   0.00196875
4.60000006e-009        0.013
4.62000006e-009  0.001140625
4.64000006e-009      0.01175
4.66000006e-009  0.003882813
4.68000006e-009   0.01209375
4.70000006e-009        0.003
4.72000006e-009   0.01158594
4.74000006e-009  0.003164063
4.76000006e-009        0.013
4.78000006e-009   0.00271875
4.80000006e-009   0.01179688
4.82000006e-009  0.002851563
4.84000006e-009   0.01266406
4.86000006e-009  0.004187501
4.88000007e-009        0.013
4.90000007e-009  0.002632813
4.92000007e-009   0.01311719
4.94000007e-009  0.002492188
4.96000007e-009        0.015
4.98000007e-009  0.002921875
5.00000007e-009        0.013
