-4.98000007e-009 4.687535e-005
-4.96000007e-009 -7.031215e-005
-4.94000007e-009 -0.0001640622
-4.92000007e-009 -6.249965e-005
-4.90000007e-009 0.0002109379
-4.88000007e-009 0.0003046879
-4.86000006e-009 0.0002734379
-4.84000006e-009 7.031285e-005
-4.82000006e-009 -3.906215e-005
-4.80000006e-009 -7.812465e-005
-4.78000006e-009 3.125035e-005
-4.76000006e-009 9.375035e-005
-4.74000006e-009 0.0001718754
-4.72000006e-009 0.0002109379
-4.70000006e-009 0.0002812504
-4.68000006e-009 0.0002968754
-4.66000006e-009 0.0002500004
-4.64000006e-009 0.0001093754
-4.62000006e-009 -1.562465e-005
-4.60000006e-009 -0.0001015622
-4.58000006e-009 2.343785e-005
-4.56000006e-009 0.0002265629
-4.54000006e-009 0.0004140629
-4.52000006e-009 0.0003906254
-4.50000006e-009 0.0002031254
-4.48000006e-009 -2.343715e-005
-4.46000006e-009 -0.0001171872
-4.44000006e-009 -0.0001953122
-4.42000006e-009 -0.0002656247
-4.40000006e-009 -0.0003281247
-4.38000006e-009 -0.0001953122
-4.36000006e-009 0.0001250004
-4.34000006e-009 0.0005000004
-4.32000006e-009 0.0006484379
-4.30000006e-009 0.0003828129
-4.28000006e-009 -0.0001171872
-4.26000006e-009 -0.0004140622
-4.24000006e-009 -0.0002656247
-4.22000006e-009 0.0001562504
-4.20000006e-009 0.0004609379
-4.18000006e-009 0.0004140629
-4.16000006e-009 0.0001250004
-4.14000006e-009 -0.0001015622
-4.12000006e-009 -0.0001328122
-4.10000005e-009 -0.0001171872
-4.08000005e-009 -0.0001562497
-4.06000005e-009 -0.0004140622
-4.04000005e-009 -0.0006640622
-4.02000005e-009 -0.0007031247
-4.00000005e-009 -0.0004374997
-3.98000005e-009 -0.0001171872
-3.96000005e-009 -1.562465e-005
-3.94000005e-009 -9.374966e-005
-3.92000005e-009 -0.0001562497
-3.90000005e-009 -0.0001249997
-3.88000005e-009 3.906285e-005
-3.86000005e-009 1.562535e-005
-3.84000005e-009 -0.0001640622
-3.82000005e-009 -0.0002734372
-3.80000005e-009 -0.0001718747
-3.78000005e-009 0.0001250004
-3.76000005e-009 0.0002578129
-3.74000005e-009 0.0001406254
-3.72000005e-009 -0.0001484372
-3.70000005e-009 -0.0002578122
-3.68000005e-009 -0.0001484372
-3.66000005e-009 6.250035e-005
-3.64000005e-009 0.0001640629
-3.62000005e-009 0.0001171879
-3.60000005e-009 9.375035e-005
-3.58000005e-009 0.0001796879
-3.56000005e-009 0.0003359379
-3.54000005e-009 0.0004218754
-3.52000005e-009 0.0004140629
-3.50000005e-009 0.0003437504
-3.48000005e-009 0.0002578129
-3.46000005e-009 0.0001328129
-3.44000005e-009 3.125035e-005
-3.42000005e-009 -3.124965e-005
-3.40000005e-009 -0.0001640622
-3.38000005e-009 -0.0003124997
-3.36000004e-009 -0.0005624997
-3.34000004e-009 -0.0007968747
-3.32000004e-009 -0.0009531247
-3.30000004e-009 -0.001007812
-3.28000004e-009 -0.001148437
-3.26000004e-009   -0.0013125
-3.24000004e-009 -0.001640625
-3.22000004e-009  -0.00196875
-3.20000004e-009    -0.002125
-3.18000004e-009 -0.002304687
-3.16000004e-009 -0.002492187
-3.14000004e-009 -0.002828125
-3.12000004e-009 -0.003328125
-3.10000004e-009 -0.003765625
-3.08000004e-009 -0.004195312
-3.06000004e-009 -0.004492187
-3.04000004e-009 -0.004640625
-3.02000004e-009  -0.00484375
-3.00000004e-009 -0.005039062
-2.98000004e-009  -0.00534375
-2.96000004e-009 -0.005632812
-2.94000004e-009 -0.006046875
-2.92000004e-009  -0.00646875
-2.90000004e-009 -0.006882812
-2.88000004e-009 -0.007203125
-2.86000004e-009 -0.007335937
-2.84000004e-009  -0.00746875
-2.82000004e-009 -0.007679688
-2.80000004e-009  -0.00803125
-2.78000004e-009 -0.008335938
-2.76000004e-009 -0.008578125
-2.74000004e-009 -0.008601563
-2.72000004e-009 -0.008585938
-2.70000004e-009 -0.008546875
-2.68000004e-009 -0.008640625
-2.66000004e-009 -0.008828125
-2.64000004e-009 -0.009007813
-2.62000003e-009 -0.009085938
-2.60000003e-009  -0.00896875
-2.58000003e-009 -0.008734375
-2.56000003e-009 -0.008421875
-2.54000003e-009 -0.008289063
-2.52000003e-009 -0.008421875
-2.50000003e-009 -0.008648438
-2.48000003e-009 -0.008953125
-2.46000003e-009 -0.009054688
-2.44000003e-009   -0.0090625
-2.42000003e-009 -0.009023438
-2.40000003e-009 -0.009046875
-2.38000003e-009   -0.0090625
-2.36000003e-009 -0.009015625
-2.34000003e-009 -0.008867188
-2.32000003e-009   -0.0086875
-2.30000003e-009 -0.008515625
-2.28000003e-009  -0.00846875
-2.26000003e-009 -0.008453125
-2.24000003e-009 -0.008414063
-2.22000003e-009 -0.008414063
-2.20000003e-009 -0.008367188
-2.18000003e-009 -0.008148438
-2.16000003e-009 -0.007835938
-2.14000003e-009  -0.00753125
-2.12000003e-009 -0.007351562
-2.10000003e-009    -0.007375
-2.08000003e-009 -0.007382813
-2.06000003e-009    -0.007375
-2.04000003e-009     -0.00725
-2.02000003e-009  -0.00703125
-2.00000003e-009 -0.006820312
-1.98000003e-009 -0.006546875
-1.96000003e-009    -0.006375
-1.94000003e-009 -0.006335937
-1.92000003e-009 -0.006382812
-1.90000003e-009 -0.006382812
-1.88000003e-009 -0.006367187
-1.86000002e-009 -0.006226562
-1.84000002e-009 -0.006210937
-1.82000002e-009 -0.006226562
-1.80000002e-009 -0.006101562
-1.78000002e-009 -0.005859375
-1.76000002e-009 -0.005484375
-1.74000002e-009 -0.005210937
-1.72000002e-009 -0.005109375
-1.70000002e-009 -0.005070312
-1.68000002e-009 -0.004945312
-1.66000002e-009 -0.004804687
-1.64000002e-009 -0.004679687
-1.62000002e-009 -0.004578125
-1.60000002e-009 -0.004390625
-1.58000002e-009  -0.00409375
-1.56000002e-009 -0.003757812
-1.54000002e-009 -0.003523437
-1.52000002e-009   -0.0035625
-1.50000002e-009  -0.00371875
-1.48000002e-009 -0.003835937
-1.46000002e-009 -0.003671875
-1.44000002e-009 -0.003273437
-1.42000002e-009 -0.002882812
-1.40000002e-009 -0.002609375
-1.38000002e-009      -0.0025
-1.36000002e-009 -0.002429687
-1.34000002e-009 -0.002476562
-1.32000002e-009 -0.002515625
-1.30000002e-009 -0.002507812
-1.28000002e-009   -0.0024375
-1.26000002e-009  -0.00234375
-1.24000002e-009 -0.002320312
-1.22000002e-009 -0.002304687
-1.20000002e-009 -0.002257812
-1.18000002e-009 -0.002039062
-1.16000002e-009 -0.001820312
-1.14000002e-009 -0.001664062
-1.12000001e-009 -0.001679687
-1.10000001e-009 -0.001820312
-1.08000001e-009  -0.00190625
-1.06000001e-009 -0.001835937
-1.04000001e-009 -0.001757812
-1.02000001e-009  -0.00178125
-1.00000001e-009 -0.002039062
-9.80000013e-010 -0.002320312
-9.60000013e-010  -0.00246875
-9.40000013e-010 -0.002390625
-9.20000012e-010 -0.002359375
-9.00000012e-010 -0.002421875
-8.80000012e-010  -0.00271875
-8.60000011e-010 -0.002828125
-8.40000011e-010 -0.002796875
-8.20000011e-010     -0.00275
-8.00000011e-010 -0.002742187
-7.8000001e-010 -0.002953125
-7.6000001e-010 -0.003140625
-7.4000001e-010     -0.00325
-7.2000001e-010 -0.003359375
-7.00000009e-010    -0.003625
-6.80000009e-010  -0.00415625
-6.60000009e-010 -0.004726562
-6.40000009e-010 -0.005390625
-6.20000008e-010 -0.006132812
-6.00000008e-010  -0.00734375
-5.80000008e-010 -0.009554688
-5.60000007e-010  -0.01276563
-5.40000007e-010    -0.017375
-5.20000007e-010   -0.0236875
-5.00000007e-010  -0.03196875
-4.80000006e-010  -0.04257031
-4.60000006e-010  -0.05499219
-4.40000006e-010  -0.06895313
-4.20000006e-010  -0.08371094
-4.00000005e-010  -0.09847657
-3.80000005e-010   -0.1121172
-3.60000005e-010   -0.1237578
-3.40000005e-010   -0.1321563
-3.20000004e-010   -0.1374375
-3.00000004e-010   -0.1398516
-2.80000004e-010   -0.1398984
-2.60000003e-010   -0.1386719
-2.40000003e-010   -0.1360703
-2.20000003e-010   -0.1326094
-2.00000003e-010   -0.1285156
-1.80000002e-010   -0.1236094
-1.60000002e-010   -0.1180625
-1.40000002e-010   -0.1109297
-1.20000002e-010   -0.1020625
-1.00000001e-010  -0.09165625
-8.00000011e-011  -0.07969532
-6.00000008e-011  -0.06653125
-4.00000005e-011   -0.0523125
-2.00000003e-011  -0.03764844
           0  -0.02396094
2.00000003e-011  -0.01224219
4.00000005e-011 -0.002585937
6.00000008e-011  0.004773438
8.00000011e-011         0.01
1.00000001e-010   0.01296875
1.20000002e-010   0.01389844
1.40000002e-010   0.01384375
1.60000002e-010   0.01314063
1.80000002e-010   0.01239063
2.00000003e-010   0.01153906
2.20000003e-010   0.01091406
2.40000003e-010   0.01107813
2.60000003e-010   0.01203125
2.80000004e-010   0.01345313
3.00000004e-010   0.01486719
3.20000004e-010   0.01585938
3.40000005e-010   0.01666406
3.60000005e-010    0.0171875
3.80000005e-010   0.01732031
4.00000005e-010   0.01685938
4.20000006e-010   0.01583594
4.40000006e-010   0.01460938
4.60000006e-010   0.01339844
4.80000006e-010   0.01235156
5.00000007e-010   0.01139063
5.20000007e-010   0.01058594
5.40000007e-010   0.01009375
5.60000007e-010  0.009953126
5.80000008e-010   0.01010938
6.00000008e-010   0.01041406
6.20000008e-010   0.01078125
6.40000009e-010     0.011125
6.60000009e-010   0.01136719
6.80000009e-010   0.01142969
7.00000009e-010   0.01149219
7.2000001e-010   0.01160156
7.4000001e-010   0.01178125
7.6000001e-010   0.01207031
7.8000001e-010   0.01240625
8.00000011e-010   0.01282031
8.20000011e-010   0.01341406
8.40000011e-010   0.01413281
8.60000011e-010   0.01477344
8.80000012e-010   0.01514844
9.00000012e-010   0.01517969
9.20000012e-010   0.01517969
9.40000013e-010   0.01548438
9.60000013e-010    0.0159375
9.80000013e-010   0.01641406
1.00000001e-009   0.01659375
1.02000001e-009   0.01650781
1.04000001e-009   0.01653125
1.06000001e-009   0.01682031
1.08000001e-009   0.01708594
1.10000001e-009   0.01704688
1.12000001e-009    0.0166875
1.14000002e-009      0.01625
1.16000002e-009   0.01602344
1.18000002e-009   0.01603906
1.20000002e-009   0.01609375
1.22000002e-009   0.01610156
1.24000002e-009   0.01620313
1.26000002e-009   0.01639063
1.28000002e-009   0.01660938
1.30000002e-009   0.01657031
1.32000002e-009   0.01641406
1.34000002e-009   0.01646094
1.36000002e-009   0.01686719
1.38000002e-009   0.01742188
1.40000002e-009   0.01760156
1.42000002e-009   0.01742188
1.44000002e-009   0.01720313
1.46000002e-009   0.01720313
1.48000002e-009   0.01725781
1.50000002e-009   0.01705469
1.52000002e-009   0.01659375
1.54000002e-009   0.01616406
1.56000002e-009   0.01603125
1.58000002e-009   0.01607031
1.60000002e-009   0.01590625
1.62000002e-009   0.01551563
1.64000002e-009   0.01507031
1.66000002e-009   0.01490625
1.68000002e-009    0.0149375
1.70000002e-009   0.01491406
1.72000002e-009   0.01478125
1.74000002e-009   0.01471875
1.76000002e-009   0.01473438
1.78000002e-009   0.01475781
1.80000002e-009    0.0146875
1.82000002e-009   0.01453906
1.84000002e-009   0.01442969
1.86000002e-009   0.01450781
1.88000003e-009   0.01463281
1.90000003e-009   0.01460938
1.92000003e-009       0.0145
1.94000003e-009   0.01433594
1.96000003e-009   0.01421094
1.98000003e-009   0.01413281
2.00000003e-009    0.0141875
2.02000003e-009   0.01427344
2.04000003e-009   0.01441406
2.06000003e-009   0.01448438
2.08000003e-009   0.01442969
2.10000003e-009   0.01420313
2.12000003e-009   0.01385156
2.14000003e-009   0.01349219
2.16000003e-009   0.01339063
2.18000003e-009   0.01351563
2.20000003e-009   0.01389844
2.22000003e-009   0.01419531
2.24000003e-009    0.0141875
2.26000003e-009    0.0140625
2.28000003e-009   0.01388281
2.30000003e-009   0.01383594
2.32000003e-009   0.01383594
2.34000003e-009   0.01378125
2.36000003e-009   0.01367188
2.38000003e-009    0.0135625
2.40000003e-009   0.01350781
2.42000003e-009   0.01336719
2.44000003e-009   0.01309375
2.46000003e-009   0.01280469
2.48000003e-009    0.0125625
2.50000003e-009    0.0124375
2.52000003e-009   0.01242188
2.54000003e-009   0.01246094
2.56000003e-009       0.0125
2.58000003e-009   0.01260938
2.60000003e-009    0.0126875
2.62000003e-009   0.01273438
2.64000004e-009   0.01263281
2.66000004e-009   0.01247656
2.68000004e-009   0.01221875
2.70000004e-009   0.01196875
2.72000004e-009   0.01166406
2.74000004e-009   0.01140625
2.76000004e-009   0.01127344
2.78000004e-009   0.01127344
2.80000004e-009   0.01130469
2.82000004e-009   0.01122656
2.84000004e-009   0.01109375
2.86000004e-009   0.01096875
2.88000004e-009   0.01099219
2.90000004e-009   0.01105469
2.92000004e-009   0.01108594
2.94000004e-009   0.01109375
2.96000004e-009   0.01108594
2.98000004e-009   0.01101563
3.00000004e-009   0.01092969
3.02000004e-009   0.01077344
3.04000004e-009   0.01069531
3.06000004e-009   0.01063281
3.08000004e-009   0.01054688
3.10000004e-009   0.01042969
3.12000004e-009   0.01045313
3.14000004e-009   0.01050781
3.16000004e-009   0.01052344
3.18000004e-009   0.01051563
3.20000004e-009   0.01055469
3.22000004e-009   0.01066406
3.24000004e-009   0.01076563
3.26000004e-009     0.010625
3.28000004e-009   0.01028125
3.30000004e-009         0.01
3.32000004e-009  0.009914063
3.34000004e-009         0.01
3.36000004e-009         0.01
3.38000005e-009   0.01003125
3.40000005e-009   0.01007813
3.42000005e-009   0.01013281
3.44000005e-009   0.01010938
3.46000005e-009  0.009812501
3.48000005e-009  0.009414063
3.50000005e-009  0.009132813
3.52000005e-009  0.009109376
3.54000005e-009  0.009148438
3.56000005e-009  0.009015626
3.58000005e-009  0.008695313
3.60000005e-009  0.008351563
3.62000005e-009  0.008218751
3.64000005e-009  0.008406251
3.66000005e-009  0.008773438
3.68000005e-009  0.009070313
3.70000005e-009  0.009054688
3.72000005e-009  0.008812501
3.74000005e-009  0.008617188
3.76000005e-009  0.008523438
3.78000005e-009  0.008585938
3.80000005e-009  0.008593751
3.82000005e-009  0.008601563
3.84000005e-009  0.008617188
3.86000005e-009  0.008546876
3.88000005e-009  0.008351563
3.90000005e-009  0.007976563
3.92000005e-009  0.007632813
3.94000005e-009  0.007507813
3.96000005e-009  0.007664063
3.98000005e-009  0.008031251
4.00000005e-009  0.008312501
4.02000005e-009  0.008476563
4.04000005e-009  0.008484376
4.06000005e-009  0.008515626
4.08000005e-009  0.008476563
4.10000005e-009  0.008320313
4.12000006e-009  0.008007813
4.14000006e-009  0.007742188
4.16000006e-009  0.007640626
4.18000006e-009  0.007648438
4.20000006e-009  0.007601563
4.22000006e-009  0.007500001
4.24000006e-009  0.007375001
4.26000006e-009  0.007296876
4.28000006e-009  0.007335938
4.30000006e-009  0.007398438
4.32000006e-009  0.007429688
4.34000006e-009  0.007382813
4.36000006e-009  0.007257813
4.38000006e-009  0.007140626
4.40000006e-009  0.007117188
4.42000006e-009  0.007226563
4.44000006e-009  0.007343751
4.46000006e-009  0.007265626
4.48000006e-009  0.007078126
4.50000006e-009  0.006875001
4.52000006e-009  0.006890626
4.54000006e-009  0.007117188
4.56000006e-009  0.007281251
4.58000006e-009  0.007273438
4.60000006e-009  0.007093751
4.62000006e-009  0.006929688
4.64000006e-009  0.006984376
4.66000006e-009  0.007132813
4.68000006e-009  0.007257813
4.70000006e-009  0.007296876
4.72000006e-009  0.007281251
4.74000006e-009  0.007289063
4.76000006e-009  0.007257813
4.78000006e-009  0.007234376
4.80000006e-009  0.007226563
4.82000006e-009  0.007296876
4.84000006e-009  0.007382813
4.86000006e-009  0.007367188
4.88000007e-009  0.007242188
4.90000007e-009  0.007093751
4.92000007e-009  0.007210938
4.94000007e-009  0.007546876
4.96000007e-009  0.007976563
4.98000007e-009  0.008343751
5.00000007e-009  0.008507813
