-2.49000003e-009       -0.013
-2.48000003e-009 -0.002539062
-2.47000003e-009  -0.01176563
-2.46000003e-009     -0.00275
-2.45000003e-009  -0.01185156
-2.44000003e-009 -0.001546875
-2.43000003e-009  -0.01274219
-2.42000003e-009 -0.001359375
-2.41000003e-009       -0.011
-2.40000003e-009       -0.003
-2.39000003e-009  -0.01075781
-2.38000003e-009   -0.0025625
-2.37000003e-009  -0.01116406
-2.36000003e-009 -0.001132812
-2.35000003e-009  -0.01071875
-2.34000003e-009 -0.0009999997
-2.33000003e-009  -0.01160938
-2.32000003e-009 -0.001445312
-2.31000003e-009  -0.01185938
-2.30000003e-009 -0.001484375
-2.29000003e-009       -0.011
-2.28000003e-009 -0.0009999997
-2.27000003e-009       -0.011
-2.26000003e-009 -0.002195312
-2.25000003e-009 -0.009710938
-2.24000003e-009 -0.002953125
-2.23000003e-009       -0.011
-2.22000003e-009 -0.0008046872
-2.21000003e-009       -0.011
-2.20000003e-009        0.001
-2.19000003e-009 -0.009335938
-2.18000003e-009 -0.0003749997
-2.17000003e-009  -0.01064063
-2.16000003e-009 -0.0009999997
-2.15000003e-009  -0.01085156
-2.14000003e-009 -0.0003281247
-2.13000003e-009 -0.009382813
-2.12000003e-009 -0.0002499997
-2.11000003e-009 -0.009492188
-2.10000003e-009 -0.0008203122
-2.09000003e-009 -0.009054688
-2.08000003e-009   -0.0011875
-2.07000003e-009 -0.009664063
-2.06000003e-009  -0.00103125
-2.05000003e-009  -0.01024219
-2.04000003e-009 -0.0005156247
-2.03000003e-009       -0.011
-2.02000003e-009 -0.0009999997
-2.01000003e-009 -0.009328125
-2.00000003e-009 0.0005859379
-1.99000003e-009 -0.009335938
-1.98000003e-009 6.250035e-005
-1.97000003e-009 -0.008179688
-1.96000003e-009 -0.0001953122
-1.95000003e-009 -0.007757813
-1.94000003e-009 0.0008125004
-1.93000003e-009  -0.01035156
-1.92000003e-009 0.0003125004
-1.91000003e-009  -0.01072656
-1.90000003e-009        0.001
-1.89000003e-009       -0.009
-1.88000003e-009    0.0016875
-1.87000002e-009       -0.009
-1.86000002e-009  0.001523438
-1.85000002e-009  -0.00746875
-1.84000002e-009  0.001585938
-1.83000002e-009       -0.007
-1.82000002e-009  0.001203125
-1.81000002e-009       -0.007
-1.80000002e-009  0.001445313
-1.79000002e-009       -0.007
-1.78000002e-009        0.003
-1.77000002e-009       -0.007
-1.76000002e-009  0.001484375
-1.75000002e-009  -0.00734375
-1.74000002e-009     0.002125
-1.73000002e-009 -0.007398438
-1.72000002e-009        0.003
-1.71000002e-009 -0.006515625
-1.70000002e-009  0.001679688
-1.69000002e-009 -0.007695313
-1.68000002e-009        0.003
-1.67000002e-009       -0.009
-1.66000002e-009  0.003179688
-1.65000002e-009 -0.008109375
-1.64000002e-009  0.002398438
-1.63000002e-009 -0.007210937
-1.62000002e-009  0.003132813
-1.61000002e-009       -0.007
-1.60000002e-009        0.003
-1.59000002e-009 -0.005601562
-1.58000002e-009        0.003
-1.57000002e-009 -0.005890625
-1.56000002e-009    0.0025625
-1.55000002e-009 -0.005882812
-1.54000002e-009  0.003304688
-1.53000002e-009 -0.007234375
-1.52000002e-009  0.003882813
-1.51000002e-009       -0.007
-1.50000002e-009  0.004187501
-1.49000002e-009 -0.005578125
-1.48000002e-009  0.005031251
-1.47000002e-009 -0.005140625
-1.46000002e-009  0.004140626
-1.45000002e-009 -0.005039062
-1.44000002e-009  0.003796876
-1.43000002e-009  -0.00534375
-1.42000002e-009  0.004492188
-1.41000002e-009       -0.005
-1.40000002e-009  0.005296876
-1.39000002e-009 -0.005273437
-1.38000002e-009  0.005140626
-1.37000002e-009 -0.006101562
-1.36000002e-009  0.003914063
-1.35000002e-009 -0.005226562
-1.34000002e-009  0.004328126
-1.33000002e-009 -0.005484375
-1.32000002e-009  0.005007813
-1.31000002e-009 -0.005226562
-1.30000002e-009  0.004351563
-1.29000002e-009 -0.006789062
-1.28000002e-009  0.004773438
-1.27000002e-009 -0.006195312
-1.26000002e-009  0.003375001
-1.25000002e-009 -0.004671875
-1.24000002e-009  0.004390626
-1.23000002e-009       -0.007
-1.22000002e-009  0.005000001
-1.21000002e-009    -0.006375
-1.20000002e-009  0.005000001
-1.19000002e-009       -0.005
-1.18000002e-009  0.005000001
-1.17000002e-009 -0.004609375
-1.16000002e-009  0.003632813
-1.15000002e-009  -0.00515625
-1.14000002e-009   0.00315625
-1.13000002e-009 -0.007101562
-1.12000001e-009  0.003601563
-1.11000001e-009 -0.005976562
-1.10000001e-009  0.004117188
-1.09000001e-009 -0.005679687
-1.08000001e-009  0.005000001
-1.07000001e-009 -0.005382812
-1.06000001e-009  0.005445313
-1.05000001e-009 -0.004484375
-1.04000001e-009  0.005781251
-1.03000001e-009       -0.005
-1.02000001e-009  0.004890626
-1.01000001e-009       -0.005
-1.00000001e-009  0.003593751
-9.90000013e-010 -0.005171875
-9.80000013e-010  0.004093751
-9.70000013e-010 -0.005234375
-9.60000013e-010  0.003453126
-9.50000013e-010 -0.005445312
-9.40000013e-010  0.003085938
-9.30000012e-010 -0.004546875
-9.20000012e-010  0.003437501
-9.10000012e-010       -0.005
-9.00000012e-010  0.004070313
-8.90000012e-010  -0.00509375
-8.80000012e-010  0.004718751
-8.70000012e-010   -0.0049375
-8.60000011e-010  0.003242188
-8.50000011e-010       -0.005
-8.40000011e-010  0.003328126
-8.30000011e-010 -0.006546875
-8.20000011e-010  0.003648438
-8.10000011e-010 -0.006109375
-8.00000011e-010  0.003671876
-7.90000011e-010       -0.007
-7.8000001e-010  0.003804688
-7.7000001e-010 -0.005289062
-7.6000001e-010  0.005117188
-7.5000001e-010  -0.00634375
-7.4000001e-010  0.003554688
-7.3000001e-010       -0.007
-7.2000001e-010        0.001
-7.10000009e-010 -0.007515625
-7.00000009e-010        0.001
-6.90000009e-010 -0.009453125
-6.80000009e-010        0.001
-6.70000009e-010       -0.011
-6.60000009e-010 -0.0008281247
-6.50000009e-010  -0.01082031
-6.40000009e-010       -0.003
-6.30000008e-010  -0.01477344
-6.20000008e-010 -0.007367188
-6.10000008e-010  -0.01967188
-6.00000008e-010  -0.01152344
-5.90000008e-010       -0.029
-5.80000008e-010       -0.017
-5.70000008e-010  -0.03867188
-5.60000007e-010  -0.02775781
-5.50000007e-010       -0.049
-5.40000007e-010  -0.03807031
-5.30000007e-010       -0.061
-5.20000007e-010  -0.05342969
-5.10000007e-010  -0.07520313
-5.00000007e-010  -0.06897657
-4.90000007e-010  -0.09121094
-4.80000006e-010       -0.085
-4.70000006e-010   -0.1063203
-4.60000006e-010       -0.097
-4.50000006e-010       -0.123
-4.40000006e-010   -0.1113828
-4.30000006e-010   -0.1333516
-4.20000006e-010       -0.125
-4.10000005e-010       -0.141
-4.00000005e-010   -0.1307109
-3.90000005e-010       -0.145
-3.80000005e-010   -0.1351797
-3.70000005e-010   -0.1455938
-3.60000005e-010   -0.1358516
-3.50000005e-010   -0.1459766
-3.40000005e-010   -0.1350313
-3.30000004e-010       -0.143
-3.20000004e-010   -0.1305469
-3.10000004e-010   -0.1390547
-3.00000004e-010       -0.127
-2.90000004e-010   -0.1373906
-2.80000004e-010   -0.1248281
-2.70000004e-010       -0.135
-2.60000003e-010   -0.1202656
-2.50000003e-010   -0.1303125
-2.40000003e-010   -0.1167891
-2.30000003e-010       -0.125
-2.20000003e-010   -0.1114375
-2.10000003e-010   -0.1207656
-2.00000003e-010   -0.1032188
-1.90000003e-010   -0.1147031
-1.80000002e-010       -0.095
-1.70000002e-010   -0.1067422
-1.60000002e-010  -0.08711719
-1.50000002e-010  -0.09647657
-1.40000002e-010       -0.077
-1.30000002e-010       -0.085
-1.20000002e-010  -0.06299219
-1.10000001e-010  -0.07185157
-1.00000001e-010  -0.04763281
-9.00000012e-011  -0.05797656
-8.00000011e-011       -0.035
-7.00000009e-011  -0.04407031
-6.00000008e-011  -0.02186719
-5.00000007e-011  -0.02954688
-4.00000005e-011       -0.007
-3.00000004e-011  -0.01596875
-2.00000003e-011  0.001101563
-1.00000001e-011 -0.006367187
           0  0.008578126
1.00000001e-011     0.001375
2.00000003e-011        0.015
3.00000004e-011  0.005984376
4.00000005e-011   0.01780469
5.00000007e-011  0.008835938
6.00000008e-011   0.02136719
7.00000009e-011  0.009117188
8.00000011e-011   0.02221094
9.00000012e-011   0.01099219
1.00000001e-010      0.02125
1.10000001e-010    0.0100625
1.20000002e-010   0.02149219
1.30000002e-010  0.008703126
1.40000002e-010    0.0190625
1.50000002e-010  0.007632813
1.60000002e-010        0.017
1.70000002e-010  0.005000001
1.80000002e-010   0.01550781
1.90000003e-010  0.005320313
2.00000003e-010   0.01734375
2.10000003e-010  0.007960938
2.20000003e-010        0.019
2.30000003e-010  0.009992188
2.40000003e-010   0.02089063
2.50000003e-010   0.01170313
2.60000003e-010   0.02348438
2.70000004e-010        0.013
2.80000004e-010   0.02596875
2.90000004e-010   0.01501563
3.00000004e-010   0.02711719
3.10000004e-010        0.017
3.20000004e-010   0.02672656
3.30000004e-010   0.01651563
3.40000005e-010   0.02628125
3.50000005e-010      0.01625
3.60000005e-010   0.02467188
3.70000005e-010   0.01463281
3.80000005e-010    0.0226875
3.90000005e-010   0.01157031
4.00000005e-010        0.021
4.10000005e-010   0.01029688
4.20000006e-010   0.01949219
4.30000006e-010  0.008921876
4.40000006e-010        0.021
4.50000006e-010  0.007070313
4.60000006e-010   0.02064063
4.70000006e-010  0.008648438
4.80000006e-010   0.02014063
4.90000007e-010  0.007078126
5.00000007e-010   0.01748438
5.10000007e-010  0.006109376
5.20000007e-010        0.019
5.30000007e-010  0.006367188
5.40000007e-010   0.01900781
5.50000007e-010  0.008382813
5.60000007e-010    0.0184375
5.70000008e-010  0.009703126
5.80000008e-010   0.01782031
5.90000008e-010  0.007351563
6.00000008e-010   0.01880469
6.10000008e-010  0.007421876
6.20000008e-010   0.02039063
6.30000008e-010  0.009000001
6.40000009e-010   0.02100781
6.50000009e-010  0.008914063
6.60000009e-010   0.02169531
6.70000009e-010  0.008523438
6.80000009e-010   0.02311719
6.90000009e-010  0.009000001
7.00000009e-010   0.02065625
7.10000009e-010  0.009523438
7.2000001e-010   0.02053125
7.3000001e-010  0.008812501
7.4000001e-010   0.02058594
7.5000001e-010  0.009304688
7.6000001e-010   0.02039063
7.7000001e-010   0.01092188
7.8000001e-010   0.02180469
7.90000011e-010        0.011
8.00000011e-010   0.02471875
8.10000011e-010   0.01078906
8.20000011e-010        0.025
8.30000011e-010        0.011
8.40000011e-010   0.02166406
8.50000011e-010        0.013
8.60000011e-010   0.02378125
8.70000012e-010        0.013
8.80000012e-010   0.02503125
8.90000012e-010   0.01265625
9.00000012e-010        0.023
9.10000012e-010   0.01317969
9.20000012e-010   0.02311719
9.30000012e-010    0.0135625
9.40000013e-010   0.02503906
9.50000013e-010   0.01298438
9.60000013e-010   0.02432813
9.70000013e-010   0.01389063
9.80000013e-010        0.023
9.90000013e-010        0.013
1.00000001e-009   0.02478125
1.01000001e-009   0.01410938
1.02000001e-009        0.025
1.03000001e-009    0.0140625
1.04000001e-009      0.02325
1.05000001e-009    0.0136875
1.06000001e-009   0.02334375
1.07000001e-009        0.015
1.08000001e-009        0.025
1.09000001e-009   0.01450781
1.10000001e-009   0.02400781
1.11000001e-009   0.01489844
1.12000001e-009   0.02532813
1.13000002e-009   0.01396094
1.14000002e-009        0.025
1.15000002e-009   0.01313281
1.16000002e-009        0.025
1.17000002e-009   0.01321094
1.18000002e-009   0.02422656
1.19000002e-009   0.01572656
1.20000002e-009   0.02332031
1.21000002e-009   0.01446875
1.22000002e-009        0.025
1.23000002e-009   0.01497656
1.24000002e-009        0.025
1.25000002e-009     0.015375
1.26000002e-009    0.0251875
1.27000002e-009       0.0165
1.28000002e-009        0.027
1.29000002e-009        0.015
1.30000002e-009   0.02564063
1.31000002e-009   0.01536719
1.32000002e-009        0.025
1.33000002e-009   0.01410156
1.34000002e-009        0.025
1.35000002e-009    0.0135625
1.36000002e-009        0.025
1.37000002e-009        0.015
1.38000002e-009        0.025
1.39000002e-009   0.01363281
1.40000002e-009   0.02401563
1.41000002e-009        0.013
1.42000002e-009        0.025
1.43000002e-009   0.01485156
1.44000002e-009   0.02395313
1.45000002e-009        0.015
1.46000002e-009        0.023
1.47000002e-009   0.01499219
1.48000002e-009   0.02459375
1.49000002e-009   0.01415625
1.50000002e-009     0.024875
1.51000002e-009        0.015
1.52000002e-009   0.02408594
1.53000002e-009     0.014625
1.54000002e-009   0.02421094
1.55000002e-009   0.01286719
1.56000002e-009   0.02488281
1.57000002e-009        0.011
1.58000002e-009   0.02236719
1.59000002e-009   0.01128125
1.60000002e-009   0.02310938
1.61000002e-009   0.01252344
1.62000002e-009        0.023
1.63000002e-009   0.01254688
1.64000002e-009   0.02261719
1.65000002e-009        0.013
1.66000002e-009        0.023
1.67000002e-009        0.013
1.68000002e-009   0.02289844
1.69000002e-009   0.01336719
1.70000002e-009     0.022375
1.71000002e-009   0.01274219
1.72000002e-009        0.023
1.73000002e-009        0.011
1.74000002e-009   0.02155469
1.75000002e-009   0.01254688
1.76000002e-009    0.0224375
1.77000002e-009   0.01178125
1.78000002e-009   0.02252344
1.79000002e-009   0.01019531
1.80000002e-009   0.02199219
1.81000002e-009   0.01097656
1.82000002e-009   0.02136719
1.83000002e-009   0.01121875
1.84000002e-009        0.023
1.85000002e-009   0.01064844
1.86000002e-009   0.02369531
1.87000002e-009   0.01217969
1.88000003e-009   0.02259375
1.89000003e-009   0.01202344
1.90000003e-009   0.02274219
1.91000003e-009   0.01285938
1.92000003e-009   0.02284375
1.93000003e-009   0.01205469
1.94000003e-009        0.023
1.95000003e-009   0.01157031
1.96000003e-009   0.02238281
1.97000003e-009        0.011
1.98000003e-009   0.02321094
1.99000003e-009    0.0118125
2.00000003e-009    0.0216875
2.01000003e-009   0.01065625
2.02000003e-009        0.023
2.03000003e-009   0.01111719
2.04000003e-009   0.02130469
2.05000003e-009   0.01272656
2.06000003e-009   0.02222656
2.07000003e-009   0.01260938
2.08000003e-009   0.02422656
2.09000003e-009   0.01165625
2.10000003e-009   0.02417188
2.11000003e-009   0.01215625
2.12000003e-009        0.023
2.13000003e-009   0.01033594
2.14000003e-009   0.02124219
2.15000003e-009   0.01114844
2.16000003e-009   0.02134375
2.17000003e-009   0.01126563
2.18000003e-009   0.02219531
2.19000003e-009        0.011
2.20000003e-009   0.02135938
2.21000003e-009   0.01088281
2.22000003e-009   0.02278125
2.23000003e-009  0.009000001
2.24000003e-009   0.02232031
2.25000003e-009  0.009570313
2.26000003e-009   0.02349219
2.27000003e-009   0.01039844
2.28000003e-009    0.0214375
2.29000003e-009        0.011
2.30000003e-009   0.02110156
2.31000003e-009   0.01060938
2.32000003e-009        0.021
2.33000003e-009   0.01108594
2.34000003e-009        0.023
2.35000003e-009   0.01060938
2.36000003e-009   0.02090625
2.37000003e-009  0.009640626
2.38000003e-009   0.01975781
2.39000003e-009  0.008132813
2.40000003e-009   0.01947656
2.41000003e-009  0.009000001
2.42000003e-009   0.01926563
2.43000003e-009        0.011
2.44000003e-009        0.021
2.45000003e-009   0.01035156
2.46000003e-009        0.019
2.47000003e-009   0.01085156
2.48000003e-009   0.01990625
2.49000003e-009   0.01124219
2.50000003e-009   0.02030469
