-4.98000007e-009 -0.0008046872
-4.96000007e-009 -0.0006874997
-4.94000007e-009 -0.0004531247
-4.92000007e-009 -0.0003437497
-4.90000007e-009 -0.0003593747
-4.88000007e-009 -0.0003828122
-4.86000006e-009 -0.0003437497
-4.84000006e-009 -0.0004218747
-4.82000006e-009 -0.0005781247
-4.80000006e-009 -0.0006874997
-4.78000006e-009 -0.0005859372
-4.76000006e-009 -0.0003046872
-4.74000006e-009 -0.0001406247
-4.72000006e-009 -9.374966e-005
-4.70000006e-009 -0.0002265622
-4.68000006e-009 -0.0004062497
-4.66000006e-009 -0.0005312497
-4.64000006e-009 -0.0006015622
-4.62000006e-009 -0.0006171872
-4.60000006e-009 -0.0005078122
-4.58000006e-009 -0.0003984372
-4.56000006e-009 -0.0003828122
-4.54000006e-009 -0.0004453122
-4.52000006e-009 -0.0005390622
-4.50000006e-009 -0.0005781247
-4.48000006e-009 -0.0005156247
-4.46000006e-009 -0.0003984372
-4.44000006e-009 -0.0003124997
-4.42000006e-009 -0.0003359372
-4.40000006e-009 -0.0004296872
-4.38000006e-009 -0.0004531247
-4.36000006e-009 -0.0003906247
-4.34000006e-009 -0.0002656247
-4.32000006e-009 -0.0001718747
-4.30000006e-009 -0.0001874997
-4.28000006e-009 -0.0003593747
-4.26000006e-009 -0.0006718747
-4.24000006e-009 -0.0009374997
-4.22000006e-009 -0.001070312
-4.20000006e-009 -0.0009218747
-4.18000006e-009 -0.0007343747
-4.16000006e-009 -0.0006093747
-4.14000006e-009 -0.0006015622
-4.12000006e-009 -0.0006562497
-4.10000005e-009 -0.0007187497
-4.08000005e-009 -0.0008046872
-4.06000005e-009 -0.0009296872
-4.04000005e-009 -0.0008984372
-4.02000005e-009 -0.0006640622
-4.00000005e-009 -0.0002890622
-3.98000005e-009 -9.374966e-005
-3.96000005e-009 -0.0001093747
-3.94000005e-009 -0.0002499997
-3.92000005e-009 -0.0002890622
-3.90000005e-009 -0.0004140622
-3.88000005e-009 -0.0005546872
-3.86000005e-009 -0.0006796872
-3.84000005e-009 -0.0006171872
-3.82000005e-009 -0.0004062497
-3.80000005e-009 -0.0003124997
-3.78000005e-009 -0.0004453122
-3.76000005e-009 -0.0007343747
-3.74000005e-009 -0.0008515622
-3.72000005e-009 -0.0008046872
-3.70000005e-009 -0.0007109372
-3.68000005e-009 -0.0006953122
-3.66000005e-009 -0.0007265622
-3.64000005e-009 -0.0007031247
-3.62000005e-009 -0.0005703122
-3.60000005e-009 -0.0004062497
-3.58000005e-009 -0.0003124997
-3.56000005e-009 -0.0002968747
-3.54000005e-009 -0.0003671872
-3.52000005e-009 -0.0005703122
-3.50000005e-009 -0.0007578122
-3.48000005e-009 -0.0007890622
-3.46000005e-009 -0.0006249997
-3.44000005e-009 -0.0004453122
-3.42000005e-009 -0.0005624997
-3.40000005e-009 -0.001015625
-3.38000005e-009    -0.001375
-3.36000004e-009 -0.001367187
-3.34000004e-009 -0.001140625
-3.32000004e-009    -0.001125
-3.30000004e-009 -0.001601562
-3.28000004e-009 -0.002335937
-3.26000004e-009 -0.002734375
-3.24000004e-009 -0.002710937
-3.22000004e-009 -0.002617187
-3.20000004e-009 -0.002867187
-3.18000004e-009 -0.003460937
-3.16000004e-009 -0.003929687
-3.14000004e-009 -0.004007812
-3.12000004e-009 -0.003914062
-3.10000004e-009 -0.004132812
-3.08000004e-009 -0.004703125
-3.06000004e-009 -0.005328125
-3.04000004e-009 -0.005734375
-3.02000004e-009 -0.005859375
-3.00000004e-009 -0.006054687
-2.98000004e-009 -0.006398437
-2.96000004e-009     -0.00675
-2.94000004e-009 -0.007015625
-2.92000004e-009 -0.007320312
-2.90000004e-009 -0.007609375
-2.88000004e-009 -0.007828125
-2.86000004e-009    -0.007875
-2.84000004e-009 -0.007820313
-2.82000004e-009 -0.007882813
-2.80000004e-009 -0.008273438
-2.78000004e-009 -0.008835938
-2.76000004e-009  -0.00915625
-2.74000004e-009 -0.009101563
-2.72000004e-009 -0.008945313
-2.70000004e-009 -0.008976563
-2.68000004e-009 -0.009289063
-2.66000004e-009  -0.00959375
-2.64000004e-009 -0.009671875
-2.62000003e-009 -0.009609375
-2.60000003e-009  -0.00959375
-2.58000003e-009 -0.009671875
-2.56000003e-009 -0.009726563
-2.54000003e-009    -0.009625
-2.52000003e-009 -0.009445313
-2.50000003e-009 -0.009484375
-2.48000003e-009 -0.009734375
-2.46000003e-009 -0.009890625
-2.44000003e-009 -0.009742188
-2.42000003e-009 -0.009320313
-2.40000003e-009 -0.008960938
-2.38000003e-009  -0.00884375
-2.36000003e-009 -0.008796875
-2.34000003e-009  -0.00865625
-2.32000003e-009 -0.008484375
-2.30000003e-009 -0.008359375
-2.28000003e-009 -0.008367188
-2.26000003e-009  -0.00853125
-2.24000003e-009 -0.008609375
-2.22000003e-009 -0.008585938
-2.20000003e-009 -0.008359375
-2.18000003e-009 -0.008117188
-2.16000003e-009 -0.007953125
-2.14000003e-009 -0.007890625
-2.12000003e-009  -0.00784375
-2.10000003e-009 -0.007710938
-2.08000003e-009 -0.007476563
-2.06000003e-009 -0.007203125
-2.04000003e-009 -0.007117187
-2.02000003e-009 -0.007132812
-2.00000003e-009 -0.007273437
-1.98000003e-009 -0.007242187
-1.96000003e-009 -0.007070312
-1.94000003e-009 -0.006882812
-1.92000003e-009 -0.006765625
-1.90000003e-009  -0.00671875
-1.88000003e-009 -0.006640625
-1.86000002e-009  -0.00640625
-1.84000002e-009   -0.0060625
-1.82000002e-009 -0.005796875
-1.80000002e-009 -0.005695312
-1.78000002e-009 -0.005695312
-1.76000002e-009 -0.005679687
-1.74000002e-009 -0.005507812
-1.72000002e-009 -0.005226562
-1.70000002e-009 -0.004921875
-1.68000002e-009 -0.004648437
-1.66000002e-009    -0.004375
-1.64000002e-009 -0.004078125
-1.62000002e-009 -0.003929687
-1.60000002e-009 -0.003960937
-1.58000002e-009 -0.004046875
-1.56000002e-009  -0.00403125
-1.54000002e-009 -0.003820312
-1.52000002e-009 -0.003523437
-1.50000002e-009 -0.003390625
-1.48000002e-009   -0.0033125
-1.46000002e-009 -0.003328125
-1.44000002e-009 -0.003351562
-1.42000002e-009 -0.003359375
-1.40000002e-009 -0.003296875
-1.38000002e-009  -0.00321875
-1.36000002e-009  -0.00309375
-1.34000002e-009 -0.002929687
-1.32000002e-009 -0.002742187
-1.30000002e-009 -0.002632812
-1.28000002e-009 -0.002546875
-1.26000002e-009 -0.002523437
-1.24000002e-009      -0.0025
-1.22000002e-009  -0.00253125
-1.20000002e-009 -0.002585937
-1.18000002e-009  -0.00253125
-1.16000002e-009 -0.002476562
-1.14000002e-009 -0.002429687
-1.12000001e-009 -0.002507812
-1.10000001e-009 -0.002617187
-1.08000001e-009 -0.002554687
-1.06000001e-009 -0.002382812
-1.04000001e-009 -0.002335937
-1.02000001e-009 -0.002445312
-1.00000001e-009   -0.0026875
-9.80000013e-010 -0.002820312
-9.60000013e-010   -0.0028125
-9.40000013e-010 -0.002757812
-9.20000012e-010 -0.002898437
-9.00000012e-010       -0.003
-8.80000012e-010 -0.003054687
-8.60000011e-010 -0.003046875
-8.40000011e-010 -0.003023437
-8.20000011e-010 -0.003023437
-8.00000011e-010 -0.003179687
-7.8000001e-010 -0.003421875
-7.6000001e-010 -0.003679687
-7.4000001e-010 -0.003953125
-7.2000001e-010  -0.00421875
-7.00000009e-010  -0.00471875
-6.80000009e-010 -0.005640625
-6.60000009e-010 -0.006734375
-6.40000009e-010     -0.00825
-6.20000008e-010  -0.01011719
-6.00000008e-010  -0.01301563
-5.80000008e-010  -0.01747656
-5.60000007e-010  -0.02369531
-5.40000007e-010  -0.03219531
-5.20000007e-010  -0.04267188
-5.00000007e-010  -0.05498438
-4.80000006e-010  -0.06882813
-4.60000006e-010  -0.08367188
-4.40000006e-010  -0.09877344
-4.20000006e-010   -0.1130469
-4.00000005e-010   -0.1249844
-3.80000005e-010   -0.1338672
-3.60000005e-010   -0.1394531
-3.40000005e-010   -0.1417422
-3.20000004e-010   -0.1418672
-3.00000004e-010   -0.1401406
-2.80000004e-010   -0.1376641
-2.60000003e-010   -0.1350078
-2.40000003e-010   -0.1317813
-2.20000003e-010   -0.1283125
-2.00000003e-010   -0.1239297
-1.80000002e-010   -0.1185313
-1.60000002e-010   -0.1118516
-1.40000002e-010   -0.1031953
-1.20000002e-010  -0.09282032
-1.00000001e-010  -0.08100782
-8.00000011e-011  -0.06808594
-6.00000008e-011  -0.05439063
-4.00000005e-011  -0.04030469
-2.00000003e-011  -0.02664063
           0  -0.01470313
2.00000003e-011 -0.005007812
4.00000005e-011  0.002390625
6.00000008e-011  0.007585938
8.00000011e-011   0.01096094
1.00000001e-010   0.01238281
1.20000002e-010   0.01260938
1.40000002e-010   0.01211719
1.60000002e-010   0.01130469
1.80000002e-010   0.01066406
2.00000003e-010   0.01028125
2.20000003e-010   0.01051563
2.40000003e-010   0.01164063
2.60000003e-010   0.01329688
2.80000004e-010   0.01500781
3.00000004e-010       0.0165
3.20000004e-010   0.01764844
3.40000005e-010    0.0184375
3.60000005e-010   0.01864063
3.80000005e-010   0.01810156
4.00000005e-010   0.01678906
4.20000006e-010     0.015125
4.40000006e-010   0.01357031
4.60000006e-010   0.01232813
4.80000006e-010   0.01138281
5.00000007e-010   0.01064063
5.20000007e-010   0.01005469
5.40000007e-010  0.009867188
5.60000007e-010   0.01015625
5.80000008e-010   0.01073438
6.00000008e-010   0.01141406
6.20000008e-010   0.01201563
6.40000009e-010       0.0125
6.60000009e-010     0.012875
6.80000009e-010   0.01297656
7.00000009e-010   0.01282813
7.2000001e-010   0.01249219
7.4000001e-010   0.01221875
7.6000001e-010   0.01222656
7.8000001e-010   0.01245313
8.00000011e-010    0.0126875
8.20000011e-010   0.01295313
8.40000011e-010   0.01346875
8.60000011e-010   0.01433594
8.80000012e-010    0.0153125
9.00000012e-010   0.01608594
9.20000012e-010   0.01642969
9.40000013e-010   0.01646875
9.60000013e-010       0.0165
9.80000013e-010   0.01655469
1.00000001e-009   0.01674219
1.02000001e-009   0.01684375
1.04000001e-009   0.01685156
1.06000001e-009   0.01671875
1.08000001e-009   0.01657813
1.10000001e-009   0.01642188
1.12000001e-009    0.0163125
1.14000002e-009   0.01632813
1.16000002e-009   0.01647656
1.18000002e-009   0.01670313
1.20000002e-009        0.017
1.22000002e-009   0.01732813
1.24000002e-009   0.01760938
1.26000002e-009   0.01777344
1.28000002e-009   0.01778125
1.30000002e-009   0.01755469
1.32000002e-009   0.01730469
1.34000002e-009   0.01716406
1.36000002e-009   0.01720313
1.38000002e-009   0.01724219
1.40000002e-009   0.01724219
1.42000002e-009   0.01714063
1.44000002e-009   0.01710938
1.46000002e-009   0.01724219
1.48000002e-009   0.01732813
1.50000002e-009   0.01722656
1.52000002e-009   0.01686719
1.54000002e-009   0.01647656
1.56000002e-009   0.01630469
1.58000002e-009   0.01634375
1.60000002e-009   0.01632813
1.62000002e-009   0.01607813
1.64000002e-009   0.01571094
1.66000002e-009   0.01541406
1.68000002e-009   0.01532031
1.70000002e-009   0.01530469
1.72000002e-009   0.01522656
1.74000002e-009   0.01508594
1.76000002e-009    0.0149375
1.78000002e-009   0.01479688
1.80000002e-009   0.01476563
1.82000002e-009   0.01485938
1.84000002e-009   0.01496094
1.86000002e-009    0.0149375
1.88000003e-009   0.01475781
1.90000003e-009   0.01449219
1.92000003e-009   0.01429688
1.94000003e-009   0.01420313
1.96000003e-009   0.01414844
1.98000003e-009   0.01411719
2.00000003e-009   0.01416406
2.02000003e-009   0.01440625
2.04000003e-009   0.01473438
2.06000003e-009   0.01499219
2.08000003e-009   0.01499219
2.10000003e-009   0.01467188
2.12000003e-009   0.01422656
2.14000003e-009     0.013875
2.16000003e-009   0.01376563
2.18000003e-009   0.01385156
2.20000003e-009   0.01402344
2.22000003e-009   0.01403906
2.24000003e-009   0.01398438
2.26000003e-009        0.014
2.28000003e-009   0.01400781
2.30000003e-009   0.01396094
2.32000003e-009   0.01373438
2.34000003e-009   0.01342188
2.36000003e-009   0.01322656
2.38000003e-009      0.01325
2.40000003e-009   0.01335938
2.42000003e-009   0.01342969
2.44000003e-009   0.01325781
2.46000003e-009        0.013
2.48000003e-009   0.01275781
2.50000003e-009   0.01265625
2.52000003e-009   0.01259375
2.54000003e-009   0.01257031
2.56000003e-009   0.01250781
2.58000003e-009   0.01246094
2.60000003e-009   0.01246875
2.62000003e-009   0.01241406
2.64000004e-009   0.01226563
2.66000004e-009   0.01216406
2.68000004e-009   0.01207031
2.70000004e-009   0.01199219
2.72000004e-009   0.01188281
2.74000004e-009    0.0116875
2.76000004e-009   0.01147656
2.78000004e-009   0.01129688
2.80000004e-009   0.01119531
2.82000004e-009   0.01121875
2.84000004e-009      0.01125
2.86000004e-009   0.01127344
2.88000004e-009   0.01124219
2.90000004e-009   0.01114844
2.92000004e-009    0.0110625
2.94000004e-009   0.01099219
2.96000004e-009   0.01089844
2.98000004e-009   0.01078906
3.00000004e-009    0.0106875
3.02000004e-009   0.01064844
3.04000004e-009   0.01073438
3.06000004e-009   0.01078906
3.08000004e-009   0.01082031
3.10000004e-009   0.01088281
3.12000004e-009   0.01103906
3.14000004e-009   0.01115625
3.16000004e-009   0.01111719
3.18000004e-009   0.01077344
3.20000004e-009   0.01028125
3.22000004e-009  0.009953126
3.24000004e-009  0.009945313
3.26000004e-009   0.01021094
3.28000004e-009   0.01047656
3.30000004e-009   0.01048438
3.32000004e-009   0.01024219
3.34000004e-009  0.009914063
3.36000004e-009  0.009648438
3.38000005e-009  0.009460938
3.40000005e-009  0.009375001
3.42000005e-009  0.009304688
3.44000005e-009  0.009265626
3.46000005e-009  0.009234376
3.48000005e-009  0.009164063
3.50000005e-009  0.009070313
3.52000005e-009  0.008843751
3.54000005e-009  0.008578126
3.56000005e-009  0.008265626
3.58000005e-009  0.008062501
3.60000005e-009  0.008046876
3.62000005e-009  0.008117188
3.64000005e-009  0.008195313
3.66000005e-009  0.008226563
3.68000005e-009  0.008148438
3.70000005e-009  0.007945313
3.72000005e-009  0.007718751
3.74000005e-009  0.007507813
3.76000005e-009  0.007367188
3.78000005e-009  0.007429688
3.80000005e-009  0.007632813
3.82000005e-009  0.007820313
3.84000005e-009  0.007914063
3.86000005e-009  0.007875001
3.88000005e-009  0.007820313
3.90000005e-009  0.007828126
3.92000005e-009  0.007914063
3.94000005e-009  0.008015626
3.96000005e-009  0.008039063
3.98000005e-009  0.008000001
4.00000005e-009  0.007945313
4.02000005e-009  0.007898438
4.04000005e-009  0.007968751
4.06000005e-009  0.008179688
4.08000005e-009  0.008343751
4.10000005e-009  0.008375001
4.12000006e-009  0.008140626
4.14000006e-009  0.007789063
4.16000006e-009  0.007492188
4.18000006e-009  0.007421876
4.20000006e-009  0.007585938
4.22000006e-009  0.007843751
4.24000006e-009  0.007976563
4.26000006e-009  0.008039063
4.28000006e-009  0.007960938
4.30000006e-009  0.007875001
4.32000006e-009  0.007648438
4.34000006e-009  0.007343751
4.36000006e-009  0.007062501
4.38000006e-009  0.006976563
4.40000006e-009  0.007148438
4.42000006e-009  0.007453126
4.44000006e-009  0.007687501
4.46000006e-009  0.007679688
4.48000006e-009  0.007531251
4.50000006e-009  0.007406251
4.52000006e-009  0.007320313
4.54000006e-009  0.007328126
4.56000006e-009  0.007281251
4.58000006e-009  0.007132813
4.60000006e-009  0.006992188
4.62000006e-009  0.007023438
4.64000006e-009  0.007265626
4.66000006e-009  0.007562501
4.68000006e-009  0.007851563
4.70000006e-009  0.007914063
4.72000006e-009  0.007875001
4.74000006e-009  0.007875001
4.76000006e-009  0.007921876
4.78000006e-009  0.008164063
4.80000006e-009  0.008578126
4.82000006e-009  0.009039063
4.84000006e-009  0.009546876
4.86000006e-009  0.009976563
4.88000007e-009   0.01029688
4.90000007e-009    0.0106875
4.92000007e-009    0.0111875
4.94000007e-009   0.01170313
4.96000007e-009   0.01222656
4.98000007e-009   0.01264063
5.00000007e-009   0.01303906
