-2.49000003e-009 -0.007195312
-2.48000003e-009 -0.007210937
-2.47000003e-009 -0.007140625
-2.46000003e-009   -0.0070625
-2.45000003e-009 -0.006953125
-2.44000003e-009 -0.006835937
-2.43000003e-009     -0.00675
-2.42000003e-009 -0.006742187
-2.41000003e-009 -0.006757812
-2.40000003e-009 -0.006820312
-2.39000003e-009 -0.006945312
-2.38000003e-009 -0.007085937
-2.37000003e-009 -0.007234375
-2.36000003e-009 -0.007320312
-2.35000003e-009 -0.007335937
-2.34000003e-009   -0.0073125
-2.33000003e-009   -0.0071875
-2.32000003e-009  -0.00703125
-2.31000003e-009 -0.006796875
-2.30000003e-009  -0.00665625
-2.29000003e-009   -0.0064375
-2.28000003e-009 -0.006273437
-2.27000003e-009 -0.006195312
-2.26000003e-009 -0.006132812
-2.25000003e-009 -0.006078125
-2.24000003e-009  -0.00609375
-2.23000003e-009 -0.006101562
-2.22000003e-009 -0.006109375
-2.21000003e-009 -0.006101562
-2.20000003e-009 -0.006132812
-2.19000003e-009 -0.006101562
-2.18000003e-009 -0.006046875
-2.17000003e-009 -0.006039062
-2.16000003e-009  -0.00596875
-2.15000003e-009 -0.005867187
-2.14000003e-009  -0.00578125
-2.13000003e-009 -0.005695312
-2.12000003e-009 -0.005609375
-2.11000003e-009 -0.005554687
-2.10000003e-009  -0.00546875
-2.09000003e-009 -0.005429687
-2.08000003e-009    -0.005375
-2.07000003e-009 -0.005304687
-2.06000003e-009  -0.00521875
-2.05000003e-009 -0.005148437
-2.04000003e-009 -0.005070312
-2.03000003e-009 -0.005007812
-2.02000003e-009 -0.004984375
-2.01000003e-009   -0.0049375
-2.00000003e-009 -0.004945312
-1.99000003e-009       -0.005
-1.98000003e-009 -0.005015625
-1.97000003e-009 -0.004992187
-1.96000003e-009 -0.004960937
-1.95000003e-009 -0.004867187
-1.94000003e-009     -0.00475
-1.93000003e-009 -0.004617187
-1.92000003e-009 -0.004492187
-1.91000003e-009 -0.004382812
-1.90000003e-009 -0.004234375
-1.89000003e-009 -0.004148437
-1.88000003e-009 -0.004046875
-1.87000002e-009 -0.003976562
-1.86000002e-009 -0.003914062
-1.85000002e-009 -0.003867187
-1.84000002e-009   -0.0038125
-1.83000002e-009  -0.00371875
-1.82000002e-009 -0.003601562
-1.81000002e-009 -0.003515625
-1.80000002e-009 -0.003390625
-1.79000002e-009 -0.003257812
-1.78000002e-009 -0.003132812
-1.77000002e-009 -0.003007812
-1.76000002e-009 -0.002898437
-1.75000002e-009 -0.002828125
-1.74000002e-009   -0.0028125
-1.73000002e-009 -0.002773437
-1.72000002e-009 -0.002765625
-1.71000002e-009 -0.002734375
-1.70000002e-009 -0.002703125
-1.69000002e-009  -0.00265625
-1.68000002e-009  -0.00259375
-1.67000002e-009  -0.00253125
-1.66000002e-009 -0.002453125
-1.65000002e-009 -0.002382812
-1.64000002e-009   -0.0023125
-1.63000002e-009 -0.002179687
-1.62000002e-009 -0.002054687
-1.61000002e-009  -0.00190625
-1.60000002e-009 -0.001796875
-1.59000002e-009 -0.001648437
-1.58000002e-009 -0.001585937
-1.57000002e-009 -0.001539062
-1.56000002e-009  -0.00159375
-1.55000002e-009 -0.001664062
-1.54000002e-009  -0.00178125
-1.53000002e-009 -0.001851562
-1.52000002e-009 -0.001890625
-1.51000002e-009 -0.001828125
-1.50000002e-009 -0.001710937
-1.49000002e-009      -0.0015
-1.48000002e-009 -0.001210937
-1.47000002e-009 -0.0009687497
-1.46000002e-009 -0.0007734372
-1.45000002e-009 -0.0006640622
-1.44000002e-009 -0.0006328122
-1.43000002e-009 -0.0006718747
-1.42000002e-009 -0.0007734372
-1.41000002e-009 -0.0008828122
-1.40000002e-009 -0.0009531247
-1.39000002e-009 -0.0008906247
-1.38000002e-009 -0.0008281247
-1.37000002e-009 -0.0006874997
-1.36000002e-009 -0.0005078122
-1.35000002e-009 -0.0003515622
-1.34000002e-009 -0.0002656247
-1.33000002e-009 -0.0002109372
-1.32000002e-009 -0.0002812497
-1.31000002e-009 -0.0003828122
-1.30000002e-009 -0.0005624997
-1.29000002e-009 -0.0007265622
-1.28000002e-009 -0.0008671872
-1.27000002e-009 -0.0008906247
-1.26000002e-009 -0.0008593747
-1.25000002e-009 -0.0007734372
-1.24000002e-009 -0.0006249997
-1.23000002e-009 -0.0003984372
-1.22000002e-009 -0.0002812497
-1.21000002e-009 -0.0001796872
-1.20000002e-009 -0.0001249997
-1.19000002e-009 -0.0001562497
-1.18000002e-009 -0.0002031247
-1.17000002e-009 -0.0002812497
-1.16000002e-009 -0.0003906247
-1.15000002e-009 -0.0004218747
-1.14000002e-009 -0.0004453122
-1.13000002e-009 -0.0004453122
-1.12000001e-009 -0.0004296872
-1.11000001e-009 -0.0003593747
-1.10000001e-009 -0.0003124997
-1.09000001e-009 -0.0002656247
-1.08000001e-009 -0.0002421872
-1.07000001e-009 -0.0002499997
-1.06000001e-009 -0.0002578122
-1.05000001e-009 -0.0002656247
-1.04000001e-009 -0.0002265622
-1.03000001e-009 -0.0002109372
-1.02000001e-009 -0.0001640622
-1.01000001e-009 -0.0001249997
-1.00000001e-009 -0.0001015622
-9.90000013e-010 -7.031215e-005
-9.80000013e-010 -7.031215e-005
-9.70000013e-010 -0.0001015622
-9.60000013e-010 -0.0001249997
-9.50000013e-010 -0.0002109372
-9.40000013e-010 -0.0003203122
-9.30000012e-010 -0.0003906247
-9.20000012e-010 -0.0004765622
-9.10000012e-010 -0.0005468747
-9.00000012e-010 -0.0005703122
-8.90000012e-010 -0.0005390622
-8.80000012e-010 -0.0004609372
-8.70000012e-010 -0.0003906247
-8.60000011e-010 -0.0003437497
-8.50000011e-010 -0.0002890622
-8.40000011e-010 -0.0003124997
-8.30000011e-010 -0.0004062497
-8.20000011e-010 -0.0005624997
-8.10000011e-010 -0.0007968747
-8.00000011e-010 -0.001070312
-7.90000011e-010 -0.001351562
-7.8000001e-010 -0.001523437
-7.7000001e-010 -0.001734375
-7.6000001e-010 -0.001859375
-7.5000001e-010 -0.001914062
-7.4000001e-010 -0.001960937
-7.3000001e-010 -0.001992187
-7.2000001e-010 -0.002109375
-7.10000009e-010 -0.002210937
-7.00000009e-010    -0.002375
-6.90000009e-010   -0.0025625
-6.80000009e-010   -0.0029375
-6.70000009e-010  -0.00340625
-6.60000009e-010 -0.003992187
-6.50000009e-010  -0.00471875
-6.40000009e-010 -0.005554687
-6.30000008e-010 -0.006585937
-6.20000008e-010 -0.007859375
-6.10000008e-010  -0.00928125
-6.00000008e-010  -0.01095313
-5.90000008e-010  -0.01299219
-5.80000008e-010  -0.01533594
-5.70000008e-010  -0.01821094
-5.60000007e-010  -0.02158594
-5.50000007e-010  -0.02554688
-5.40000007e-010  -0.03010156
-5.30000007e-010  -0.03528906
-5.20000007e-010  -0.04108594
-5.10000007e-010  -0.04738281
-5.00000007e-010  -0.05417188
-4.90000007e-010  -0.06130469
-4.80000006e-010  -0.06879688
-4.70000006e-010  -0.07651563
-4.60000006e-010  -0.08435157
-4.50000006e-010  -0.09217188
-4.40000006e-010  -0.09982813
-4.30000006e-010   -0.1071094
-4.20000006e-010   -0.1138438
-4.10000005e-010   -0.1199609
-4.00000005e-010   -0.1253125
-3.90000005e-010   -0.1297891
-3.80000005e-010    -0.133375
-3.70000005e-010   -0.1360234
-3.60000005e-010   -0.1379375
-3.50000005e-010   -0.1391797
-3.40000005e-010   -0.1397109
-3.30000004e-010   -0.1396094
-3.20000004e-010   -0.1390078
-3.10000004e-010   -0.1380703
-3.00000004e-010   -0.1368203
-2.90000004e-010   -0.1353203
-2.80000004e-010   -0.1336328
-2.70000004e-010    -0.131875
-2.60000003e-010   -0.1301953
-2.50000003e-010   -0.1284922
-2.40000003e-010   -0.1268281
-2.30000003e-010   -0.1251016
-2.20000003e-010   -0.1231953
-2.10000003e-010     -0.12125
-2.00000003e-010   -0.1190313
-1.90000003e-010   -0.1165156
-1.80000002e-010   -0.1136016
-1.70000002e-010   -0.1102734
-1.60000002e-010   -0.1065313
-1.50000002e-010   -0.1024609
-1.40000002e-010       -0.098
-1.30000002e-010  -0.09310157
-1.20000002e-010  -0.08788282
-1.10000001e-010  -0.08232032
-1.00000001e-010  -0.07642188
-9.00000012e-011   -0.0701875
-8.00000011e-011  -0.06357813
-7.00000009e-011  -0.05669531
-6.00000008e-011      -0.0495
-5.00000007e-011  -0.04219531
-4.00000005e-011  -0.03491406
-3.00000004e-011  -0.02784375
-2.00000003e-011    -0.021125
-1.00000001e-011  -0.01489844
           0 -0.009296875
1.00000001e-011 -0.004335937
2.00000003e-011 -5.468715e-005
3.00000004e-011  0.003585938
4.00000005e-011  0.006718751
5.00000007e-011  0.009351563
6.00000008e-011   0.01147656
7.00000009e-011   0.01314844
8.00000011e-011   0.01435938
9.00000012e-011   0.01513281
1.00000001e-010   0.01553125
1.10000001e-010   0.01557813
1.20000002e-010      0.01525
1.30000002e-010   0.01477344
1.40000002e-010   0.01421875
1.50000002e-010   0.01365625
1.60000002e-010   0.01308594
1.70000002e-010    0.0125625
1.80000002e-010   0.01211719
1.90000003e-010   0.01185156
2.00000003e-010   0.01167188
2.10000003e-010   0.01164844
2.20000003e-010   0.01183594
2.30000003e-010   0.01223438
2.40000003e-010   0.01288281
2.50000003e-010   0.01376563
2.60000003e-010   0.01476563
2.70000004e-010   0.01588281
2.80000004e-010    0.0169375
2.90000004e-010   0.01796094
3.00000004e-010    0.0188125
3.10000004e-010   0.01957031
3.20000004e-010   0.02010938
3.30000004e-010   0.02055469
3.40000005e-010     0.020875
3.50000005e-010   0.02104688
3.60000005e-010   0.02108594
3.70000005e-010   0.02092969
3.80000005e-010   0.02060156
3.90000005e-010   0.02009375
4.00000005e-010   0.01938281
4.10000005e-010   0.01857031
4.20000006e-010   0.01769531
4.30000006e-010   0.01678906
4.40000006e-010    0.0159375
4.50000006e-010   0.01514063
4.60000006e-010   0.01440625
4.70000006e-010   0.01378125
4.80000006e-010   0.01322656
4.90000007e-010   0.01274219
5.00000007e-010   0.01242188
5.10000007e-010   0.01220313
5.20000007e-010   0.01213281
5.30000007e-010   0.01225781
5.40000007e-010   0.01246875
5.50000007e-010   0.01279688
5.60000007e-010   0.01313281
5.70000008e-010   0.01346875
5.80000008e-010    0.0138125
5.90000008e-010   0.01407031
6.00000008e-010   0.01426563
6.10000008e-010   0.01446875
6.20000008e-010   0.01461719
6.30000008e-010   0.01474219
6.40000009e-010   0.01482813
6.50000009e-010   0.01490625
6.60000009e-010   0.01489844
6.70000009e-010   0.01485938
6.80000009e-010    0.0148125
6.90000009e-010   0.01474219
7.00000009e-010   0.01464063
7.10000009e-010   0.01458594
7.2000001e-010   0.01453906
7.3000001e-010   0.01455469
7.4000001e-010   0.01464063
7.5000001e-010   0.01475781
7.6000001e-010   0.01489063
7.7000001e-010   0.01501563
7.8000001e-010   0.01519531
7.90000011e-010   0.01535156
8.00000011e-010   0.01551563
8.10000011e-010   0.01567188
8.20000011e-010     0.015875
8.30000011e-010    0.0160625
8.40000011e-010      0.01625
8.50000011e-010   0.01644531
8.60000011e-010     0.016625
8.70000012e-010   0.01674219
8.80000012e-010     0.016875
8.90000012e-010   0.01697656
9.00000012e-010   0.01709375
9.10000012e-010   0.01725781
9.20000012e-010   0.01748438
9.30000012e-010   0.01775781
9.40000013e-010   0.01811719
9.50000013e-010   0.01842969
9.60000013e-010   0.01871875
9.70000013e-010   0.01894531
9.80000013e-010     0.019125
9.90000013e-010   0.01920313
1.00000001e-009   0.01921875
1.01000001e-009    0.0191875
1.02000001e-009   0.01913281
1.03000001e-009   0.01910938
1.04000001e-009   0.01904688
1.05000001e-009   0.01903906
1.06000001e-009   0.01904688
1.07000001e-009   0.01900781
1.08000001e-009        0.019
1.09000001e-009   0.01896875
1.10000001e-009    0.0189375
1.11000001e-009   0.01891406
1.12000001e-009   0.01889844
1.13000002e-009   0.01889844
1.14000002e-009   0.01899219
1.15000002e-009   0.01907031
1.16000002e-009   0.01920313
1.17000002e-009    0.0193125
1.18000002e-009   0.01941406
1.19000002e-009   0.01944531
1.20000002e-009   0.01946094
1.21000002e-009   0.01942188
1.22000002e-009   0.01935156
1.23000002e-009   0.01932031
1.24000002e-009   0.01927344
1.25000002e-009   0.01928125
1.26000002e-009   0.01928125
1.27000002e-009   0.01935938
1.28000002e-009   0.01942188
1.29000002e-009   0.01953906
1.30000002e-009   0.01961719
1.31000002e-009   0.01965625
1.32000002e-009   0.01967969
1.33000002e-009   0.01967188
1.34000002e-009   0.01965625
1.35000002e-009   0.01967188
1.36000002e-009   0.01967188
1.37000002e-009   0.01967969
1.38000002e-009   0.01964844
1.39000002e-009   0.01960938
1.40000002e-009   0.01955469
1.41000002e-009   0.01946875
1.42000002e-009   0.01939063
1.43000002e-009    0.0193125
1.44000002e-009   0.01930469
1.45000002e-009   0.01934375
1.46000002e-009   0.01941406
1.47000002e-009   0.01953125
1.48000002e-009   0.01965625
1.49000002e-009   0.01974219
1.50000002e-009      0.01975
1.51000002e-009    0.0196875
1.52000002e-009   0.01959375
1.53000002e-009   0.01942969
1.54000002e-009      0.01925
1.55000002e-009   0.01908594
1.56000002e-009   0.01892969
1.57000002e-009   0.01877344
1.58000002e-009   0.01861719
1.59000002e-009   0.01846875
1.60000002e-009   0.01827344
1.61000002e-009   0.01804688
1.62000002e-009   0.01784375
1.63000002e-009     0.017625
1.64000002e-009   0.01742188
1.65000002e-009   0.01728906
1.66000002e-009   0.01720313
1.67000002e-009   0.01715625
1.68000002e-009    0.0171875
1.69000002e-009   0.01717969
1.70000002e-009   0.01722656
1.71000002e-009   0.01726563
1.72000002e-009   0.01726563
1.73000002e-009   0.01726563
1.74000002e-009   0.01726563
1.75000002e-009   0.01720313
1.76000002e-009   0.01721094
1.77000002e-009   0.01714063
1.78000002e-009   0.01715625
1.79000002e-009   0.01714844
1.80000002e-009   0.01715625
1.81000002e-009   0.01717969
1.82000002e-009   0.01721875
1.83000002e-009   0.01725781
1.84000002e-009      0.01725
1.85000002e-009   0.01719531
1.86000002e-009   0.01713281
1.87000002e-009   0.01696875
1.88000003e-009   0.01684375
1.89000003e-009   0.01664844
1.90000003e-009   0.01657031
1.91000003e-009   0.01650781
1.92000003e-009   0.01655469
1.93000003e-009   0.01667188
1.94000003e-009   0.01678906
1.95000003e-009   0.01695313
1.96000003e-009   0.01705469
1.97000003e-009   0.01714063
1.98000003e-009   0.01711719
1.99000003e-009   0.01700781
2.00000003e-009   0.01690625
2.01000003e-009   0.01675781
2.02000003e-009    0.0166875
2.03000003e-009     0.016625
2.04000003e-009   0.01660156
2.05000003e-009   0.01664844
2.06000003e-009   0.01671094
2.07000003e-009   0.01678906
2.08000003e-009   0.01682031
2.09000003e-009   0.01682031
2.10000003e-009   0.01680469
2.11000003e-009   0.01671094
2.12000003e-009   0.01660938
2.13000003e-009   0.01654688
2.14000003e-009   0.01653125
2.15000003e-009   0.01648438
2.16000003e-009       0.0165
2.17000003e-009   0.01649219
2.18000003e-009   0.01648438
2.19000003e-009   0.01639063
2.20000003e-009   0.01626563
2.21000003e-009   0.01614063
2.22000003e-009   0.01600781
2.23000003e-009   0.01586719
2.24000003e-009   0.01578906
2.25000003e-009   0.01577344
2.26000003e-009   0.01578125
2.27000003e-009   0.01588281
2.28000003e-009   0.01596094
2.29000003e-009   0.01605469
2.30000003e-009   0.01610938
2.31000003e-009   0.01610938
2.32000003e-009   0.01607031
2.33000003e-009   0.01604688
2.34000003e-009   0.01603125
2.35000003e-009   0.01598438
2.36000003e-009   0.01597656
2.37000003e-009   0.01596875
2.38000003e-009   0.01596094
2.39000003e-009   0.01589844
2.40000003e-009   0.01580469
2.41000003e-009   0.01567969
2.42000003e-009   0.01553125
2.43000003e-009   0.01536719
2.44000003e-009   0.01523438
2.45000003e-009   0.01513281
2.46000003e-009   0.01509375
2.47000003e-009   0.01505469
2.48000003e-009   0.01500781
2.49000003e-009   0.01497656
2.50000003e-009   0.01492969
