-4.98000007e-009 -0.003289062
-4.96000007e-009  0.006679688
-4.94000007e-009       -0.003
-4.92000007e-009  0.006789063
-4.90000007e-009   -0.0036875
-4.88000007e-009  0.005734376
-4.86000006e-009 -0.003992187
-4.84000006e-009  0.007000001
-4.82000006e-009       -0.003
-4.80000006e-009  0.005632813
-4.78000006e-009 -0.003882812
-4.76000006e-009  0.007523438
-4.74000006e-009 -0.003632812
-4.72000006e-009  0.006453126
-4.70000006e-009 -0.003898437
-4.68000006e-009  0.007070313
-4.66000006e-009 -0.001679687
-4.64000006e-009  0.005773438
-4.62000006e-009       -0.003
-4.60000006e-009  0.007343751
-4.58000006e-009  -0.00303125
-4.56000006e-009  0.007054688
-4.54000006e-009 -0.004898437
-4.52000006e-009  0.008554688
-4.50000006e-009       -0.003
-4.48000006e-009  0.005875001
-4.46000006e-009 -0.003507812
-4.44000006e-009  0.007000001
-4.42000006e-009 -0.002234375
-4.40000006e-009  0.006765626
-4.38000006e-009 -0.002804687
-4.36000006e-009  0.007015626
-4.34000006e-009 -0.003390625
-4.32000006e-009  0.006640626
-4.30000006e-009 -0.003085937
-4.28000006e-009  0.007179688
-4.26000006e-009 -0.003046875
-4.24000006e-009  0.006804688
-4.22000006e-009   -0.0034375
-4.20000006e-009  0.007000001
-4.18000006e-009     -0.00575
-4.16000006e-009  0.008054688
-4.14000006e-009 -0.003132812
-4.12000006e-009  0.007000001
-4.10000005e-009 -0.004117187
-4.08000005e-009  0.005632813
-4.06000005e-009   -0.0030625
-4.04000005e-009  0.007000001
-4.02000005e-009  -0.00396875
-4.00000005e-009  0.007921876
-3.98000005e-009 -0.002882812
-3.96000005e-009  0.008703126
-3.94000005e-009 -0.003539062
-3.92000005e-009  0.007000001
-3.90000005e-009       -0.003
-3.88000005e-009  0.007164063
-3.86000005e-009 -0.003203125
-3.84000005e-009  0.007070313
-3.82000005e-009 -0.003289062
-3.80000005e-009  0.008148438
-3.78000005e-009 -0.003210937
-3.76000005e-009  0.006257813
-3.74000005e-009 -0.003039062
-3.72000005e-009  0.007007813
-3.70000005e-009       -0.003
-3.68000005e-009  0.007148438
-3.66000005e-009 -0.004382812
-3.64000005e-009  0.005726563
-3.62000005e-009 -0.003328125
-3.60000005e-009  0.008421876
-3.58000005e-009 -0.002453125
-3.56000005e-009  0.007187501
-3.54000005e-009       -0.003
-3.52000005e-009  0.005976563
-3.50000005e-009    -0.003125
-3.48000005e-009  0.007125001
-3.46000005e-009  -0.00328125
-3.44000005e-009  0.007023438
-3.42000005e-009  -0.00403125
-3.40000005e-009  0.007000001
-3.38000005e-009 -0.003453125
-3.36000004e-009  0.007382813
-3.34000004e-009 -0.004078125
-3.32000004e-009  0.006531251
-3.30000004e-009 -0.003617187
-3.28000004e-009  0.004992188
-3.26000004e-009       -0.005
-3.24000004e-009  0.003960938
-3.22000004e-009       -0.005
-3.20000004e-009  0.005000001
-3.18000004e-009 -0.006617187
-3.16000004e-009  0.003929688
-3.14000004e-009 -0.007109375
-3.12000004e-009  0.005000001
-3.10000004e-009  -0.00759375
-3.08000004e-009  0.003195313
-3.06000004e-009 -0.007132812
-3.04000004e-009 0.0003125004
-3.02000004e-009       -0.007
-3.00000004e-009        0.001
-2.98000004e-009 -0.008132813
-2.96000004e-009 0.0004609379
-2.94000004e-009 -0.009679688
-2.92000004e-009 -0.0009999997
-2.90000004e-009       -0.011
-2.88000004e-009 -0.001179687
-2.86000004e-009  -0.01066406
-2.84000004e-009 -0.001085937
-2.82000004e-009   -0.0115625
-2.80000004e-009       -0.003
-2.78000004e-009  -0.01105469
-2.76000004e-009 -0.002585937
-2.74000004e-009  -0.01100781
-2.72000004e-009   -0.0028125
-2.70000004e-009  -0.01191406
-2.68000004e-009 -0.001796875
-2.66000004e-009  -0.01082813
-2.64000004e-009 -0.001882812
-2.62000003e-009  -0.01130469
-2.60000003e-009       -0.003
-2.58000003e-009   -0.0119375
-2.56000003e-009  -0.00371875
-2.54000003e-009  -0.01146094
-2.52000003e-009  -0.00278125
-2.50000003e-009  -0.01103906
-2.48000003e-009 -0.001492187
-2.46000003e-009  -0.01235156
-2.44000003e-009 -0.002703125
-2.42000003e-009       -0.013
-2.40000003e-009     -0.00175
-2.38000003e-009  -0.01059375
-2.36000003e-009 -0.002539062
-2.34000003e-009       -0.013
-2.32000003e-009 -0.001914062
-2.30000003e-009  -0.01117969
-2.28000003e-009 -0.001054687
-2.26000003e-009  -0.01153906
-2.24000003e-009 -0.001664062
-2.22000003e-009       -0.011
-2.20000003e-009 -0.002382812
-2.18000003e-009 -0.009507813
-2.16000003e-009 -0.0004453122
-2.14000003e-009  -0.01048438
-2.12000003e-009 -0.0009062497
-2.10000003e-009      -0.0095
-2.08000003e-009 0.0006640629
-2.06000003e-009  -0.01090625
-2.04000003e-009 -0.0001015622
-2.02000003e-009 -0.009617188
-2.00000003e-009 -0.0009999997
-1.98000003e-009 -0.009960938
-1.96000003e-009 0.0008359379
-1.94000003e-009 -0.009601563
-1.92000003e-009        0.001
-1.90000003e-009 -0.007742188
-1.88000003e-009   0.00165625
-1.86000002e-009 -0.008328125
-1.84000002e-009  0.001179688
-1.82000002e-009   -0.0085625
-1.80000002e-009        0.001
-1.78000002e-009 -0.009015625
-1.76000002e-009  0.002882813
-1.74000002e-009   -0.0070625
-1.72000002e-009        0.003
-1.70000002e-009       -0.007
-1.68000002e-009  0.003570313
-1.66000002e-009 -0.007023437
-1.64000002e-009   0.00296875
-1.62000002e-009 -0.006960937
-1.60000002e-009        0.003
-1.58000002e-009 -0.006429687
-1.56000002e-009  0.002820313
-1.54000002e-009 -0.007390625
-1.52000002e-009  0.002101563
-1.50000002e-009       -0.007
-1.48000002e-009  0.003898438
-1.46000002e-009 -0.007484375
-1.44000002e-009  0.005000001
-1.42000002e-009       -0.005
-1.40000002e-009        0.003
-1.38000002e-009 -0.005273437
-1.36000002e-009  0.004812501
-1.34000002e-009       -0.005
-1.32000002e-009  0.004148438
-1.30000002e-009 -0.005015625
-1.28000002e-009  0.005132813
-1.26000002e-009  -0.00509375
-1.24000002e-009  0.006953126
-1.22000002e-009 -0.005007812
-1.20000002e-009  0.005000001
-1.18000002e-009 -0.004445312
-1.16000002e-009  0.004390626
-1.14000002e-009       -0.005
-1.12000001e-009  0.005000001
-1.10000001e-009  -0.00590625
-1.08000001e-009  0.005601563
-1.06000001e-009    -0.005125
-1.04000001e-009  0.003945313
-1.02000001e-009       -0.005
-1.00000001e-009  0.005000001
-9.80000013e-010 -0.004578125
-9.60000013e-010  0.004148438
-9.40000013e-010       -0.007
-9.20000012e-010  0.005000001
-9.00000012e-010 -0.004210937
-8.80000012e-010  0.005445313
-8.60000011e-010 -0.005976562
-8.40000011e-010  0.003835938
-8.20000011e-010      -0.0065
-8.00000011e-010  0.005000001
-7.8000001e-010 -0.006289062
-7.6000001e-010  0.004570313
-7.4000001e-010 -0.007304687
-7.2000001e-010        0.003
-7.00000009e-010 -0.008835938
-6.80000009e-010  0.003046875
-6.60000009e-010 -0.009992188
-6.40000009e-010 -0.001804687
-6.20000008e-010  -0.01411719
-6.00000008e-010 -0.007257812
-5.80000008e-010  -0.02808594
-5.60000007e-010  -0.01908594
-5.40000007e-010       -0.047
-5.20000007e-010  -0.04059375
-5.00000007e-010  -0.07401563
-4.80000006e-010  -0.06634375
-4.60000006e-010   -0.1060859
-4.40000006e-010  -0.09847657
-4.20000006e-010   -0.1319453
-4.00000005e-010   -0.1226563
-3.80000005e-010   -0.1442578
-3.60000005e-010   -0.1352344
-3.40000005e-010   -0.1456406
-3.20000004e-010       -0.133
-3.00000004e-010       -0.143
-2.80000004e-010   -0.1251719
-2.60000003e-010   -0.1332266
-2.40000003e-010   -0.1187266
-2.20000003e-010       -0.127
-2.00000003e-010   -0.1108828
-1.80000002e-010   -0.1158125
-1.60000002e-010  -0.09215625
-1.40000002e-010   -0.1007891
-1.20000002e-010       -0.071
-1.00000001e-010   -0.0800625
-8.00000011e-011       -0.044
-6.00000008e-011  -0.05260156
-4.00000005e-011  -0.01655469
-2.00000003e-011  -0.02542188
           0  0.005429688
2.00000003e-011 -0.001484375
4.00000005e-011   0.01621094
6.00000008e-011  0.007523438
8.00000011e-011        0.019
1.00000001e-010  0.009000001
1.20000002e-010   0.01970313
1.40000002e-010  0.007296876
1.60000002e-010   0.01838281
1.80000002e-010  0.006765626
2.00000003e-010   0.01751563
2.20000003e-010  0.008390626
2.40000003e-010   0.02215625
2.60000003e-010        0.011
2.80000004e-010        0.025
3.00000004e-010        0.015
3.20000004e-010   0.02636719
3.40000005e-010   0.01673438
3.60000005e-010   0.02507813
3.80000005e-010   0.01602344
4.00000005e-010     0.022125
4.20000006e-010   0.01042188
4.40000006e-010   0.02085156
4.60000006e-010  0.007000001
4.80000006e-010        0.019
5.00000007e-010  0.007828126
5.20000007e-010   0.01640625
5.40000007e-010  0.007054688
5.60000007e-010   0.01860156
5.80000008e-010  0.008953126
6.00000008e-010    0.0206875
6.20000008e-010   0.01076563
6.40000009e-010   0.02082813
6.60000009e-010  0.008500001
6.80000009e-010      0.01975
7.00000009e-010  0.009000001
7.2000001e-010   0.01950781
7.4000001e-010   0.01019531
7.6000001e-010   0.02160938
7.8000001e-010   0.01027344
8.00000011e-010   0.02117969
8.20000011e-010  0.009828126
8.40000011e-010   0.02113281
8.60000011e-010   0.01214063
8.80000012e-010   0.02303125
9.00000012e-010        0.013
9.20000012e-010   0.02421875
9.40000013e-010   0.01334375
9.60000013e-010   0.02384375
9.80000013e-010        0.015
1.00000001e-009        0.023
1.02000001e-009     0.013125
1.04000001e-009   0.02410938
1.06000001e-009   0.01213281
1.08000001e-009   0.02416406
1.10000001e-009   0.01408594
1.12000001e-009    0.0233125
1.14000002e-009   0.01150781
1.16000002e-009   0.02513281
1.18000002e-009        0.013
1.20000002e-009   0.02450781
1.22000002e-009   0.01426563
1.24000002e-009   0.02632813
1.26000002e-009        0.013
1.28000002e-009        0.027
1.30000002e-009   0.01344531
1.32000002e-009   0.02360938
1.34000002e-009   0.01464844
1.36000002e-009        0.025
1.38000002e-009   0.01550781
1.40000002e-009        0.025
1.42000002e-009   0.01442969
1.44000002e-009    0.0258125
1.46000002e-009   0.01335156
1.48000002e-009        0.027
1.50000002e-009   0.01494531
1.52000002e-009   0.02355469
1.54000002e-009   0.01398438
1.56000002e-009        0.023
1.58000002e-009   0.01216406
1.60000002e-009        0.023
1.62000002e-009   0.01215625
1.64000002e-009   0.02305469
1.66000002e-009   0.01232813
1.68000002e-009    0.0234375
1.70000002e-009   0.01279688
1.72000002e-009   0.02245313
1.74000002e-009   0.01133594
1.76000002e-009        0.021
1.78000002e-009        0.013
1.80000002e-009        0.023
1.82000002e-009   0.01021094
1.84000002e-009   0.02402344
1.86000002e-009   0.01203906
1.88000003e-009   0.02354688
1.90000003e-009   0.01217969
1.92000003e-009   0.02450781
1.94000003e-009   0.01189844
1.96000003e-009   0.02086719
1.98000003e-009     0.011875
2.00000003e-009   0.02297656
2.02000003e-009   0.01098438
2.04000003e-009   0.02311719
2.06000003e-009   0.01202344
2.08000003e-009    0.0216875
2.10000003e-009        0.011
2.12000003e-009   0.02252344
2.14000003e-009   0.01122656
2.16000003e-009   0.02167969
2.18000003e-009    0.0120625
2.20000003e-009        0.021
2.22000003e-009  0.008976563
2.24000003e-009   0.02295313
2.26000003e-009     0.010875
2.28000003e-009        0.021
2.30000003e-009   0.01067969
2.32000003e-009   0.02190625
2.34000003e-009   0.01095313
2.36000003e-009   0.02058594
2.38000003e-009  0.009578126
2.40000003e-009        0.021
2.42000003e-009  0.009984376
2.44000003e-009   0.02060938
2.46000003e-009   0.01092969
2.48000003e-009        0.021
2.50000003e-009     0.010875
2.52000003e-009   0.01986719
2.54000003e-009  0.009515626
2.56000003e-009        0.021
2.58000003e-009  0.007296876
2.60000003e-009   0.01907813
2.62000003e-009  0.009875001
2.64000004e-009   0.01800781
2.66000004e-009  0.007937501
2.68000004e-009   0.01910938
2.70000004e-009  0.008875001
2.72000004e-009   0.01850781
2.74000004e-009  0.008109376
2.76000004e-009   0.02048438
2.78000004e-009  0.008421876
2.80000004e-009        0.019
2.82000004e-009  0.008343751
2.84000004e-009   0.01757813
2.86000004e-009  0.008414063
2.88000004e-009   0.01885156
2.90000004e-009  0.007000001
2.92000004e-009   0.01786719
2.94000004e-009  0.008140626
2.96000004e-009     0.018125
2.98000004e-009  0.009000001
3.00000004e-009   0.01746875
3.02000004e-009  0.007484376
3.04000004e-009   0.01879688
3.06000004e-009  0.007000001
3.08000004e-009        0.019
3.10000004e-009  0.007398438
3.12000004e-009   0.01867188
3.14000004e-009  0.007203126
3.16000004e-009   0.01757813
3.18000004e-009  0.008992188
3.20000004e-009   0.01824219
3.22000004e-009  0.007328126
3.24000004e-009   0.01847656
3.26000004e-009  0.007000001
3.28000004e-009        0.017
3.30000004e-009  0.006859376
3.32000004e-009    0.0165625
3.34000004e-009  0.006851563
3.36000004e-009   0.01735156
3.38000005e-009  0.006789063
3.40000005e-009   0.01696094
3.42000005e-009  0.005257813
3.44000005e-009   0.01914844
3.46000005e-009  0.005000001
3.48000005e-009        0.017
3.50000005e-009  0.005000001
3.52000005e-009   0.01664063
3.54000005e-009  0.004304688
3.56000005e-009   0.01595313
3.58000005e-009  0.004437501
3.60000005e-009        0.017
3.62000005e-009  0.005875001
3.64000005e-009     0.015625
3.66000005e-009  0.005421876
3.68000005e-009   0.01640625
3.70000005e-009  0.005000001
3.72000005e-009   0.01532031
3.74000005e-009  0.005359376
3.76000005e-009   0.01517969
3.78000005e-009  0.005000001
3.80000005e-009        0.017
3.82000005e-009  0.004101563
3.84000005e-009   0.01610938
3.86000005e-009  0.005000001
3.88000005e-009   0.01585938
3.90000005e-009  0.007000001
3.92000005e-009   0.01830469
3.94000005e-009  0.005023438
3.96000005e-009   0.01588281
3.98000005e-009  0.005000001
4.00000005e-009        0.019
4.02000005e-009  0.005171876
4.04000005e-009   0.01567188
4.06000005e-009  0.004617188
4.08000005e-009        0.015
4.10000005e-009  0.005000001
4.12000006e-009    0.0170625
4.14000006e-009  0.005007813
4.16000006e-009   0.01391406
4.18000006e-009  0.003906251
4.20000006e-009        0.015
4.22000006e-009  0.004617188
4.24000006e-009   0.01489844
4.26000006e-009  0.005609376
4.28000006e-009        0.015
4.30000006e-009  0.003742188
4.32000006e-009   0.01465625
4.34000006e-009  0.003703126
4.36000006e-009   0.01484375
4.38000006e-009  0.005000001
4.40000006e-009   0.01401563
4.42000006e-009  0.004265626
4.44000006e-009   0.01539063
4.46000006e-009  0.004281251
4.48000006e-009   0.01534375
4.50000006e-009  0.004851563
4.52000006e-009   0.01475781
4.54000006e-009  0.004945313
4.56000006e-009   0.01639844
4.58000006e-009  0.006000001
4.60000006e-009        0.015
4.62000006e-009  0.004515626
4.64000006e-009    0.0166875
4.66000006e-009  0.005960938
4.68000006e-009        0.015
4.70000006e-009  0.006718751
4.72000006e-009   0.01632031
4.74000006e-009  0.006390626
4.76000006e-009        0.017
4.78000006e-009  0.007000001
4.80000006e-009   0.01566406
4.82000006e-009  0.005695313
4.84000006e-009   0.01708594
4.86000006e-009  0.006765626
4.88000007e-009   0.01877344
4.90000007e-009  0.007000001
4.92000007e-009   0.01875781
4.94000007e-009  0.008718751
4.96000007e-009    0.0185625
4.98000007e-009   0.01066406
5.00000007e-009        0.019
