-1.24500002e-009 -0.0003984372
-1.24000002e-009 -0.0003515622
-1.23500002e-009 -0.0002734372
-1.23000002e-009 -0.0002109372
-1.22500002e-009 -0.0001484372
-1.22000002e-009 -0.0001015622
-1.21500002e-009 -7.812465e-005
-1.21000002e-009 -5.468715e-005
-1.20500002e-009 -3.124965e-005
-1.20000002e-009 -1.562465e-005
-1.19500002e-009 -1.562465e-005
-1.19000002e-009 3.125035e-005
-1.18500002e-009 1.562535e-005
-1.18000002e-009 7.031285e-005
-1.17500002e-009 0.0001015629
-1.17000002e-009 0.0001250004
-1.16500002e-009 0.0001640629
-1.16000002e-009 0.0001718754
-1.15500002e-009 0.0001796879
-1.15000002e-009 0.0001718754
-1.14500002e-009 0.0001953129
-1.14000002e-009 0.0001328129
-1.13500002e-009 0.0001093754
-1.13000002e-009 7.81285e-006
-1.12500002e-009 -8.593715e-005
-1.12000001e-009 -0.0001874997
-1.11500001e-009 -0.0003124997
-1.11000001e-009 -0.0004062497
-1.10500001e-009 -0.0005234372
-1.10000001e-009 -0.0006406247
-1.09500001e-009 -0.0007265622
-1.09000001e-009 -0.0008203122
-1.08500001e-009 -0.0008828122
-1.08000001e-009 -0.0008828122
-1.07500001e-009 -0.0009374997
-1.07000001e-009 -0.0008906247
-1.06500001e-009 -0.0008593747
-1.06000001e-009 -0.0008203122
-1.05500001e-009 -0.0007499997
-1.05000001e-009 -0.0007343747
-1.04500001e-009 -0.0006562497
-1.04000001e-009 -0.0006328122
-1.03500001e-009 -0.0006015622
-1.03000001e-009 -0.0005624997
-1.02500001e-009 -0.0005859372
-1.02000001e-009 -0.0006328122
-1.01500001e-009 -0.0006484372
-1.01000001e-009 -0.0006953122
-1.00500001e-009 -0.0007656247
-1.00000001e-009 -0.0008046872
-9.95000013e-010 -0.0008515622
-9.90000013e-010 -0.0008906247
-9.85000013e-010 -0.0009374997
-9.80000013e-010 -0.0009687497
-9.75000013e-010 -0.0009374997
-9.70000013e-010 -0.0009296872
-9.65000013e-010 -0.0009218747
-9.60000013e-010 -0.0008593747
-9.55000013e-010 -0.0008203122
-9.50000013e-010 -0.0007734372
-9.45000013e-010 -0.0007343747
-9.40000013e-010 -0.0006874997
-9.35000012e-010 -0.0006171872
-9.30000012e-010 -0.0006015622
-9.25000012e-010 -0.0005546872
-9.20000012e-010 -0.0005390622
-9.15000012e-010 -0.0005312497
-9.10000012e-010 -0.0005078122
-9.05000012e-010 -0.0005156247
-9.00000012e-010 -0.0004999997
-8.95000012e-010 -0.0004999997
-8.90000012e-010 -0.0005312497
-8.85000012e-010 -0.0005390622
-8.80000012e-010 -0.0005078122
-8.75000012e-010 -0.0005234372
-8.70000012e-010 -0.0004921872
-8.65000012e-010 -0.0005156247
-8.60000011e-010 -0.0005078122
-8.55000011e-010 -0.0005078122
-8.50000011e-010 -0.0005156247
-8.45000011e-010 -0.0005390622
-8.40000011e-010 -0.0005546872
-8.35000011e-010 -0.0005781247
-8.30000011e-010 -0.0006171872
-8.25000011e-010 -0.0006796872
-8.20000011e-010 -0.0007187497
-8.15000011e-010 -0.0007890622
-8.10000011e-010 -0.0007968747
-8.05000011e-010 -0.0008437497
-8.00000011e-010 -0.0008984372
-7.95000011e-010 -0.0009531247
-7.90000011e-010 -0.0009921872
-7.8500001e-010  -0.00103125
-7.8000001e-010 -0.001054687
-7.7500001e-010 -0.001078125
-7.7000001e-010 -0.001101562
-7.6500001e-010 -0.001164062
-7.6000001e-010   -0.0011875
-7.5500001e-010  -0.00128125
-7.5000001e-010 -0.001351562
-7.4500001e-010 -0.001460937
-7.4000001e-010 -0.001570312
-7.3500001e-010 -0.001664062
-7.3000001e-010 -0.001820312
-7.2500001e-010 -0.002007812
-7.2000001e-010 -0.002179687
-7.1500001e-010    -0.002375
-7.10000009e-010 -0.002570312
-7.05000009e-010 -0.002804687
-7.00000009e-010 -0.003007812
-6.95000009e-010  -0.00321875
-6.90000009e-010 -0.003429687
-6.85000009e-010 -0.003671875
-6.80000009e-010 -0.003882812
-6.75000009e-010  -0.00409375
-6.70000009e-010 -0.004351562
-6.65000009e-010 -0.004585937
-6.60000009e-010  -0.00484375
-6.55000009e-010  -0.00515625
-6.50000009e-010 -0.005492187
-6.45000009e-010 -0.005835937
-6.40000009e-010 -0.006242187
-6.35000008e-010 -0.006726562
-6.30000008e-010 -0.007257812
-6.25000008e-010 -0.007867188
-6.20000008e-010 -0.008546875
-6.15000008e-010 -0.009328125
-6.10000008e-010  -0.01016406
-6.05000008e-010  -0.01114063
-6.00000008e-010  -0.01217188
-5.95000008e-010   -0.0133125
-5.90000008e-010   -0.0145625
-5.85000008e-010  -0.01592188
-5.80000008e-010  -0.01738281
-5.75000008e-010  -0.01894531
-5.70000008e-010  -0.02064844
-5.65000008e-010  -0.02248438
-5.60000007e-010  -0.02447656
-5.55000007e-010  -0.02651563
-5.50000007e-010  -0.02877344
-5.45000007e-010  -0.03114063
-5.40000007e-010  -0.03367188
-5.35000007e-010   -0.0363125
-5.30000007e-010  -0.03910156
-5.25000007e-010  -0.04207813
-5.20000007e-010  -0.04517188
-5.15000007e-010  -0.04842188
-5.10000007e-010  -0.05180469
-5.05000007e-010  -0.05526563
-5.00000007e-010  -0.05886719
-4.95000007e-010  -0.06255469
-4.90000007e-010  -0.06633594
-4.85000006e-010   -0.0701875
-4.80000006e-010  -0.07409375
-4.75000006e-010  -0.07802344
-4.70000006e-010  -0.08196875
-4.65000006e-010  -0.08592188
-4.60000006e-010  -0.08982032
-4.55000006e-010  -0.09372657
-4.50000006e-010  -0.09753125
-4.45000006e-010   -0.1012891
-4.40000006e-010   -0.1049375
-4.35000006e-010   -0.1084844
-4.30000006e-010    -0.111875
-4.25000006e-010   -0.1151563
-4.20000006e-010   -0.1182656
-4.15000006e-010   -0.1211484
-4.10000005e-010   -0.1239297
-4.05000005e-010   -0.1264531
-4.00000005e-010   -0.1287813
-3.95000005e-010   -0.1308906
-3.90000005e-010   -0.1327891
-3.85000005e-010   -0.1344219
-3.80000005e-010   -0.1358438
-3.75000005e-010   -0.1370391
-3.70000005e-010   -0.1380078
-3.65000005e-010   -0.1387656
-3.60000005e-010   -0.1393203
-3.55000005e-010   -0.1396797
-3.50000005e-010   -0.1398828
-3.45000005e-010   -0.1398906
-3.40000005e-010   -0.1398359
-3.35000004e-010   -0.1395859
-3.30000004e-010   -0.1392578
-3.25000004e-010   -0.1388594
-3.20000004e-010   -0.1383594
-3.15000004e-010   -0.1377969
-3.10000004e-010   -0.1372188
-3.05000004e-010   -0.1365313
-3.00000004e-010   -0.1358672
-2.95000004e-010   -0.1350781
-2.90000004e-010   -0.1343203
-2.85000004e-010   -0.1335078
-2.80000004e-010   -0.1326875
-2.75000004e-010   -0.1317734
-2.70000004e-010   -0.1309141
-2.65000004e-010   -0.1299922
-2.60000003e-010   -0.1290625
-2.55000003e-010   -0.1280938
-2.50000003e-010   -0.1271641
-2.45000003e-010   -0.1262109
-2.40000003e-010   -0.1252422
-2.35000003e-010   -0.1243047
-2.30000003e-010    -0.123375
-2.25000003e-010   -0.1224297
-2.20000003e-010      -0.1215
-2.15000003e-010   -0.1205234
-2.10000003e-010   -0.1195469
-2.05000003e-010      -0.1185
-2.00000003e-010   -0.1173984
-1.95000003e-010   -0.1161953
-1.90000003e-010   -0.1149141
-1.85000002e-010   -0.1135469
-1.80000002e-010   -0.1120313
-1.75000002e-010    -0.110375
-1.70000002e-010   -0.1085781
-1.65000002e-010   -0.1066641
-1.60000002e-010   -0.1045781
-1.55000002e-010   -0.1023516
-1.50000002e-010   -0.1000078
-1.45000002e-010  -0.09754688
-1.40000002e-010  -0.09495313
-1.35000002e-010     -0.09225
-1.30000002e-010  -0.08950782
-1.25000002e-010    -0.086625
-1.20000002e-010  -0.08373438
-1.15000002e-010  -0.08075782
-1.10000001e-010  -0.07773438
-1.05000001e-010  -0.07464063
-1.00000001e-010  -0.07146094
-9.50000013e-011  -0.06828907
-9.00000012e-011  -0.06500782
-8.50000011e-011  -0.06172657
-8.00000011e-011  -0.05835156
-7.5000001e-011  -0.05488281
-7.00000009e-011  -0.05140625
-6.50000009e-011  -0.04788281
-6.00000008e-011  -0.04432031
-5.50000007e-011  -0.04077344
-5.00000007e-011  -0.03721094
-4.50000006e-011  -0.03364063
-4.00000005e-011  -0.03013281
-3.50000005e-011  -0.02667188
-3.00000004e-011  -0.02325781
-2.50000003e-011  -0.01996875
-2.00000003e-011  -0.01680469
-1.50000002e-011     -0.01375
-1.00000001e-011  -0.01085938
-5.00000007e-012 -0.008148438
           0 -0.005570312
5.00000007e-012  -0.00315625
1.00000001e-011 -0.0009374997
1.50000002e-011  0.001101563
2.00000003e-011  0.002992188
2.50000003e-011  0.004757813
3.00000004e-011  0.006367188
3.50000005e-011  0.007804688
4.00000005e-011  0.009093751
4.50000006e-011   0.01022656
5.00000007e-011   0.01125781
5.50000007e-011    0.0121875
6.00000008e-011   0.01295313
6.50000009e-011   0.01365625
7.00000009e-011   0.01421875
7.5000001e-011   0.01467969
8.00000011e-011   0.01504688
8.50000011e-011   0.01532031
9.00000012e-011       0.0155
9.50000013e-011     0.015625
1.00000001e-010   0.01564844
1.05000001e-010   0.01560156
1.10000001e-010       0.0155
1.15000002e-010   0.01532031
1.20000002e-010   0.01511719
1.25000002e-010     0.014875
1.30000002e-010    0.0145625
1.35000002e-010   0.01428125
1.40000002e-010    0.0139375
1.45000002e-010   0.01357031
1.50000002e-010   0.01326563
1.55000002e-010   0.01292188
1.60000002e-010   0.01263281
1.65000002e-010   0.01234375
1.70000002e-010   0.01207031
1.75000002e-010   0.01185156
1.80000002e-010   0.01167188
1.85000002e-010   0.01151563
1.90000003e-010   0.01139844
1.95000003e-010    0.0113125
2.00000003e-010   0.01135156
2.05000003e-010   0.01139844
2.10000003e-010   0.01150781
2.15000003e-010   0.01167969
2.20000003e-010   0.01186719
2.25000003e-010    0.0121875
2.30000003e-010   0.01253906
2.35000003e-010   0.01292188
2.40000003e-010   0.01335938
2.45000003e-010   0.01382813
2.50000003e-010   0.01433594
2.55000003e-010     0.014875
2.60000003e-010   0.01542969
2.65000004e-010   0.01598438
2.70000004e-010   0.01655469
2.75000004e-010   0.01709375
2.80000004e-010   0.01764063
2.85000004e-010   0.01814063
2.90000004e-010   0.01859375
2.95000004e-010   0.01910938
3.00000004e-010   0.01950781
3.05000004e-010   0.01989063
3.10000004e-010   0.02021875
3.15000004e-010   0.02053125
3.20000004e-010   0.02074219
3.25000004e-010   0.02095313
3.30000004e-010   0.02107031
3.35000004e-010    0.0211875
3.40000005e-010   0.02122656
3.45000005e-010   0.02121875
3.50000005e-010    0.0211875
3.55000005e-010   0.02110156
3.60000005e-010   0.02099219
3.65000005e-010   0.02080469
3.70000005e-010   0.02059375
3.75000005e-010   0.02035156
3.80000005e-010   0.02008594
3.85000005e-010   0.01977344
3.90000005e-010   0.01945313
3.95000005e-010   0.01907031
4.00000005e-010   0.01866406
4.05000005e-010   0.01827344
4.10000005e-010   0.01784375
4.15000006e-010   0.01739063
4.20000006e-010   0.01695313
4.25000006e-010       0.0165
4.30000006e-010   0.01602344
4.35000006e-010   0.01561719
4.40000006e-010   0.01517969
4.45000006e-010   0.01477344
4.50000006e-010   0.01439063
4.55000006e-010   0.01402344
4.60000006e-010   0.01371094
4.65000006e-010   0.01342969
4.70000006e-010   0.01316406
4.75000006e-010   0.01294531
4.80000006e-010   0.01278125
4.85000006e-010   0.01266406
4.90000007e-010   0.01254688
4.95000007e-010   0.01249219
5.00000007e-010    0.0124375
5.05000007e-010   0.01241406
5.10000007e-010   0.01244531
5.15000007e-010   0.01244531
5.20000007e-010   0.01249219
5.25000007e-010   0.01253125
5.30000007e-010   0.01257031
5.35000007e-010     0.012625
5.40000007e-010   0.01270313
5.45000007e-010   0.01278125
5.50000007e-010   0.01286719
5.55000007e-010   0.01296094
5.60000007e-010   0.01301563
5.65000008e-010   0.01313281
5.70000008e-010   0.01321875
5.75000008e-010   0.01333594
5.80000008e-010   0.01347656
5.85000008e-010   0.01360938
5.90000008e-010   0.01375781
5.95000008e-010   0.01392969
6.00000008e-010   0.01404688
6.05000008e-010   0.01420313
6.10000008e-010   0.01435938
6.15000008e-010       0.0145
6.20000008e-010     0.014625
6.25000008e-010   0.01475781
6.30000008e-010     0.014875
6.35000008e-010   0.01497656
6.40000009e-010   0.01503125
6.45000009e-010   0.01509375
6.50000009e-010   0.01515625
6.55000009e-010   0.01516406
6.60000009e-010   0.01520313
6.65000009e-010   0.01521094
6.70000009e-010   0.01519531
6.75000009e-010   0.01517969
6.80000009e-010   0.01517188
6.85000009e-010   0.01514063
6.90000009e-010     0.015125
6.95000009e-010   0.01507813
7.00000009e-010   0.01503125
7.05000009e-010   0.01497656
7.10000009e-010   0.01496875
7.1500001e-010   0.01489063
7.2000001e-010   0.01484375
7.2500001e-010   0.01482813
7.3000001e-010   0.01478906
7.3500001e-010   0.01478125
7.4000001e-010   0.01474219
7.4500001e-010   0.01474219
7.5000001e-010   0.01475781
7.5500001e-010   0.01477344
7.6000001e-010   0.01482031
7.6500001e-010   0.01489063
7.7000001e-010   0.01496094
7.7500001e-010   0.01505469
7.8000001e-010   0.01516406
7.8500001e-010   0.01528125
7.90000011e-010   0.01542969
7.95000011e-010   0.01555469
8.00000011e-010   0.01570313
8.05000011e-010   0.01585156
8.10000011e-010   0.01599219
8.15000011e-010   0.01614844
8.20000011e-010   0.01629688
8.25000011e-010   0.01640625
8.30000011e-010   0.01647656
8.35000011e-010   0.01660156
8.40000011e-010   0.01667969
8.45000011e-010   0.01677344
8.50000011e-010     0.016875
8.55000011e-010   0.01695313
8.60000011e-010   0.01701563
8.65000012e-010   0.01710938
8.70000012e-010   0.01714844
8.75000012e-010   0.01725781
8.80000012e-010   0.01735938
8.85000012e-010   0.01745313
8.90000012e-010   0.01757031
8.95000012e-010   0.01765625
9.00000012e-010   0.01778906
9.05000012e-010   0.01786719
9.10000012e-010        0.018
9.15000012e-010   0.01804688
9.20000012e-010   0.01816406
9.25000012e-010   0.01824219
9.30000012e-010   0.01832031
9.35000012e-010   0.01838281
9.40000013e-010   0.01839844
9.45000013e-010    0.0184375
9.50000013e-010   0.01850781
9.55000013e-010   0.01854688
9.60000013e-010    0.0185625
9.65000013e-010    0.0185625
9.70000013e-010   0.01860938
9.75000013e-010   0.01859375
9.80000013e-010   0.01863281
9.85000013e-010   0.01865625
9.90000013e-010   0.01866406
9.95000013e-010   0.01869531
1.00000001e-009   0.01870313
1.00500001e-009   0.01871875
1.01000001e-009      0.01875
1.01500001e-009   0.01876563
1.02000001e-009   0.01878125
1.02500001e-009   0.01879688
1.03000001e-009   0.01875781
1.03500001e-009   0.01878906
1.04000001e-009    0.0188125
1.04500001e-009    0.0188125
1.05000001e-009    0.0188125
1.05500001e-009   0.01882031
1.06000001e-009   0.01882031
1.06500001e-009   0.01882031
1.07000001e-009   0.01882813
1.07500001e-009   0.01884375
1.08000001e-009   0.01884375
1.08500001e-009   0.01886719
1.09000001e-009   0.01884375
1.09500001e-009   0.01883594
1.10000001e-009     0.018875
1.10500001e-009   0.01884375
1.11000001e-009   0.01885938
1.11500001e-009     0.018875
1.12000001e-009   0.01886719
1.12500002e-009   0.01888281
1.13000002e-009   0.01892188
1.13500002e-009   0.01892188
1.14000002e-009   0.01896094
1.14500002e-009        0.019
1.15000002e-009   0.01904688
1.15500002e-009   0.01909375
1.16000002e-009   0.01914844
1.16500002e-009   0.01920313
1.17000002e-009   0.01925781
1.17500002e-009   0.01935938
1.18000002e-009   0.01945313
1.18500002e-009   0.01957031
1.19000002e-009   0.01966406
1.19500002e-009      0.01975
1.20000002e-009   0.01985156
1.20500002e-009   0.01992188
1.21000002e-009   0.01997656
1.21500002e-009   0.02003125
1.22000002e-009    0.0200625
1.22500002e-009   0.02008594
1.23000002e-009   0.02010156
1.23500002e-009   0.02007031
1.24000002e-009   0.02002344
1.24500002e-009   0.01999219
1.25000002e-009   0.01996094
