-2.49000003e-009 -0.009351563
-2.48000003e-009 -0.009273438
-2.47000003e-009 -0.009132813
-2.46000003e-009 -0.009015625
-2.45000003e-009 -0.008921875
-2.44000003e-009 -0.008859375
-2.43000003e-009 -0.008859375
-2.42000003e-009    -0.008875
-2.41000003e-009  -0.00890625
-2.40000003e-009 -0.008953125
-2.39000003e-009 -0.009007813
-2.38000003e-009 -0.008984375
-2.37000003e-009  -0.00896875
-2.36000003e-009 -0.008921875
-2.35000003e-009 -0.008851563
-2.34000003e-009  -0.00878125
-2.33000003e-009 -0.008710938
-2.32000003e-009 -0.008617188
-2.31000003e-009 -0.008570313
-2.30000003e-009 -0.008515625
-2.29000003e-009  -0.00846875
-2.28000003e-009  -0.00846875
-2.27000003e-009  -0.00840625
-2.26000003e-009 -0.008398438
-2.25000003e-009 -0.008390625
-2.24000003e-009    -0.008375
-2.23000003e-009 -0.008382813
-2.22000003e-009  -0.00834375
-2.21000003e-009   -0.0083125
-2.20000003e-009 -0.008296875
-2.19000003e-009 -0.008226563
-2.18000003e-009 -0.008140625
-2.17000003e-009 -0.008054688
-2.16000003e-009   -0.0079375
-2.15000003e-009 -0.007820313
-2.14000003e-009 -0.007695313
-2.13000003e-009  -0.00759375
-2.12000003e-009      -0.0075
-2.11000003e-009   -0.0074375
-2.10000003e-009 -0.007445313
-2.09000003e-009 -0.007476563
-2.08000003e-009 -0.007578125
-2.07000003e-009 -0.007671875
-2.06000003e-009 -0.007742188
-2.05000003e-009 -0.007796875
-2.04000003e-009 -0.007757813
-2.03000003e-009 -0.007617188
-2.02000003e-009 -0.007429688
-2.01000003e-009 -0.007179687
-2.00000003e-009   -0.0069375
-1.99000003e-009 -0.006734375
-1.98000003e-009 -0.006554687
-1.97000003e-009 -0.006453125
-1.96000003e-009 -0.006445312
-1.95000003e-009 -0.006484375
-1.94000003e-009  -0.00653125
-1.93000003e-009 -0.006570312
-1.92000003e-009 -0.006554687
-1.91000003e-009 -0.006484375
-1.90000003e-009 -0.006382812
-1.89000003e-009 -0.006242187
-1.88000003e-009 -0.006164062
-1.87000002e-009 -0.006078125
-1.86000002e-009 -0.006070312
-1.85000002e-009 -0.006039062
-1.84000002e-009 -0.006085937
-1.83000002e-009    -0.006125
-1.82000002e-009    -0.006125
-1.81000002e-009 -0.006085937
-1.80000002e-009       -0.006
-1.79000002e-009    -0.005875
-1.78000002e-009 -0.005710937
-1.77000002e-009 -0.005515625
-1.76000002e-009 -0.005359375
-1.75000002e-009 -0.005179687
-1.74000002e-009 -0.005046875
-1.73000002e-009  -0.00490625
-1.72000002e-009 -0.004804687
-1.71000002e-009 -0.004734375
-1.70000002e-009 -0.004664062
-1.69000002e-009 -0.004617187
-1.68000002e-009 -0.004578125
-1.67000002e-009  -0.00453125
-1.66000002e-009 -0.004539062
-1.65000002e-009 -0.004484375
-1.64000002e-009   -0.0044375
-1.63000002e-009 -0.004421875
-1.62000002e-009 -0.004398437
-1.61000002e-009  -0.00434375
-1.60000002e-009 -0.004328125
-1.59000002e-009   -0.0043125
-1.58000002e-009 -0.004273437
-1.57000002e-009 -0.004242187
-1.56000002e-009 -0.004132812
-1.55000002e-009 -0.004039062
-1.54000002e-009 -0.003914062
-1.53000002e-009 -0.003757812
-1.52000002e-009 -0.003640625
-1.51000002e-009   -0.0035625
-1.50000002e-009      -0.0035
-1.49000002e-009 -0.003507812
-1.48000002e-009 -0.003484375
-1.47000002e-009 -0.003460937
-1.46000002e-009  -0.00340625
-1.45000002e-009 -0.003359375
-1.44000002e-009 -0.003242187
-1.43000002e-009 -0.003171875
-1.42000002e-009    -0.003125
-1.41000002e-009 -0.003109375
-1.40000002e-009 -0.003101562
-1.39000002e-009 -0.003140625
-1.38000002e-009 -0.003117187
-1.37000002e-009 -0.003085937
-1.36000002e-009 -0.003054687
-1.35000002e-009  -0.00296875
-1.34000002e-009 -0.002882812
-1.33000002e-009 -0.002757812
-1.32000002e-009 -0.002703125
-1.31000002e-009   -0.0026875
-1.30000002e-009 -0.002679687
-1.29000002e-009 -0.002648437
-1.28000002e-009 -0.002695312
-1.27000002e-009 -0.002648437
-1.26000002e-009 -0.002632812
-1.25000002e-009 -0.002570312
-1.24000002e-009 -0.002507812
-1.23000002e-009   -0.0024375
-1.22000002e-009 -0.002429687
-1.21000002e-009 -0.002476562
-1.20000002e-009 -0.002539062
-1.19000002e-009 -0.002609375
-1.18000002e-009   -0.0026875
-1.17000002e-009  -0.00271875
-1.16000002e-009     -0.00275
-1.15000002e-009 -0.002679687
-1.14000002e-009 -0.002609375
-1.13000002e-009 -0.002570312
-1.12000001e-009 -0.002523437
-1.11000001e-009 -0.002515625
-1.10000001e-009 -0.002484375
-1.09000001e-009      -0.0025
-1.08000001e-009 -0.002492187
-1.07000001e-009  -0.00246875
-1.06000001e-009 -0.002445312
-1.05000001e-009 -0.002398437
-1.04000001e-009 -0.002367187
-1.03000001e-009  -0.00240625
-1.02000001e-009 -0.002515625
-1.01000001e-009 -0.002617187
-1.00000001e-009 -0.002757812
-9.90000013e-010 -0.002921875
-9.80000013e-010  -0.00303125
-9.70000013e-010 -0.003078125
-9.60000013e-010  -0.00303125
-9.50000013e-010 -0.002929687
-9.40000013e-010 -0.002726562
-9.30000012e-010   -0.0025625
-9.20000012e-010  -0.00240625
-9.10000012e-010 -0.002296875
-9.00000012e-010 -0.002304687
-8.90000012e-010 -0.002359375
-8.80000012e-010   -0.0025625
-8.70000012e-010 -0.002726562
-8.60000011e-010 -0.002945312
-8.50000011e-010 -0.003070312
-8.40000011e-010 -0.003164062
-8.30000011e-010 -0.003242187
-8.20000011e-010 -0.003195312
-8.10000011e-010 -0.003132812
-8.00000011e-010 -0.003101562
-7.90000011e-010 -0.003132812
-7.8000001e-010 -0.003257812
-7.7000001e-010   -0.0034375
-7.6000001e-010  -0.00365625
-7.5000001e-010  -0.00396875
-7.4000001e-010 -0.004335937
-7.3000001e-010 -0.004703125
-7.2000001e-010  -0.00503125
-7.10000009e-010  -0.00534375
-7.00000009e-010 -0.005648437
-6.90000009e-010 -0.006007812
-6.80000009e-010 -0.006507812
-6.70000009e-010 -0.007007812
-6.60000009e-010 -0.007632813
-6.50000009e-010    -0.008375
-6.40000009e-010 -0.009351563
-6.30000008e-010  -0.01055469
-6.20000008e-010  -0.01197656
-6.10000008e-010  -0.01364844
-6.00000008e-010  -0.01570313
-5.90000008e-010  -0.01824219
-5.80000008e-010  -0.02125781
-5.70000008e-010  -0.02479688
-5.60000007e-010  -0.02885938
-5.50000007e-010  -0.03351563
-5.40000007e-010  -0.03877344
-5.30000007e-010  -0.04465625
-5.20000007e-010  -0.05092969
-5.10000007e-010   -0.0576875
-5.00000007e-010  -0.06478125
-4.90000007e-010  -0.07216407
-4.80000006e-010  -0.07972657
-4.70000006e-010  -0.08738282
-4.60000006e-010  -0.09495313
-4.50000006e-010   -0.1023281
-4.40000006e-010   -0.1093125
-4.30000006e-010   -0.1158203
-4.20000006e-010   -0.1217656
-4.10000005e-010   -0.1270234
-4.00000005e-010   -0.1314531
-3.90000005e-010   -0.1350391
-3.80000005e-010   -0.1378281
-3.70000005e-010   -0.1398906
-3.60000005e-010   -0.1412422
-3.50000005e-010   -0.1419297
-3.40000005e-010   -0.1419609
-3.30000004e-010   -0.1414844
-3.20000004e-010   -0.1407813
-3.10000004e-010   -0.1398125
-3.00000004e-010   -0.1386016
-2.90000004e-010   -0.1372188
-2.80000004e-010   -0.1356875
-2.70000004e-010   -0.1342266
-2.60000003e-010   -0.1326719
-2.50000003e-010   -0.1310469
-2.40000003e-010   -0.1291641
-2.30000003e-010   -0.1271094
-2.20000003e-010   -0.1249609
-2.10000003e-010   -0.1226094
-2.00000003e-010   -0.1199766
-1.90000003e-010   -0.1169375
-1.80000002e-010   -0.1135469
-1.70000002e-010   -0.1097656
-1.60000002e-010   -0.1056172
-1.50000002e-010   -0.1010156
-1.40000002e-010  -0.09592188
-1.30000002e-010  -0.09040625
-1.20000002e-010  -0.08452344
-1.10000001e-010  -0.07832032
-1.00000001e-010  -0.07185938
-9.00000012e-011  -0.06508594
-8.00000011e-011  -0.05811719
-7.00000009e-011  -0.05103125
-6.00000008e-011  -0.04389844
-5.00000007e-011  -0.03688281
-4.00000005e-011  -0.03007031
-3.00000004e-011  -0.02360938
-2.00000003e-011  -0.01753125
-1.00000001e-011  -0.01199219
           0 -0.006984375
1.00000001e-011 -0.002695312
2.00000003e-011   0.00103125
3.00000004e-011  0.004187501
4.00000005e-011  0.006820313
5.00000007e-011  0.008843751
6.00000008e-011   0.01034375
7.00000009e-011   0.01140625
8.00000011e-011   0.01210156
9.00000012e-011   0.01253906
1.00000001e-010   0.01267969
1.10000001e-010   0.01257031
1.20000002e-010   0.01235938
1.30000002e-010     0.012125
1.40000002e-010    0.0118125
1.50000002e-010   0.01146094
1.60000002e-010    0.0110625
1.70000002e-010   0.01066406
1.80000002e-010   0.01039844
1.90000003e-010   0.01028906
2.00000003e-010   0.01033594
2.10000003e-010   0.01058594
2.20000003e-010   0.01102344
2.30000003e-010      0.01175
2.40000003e-010   0.01260938
2.50000003e-010   0.01359375
2.60000003e-010   0.01453906
2.70000004e-010   0.01542188
2.80000004e-010   0.01623438
2.90000004e-010   0.01692188
3.00000004e-010   0.01746875
3.10000004e-010   0.01791406
3.20000004e-010   0.01828906
3.30000004e-010   0.01850781
3.40000005e-010   0.01863281
3.50000005e-010   0.01861719
3.60000005e-010   0.01835156
3.70000005e-010   0.01790625
3.80000005e-010   0.01728125
3.90000005e-010   0.01647656
4.00000005e-010    0.0155625
4.10000005e-010   0.01464063
4.20000006e-010   0.01372656
4.30000006e-010   0.01295313
4.40000006e-010   0.01225781
4.50000006e-010   0.01163281
4.60000006e-010   0.01113281
4.70000006e-010      0.01075
4.80000006e-010   0.01039844
4.90000007e-010   0.01011719
5.00000007e-010  0.009968751
5.10000007e-010  0.009921876
5.20000007e-010  0.009992188
5.30000007e-010   0.01017188
5.40000007e-010   0.01048438
5.50000007e-010   0.01085156
5.60000007e-010      0.01125
5.70000008e-010   0.01161719
5.80000008e-010   0.01195313
5.90000008e-010   0.01217969
6.00000008e-010   0.01230469
6.10000008e-010   0.01238281
6.20000008e-010   0.01238281
6.30000008e-010   0.01235938
6.40000009e-010   0.01230469
6.50000009e-010   0.01225781
6.60000009e-010   0.01221094
6.70000009e-010   0.01216406
6.80000009e-010     0.012125
6.90000009e-010    0.0120625
7.00000009e-010   0.01200781
7.10000009e-010   0.01197656
7.2000001e-010   0.01195313
7.3000001e-010    0.0119375
7.4000001e-010   0.01194531
7.5000001e-010   0.01207813
7.6000001e-010   0.01217188
7.7000001e-010   0.01233594
7.8000001e-010   0.01254688
7.90000011e-010   0.01282813
8.00000011e-010   0.01305469
8.10000011e-010   0.01336719
8.20000011e-010    0.0136875
8.30000011e-010   0.01397656
8.40000011e-010   0.01428906
8.50000011e-010   0.01465625
8.60000011e-010   0.01499219
8.70000012e-010   0.01536719
8.80000012e-010   0.01570313
8.90000012e-010   0.01607031
9.00000012e-010   0.01636719
9.10000012e-010   0.01660938
9.20000012e-010   0.01678125
9.30000012e-010   0.01688281
9.40000013e-010   0.01694531
9.50000013e-010   0.01690625
9.60000013e-010   0.01685938
9.70000013e-010   0.01678125
9.80000013e-010   0.01677344
9.90000013e-010      0.01675
1.00000001e-009   0.01675781
1.01000001e-009   0.01673438
1.02000001e-009   0.01672656
1.03000001e-009   0.01674219
1.04000001e-009   0.01667969
1.05000001e-009   0.01658594
1.06000001e-009       0.0165
1.07000001e-009   0.01635156
1.08000001e-009   0.01624219
1.09000001e-009   0.01617969
1.10000001e-009     0.016125
1.11000001e-009   0.01614063
1.12000001e-009   0.01622656
1.13000002e-009   0.01632031
1.14000002e-009   0.01648438
1.15000002e-009   0.01660938
1.16000002e-009   0.01675781
1.17000002e-009   0.01689844
1.18000002e-009   0.01702344
1.19000002e-009   0.01714063
1.20000002e-009      0.01725
1.21000002e-009   0.01739844
1.22000002e-009   0.01752344
1.23000002e-009   0.01760938
1.24000002e-009   0.01771094
1.25000002e-009   0.01772656
1.26000002e-009    0.0176875
1.27000002e-009     0.017625
1.28000002e-009   0.01757031
1.29000002e-009   0.01745313
1.30000002e-009   0.01735938
1.31000002e-009    0.0173125
1.32000002e-009   0.01732813
1.33000002e-009     0.017375
1.34000002e-009   0.01739844
1.35000002e-009   0.01748438
1.36000002e-009   0.01752344
1.37000002e-009   0.01754688
1.38000002e-009    0.0175625
1.39000002e-009   0.01751563
1.40000002e-009   0.01746875
1.41000002e-009   0.01742188
1.42000002e-009   0.01734375
1.43000002e-009   0.01725781
1.44000002e-009   0.01716406
1.45000002e-009   0.01709375
1.46000002e-009        0.017
1.47000002e-009   0.01696094
1.48000002e-009   0.01692188
1.49000002e-009   0.01692969
1.50000002e-009   0.01695313
1.51000002e-009   0.01696094
1.52000002e-009   0.01692969
1.53000002e-009   0.01690625
1.54000002e-009    0.0168125
1.55000002e-009   0.01667188
1.56000002e-009   0.01648438
1.57000002e-009   0.01629688
1.58000002e-009   0.01611719
1.59000002e-009   0.01597656
1.60000002e-009   0.01588281
1.61000002e-009   0.01584375
1.62000002e-009   0.01580469
1.63000002e-009   0.01582813
1.64000002e-009   0.01582813
1.65000002e-009   0.01575781
1.66000002e-009   0.01569531
1.67000002e-009   0.01555469
1.68000002e-009   0.01544531
1.69000002e-009   0.01528125
1.70000002e-009   0.01514063
1.71000002e-009   0.01502344
1.72000002e-009    0.0149375
1.73000002e-009   0.01489844
1.74000002e-009   0.01486719
1.75000002e-009   0.01489063
1.76000002e-009   0.01492188
1.77000002e-009   0.01496094
1.78000002e-009        0.015
1.79000002e-009   0.01502344
1.80000002e-009   0.01505469
1.81000002e-009   0.01508594
1.82000002e-009    0.0150625
1.83000002e-009   0.01505469
1.84000002e-009   0.01500781
1.85000002e-009   0.01494531
1.86000002e-009   0.01490625
1.87000002e-009   0.01486719
1.88000003e-009   0.01476563
1.89000003e-009   0.01466406
1.90000003e-009   0.01457813
1.91000003e-009   0.01453906
1.92000003e-009   0.01446875
1.93000003e-009   0.01442969
1.94000003e-009   0.01442969
1.95000003e-009   0.01446875
1.96000003e-009   0.01446875
1.97000003e-009   0.01448438
1.98000003e-009   0.01446094
1.99000003e-009   0.01441406
2.00000003e-009   0.01435156
2.01000003e-009   0.01429688
2.02000003e-009   0.01428125
2.03000003e-009   0.01424219
2.04000003e-009   0.01425781
2.05000003e-009   0.01429688
2.06000003e-009   0.01436719
2.07000003e-009   0.01446094
2.08000003e-009   0.01447656
2.09000003e-009    0.0145625
2.10000003e-009   0.01457031
2.11000003e-009   0.01452344
2.12000003e-009   0.01446875
2.13000003e-009   0.01439844
2.14000003e-009   0.01435156
2.15000003e-009   0.01428906
2.16000003e-009   0.01423438
2.17000003e-009   0.01420313
2.18000003e-009   0.01416406
2.19000003e-009   0.01407031
2.20000003e-009   0.01398438
2.21000003e-009   0.01388281
2.22000003e-009   0.01377344
2.23000003e-009   0.01369531
2.24000003e-009   0.01364063
2.25000003e-009   0.01363281
2.26000003e-009   0.01361719
2.27000003e-009     0.013625
2.28000003e-009   0.01363281
2.29000003e-009   0.01361719
2.30000003e-009    0.0135625
2.31000003e-009   0.01345313
2.32000003e-009   0.01334375
2.33000003e-009   0.01321875
2.34000003e-009   0.01317188
2.35000003e-009   0.01314844
2.36000003e-009   0.01315625
2.37000003e-009    0.0131875
2.38000003e-009   0.01316406
2.39000003e-009   0.01314844
2.40000003e-009   0.01308594
2.41000003e-009   0.01295313
2.42000003e-009   0.01280469
2.43000003e-009   0.01267188
2.44000003e-009    0.0125625
2.45000003e-009   0.01250781
2.46000003e-009   0.01249219
2.47000003e-009   0.01250781
2.48000003e-009   0.01251563
2.49000003e-009   0.01251563
2.50000003e-009       0.0125
