+3.00000000000E+005  -8.02670089869E+001
+7.79850000000E+006  -8.06483640079E+001
+1.52970000000E+007  -8.54383852132E+001
+2.27955000000E+007  -7.72494419748E+001
+3.02940000000E+007  -7.78047501870E+001
+3.77925000000E+007  -7.99132946183E+001
+4.52910000000E+007  -8.60559335683E+001
+5.27895000000E+007  -7.48861175851E+001
+6.02880000000E+007  -6.56728648992E+001
+6.77865000000E+007  -7.93768086197E+001
+7.52850000000E+007  -8.88050700496E+001
+8.27835000000E+007  -7.49379010625E+001
+9.02820000000E+007  -7.93135599012E+001
+9.77805000000E+007  -8.53392077305E+001
+1.05279000000E+008  -6.87306504000E+001
+1.12777500000E+008  -6.30675527159E+001
+1.20276000000E+008  -6.60927879471E+001
+1.27774500000E+008  -7.60898462903E+001
+1.35273000000E+008  -7.02182207677E+001
+1.42771500000E+008  -6.34462606792E+001
+1.50270000000E+008  -6.47532553517E+001
+1.57768500000E+008  -6.74633644975E+001
+1.65267000000E+008  -6.23923455116E+001
+1.72765500000E+008  -6.40343047467E+001
+1.80264000000E+008  -5.86288668045E+001
+1.87762500000E+008  -5.87472541633E+001
+1.95261000000E+008  -5.59770793455E+001
+2.02759500000E+008  -5.72887878882E+001
+2.10258000000E+008  -6.49792325232E+001
+2.17756500000E+008  -5.55765409995E+001
+2.25255000000E+008  -5.88895364731E+001
+2.32753500000E+008  -6.13014230762E+001
+2.40252000000E+008  -6.75612521214E+001
+2.47750500000E+008  -6.31901933921E+001
+2.55249000000E+008  -5.57741859449E+001
+2.62747500000E+008  -6.27907634145E+001
+2.70246000000E+008  -6.02538085078E+001
+2.77744500000E+008  -6.47267502692E+001
+2.85243000000E+008  -6.34980285039E+001
+2.92741500000E+008  -1.02267917863E+002
+3.00240000000E+008  -5.48427772076E+001
+3.07738500000E+008  -4.94117776947E+001
+3.15237000000E+008  -7.39733271932E+001
+3.22735500000E+008  -5.10305936445E+001
+3.30234000000E+008  -5.85969866893E+001
+3.37732500000E+008  -6.77558328215E+001
+3.45231000000E+008  -5.82328186083E+001
+3.52729500000E+008  -5.28783583325E+001
+3.60228000000E+008  -5.58404883435E+001
+3.67726500000E+008  -5.67459873742E+001
+3.75225000000E+008  -5.52421032386E+001
+3.82723500000E+008  -5.62114966579E+001
+3.90222000000E+008  -5.49891458468E+001
+3.97720500000E+008  -5.97711643123E+001
+4.05219000000E+008  -5.30916753504E+001
+4.12717500000E+008  -5.78637337102E+001
+4.20216000000E+008  -6.06380508396E+001
+4.27714500000E+008  -5.67785738273E+001
+4.35213000000E+008  -5.82606304945E+001
+4.42711500000E+008  -5.12492723288E+001
+4.50210000000E+008  -6.21458332806E+001
+4.57708500000E+008  -5.62958142691E+001
+4.65207000000E+008  -6.46046766017E+001
+4.72705500000E+008  -6.70378593156E+001
+4.80204000000E+008  -5.50759843635E+001
+4.87702500000E+008  -5.91472103933E+001
+4.95201000000E+008  -5.81713100636E+001
+5.02699500000E+008  -7.03689389676E+001
+5.10198000000E+008  -6.00240077319E+001
+5.17696500000E+008  -5.93528794100E+001
+5.25195000000E+008  -7.42337063665E+001
+5.32693500000E+008  -5.79192784394E+001
+5.40192000000E+008  -6.20480913834E+001
+5.47690500000E+008  -7.29219829857E+001
+5.55189000000E+008  -6.25686961276E+001
+5.62687500000E+008  -6.51591522127E+001
+5.70186000000E+008  -6.83331757280E+001
+5.77684500000E+008  -7.00161261489E+001
+5.85183000000E+008  -5.47028042039E+001
+5.92681500000E+008  -5.66590964188E+001
+6.00180000000E+008  -7.06837891260E+001
+6.07678500000E+008  -5.93769257317E+001
+6.15177000000E+008  -5.85779002050E+001
+6.22675500000E+008  -6.57600907422E+001
+6.30174000000E+008  -5.41256593122E+001
+6.37672500000E+008  -5.43397295763E+001
+6.45171000000E+008  -6.00872919636E+001
+6.52669500000E+008  -5.91578498041E+001
+6.60168000000E+008  -6.52997835491E+001
+6.67666500000E+008  -5.96887532936E+001
+6.75165000000E+008  -6.80674773971E+001
+6.82663500000E+008  -5.82113579993E+001
+6.90162000000E+008  -6.64560372215E+001
+6.97660500000E+008  -6.70583672430E+001
+7.05159000000E+008  -6.54044327679E+001
+7.12657500000E+008  -6.65495041725E+001
+7.20156000000E+008  -5.51898355027E+001
+7.27654500000E+008  -6.15612655495E+001
+7.35153000000E+008  -6.26976706793E+001
+7.42651500000E+008  -5.80211687724E+001
+7.50150000000E+008  -5.48833810023E+001
+7.57648500000E+008  -6.11173882283E+001
+7.65147000000E+008  -6.58174891144E+001
+7.72645500000E+008  -6.46264084353E+001
+7.80144000000E+008  -6.22136164041E+001
+7.87642500000E+008  -6.19085909222E+001
+7.95141000000E+008  -6.92006754069E+001
+8.02639500000E+008  -6.02848580954E+001
+8.10138000000E+008  -5.91382003636E+001
+8.17636500000E+008  -7.47497122043E+001
+8.25135000000E+008  -6.67787890893E+001
+8.32633500000E+008  -6.39562712148E+001
+8.40132000000E+008  -6.43842815058E+001
+8.47630500000E+008  -6.36649602876E+001
+8.55129000000E+008  -6.77211561490E+001
+8.62627500000E+008  -8.42993613541E+001
+8.70126000000E+008  -6.54675921876E+001
+8.77624500000E+008  -6.62178759897E+001
+8.85123000000E+008  -6.33261877136E+001
+8.92621500000E+008  -6.15258927077E+001
+9.00120000000E+008  -6.41657950592E+001
+9.07618500000E+008  -6.63373299144E+001
+9.15117000000E+008  -6.19909696900E+001
+9.22615500000E+008  -6.74857002567E+001
+9.30114000000E+008  -6.76768898748E+001
+9.37612500000E+008  -6.86561441973E+001
+9.45111000000E+008  -6.20528768611E+001
+9.52609500000E+008  -6.89648409418E+001
+9.60108000000E+008  -5.88746824527E+001
+9.67606500000E+008  -6.92041433171E+001
+9.75105000000E+008  -6.07825391196E+001
+9.82603500000E+008  -5.77649607223E+001
+9.90102000000E+008  -6.32379049316E+001
+9.97600500000E+008  -5.99281454214E+001
+1.00509900000E+009  -6.37377384167E+001
+1.01259750000E+009  -7.57366871774E+001
+1.02009600000E+009  -6.58426879521E+001
+1.02759450000E+009  -6.46975822443E+001
+1.03509300000E+009  -5.95317324699E+001
+1.04259150000E+009  -6.44398886253E+001
+1.05009000000E+009  -6.77196503869E+001
+1.05758850000E+009  -6.41163169594E+001
+1.06508700000E+009  -6.66345499541E+001
+1.07258550000E+009  -7.24020098644E+001
+1.08008400000E+009  -6.43743124258E+001
+1.08758250000E+009  -6.95010193846E+001
+1.09508100000E+009  -6.55361127397E+001
+1.10257950000E+009  -6.96710470562E+001
+1.11007800000E+009  -6.18648230463E+001
+1.11757650000E+009  -6.80481388062E+001
+1.12507500000E+009  -6.86706948249E+001
+1.13257350000E+009  -7.53432460826E+001
+1.14007200000E+009  -6.79517163907E+001
+1.14757050000E+009  -7.13986251377E+001
+1.15506900000E+009  -6.97847974301E+001
+1.16256750000E+009  -7.00949896566E+001
+1.17006600000E+009  -6.68401958457E+001
+1.17756450000E+009  -6.83835589989E+001
+1.18506300000E+009  -6.60910715662E+001
+1.19256150000E+009  -6.97224786232E+001
+1.20006000000E+009  -6.96131770253E+001
+1.20755850000E+009  -8.16202385439E+001
+1.21505700000E+009  -8.02717405845E+001
+1.22255550000E+009  -6.64668291814E+001
+1.23005400000E+009  -6.45179087624E+001
+1.23755250000E+009  -6.66623320736E+001
+1.24505100000E+009  -7.24205203036E+001
+1.25254950000E+009  -6.22405887355E+001
+1.26004800000E+009  -7.25088934336E+001
+1.26754650000E+009  -6.59358621023E+001
+1.27504500000E+009  -6.98670569749E+001
+1.28254350000E+009  -6.86985948616E+001
+1.29004200000E+009  -6.47336878219E+001
+1.29754050000E+009  -6.31236324218E+001
+1.30503900000E+009  -6.69756691854E+001
+1.31253750000E+009  -6.59244378516E+001
+1.32003600000E+009  -7.24463145918E+001
+1.32753450000E+009  -6.99042827735E+001
+1.33503300000E+009  -7.43745628901E+001
+1.34253150000E+009  -7.28777397806E+001
+1.35003000000E+009  -7.09397966992E+001
+1.35752850000E+009  -7.60356136034E+001
+1.36502700000E+009  -6.98963258039E+001
+1.37252550000E+009  -8.59368873235E+001
+1.38002400000E+009  -6.80698413525E+001
+1.38752250000E+009  -6.96248124216E+001
+1.39502100000E+009  -7.14522293599E+001
+1.40251950000E+009  -7.48536704009E+001
+1.41001800000E+009  -7.55767334220E+001
+1.41751650000E+009  -6.88940774759E+001
+1.42501500000E+009  -6.87520625178E+001
+1.43251350000E+009  -7.41787340946E+001
+1.44001200000E+009  -7.75763335852E+001
+1.44751050000E+009  -7.37116309442E+001
+1.45500900000E+009  -6.82546962955E+001
+1.46250750000E+009  -7.43942607298E+001
+1.47000600000E+009  -7.30764884201E+001
+1.47750450000E+009  -7.07194368792E+001
+1.48500300000E+009  -7.18530612425E+001
+1.49250150000E+009  -7.84597613794E+001
+1.50000000000E+009  -7.14334280861E+001
