-2.49000003e-009  -0.01426563
-2.48000003e-009 -0.004929687
-2.47000003e-009  -0.01372656
-2.46000003e-009 -0.004703125
-2.45000003e-009  -0.01282031
-2.44000003e-009  -0.00484375
-2.43000003e-009   -0.0135625
-2.42000003e-009   -0.0045625
-2.41000003e-009  -0.01434375
-2.40000003e-009 -0.004671875
-2.39000003e-009  -0.01513281
-2.38000003e-009       -0.005
-2.37000003e-009  -0.01391406
-2.36000003e-009   -0.0051875
-2.35000003e-009  -0.01407813
-2.34000003e-009 -0.004578125
-2.33000003e-009  -0.01384375
-2.32000003e-009 -0.004117187
-2.31000003e-009  -0.01354688
-2.30000003e-009 -0.004796875
-2.29000003e-009       -0.013
-2.28000003e-009   -0.0046875
-2.27000003e-009  -0.01178906
-2.26000003e-009 -0.004679687
-2.25000003e-009       -0.013
-2.24000003e-009 -0.004398437
-2.23000003e-009  -0.01301563
-2.22000003e-009 -0.003671875
-2.21000003e-009  -0.01220313
-2.20000003e-009       -0.003
-2.19000003e-009       -0.013
-2.18000003e-009       -0.003
-2.17000003e-009       -0.013
-2.16000003e-009 -0.002757812
-2.15000003e-009  -0.01172656
-2.14000003e-009       -0.003
-2.13000003e-009  -0.01208594
-2.12000003e-009       -0.003
-2.11000003e-009  -0.01367969
-2.10000003e-009  -0.00265625
-2.09000003e-009  -0.01342969
-2.08000003e-009 -0.0006406247
-2.07000003e-009  -0.01310156
-2.06000003e-009 -0.002492187
-2.05000003e-009  -0.01224219
-2.04000003e-009       -0.003
-2.03000003e-009       -0.011
-2.02000003e-009  -0.00265625
-2.01000003e-009  -0.01117188
-2.00000003e-009 -0.002492187
-1.99000003e-009   -0.0111875
-1.98000003e-009 -0.0009687497
-1.97000003e-009   -0.0111875
-1.96000003e-009 -0.0001874997
-1.95000003e-009  -0.01220313
-1.94000003e-009 -0.001046875
-1.93000003e-009  -0.01199219
-1.92000003e-009 -0.002203125
-1.91000003e-009       -0.013
-1.90000003e-009 -0.0009999997
-1.89000003e-009  -0.01126563
-1.88000003e-009  -0.00184375
-1.87000002e-009  -0.01027344
-1.86000002e-009 -0.0009999997
-1.85000002e-009 -0.009828125
-1.84000002e-009 -0.0006640622
-1.83000002e-009  -0.01165625
-1.82000002e-009 -0.0009999997
-1.81000002e-009  -0.01053125
-1.80000002e-009 -0.0009999997
-1.79000002e-009       -0.011
-1.78000002e-009 -0.0006796872
-1.77000002e-009 -0.009007813
-1.76000002e-009 -0.0009999997
-1.75000002e-009   -0.0090625
-1.74000002e-009 -0.0009999997
-1.73000002e-009 -0.008804688
-1.72000002e-009 -6.249965e-005
-1.71000002e-009 -0.009359375
-1.70000002e-009        0.001
-1.69000002e-009 -0.008953125
-1.68000002e-009 0.0007031254
-1.67000002e-009       -0.009
-1.66000002e-009 7.031285e-005
-1.65000002e-009 -0.008898438
-1.64000002e-009 0.0002031254
-1.63000002e-009 -0.007695313
-1.62000002e-009 0.0001171879
-1.61000002e-009 -0.007492188
-1.60000002e-009  0.001257813
-1.59000002e-009 -0.007742188
-1.58000002e-009  0.001289063
-1.57000002e-009 -0.009734375
-1.56000002e-009      0.00125
-1.55000002e-009 -0.009445313
-1.54000002e-009 0.0008359379
-1.53000002e-009 -0.007898438
-1.52000002e-009 0.0009531254
-1.51000002e-009 -0.008015625
-1.50000002e-009 0.0004453129
-1.49000002e-009 -0.008664063
-1.48000002e-009 4.687535e-005
-1.47000002e-009 -0.008296875
-1.46000002e-009  0.001265625
-1.45000002e-009 -0.007101562
-1.44000002e-009  0.001429688
-1.43000002e-009 -0.007679688
-1.42000002e-009  0.003210938
-1.41000002e-009 -0.007539063
-1.40000002e-009     0.001625
-1.39000002e-009       -0.007
-1.38000002e-009  0.001929688
-1.37000002e-009       -0.007
-1.36000002e-009        0.003
-1.35000002e-009 -0.007609375
-1.34000002e-009        0.003
-1.33000002e-009  -0.00771875
-1.32000002e-009        0.003
-1.31000002e-009 -0.007289062
-1.30000002e-009  0.003421876
-1.29000002e-009 -0.007117187
-1.28000002e-009  0.002078125
-1.27000002e-009     -0.00725
-1.26000002e-009        0.003
-1.25000002e-009 -0.007648438
-1.24000002e-009   0.00290625
-1.23000002e-009 -0.007429688
-1.22000002e-009  0.002382813
-1.21000002e-009       -0.006
-1.20000002e-009  0.003171875
-1.19000002e-009 -0.006703125
-1.18000002e-009  0.001664063
-1.17000002e-009 -0.007390625
-1.16000002e-009  0.001867188
-1.15000002e-009       -0.007
-1.14000002e-009   0.00103125
-1.13000002e-009 -0.006898437
-1.12000001e-009  0.001914063
-1.11000001e-009       -0.007
-1.10000001e-009   0.00303125
-1.09000001e-009       -0.007
-1.08000001e-009   0.00315625
-1.07000001e-009       -0.007
-1.06000001e-009      0.00175
-1.05000001e-009    -0.007375
-1.04000001e-009  0.001054688
-1.03000001e-009 -0.007023437
-1.02000001e-009  0.001554688
-1.01000001e-009 -0.007609375
-1.00000001e-009        0.003
-9.90000013e-010 -0.007585938
-9.80000013e-010  0.001773438
-9.70000013e-010       -0.007
-9.60000013e-010        0.003
-9.50000013e-010 -0.007078125
-9.40000013e-010  0.003625001
-9.30000012e-010 -0.006476562
-9.20000012e-010  0.003304688
-9.10000012e-010       -0.007
-9.00000012e-010   0.00203125
-8.90000012e-010 -0.007109375
-8.80000012e-010        0.001
-8.70000012e-010 -0.007539063
-8.60000011e-010  0.001234375
-8.50000011e-010 -0.008296875
-8.40000011e-010  0.001703125
-8.30000011e-010 -0.007882813
-8.20000011e-010        0.002
-8.10000011e-010 -0.007929688
-8.00000011e-010 0.0004921879
-7.90000011e-010 -0.008585938
-7.8000001e-010        0.001
-7.7000001e-010 -0.008046875
-7.6000001e-010  0.001117188
-7.5000001e-010 -0.009976563
-7.4000001e-010        0.001
-7.3000001e-010  -0.01050781
-7.2000001e-010 -0.0008124997
-7.10000009e-010  -0.01036719
-7.00000009e-010 -0.002765625
-6.90000009e-010   -0.0116875
-6.80000009e-010 -0.003179687
-6.70000009e-010  -0.01309375
-6.60000009e-010       -0.003
-6.50000009e-010  -0.01577344
-6.40000009e-010 -0.007226562
-6.30000008e-010       -0.021
-6.20000008e-010  -0.01170313
-6.10000008e-010  -0.02614844
-6.00000008e-010       -0.019
-5.90000008e-010  -0.03535938
-5.80000008e-010  -0.02728125
-5.70000008e-010  -0.04634375
-5.60000007e-010  -0.03603906
-5.50000007e-010       -0.057
-5.40000007e-010  -0.04860156
-5.30000007e-010  -0.06979688
-5.20000007e-010  -0.06263282
-5.10000007e-010  -0.08513282
-5.00000007e-010  -0.07829688
-4.90000007e-010   -0.1013281
-4.80000006e-010  -0.09441407
-4.70000006e-010   -0.1147188
-4.60000006e-010       -0.109
-4.50000006e-010   -0.1283359
-4.40000006e-010   -0.1200703
-4.30000006e-010       -0.139
-4.20000006e-010   -0.1293672
-4.10000005e-010   -0.1431484
-4.00000005e-010   -0.1349219
-3.90000005e-010       -0.147
-3.80000005e-010   -0.1375313
-3.70000005e-010   -0.1485391
-3.60000005e-010   -0.1368438
-3.50000005e-010       -0.147
-3.40000005e-010   -0.1357031
-3.30000004e-010   -0.1435234
-3.20000004e-010   -0.1326328
-3.10000004e-010   -0.1411953
-3.00000004e-010   -0.1288047
-2.90000004e-010   -0.1372422
-2.80000004e-010   -0.1244531
-2.70000004e-010   -0.1339531
-2.60000003e-010   -0.1211953
-2.50000003e-010   -0.1314375
-2.40000003e-010   -0.1160938
-2.30000003e-010   -0.1270234
-2.20000003e-010   -0.1120938
-2.10000003e-010       -0.121
-2.00000003e-010   -0.1037109
-1.90000003e-010   -0.1111641
-1.80000002e-010       -0.095
-1.70000002e-010   -0.1010781
-1.60000002e-010  -0.08582032
-1.50000002e-010  -0.09186719
-1.40000002e-010       -0.073
-1.30000002e-010  -0.08141407
-1.20000002e-010   -0.0589375
-1.10000001e-010  -0.06821875
-1.00000001e-010  -0.04530469
-9.00000012e-011  -0.05426563
-8.00000011e-011       -0.033
-7.00000009e-011  -0.04039063
-6.00000008e-011  -0.02057031
-5.00000007e-011       -0.027
-4.00000005e-011  -0.00890625
-3.00000004e-011  -0.01783594
-2.00000003e-011  0.001203125
-1.00000001e-011       -0.007
           0  0.008492188
1.00000001e-011  0.001796875
2.00000003e-011   0.01305469
3.00000004e-011  0.006234376
4.00000005e-011        0.019
5.00000007e-011  0.008921876
6.00000008e-011   0.02011719
7.00000009e-011  0.008500001
8.00000011e-011     0.018375
9.00000012e-011  0.008703126
1.00000001e-010        0.019
1.10000001e-010  0.007726563
1.20000002e-010   0.01742188
1.30000002e-010  0.007000001
1.40000002e-010   0.01607031
1.50000002e-010  0.006312501
1.60000002e-010        0.015
1.70000002e-010  0.004484376
1.80000002e-010        0.015
1.90000003e-010  0.004195313
2.00000003e-010        0.015
2.10000003e-010  0.005390626
2.20000003e-010        0.017
2.30000003e-010  0.007000001
2.40000003e-010   0.01821094
2.50000003e-010   0.01042188
2.60000003e-010   0.02134375
2.70000004e-010   0.01235938
2.80000004e-010   0.02445313
2.90000004e-010        0.013
3.00000004e-010        0.025
3.10000004e-010        0.013
3.20000004e-010   0.02390625
3.30000004e-010   0.01372656
3.40000005e-010        0.023
3.50000005e-010     0.013125
3.60000005e-010   0.02192188
3.70000005e-010   0.01155469
3.80000005e-010   0.01948438
3.90000005e-010  0.009273438
4.00000005e-010   0.02007031
4.10000005e-010  0.008867188
4.20000006e-010   0.01730469
4.30000006e-010  0.006625001
4.40000006e-010   0.01604688
4.50000006e-010  0.004757813
4.60000006e-010        0.015
4.70000006e-010  0.004171876
4.80000006e-010      0.01475
4.90000007e-010  0.005000001
5.00000007e-010   0.01417188
5.10000007e-010  0.003171875
5.20000007e-010   0.01502344
5.30000007e-010  0.005000001
5.40000007e-010   0.01551563
5.50000007e-010  0.007000001
5.60000007e-010   0.01588281
5.70000008e-010  0.006445313
5.80000008e-010        0.019
5.90000008e-010  0.006875001
6.00000008e-010   0.01971875
6.10000008e-010  0.006835938
6.20000008e-010   0.01730469
6.30000008e-010  0.007000001
6.40000009e-010   0.01760938
6.50000009e-010  0.006835938
6.60000009e-010        0.017
6.70000009e-010  0.007523438
6.80000009e-010   0.01738281
6.90000009e-010  0.006476563
7.00000009e-010   0.01792188
7.10000009e-010  0.005000001
7.2000001e-010   0.01859375
7.3000001e-010  0.005617188
7.4000001e-010   0.01952344
7.5000001e-010  0.008765626
7.6000001e-010   0.01865625
7.7000001e-010  0.008437501
7.8000001e-010   0.01927344
7.90000011e-010  0.007609376
8.00000011e-010    0.0196875
8.10000011e-010  0.009000001
8.20000011e-010   0.01909375
8.30000011e-010   0.01014063
8.40000011e-010   0.01979688
8.50000011e-010   0.01028125
8.60000011e-010   0.02146094
8.70000012e-010   0.01057813
8.80000012e-010        0.021
8.90000012e-010        0.011
9.00000012e-010   0.02172656
9.10000012e-010        0.011
9.20000012e-010        0.023
9.30000012e-010   0.01121875
9.40000013e-010   0.02316406
9.50000013e-010   0.01286719
9.60000013e-010   0.02213281
9.70000013e-010        0.011
9.80000013e-010   0.02307813
9.90000013e-010   0.01157031
1.00000001e-009    0.0231875
1.01000001e-009        0.013
1.02000001e-009        0.021
1.03000001e-009   0.01196875
1.04000001e-009   0.02172656
1.05000001e-009        0.011
1.06000001e-009        0.023
1.07000001e-009   0.01189063
1.08000001e-009   0.02184375
1.09000001e-009     0.011625
1.10000001e-009        0.021
1.11000001e-009   0.01000781
1.12000001e-009   0.02279688
1.13000002e-009        0.011
1.14000002e-009   0.02305469
1.15000002e-009   0.01084375
1.16000002e-009   0.02322656
1.17000002e-009   0.01238281
1.18000002e-009   0.02313281
1.19000002e-009        0.013
1.20000002e-009   0.02257813
1.21000002e-009   0.01236719
1.22000002e-009   0.02322656
1.23000002e-009        0.011
1.24000002e-009   0.02196875
1.25000002e-009   0.01307813
1.26000002e-009   0.02219531
1.27000002e-009   0.01239063
1.28000002e-009        0.021
1.29000002e-009        0.013
1.30000002e-009   0.02200781
1.31000002e-009   0.01278906
1.32000002e-009   0.02364844
1.33000002e-009        0.011
1.34000002e-009        0.025
1.35000002e-009   0.01099219
1.36000002e-009   0.02299219
1.37000002e-009   0.01052344
1.38000002e-009        0.023
1.39000002e-009        0.011
1.40000002e-009        0.023
1.41000002e-009   0.01280469
1.42000002e-009   0.02271094
1.43000002e-009   0.01174219
1.44000002e-009        0.023
1.45000002e-009   0.01146094
1.46000002e-009   0.02202344
1.47000002e-009   0.01227344
1.48000002e-009   0.02235938
1.49000002e-009   0.01179688
1.50000002e-009   0.02274219
1.51000002e-009        0.013
1.52000002e-009   0.02089844
1.53000002e-009   0.01242969
1.54000002e-009        0.021
1.55000002e-009   0.01055469
1.56000002e-009   0.02075781
1.57000002e-009   0.01164844
1.58000002e-009   0.01957031
1.59000002e-009   0.01119531
1.60000002e-009   0.01953906
1.61000002e-009  0.009000001
1.62000002e-009   0.02032813
1.63000002e-009  0.009000001
1.64000002e-009        0.021
1.65000002e-009   0.01005469
1.66000002e-009        0.021
1.67000002e-009   0.01063281
1.68000002e-009   0.02159375
1.69000002e-009   0.01085156
1.70000002e-009   0.02132813
1.71000002e-009  0.009000001
1.72000002e-009   0.01974219
1.73000002e-009  0.007968751
1.74000002e-009    0.0196875
1.75000002e-009  0.009523438
1.76000002e-009        0.021
1.77000002e-009         0.01
1.78000002e-009        0.021
1.79000002e-009  0.009968751
1.80000002e-009   0.02140625
1.81000002e-009  0.009000001
1.82000002e-009   0.01951563
1.83000002e-009  0.009000001
1.84000002e-009        0.021
1.85000002e-009   0.01052344
1.86000002e-009   0.02125781
1.87000002e-009  0.008304688
1.88000003e-009        0.021
1.89000003e-009  0.008773438
1.90000003e-009   0.01915625
1.91000003e-009  0.009414063
1.92000003e-009   0.01914844
1.93000003e-009  0.009000001
1.94000003e-009   0.01864063
1.95000003e-009  0.007929688
1.96000003e-009   0.01900781
1.97000003e-009  0.009468751
1.98000003e-009    0.0193125
1.99000003e-009  0.009484376
2.00000003e-009   0.02004688
2.01000003e-009  0.008929688
2.02000003e-009    0.0214375
2.03000003e-009  0.007000001
2.04000003e-009        0.021
2.05000003e-009  0.008320313
2.06000003e-009   0.02064844
2.07000003e-009   0.01003125
2.08000003e-009        0.019
2.09000003e-009   0.01040625
2.10000003e-009   0.01921875
2.11000003e-009  0.008257813
2.12000003e-009        0.019
2.13000003e-009  0.008812501
2.14000003e-009        0.019
2.15000003e-009  0.009226563
2.16000003e-009   0.01784375
2.17000003e-009  0.009000001
2.18000003e-009        0.019
2.19000003e-009  0.008234376
2.20000003e-009   0.01778906
2.21000003e-009  0.008265626
2.22000003e-009   0.01971094
2.23000003e-009  0.008156251
2.24000003e-009   0.01853906
2.25000003e-009  0.009000001
2.26000003e-009     0.019125
2.27000003e-009  0.008390626
2.28000003e-009        0.019
2.29000003e-009  0.008414063
2.30000003e-009   0.02001563
2.31000003e-009  0.009429688
2.32000003e-009   0.02141406
2.33000003e-009  0.007562501
2.34000003e-009   0.01969531
2.35000003e-009  0.007484376
2.36000003e-009   0.01814844
2.37000003e-009  0.007070313
2.38000003e-009   0.01960156
2.39000003e-009  0.008179688
2.40000003e-009        0.019
2.41000003e-009  0.008781251
2.42000003e-009   0.01757813
2.43000003e-009  0.008296876
2.44000003e-009   0.01788281
2.45000003e-009  0.007000001
2.46000003e-009   0.01932031
2.47000003e-009  0.006070313
2.48000003e-009        0.019
2.49000003e-009  0.007492188
2.50000003e-009   0.01841406
