-1.24500002e-009 -0.007101562
-1.24000002e-009  0.001585938
-1.23500002e-009       -0.007
-1.23000002e-009  0.001679688
-1.22500002e-009 -0.007039062
-1.22000002e-009  0.002195313
-1.21500002e-009 -0.007296875
-1.21000002e-009        0.003
-1.20500002e-009 -0.007210937
-1.20000002e-009        0.003
-1.19500002e-009  -0.00690625
-1.19000002e-009   0.00309375
-1.18500002e-009       -0.007
-1.18000002e-009        0.003
-1.17500002e-009 -0.007640625
-1.17000002e-009  0.002609375
-1.16500002e-009 -0.007601563
-1.16000002e-009  0.003101563
-1.15500002e-009 -0.007445313
-1.15000002e-009        0.003
-1.14500002e-009   -0.0073125
-1.14000002e-009        0.003
-1.13500002e-009 -0.008078125
-1.13000002e-009  0.003054688
-1.12500002e-009 -0.008898438
-1.12000001e-009  0.002890625
-1.11500001e-009   -0.0088125
-1.11000001e-009        0.003
-1.10500001e-009 -0.007773438
-1.10000001e-009  0.003398438
-1.09500001e-009    -0.007125
-1.09000001e-009  0.003359376
-1.08500001e-009  -0.00684375
-1.08000001e-009  0.002351563
-1.07500001e-009 -0.007179687
-1.07000001e-009  0.002046875
-1.06500001e-009 -0.007554688
-1.06000001e-009  0.002695313
-1.05500001e-009 -0.007828125
-1.05000001e-009        0.003
-1.04500001e-009 -0.007820313
-1.04000001e-009   0.00228125
-1.03500001e-009 -0.007382813
-1.03000001e-009  0.001921875
-1.02500001e-009 -0.006820312
-1.02000001e-009  0.002046875
-1.01500001e-009 -0.006992187
-1.01000001e-009  0.002609375
-1.00500001e-009 -0.007320312
-1.00000001e-009  0.003218751
-9.95000013e-010 -0.007773438
-9.90000013e-010  0.003304688
-9.85000013e-010 -0.008539063
-9.80000013e-010  0.002960938
-9.75000013e-010 -0.009023438
-9.70000013e-010  0.002289063
-9.65000013e-010 -0.008742188
-9.60000013e-010    0.0014375
-9.55000013e-010 -0.007742188
-9.50000013e-010  0.001554688
-9.45000013e-010 -0.007070312
-9.40000013e-010  0.001320313
-9.35000012e-010 -0.007789063
-9.30000012e-010  0.001265625
-9.25000012e-010 -0.008546875
-9.20000012e-010  0.002023438
-9.15000012e-010       -0.009
-9.10000012e-010  0.003046875
-9.05000012e-010 -0.009484375
-9.00000012e-010        0.003
-8.95000012e-010 -0.009390625
-8.90000012e-010  0.001796875
-8.85000012e-010 -0.008351563
-8.80000012e-010  0.001328125
-8.75000012e-010 -0.008476563
-8.70000012e-010   0.00159375
-8.65000012e-010 -0.009335938
-8.60000011e-010  0.001351563
-8.55000011e-010 -0.009398438
-8.50000011e-010  0.001492188
-8.45000011e-010   -0.0086875
-8.40000011e-010    0.0013125
-8.35000011e-010 -0.007679688
-8.30000011e-010 0.0007578129
-8.25000011e-010 -0.008171875
-8.20000011e-010  0.001335938
-8.15000011e-010  -0.00928125
-8.10000011e-010  0.001453125
-8.05000011e-010    -0.009625
-8.00000011e-010        0.001
-7.95000011e-010       -0.009
-7.90000011e-010 0.0009218754
-7.8500001e-010  -0.00921875
-7.8000001e-010        0.001
-7.7500001e-010 -0.008984375
-7.7000001e-010        0.001
-7.6500001e-010 -0.008984375
-7.6000001e-010      0.00225
-7.5500001e-010  -0.00896875
-7.5000001e-010        0.003
-7.4500001e-010 -0.008398438
-7.4000001e-010  0.002453125
-7.3500001e-010 -0.007539063
-7.3000001e-010  0.001195313
-7.2500001e-010     -0.00875
-7.2000001e-010 7.031285e-005
-7.1500001e-010 -0.009914063
-7.10000009e-010 -0.0005156247
-7.05000009e-010     -0.01075
-7.00000009e-010 -0.0006249997
-6.95000009e-010   -0.0110625
-6.90000009e-010 -0.0008437497
-6.85000009e-010  -0.01115625
-6.80000009e-010 -0.001289062
-6.75000009e-010  -0.01129688
-6.70000009e-010 -0.0006718747
-6.65000009e-010  -0.01236719
-6.60000009e-010 -0.0005078122
-6.55000009e-010  -0.01320313
-6.50000009e-010 -0.0009999997
-6.45000009e-010  -0.01348438
-6.40000009e-010 -0.002992187
-6.35000008e-010       -0.015
-6.30000008e-010       -0.003
-6.25000008e-010  -0.01694531
-6.20000008e-010 -0.004828125
-6.15000008e-010   -0.0183125
-6.10000008e-010 -0.006757812
-6.05000008e-010  -0.02021094
-6.00000008e-010 -0.007632813
-5.95000008e-010   -0.0223125
-5.90000008e-010 -0.009640625
-5.85000008e-010  -0.02544531
-5.80000008e-010       -0.013
-5.75000008e-010       -0.029
-5.70000008e-010  -0.01867969
-5.65000008e-010  -0.03291406
-5.60000007e-010  -0.02302344
-5.55000007e-010  -0.03708594
-5.50000007e-010  -0.02811719
-5.45000007e-010  -0.04280469
-5.40000007e-010  -0.03373438
-5.35000007e-010  -0.04964063
-5.30000007e-010  -0.04040625
-5.25000007e-010   -0.0564375
-5.20000007e-010  -0.04527344
-5.15000007e-010     -0.06325
-5.10000007e-010       -0.051
-5.05000007e-010  -0.07020313
-5.00000007e-010  -0.05805469
-4.95000007e-010  -0.07884375
-4.90000007e-010  -0.06575782
-4.85000006e-010  -0.08688282
-4.80000006e-010       -0.073
-4.75000006e-010  -0.09435157
-4.70000006e-010   -0.0818125
-4.65000006e-010   -0.1015156
-4.60000006e-010  -0.09000782
-4.55000006e-010    -0.108625
-4.50000006e-010  -0.09827344
-4.45000006e-010    -0.116625
-4.40000006e-010   -0.1062891
-4.35000006e-010       -0.123
-4.30000006e-010   -0.1132344
-4.25000006e-010   -0.1292109
-4.20000006e-010   -0.1198516
-4.15000006e-010       -0.135
-4.10000005e-010   -0.1260781
-4.05000005e-010   -0.1393203
-4.00000005e-010   -0.1313203
-3.95000005e-010   -0.1434219
-3.90000005e-010       -0.135
-3.85000005e-010   -0.1456016
-3.80000005e-010   -0.1358281
-3.75000005e-010   -0.1496484
-3.70000005e-010   -0.1362813
-3.65000005e-010   -0.1510391
-3.60000005e-010   -0.1372891
-3.55000005e-010   -0.1514922
-3.50000005e-010       -0.139
-3.45000005e-010   -0.1507656
-3.40000005e-010   -0.1380625
-3.35000004e-010   -0.1507422
-3.30000004e-010   -0.1371484
-3.25000004e-010   -0.1511172
-3.20000004e-010   -0.1368125
-3.15000004e-010   -0.1498281
-3.10000004e-010   -0.1368672
-3.05000004e-010   -0.1471016
-3.00000004e-010   -0.1356328
-2.95000004e-010   -0.1442734
-2.90000004e-010   -0.1337813
-2.85000004e-010       -0.143
-2.80000004e-010   -0.1316563
-2.75000004e-010    -0.140125
-2.70000004e-010   -0.1288438
-2.65000004e-010   -0.1394453
-2.60000003e-010   -0.1267891
-2.55000003e-010   -0.1375938
-2.50000003e-010   -0.1234063
-2.45000003e-010   -0.1342891
-2.40000003e-010       -0.121
-2.35000003e-010       -0.131
-2.30000003e-010   -0.1182422
-2.25000003e-010    -0.128375
-2.20000003e-010   -0.1160859
-2.15000003e-010   -0.1250156
-2.10000003e-010       -0.113
-2.05000003e-010   -0.1212734
-2.00000003e-010   -0.1076875
-1.95000003e-010   -0.1172344
-1.90000003e-010   -0.1023984
-1.85000002e-010   -0.1123516
-1.80000002e-010  -0.09720313
-1.75000002e-010   -0.1062578
-1.70000002e-010  -0.09210157
-1.65000002e-010   -0.1003828
-1.60000002e-010       -0.087
-1.55000002e-010       -0.095
-1.50000002e-010       -0.081
-1.45000002e-010  -0.08928125
-1.40000002e-010  -0.07448438
-1.35000002e-010  -0.08233594
-1.30000002e-010  -0.06732032
-1.25000002e-010  -0.07488282
-1.20000002e-010  -0.06030469
-1.15000002e-010  -0.06772657
-1.10000001e-010  -0.05282031
-1.05000001e-010  -0.06067188
-1.00000001e-010       -0.045
-9.50000013e-011  -0.05328125
-9.00000012e-011  -0.03678125
-8.50000011e-011  -0.04550781
-8.00000011e-011  -0.02735156
-7.5000001e-011  -0.03751563
-7.00000009e-011  -0.01894531
-6.50000009e-011  -0.02967969
-6.00000008e-011       -0.011
-5.50000007e-011  -0.02236719
-5.00000007e-011  -0.00515625
-4.50000006e-011  -0.01610938
-4.00000005e-011 -0.0005859372
-3.50000005e-011  -0.01076563
-3.00000004e-011  0.003578126
-2.50000003e-011 -0.005867187
-2.00000003e-011  0.007390626
-1.50000002e-011 -0.001640625
-1.00000001e-011   0.01067188
-5.00000007e-012      0.00125
           0   0.01311719
5.00000007e-012  0.003890626
1.00000001e-011   0.01451563
1.50000002e-011  0.005562501
2.00000003e-011   0.01555469
2.50000003e-011  0.006125001
3.00000004e-011        0.017
3.50000005e-011  0.006687501
4.00000005e-011   0.01871094
4.50000006e-011  0.006976563
5.00000007e-011   0.01864063
5.50000007e-011  0.007343751
6.00000008e-011   0.01736719
6.50000009e-011  0.007296876
7.00000009e-011   0.01667188
7.5000001e-011  0.007132813
8.00000011e-011   0.01692969
8.50000011e-011  0.007242188
9.00000012e-011    0.0174375
9.50000013e-011  0.005835938
1.00000001e-010        0.017
1.05000001e-010  0.004773438
1.10000001e-010   0.01709375
1.15000002e-010  0.004671876
1.20000002e-010    0.0164375
1.25000002e-010  0.005000001
1.30000002e-010   0.01542188
1.35000002e-010  0.004617188
1.40000002e-010   0.01429688
1.45000002e-010  0.005343751
1.50000002e-010   0.01492188
1.55000002e-010  0.005695313
1.60000002e-010        0.015
1.65000002e-010  0.005289063
1.70000002e-010   0.01510938
1.75000002e-010  0.004867188
1.80000002e-010   0.01613281
1.85000002e-010  0.005476563
1.90000003e-010        0.017
1.95000003e-010  0.007093751
2.00000003e-010   0.01764063
2.05000003e-010  0.009359376
2.10000003e-010   0.01870313
2.15000003e-010   0.01039844
2.20000003e-010    0.0191875
2.25000003e-010   0.01124219
2.30000003e-010   0.01958594
2.35000003e-010   0.01138281
2.40000003e-010   0.02034375
2.45000003e-010   0.01160156
2.50000003e-010   0.02138281
2.55000003e-010   0.01209375
2.60000003e-010   0.02191406
2.65000004e-010   0.01253125
2.70000004e-010   0.02285938
2.75000004e-010   0.01296094
2.80000004e-010   0.02325781
2.85000004e-010        0.013
2.90000004e-010   0.02320313
2.95000004e-010   0.01279688
3.00000004e-010        0.023
3.05000004e-010   0.01346094
3.10000004e-010    0.0226875
3.15000004e-010   0.01363281
3.20000004e-010   0.02189063
3.25000004e-010   0.01285156
3.30000004e-010   0.02201563
3.35000004e-010   0.01164063
3.40000005e-010   0.02209375
3.45000005e-010   0.01103906
3.50000005e-010   0.02153906
3.55000005e-010   0.01071875
3.60000005e-010   0.02182031
3.65000005e-010   0.01077344
3.70000005e-010   0.02121875
3.75000005e-010  0.009585938
3.80000005e-010   0.01985938
3.85000005e-010  0.008640626
3.90000005e-010   0.01878125
3.95000005e-010  0.008601563
4.00000005e-010   0.01807813
4.05000005e-010  0.008609376
4.10000005e-010        0.017
4.15000006e-010  0.008351563
4.20000006e-010   0.01584375
4.25000006e-010  0.007593751
4.30000006e-010   0.01738281
4.35000006e-010  0.006023438
4.40000006e-010   0.01874219
4.45000006e-010  0.004187501
4.50000006e-010   0.01886719
4.55000006e-010  0.002773438
4.60000006e-010   0.01765625
4.65000006e-010  0.002109375
4.70000006e-010   0.01541406
4.75000006e-010    0.0024375
4.80000006e-010   0.01496094
4.85000006e-010  0.003867188
4.90000007e-010       0.0145
4.95000007e-010  0.005171876
5.00000007e-010   0.01458594
5.05000007e-010  0.004679688
5.10000007e-010   0.01496094
5.15000007e-010  0.004734376
5.20000007e-010   0.01494531
5.25000007e-010  0.005718751
5.30000007e-010   0.01551563
5.35000007e-010  0.006453126
5.40000007e-010   0.01632031
5.45000007e-010  0.007000001
5.50000007e-010   0.01685156
5.55000007e-010  0.007000001
5.60000007e-010   0.01703125
5.65000008e-010  0.005929688
5.70000008e-010   0.01710156
5.75000008e-010  0.005046876
5.80000008e-010        0.017
5.85000008e-010  0.005000001
5.90000008e-010   0.01725781
5.95000008e-010  0.005921876
6.00000008e-010        0.017
6.05000008e-010  0.006968751
6.10000008e-010    0.0160625
6.15000008e-010  0.007242188
6.20000008e-010   0.01557031
6.25000008e-010  0.006210938
6.30000008e-010   0.01666406
6.35000008e-010  0.005117188
6.40000009e-010   0.01713281
6.45000009e-010  0.004820313
6.50000009e-010   0.01689063
6.55000009e-010  0.005453126
6.60000009e-010   0.01648438
6.65000009e-010  0.006882813
6.70000009e-010        0.017
6.75000009e-010  0.007000001
6.80000009e-010    0.0170625
6.85000009e-010  0.007039063
6.90000009e-010   0.01799219
6.95000009e-010  0.007062501
7.00000009e-010        0.019
7.05000009e-010  0.007242188
7.10000009e-010   0.01876563
7.1500001e-010  0.006875001
7.2000001e-010   0.01757813
7.2500001e-010  0.006890626
7.3000001e-010   0.01723438
7.3500001e-010  0.007000001
7.4000001e-010        0.017
7.4500001e-010  0.007000001
7.5000001e-010   0.01747656
7.5500001e-010  0.006906251
7.6000001e-010   0.01815625
7.6500001e-010  0.007195313
7.7000001e-010   0.01928906
7.7500001e-010  0.007937501
7.8000001e-010   0.02069531
7.8500001e-010  0.007671876
7.90000011e-010    0.0209375
7.95000011e-010  0.007851563
8.00000011e-010         0.02
8.05000011e-010  0.007382813
8.10000011e-010   0.01950781
8.15000011e-010  0.007000001
8.20000011e-010    0.0189375
8.25000011e-010  0.008234376
8.30000011e-010   0.01803125
8.35000011e-010   0.01045313
8.40000011e-010        0.019
8.45000011e-010   0.01082813
8.50000011e-010   0.01938281
8.55000011e-010    0.0105625
8.60000011e-010   0.01959375
8.65000012e-010  0.009140626
8.70000012e-010   0.02032031
8.75000012e-010  0.008726563
8.80000012e-010   0.02042188
8.85000012e-010  0.009625001
8.90000012e-010   0.02003906
8.95000012e-010  0.009945313
9.00000012e-010    0.0201875
9.05000012e-010   0.01004688
9.10000012e-010   0.02085156
9.15000012e-010        0.011
9.20000012e-010     0.021625
9.25000012e-010   0.01042188
9.30000012e-010   0.02291406
9.35000012e-010  0.009992188
9.40000013e-010        0.023
9.45000013e-010   0.01021094
9.50000013e-010   0.02167188
9.55000013e-010   0.01071094
9.60000013e-010   0.01940625
9.65000013e-010   0.01074219
9.70000013e-010   0.01959375
9.75000013e-010   0.01074219
9.80000013e-010   0.01978906
9.85000013e-010   0.01042188
9.90000013e-010   0.02055469
9.95000013e-010   0.01079688
1.00000001e-009   0.02114063
1.00500001e-009   0.01070313
1.01000001e-009   0.02121875
1.01500001e-009   0.01003125
1.02000001e-009   0.02095313
1.02500001e-009   0.01007813
1.03000001e-009   0.02064844
1.03500001e-009        0.011
1.04000001e-009   0.01960938
1.04500001e-009   0.01067188
1.05000001e-009   0.01985156
1.05500001e-009   0.01071875
1.06000001e-009   0.02064063
1.06500001e-009   0.01080469
1.07000001e-009   0.02108594
1.07500001e-009   0.01115625
1.08000001e-009   0.02057813
1.08500001e-009   0.01182813
1.09000001e-009   0.02045313
1.09500001e-009   0.01160156
1.10000001e-009        0.021
1.10500001e-009   0.01096875
1.11000001e-009   0.02138281
1.11500001e-009   0.01067969
1.12000001e-009     0.020875
1.12500002e-009   0.01054688
1.13000002e-009   0.02159375
1.13500002e-009  0.009257813
1.14000002e-009        0.023
1.14500002e-009  0.008828126
1.15000002e-009   0.02367969
1.15500002e-009  0.009484376
1.16000002e-009   0.02359375
1.16500002e-009   0.01023438
1.17000002e-009   0.02271094
1.17500002e-009  0.009703126
1.18000002e-009   0.02111719
1.18500002e-009  0.009953126
1.19000002e-009   0.01958594
1.19500002e-009        0.011
1.20000002e-009   0.02017188
1.20500002e-009   0.01274219
1.21000002e-009        0.021
1.21500002e-009   0.01277344
1.22000002e-009        0.021
1.22500002e-009   0.01185938
1.23000002e-009   0.02053906
1.23500002e-009   0.01108594
1.24000002e-009        0.021
1.24500002e-009   0.01111719
1.25000002e-009   0.02089063
