-1.24500002e-009 -0.002953125
-1.24000002e-009 -0.002929687
-1.23500002e-009 -0.002914062
-1.23000002e-009   -0.0029375
-1.22500002e-009 -0.002960937
-1.22000002e-009 -0.002960937
-1.21500002e-009  -0.00296875
-1.21000002e-009 -0.002960937
-1.20500002e-009 -0.003007812
-1.20000002e-009 -0.003015625
-1.19500002e-009 -0.003046875
-1.19000002e-009 -0.003078125
-1.18500002e-009 -0.003070312
-1.18000002e-009 -0.003070312
-1.17500002e-009   -0.0030625
-1.17000002e-009 -0.003054687
-1.16500002e-009 -0.003023437
-1.16000002e-009 -0.002992187
-1.15500002e-009 -0.002976562
-1.15000002e-009   -0.0029375
-1.14500002e-009 -0.002914062
-1.14000002e-009 -0.002835937
-1.13500002e-009 -0.002828125
-1.13000002e-009 -0.002796875
-1.12500002e-009 -0.002765625
-1.12000001e-009 -0.002773437
-1.11500001e-009 -0.002734375
-1.11000001e-009 -0.002757812
-1.10500001e-009 -0.002765625
-1.10000001e-009 -0.002757812
-1.09500001e-009 -0.002765625
-1.09000001e-009 -0.002804687
-1.08500001e-009 -0.002882812
-1.08000001e-009 -0.002921875
-1.07500001e-009  -0.00296875
-1.07000001e-009       -0.003
-1.06500001e-009   -0.0030625
-1.06000001e-009 -0.003132812
-1.05500001e-009 -0.003179687
-1.05000001e-009 -0.003195312
-1.04500001e-009  -0.00321875
-1.04000001e-009 -0.003273437
-1.03500001e-009 -0.003265625
-1.03000001e-009 -0.003265625
-1.02500001e-009 -0.003242187
-1.02000001e-009 -0.003226562
-1.01500001e-009  -0.00321875
-1.01000001e-009 -0.003179687
-1.00500001e-009 -0.003132812
-1.00000001e-009 -0.003085937
-9.95000013e-010 -0.003007812
-9.90000013e-010  -0.00296875
-9.85000013e-010 -0.002914062
-9.80000013e-010 -0.002867187
-9.75000013e-010 -0.002835937
-9.70000013e-010 -0.002796875
-9.65000013e-010 -0.002789062
-9.60000013e-010  -0.00278125
-9.55000013e-010 -0.002773437
-9.50000013e-010  -0.00278125
-9.45000013e-010   -0.0028125
-9.40000013e-010 -0.002835937
-9.35000012e-010 -0.002882812
-9.30000012e-010 -0.002929687
-9.25000012e-010 -0.003007812
-9.20000012e-010  -0.00303125
-9.15000012e-010 -0.003070312
-9.10000012e-010    -0.003125
-9.05000012e-010 -0.003164062
-9.00000012e-010 -0.003195312
-8.95000012e-010 -0.003226562
-8.90000012e-010  -0.00328125
-8.85000012e-010  -0.00328125
-8.80000012e-010   -0.0033125
-8.75000012e-010 -0.003296875
-8.70000012e-010   -0.0033125
-8.65000012e-010 -0.003328125
-8.60000011e-010 -0.003320312
-8.55000011e-010   -0.0033125
-8.50000011e-010 -0.003289062
-8.45000011e-010 -0.003296875
-8.40000011e-010     -0.00325
-8.35000011e-010 -0.003265625
-8.30000011e-010 -0.003234375
-8.25000011e-010 -0.003203125
-8.20000011e-010 -0.003195312
-8.15000011e-010  -0.00321875
-8.10000011e-010 -0.003164062
-8.05000011e-010 -0.003195312
-8.00000011e-010 -0.003257812
-7.95000011e-010 -0.003265625
-7.90000011e-010 -0.003304687
-7.8500001e-010 -0.003335937
-7.8000001e-010 -0.003390625
-7.7500001e-010 -0.003460937
-7.7000001e-010  -0.00353125
-7.6500001e-010 -0.003601562
-7.6000001e-010   -0.0036875
-7.5500001e-010 -0.003742187
-7.5000001e-010 -0.003851562
-7.4500001e-010  -0.00390625
-7.4000001e-010 -0.004015625
-7.3500001e-010    -0.004125
-7.3000001e-010 -0.004234375
-7.2500001e-010   -0.0043125
-7.2000001e-010   -0.0044375
-7.1500001e-010 -0.004546875
-7.10000009e-010 -0.004664062
-7.05000009e-010 -0.004789062
-7.00000009e-010 -0.004929687
-6.95000009e-010 -0.005039062
-6.90000009e-010   -0.0051875
-6.85000009e-010 -0.005335937
-6.80000009e-010 -0.005515625
-6.75000009e-010  -0.00565625
-6.70000009e-010   -0.0058125
-6.65000009e-010 -0.006039062
-6.60000009e-010     -0.00625
-6.55000009e-010  -0.00646875
-6.50000009e-010 -0.006742187
-6.45000009e-010 -0.007015625
-6.40000009e-010 -0.007335937
-6.35000008e-010 -0.007640625
-6.30000008e-010 -0.008023438
-6.25000008e-010 -0.008453125
-6.20000008e-010 -0.008921875
-6.15000008e-010 -0.009445313
-6.10000008e-010 -0.009992188
-6.05000008e-010  -0.01066406
-6.00000008e-010  -0.01133594
-5.95000008e-010  -0.01207031
-5.90000008e-010  -0.01289844
-5.85000008e-010  -0.01378125
-5.80000008e-010  -0.01479688
-5.75000008e-010  -0.01590625
-5.70000008e-010  -0.01711719
-5.65000008e-010  -0.01842969
-5.60000007e-010  -0.01989844
-5.55000007e-010  -0.02153906
-5.50000007e-010  -0.02325781
-5.45000007e-010  -0.02517969
-5.40000007e-010  -0.02721875
-5.35000007e-010  -0.02940625
-5.30000007e-010  -0.03173438
-5.25000007e-010  -0.03423438
-5.20000007e-010  -0.03689844
-5.15000007e-010   -0.0396875
-5.10000007e-010  -0.04264063
-5.05000007e-010  -0.04569531
-5.00000007e-010  -0.04889844
-4.95000007e-010  -0.05216406
-4.90000007e-010  -0.05552344
-4.85000006e-010       -0.059
-4.80000006e-010      -0.0625
-4.75000006e-010  -0.06610938
-4.70000006e-010  -0.06977344
-4.65000006e-010  -0.07347657
-4.60000006e-010  -0.07726563
-4.55000006e-010    -0.081125
-4.50000006e-010  -0.08495313
-4.45000006e-010  -0.08882032
-4.40000006e-010  -0.09270313
-4.35000006e-010  -0.09661719
-4.30000006e-010   -0.1004688
-4.25000006e-010   -0.1042891
-4.20000006e-010   -0.1080313
-4.15000006e-010     -0.11175
-4.10000005e-010   -0.1153203
-4.05000005e-010   -0.1187813
-4.00000005e-010   -0.1220859
-3.95000005e-010   -0.1252344
-3.90000005e-010   -0.1281797
-3.85000005e-010   -0.1309453
-3.80000005e-010   -0.1334844
-3.75000005e-010   -0.1357969
-3.70000005e-010   -0.1378516
-3.65000005e-010   -0.1397109
-3.60000005e-010   -0.1413359
-3.55000005e-010   -0.1427422
-3.50000005e-010   -0.1439688
-3.45000005e-010   -0.1449766
-3.40000005e-010   -0.1457969
-3.35000004e-010   -0.1464688
-3.30000004e-010   -0.1469297
-3.25000004e-010   -0.1472344
-3.20000004e-010   -0.1473984
-3.15000004e-010   -0.1474219
-3.10000004e-010   -0.1473203
-3.05000004e-010   -0.1470859
-3.00000004e-010     -0.14675
-2.95000004e-010   -0.1463594
-2.90000004e-010   -0.1457891
-2.85000004e-010   -0.1451484
-2.80000004e-010   -0.1444063
-2.75000004e-010   -0.1436172
-2.70000004e-010   -0.1426484
-2.65000004e-010   -0.1416875
-2.60000003e-010   -0.1406328
-2.55000003e-010   -0.1395391
-2.50000003e-010   -0.1384063
-2.45000003e-010   -0.1372734
-2.40000003e-010   -0.1361094
-2.35000003e-010   -0.1348984
-2.30000003e-010   -0.1336719
-2.25000003e-010   -0.1324219
-2.20000003e-010   -0.1311016
-2.15000003e-010   -0.1297109
-2.10000003e-010   -0.1283125
-2.05000003e-010   -0.1268516
-2.00000003e-010   -0.1253047
-1.95000003e-010   -0.1236563
-1.90000003e-010   -0.1219141
-1.85000002e-010   -0.1201016
-1.80000002e-010   -0.1181172
-1.75000002e-010   -0.1160313
-1.70000002e-010   -0.1137891
-1.65000002e-010   -0.1114063
-1.60000002e-010   -0.1088672
-1.55000002e-010   -0.1061875
-1.50000002e-010   -0.1034453
-1.45000002e-010   -0.1005781
-1.40000002e-010  -0.09760938
-1.35000002e-010  -0.09452344
-1.30000002e-010  -0.09130469
-1.25000002e-010   -0.0880625
-1.20000002e-010  -0.08470313
-1.15000002e-010  -0.08126563
-1.10000001e-010  -0.07774219
-1.05000001e-010  -0.07415625
-1.00000001e-010  -0.07046094
-9.50000013e-011  -0.06672657
-9.00000012e-011  -0.06295313
-8.50000011e-011  -0.05911719
-8.00000011e-011     -0.05525
-7.5000001e-011  -0.05138281
-7.00000009e-011   -0.0474375
-6.50000009e-011  -0.04353906
-6.00000008e-011   -0.0396875
-5.50000007e-011  -0.03588281
-5.00000007e-011  -0.03213281
-4.50000006e-011  -0.02849219
-4.00000005e-011  -0.02496094
-3.50000005e-011  -0.02153125
-3.00000004e-011  -0.01828125
-2.50000003e-011  -0.01517188
-2.00000003e-011  -0.01225781
-1.50000002e-011 -0.009539063
-1.00000001e-011 -0.006960937
-5.00000007e-012 -0.004578125
           0 -0.002382812
5.00000007e-012 -0.0003281247
1.00000001e-011   0.00153125
1.50000002e-011  0.003218751
2.00000003e-011  0.004718751
2.50000003e-011  0.006109376
3.00000004e-011  0.007335938
3.50000005e-011  0.008437501
4.00000005e-011  0.009382813
4.50000006e-011   0.01019531
5.00000007e-011   0.01095313
5.50000007e-011   0.01157813
6.00000008e-011   0.01207031
6.50000009e-011    0.0124375
7.00000009e-011   0.01273438
7.5000001e-011   0.01295313
8.00000011e-011   0.01303906
8.50000011e-011   0.01309375
9.00000012e-011   0.01303125
9.50000013e-011    0.0129375
1.00000001e-010   0.01280469
1.05000001e-010   0.01264844
1.10000001e-010     0.012375
1.15000002e-010   0.01215625
1.20000002e-010   0.01189844
1.25000002e-010    0.0115625
1.30000002e-010   0.01128125
1.35000002e-010   0.01097656
1.40000002e-010   0.01069531
1.45000002e-010   0.01040625
1.50000002e-010   0.01015625
1.55000002e-010  0.009960938
1.60000002e-010  0.009796876
1.65000002e-010  0.009664063
1.70000002e-010  0.009562501
1.75000002e-010  0.009523438
1.80000002e-010  0.009515626
1.85000002e-010  0.009609376
1.90000003e-010  0.009718751
1.95000003e-010  0.009953126
2.00000003e-010   0.01021094
2.05000003e-010   0.01054688
2.10000003e-010   0.01088281
2.15000003e-010    0.0113125
2.20000003e-010      0.01175
2.25000003e-010   0.01225781
2.30000003e-010   0.01278125
2.35000003e-010   0.01327344
2.40000003e-010   0.01383594
2.45000003e-010     0.014375
2.50000003e-010   0.01486719
2.55000003e-010   0.01539063
2.60000003e-010   0.01584375
2.65000004e-010   0.01628906
2.70000004e-010   0.01670313
2.75000004e-010   0.01703125
2.80000004e-010   0.01734375
2.85000004e-010   0.01758594
2.90000004e-010   0.01780469
2.95000004e-010   0.01792188
3.00000004e-010    0.0180625
3.05000004e-010   0.01810938
3.10000004e-010   0.01810938
3.15000004e-010   0.01810156
3.20000004e-010   0.01804688
3.25000004e-010   0.01794531
3.30000004e-010   0.01782031
3.35000004e-010   0.01767969
3.40000005e-010   0.01752344
3.45000005e-010   0.01729688
3.50000005e-010   0.01708594
3.55000005e-010   0.01682031
3.60000005e-010   0.01655469
3.65000005e-010   0.01626563
3.70000005e-010   0.01595313
3.75000005e-010     0.015625
3.80000005e-010   0.01528906
3.85000005e-010   0.01496875
3.90000005e-010   0.01459375
3.95000005e-010      0.01425
4.00000005e-010   0.01389063
4.05000005e-010   0.01351563
4.10000005e-010   0.01314063
4.15000006e-010    0.0128125
4.20000006e-010   0.01246875
4.25000006e-010   0.01214844
4.30000006e-010   0.01178906
4.35000006e-010   0.01146875
4.40000006e-010   0.01119531
4.45000006e-010   0.01089844
4.50000006e-010   0.01064063
4.55000006e-010   0.01039844
4.60000006e-010   0.01016406
4.65000006e-010  0.009968751
4.70000006e-010  0.009781251
4.75000006e-010  0.009625001
4.80000006e-010  0.009500001
4.85000006e-010  0.009445313
4.90000007e-010  0.009382813
4.95000007e-010  0.009343751
5.00000007e-010  0.009304688
5.05000007e-010  0.009289063
5.10000007e-010  0.009296876
5.15000007e-010  0.009367188
5.20000007e-010  0.009390626
5.25000007e-010  0.009429688
5.30000007e-010  0.009453126
5.35000007e-010  0.009500001
5.40000007e-010  0.009546876
5.45000007e-010  0.009554688
5.50000007e-010  0.009570313
5.55000007e-010  0.009570313
5.60000007e-010  0.009601563
5.65000008e-010  0.009617188
5.70000008e-010  0.009671876
5.75000008e-010  0.009695313
5.80000008e-010  0.009757813
5.85000008e-010  0.009867188
5.90000008e-010  0.009960938
5.95000008e-010   0.01008594
6.00000008e-010   0.01021875
6.05000008e-010   0.01039844
6.10000008e-010   0.01057813
6.15000008e-010   0.01075781
6.20000008e-010   0.01089844
6.25000008e-010    0.0110625
6.30000008e-010   0.01121094
6.35000008e-010   0.01133594
6.40000009e-010   0.01140625
6.45000009e-010   0.01146875
6.50000009e-010       0.0115
6.55000009e-010   0.01147656
6.60000009e-010   0.01146094
6.65000009e-010   0.01139844
6.70000009e-010   0.01135156
6.75000009e-010   0.01127344
6.80000009e-010   0.01119531
6.85000009e-010   0.01113281
6.90000009e-010   0.01105469
6.95000009e-010   0.01103906
7.00000009e-010   0.01103125
7.05000009e-010   0.01100781
7.10000009e-010   0.01101563
7.1500001e-010   0.01107031
7.2000001e-010     0.011125
7.2500001e-010   0.01117969
7.3000001e-010   0.01128125
7.3500001e-010   0.01139844
7.4000001e-010   0.01152344
7.4500001e-010   0.01164063
7.5000001e-010   0.01176563
7.5500001e-010   0.01189844
7.6000001e-010   0.01205469
7.6500001e-010   0.01217188
7.7000001e-010   0.01230469
7.7500001e-010   0.01245313
7.8000001e-010   0.01258594
7.8500001e-010   0.01275781
7.90000011e-010   0.01292188
7.95000011e-010    0.0130625
8.00000011e-010   0.01327344
8.05000011e-010    0.0134375
8.10000011e-010   0.01364063
8.15000011e-010   0.01380469
8.20000011e-010   0.01400781
8.25000011e-010   0.01417969
8.30000011e-010   0.01440625
8.35000011e-010   0.01458594
8.40000011e-010   0.01475781
8.45000011e-010   0.01496094
8.50000011e-010   0.01511719
8.55000011e-010   0.01529688
8.60000011e-010   0.01546094
8.65000012e-010   0.01559375
8.70000012e-010   0.01571875
8.75000012e-010   0.01585938
8.80000012e-010   0.01596094
8.85000012e-010   0.01605469
8.90000012e-010   0.01616406
8.95000012e-010   0.01622656
9.00000012e-010   0.01627344
9.05000012e-010   0.01636719
9.10000012e-010   0.01640625
9.15000012e-010   0.01646875
9.20000012e-010   0.01645313
9.25000012e-010       0.0165
9.30000012e-010   0.01647656
9.35000012e-010   0.01650781
9.40000013e-010   0.01647656
9.45000013e-010   0.01652344
9.50000013e-010   0.01653125
9.55000013e-010   0.01653906
9.60000013e-010    0.0165625
9.65000013e-010    0.0165625
9.70000013e-010   0.01650781
9.75000013e-010   0.01653906
9.80000013e-010   0.01647656
9.85000013e-010   0.01645313
9.90000013e-010   0.01638281
9.95000013e-010   0.01633594
1.00000001e-009   0.01628906
1.00500001e-009   0.01621875
1.01000001e-009   0.01616406
1.01500001e-009   0.01609375
1.02000001e-009   0.01602344
1.02500001e-009   0.01598438
1.03000001e-009    0.0159375
1.03500001e-009   0.01592188
1.04000001e-009   0.01589063
1.04500001e-009   0.01589063
1.05000001e-009   0.01585938
1.05500001e-009   0.01589844
1.06000001e-009   0.01592969
1.06500001e-009   0.01596875
1.07000001e-009   0.01597656
1.07500001e-009   0.01602344
1.08000001e-009   0.01603906
1.08500001e-009   0.01609375
1.09000001e-009   0.01609375
1.09500001e-009   0.01610938
1.10000001e-009   0.01614063
1.10500001e-009   0.01617188
1.11000001e-009   0.01617188
1.11500001e-009   0.01622656
1.12000001e-009   0.01627344
1.12500002e-009   0.01632813
1.13000002e-009   0.01636719
1.13500002e-009   0.01647656
1.14000002e-009   0.01657813
1.14500002e-009   0.01671875
1.15000002e-009   0.01682813
1.15500002e-009   0.01695313
1.16000002e-009   0.01709375
1.16500002e-009   0.01722656
1.17000002e-009   0.01736719
1.17500002e-009   0.01745313
1.18000002e-009    0.0175625
1.18500002e-009   0.01760156
1.19000002e-009   0.01764063
1.19500002e-009     0.017625
1.20000002e-009   0.01763281
1.20500002e-009    0.0175625
1.21000002e-009   0.01746875
1.21500002e-009   0.01735938
1.22000002e-009   0.01720313
1.22500002e-009   0.01709375
1.23000002e-009   0.01692969
1.23500002e-009   0.01676563
1.24000002e-009   0.01664063
1.24500002e-009   0.01654688
1.25000002e-009    0.0164375
