+3.00000000000E+005  -8.25135297276E+001
+7.79850000000E+006  -1.00367505152E+002
+1.52970000000E+007  -7.65981534464E+001
+2.27955000000E+007  -7.44475954582E+001
+3.02940000000E+007  -9.01227347994E+001
+3.77925000000E+007  -7.46229930292E+001
+4.52910000000E+007  -7.89458566972E+001
+5.27895000000E+007  -7.13161375475E+001
+6.02880000000E+007  -7.37166115929E+001
+6.77865000000E+007  -7.44094467933E+001
+7.52850000000E+007  -7.03459805401E+001
+8.27835000000E+007  -6.63059238326E+001
+9.02820000000E+007  -7.02909403405E+001
+9.77805000000E+007  -6.18526219760E+001
+1.05279000000E+008  -7.04305446370E+001
+1.12777500000E+008  -6.74139335291E+001
+1.20276000000E+008  -7.44844781397E+001
+1.27774500000E+008  -6.82766468682E+001
+1.35273000000E+008  -7.70143535129E+001
+1.42771500000E+008  -6.61112846913E+001
+1.50270000000E+008  -6.56254588095E+001
+1.57768500000E+008  -5.87842642738E+001
+1.65267000000E+008  -5.92063579425E+001
+1.72765500000E+008  -5.69217814888E+001
+1.80264000000E+008  -6.03613467829E+001
+1.87762500000E+008  -6.48747030399E+001
+1.95261000000E+008  -6.16973734181E+001
+2.02759500000E+008  -5.93325557637E+001
+2.10258000000E+008  -6.16908719289E+001
+2.17756500000E+008  -5.68594031211E+001
+2.25255000000E+008  -5.76526716682E+001
+2.32753500000E+008  -6.09236576698E+001
+2.40252000000E+008  -5.80214448884E+001
+2.47750500000E+008  -5.74991103501E+001
+2.55249000000E+008  -6.00815331116E+001
+2.62747500000E+008  -6.72751021369E+001
+2.70246000000E+008  -5.87788846668E+001
+2.77744500000E+008  -5.33334217732E+001
+2.85243000000E+008  -5.77854588656E+001
+2.92741500000E+008  -6.14098490193E+001
+3.00240000000E+008  -6.37717834804E+001
+3.07738500000E+008  -5.99220909880E+001
+3.15237000000E+008  -5.57014855725E+001
+3.22735500000E+008  -5.30561401424E+001
+3.30234000000E+008  -5.97865296117E+001
+3.37732500000E+008  -5.81677878642E+001
+3.45231000000E+008  -5.91252151299E+001
+3.52729500000E+008  -5.23779241394E+001
+3.60228000000E+008  -5.95140444672E+001
+3.67726500000E+008  -6.66784784386E+001
+3.75225000000E+008  -6.71511391814E+001
+3.82723500000E+008  -5.85380477213E+001
+3.90222000000E+008  -5.60086285908E+001
+3.97720500000E+008  -7.19602749325E+001
+4.05219000000E+008  -6.40251180715E+001
+4.12717500000E+008  -5.62627972691E+001
+4.20216000000E+008  -6.42966007077E+001
+4.27714500000E+008  -5.72583492509E+001
+4.35213000000E+008  -5.61618170310E+001
+4.42711500000E+008  -5.83451600435E+001
+4.50210000000E+008  -5.64504633608E+001
+4.57708500000E+008  -5.53649295603E+001
+4.65207000000E+008  -6.04431122939E+001
+4.72705500000E+008  -6.06952000181E+001
+4.80204000000E+008  -5.57521259759E+001
+4.87702500000E+008  -6.37121159673E+001
+4.95201000000E+008  -6.10621485234E+001
+5.02699500000E+008  -6.20869643686E+001
+5.10198000000E+008  -5.77635314561E+001
+5.17696500000E+008  -6.94537054266E+001
+5.25195000000E+008  -5.85625708406E+001
+5.32693500000E+008  -6.95506166475E+001
+5.40192000000E+008  -6.13545327475E+001
+5.47690500000E+008  -5.91757168721E+001
+5.55189000000E+008  -6.46561983845E+001
+5.62687500000E+008  -5.92720642017E+001
+5.70186000000E+008  -6.41457901375E+001
+5.77684500000E+008  -6.08652167229E+001
+5.85183000000E+008  -6.25251050637E+001
+5.92681500000E+008  -6.18195441719E+001
+6.00180000000E+008  -6.12012997737E+001
+6.07678500000E+008  -6.92270370478E+001
+6.15177000000E+008  -6.90480266923E+001
+6.22675500000E+008  -5.94092932577E+001
+6.30174000000E+008  -6.61659108522E+001
+6.37672500000E+008  -6.23298685308E+001
+6.45171000000E+008  -5.95571146263E+001
+6.52669500000E+008  -5.95080130238E+001
+6.60168000000E+008  -5.77323394733E+001
+6.67666500000E+008  -6.34142560515E+001
+6.75165000000E+008  -6.39337245133E+001
+6.82663500000E+008  -5.91213532304E+001
+6.90162000000E+008  -5.88181745435E+001
+6.97660500000E+008  -7.43363800225E+001
+7.05159000000E+008  -5.84443796883E+001
+7.12657500000E+008  -5.60855449761E+001
+7.20156000000E+008  -6.07213019170E+001
+7.27654500000E+008  -6.13784151478E+001
+7.35153000000E+008  -6.49976550750E+001
+7.42651500000E+008  -5.92395507899E+001
+7.50150000000E+008  -6.34172760392E+001
+7.57648500000E+008  -6.04282689887E+001
+7.65147000000E+008  -5.94868755206E+001
+7.72645500000E+008  -6.72704355923E+001
+7.80144000000E+008  -8.14378978464E+001
+7.87642500000E+008  -6.38260955229E+001
+7.95141000000E+008  -5.68112057512E+001
+8.02639500000E+008  -6.06797533163E+001
+8.10138000000E+008  -7.08000465448E+001
+8.17636500000E+008  -6.27962611360E+001
+8.25135000000E+008  -7.53650457107E+001
+8.32633500000E+008  -7.71296601874E+001
+8.40132000000E+008  -6.64973155025E+001
+8.47630500000E+008  -6.76832943461E+001
+8.55129000000E+008  -6.07019551461E+001
+8.62627500000E+008  -7.15497057958E+001
+8.70126000000E+008  -5.91936639023E+001
+8.77624500000E+008  -5.99861791150E+001
+8.85123000000E+008  -6.25709392254E+001
+8.92621500000E+008  -6.48087033227E+001
+9.00120000000E+008  -6.44666965128E+001
+9.07618500000E+008  -6.79243315990E+001
+9.15117000000E+008  -6.38521829974E+001
+9.22615500000E+008  -7.22308930369E+001
+9.30114000000E+008  -6.41515075627E+001
+9.37612500000E+008  -6.21466499271E+001
+9.45111000000E+008  -6.34820695923E+001
+9.52609500000E+008  -7.13736045039E+001
+9.60108000000E+008  -6.31008711426E+001
+9.67606500000E+008  -6.47318060163E+001
+9.75105000000E+008  -6.88368451433E+001
+9.82603500000E+008  -8.06148985082E+001
+9.90102000000E+008  -6.19383509900E+001
+9.97600500000E+008  -6.46037180872E+001
+1.00509900000E+009  -6.62281053763E+001
+1.01259750000E+009  -7.67853062240E+001
+1.02009600000E+009  -6.68151022677E+001
+1.02759450000E+009  -7.02857574473E+001
+1.03509300000E+009  -6.63138752929E+001
+1.04259150000E+009  -7.11459648819E+001
+1.05009000000E+009  -6.38976541983E+001
+1.05758850000E+009  -7.43419599626E+001
+1.06508700000E+009  -7.11864461276E+001
+1.07258550000E+009  -7.51084582941E+001
+1.08008400000E+009  -7.32137073069E+001
+1.08758250000E+009  -6.54027915926E+001
+1.09508100000E+009  -6.67767367821E+001
+1.10257950000E+009  -6.47445592117E+001
+1.11007800000E+009  -7.29767663285E+001
+1.11757650000E+009  -7.39276416701E+001
+1.12507500000E+009  -6.44039073248E+001
+1.13257350000E+009  -6.40859277428E+001
+1.14007200000E+009  -7.35948239414E+001
+1.14757050000E+009  -7.97040812358E+001
+1.15506900000E+009  -6.86207920929E+001
+1.16256750000E+009  -6.84853849070E+001
+1.17006600000E+009  -6.77470269879E+001
+1.17756450000E+009  -6.64206423504E+001
+1.18506300000E+009  -6.33454393119E+001
+1.19256150000E+009  -7.57716001368E+001
+1.20006000000E+009  -6.75661184236E+001
+1.20755850000E+009  -6.68720981517E+001
+1.21505700000E+009  -7.54553287582E+001
+1.22255550000E+009  -8.25990050938E+001
+1.23005400000E+009  -6.96112344883E+001
+1.23755250000E+009  -6.84921454782E+001
+1.24505100000E+009  -7.22691600815E+001
+1.25254950000E+009  -7.10132749976E+001
+1.26004800000E+009  -7.95032178168E+001
+1.26754650000E+009  -6.99981379894E+001
+1.27504500000E+009  -7.37695842591E+001
+1.28254350000E+009  -7.26119996395E+001
+1.29004200000E+009  -6.74349142425E+001
+1.29754050000E+009  -7.77693196258E+001
+1.30503900000E+009  -6.70299136706E+001
+1.31253750000E+009  -6.66679681454E+001
+1.32003600000E+009  -7.05876404229E+001
+1.32753450000E+009  -6.86699571205E+001
+1.33503300000E+009  -7.44611955533E+001
+1.34253150000E+009  -7.91905126754E+001
+1.35003000000E+009  -7.19517340104E+001
+1.35752850000E+009  -7.98401107268E+001
+1.36502700000E+009  -7.12007804871E+001
+1.37252550000E+009  -7.31995755972E+001
+1.38002400000E+009  -7.77455344702E+001
+1.38752250000E+009  -6.96860813907E+001
+1.39502100000E+009  -7.04131422925E+001
+1.40251950000E+009  -7.02311174021E+001
+1.41001800000E+009  -6.62075319273E+001
+1.41751650000E+009  -7.28119758860E+001
+1.42501500000E+009  -9.12169836946E+001
+1.43251350000E+009  -7.72897884426E+001
+1.44001200000E+009  -7.30322710311E+001
+1.44751050000E+009  -7.89097950485E+001
+1.45500900000E+009  -7.16158963634E+001
+1.46250750000E+009  -7.37053975992E+001
+1.47000600000E+009  -7.97221994981E+001
+1.47750450000E+009  -6.86491915826E+001
+1.48500300000E+009  -6.95353550114E+001
+1.49250150000E+009  -7.26495077713E+001
+1.50000000000E+009  -8.42119173402E+001
