+3.00000000000E+005  -8.24051231116E+001
+7.79850000000E+006  -8.92005075172E+001
+1.52970000000E+007  -7.57190699278E+001
+2.27955000000E+007  -7.99035883588E+001
+3.02940000000E+007  -7.24108329704E+001
+3.77925000000E+007  -8.25084540716E+001
+4.52910000000E+007  -7.40699088206E+001
+5.27895000000E+007  -7.20825485909E+001
+6.02880000000E+007  -6.56670332931E+001
+6.77865000000E+007  -7.00506597320E+001
+7.52850000000E+007  -6.51150308212E+001
+8.27835000000E+007  -6.81876787334E+001
+9.02820000000E+007  -6.81646732219E+001
+9.77805000000E+007  -7.32162303782E+001
+1.05279000000E+008  -6.26281673162E+001
+1.12777500000E+008  -7.53098341178E+001
+1.20276000000E+008  -9.22928667249E+001
+1.27774500000E+008  -6.44159419911E+001
+1.35273000000E+008  -6.84712960416E+001
+1.42771500000E+008  -6.76381773577E+001
+1.50270000000E+008  -6.14840053759E+001
+1.57768500000E+008  -7.20222429253E+001
+1.65267000000E+008  -6.38021347924E+001
+1.72765500000E+008  -6.37417401572E+001
+1.80264000000E+008  -6.14461483789E+001
+1.87762500000E+008  -6.22840551652E+001
+1.95261000000E+008  -5.45709061723E+001
+2.02759500000E+008  -6.00771163095E+001
+2.10258000000E+008  -5.75064421688E+001
+2.17756500000E+008  -5.33004249314E+001
+2.25255000000E+008  -5.93311250536E+001
+2.32753500000E+008  -6.02439820131E+001
+2.40252000000E+008  -6.12274651287E+001
+2.47750500000E+008  -5.27462124987E+001
+2.55249000000E+008  -6.63167043058E+001
+2.62747500000E+008  -5.61317403547E+001
+2.70246000000E+008  -5.24258825240E+001
+2.77744500000E+008  -6.74197707778E+001
+2.85243000000E+008  -6.04682553304E+001
+2.92741500000E+008  -6.16269239078E+001
+3.00240000000E+008  -6.37110561722E+001
+3.07738500000E+008  -6.44468973896E+001
+3.15237000000E+008  -6.25625394848E+001
+3.22735500000E+008  -5.48431863006E+001
+3.30234000000E+008  -5.79056881812E+001
+3.37732500000E+008  -5.96315629866E+001
+3.45231000000E+008  -7.36035443174E+001
+3.52729500000E+008  -5.92002117474E+001
+3.60228000000E+008  -5.73643704021E+001
+3.67726500000E+008  -6.22995852832E+001
+3.75225000000E+008  -5.47233687971E+001
+3.82723500000E+008  -5.79182403283E+001
+3.90222000000E+008  -5.70401407663E+001
+3.97720500000E+008  -6.53122438379E+001
+4.05219000000E+008  -5.42723171904E+001
+4.12717500000E+008  -5.43847377030E+001
+4.20216000000E+008  -5.63406261409E+001
+4.27714500000E+008  -5.59875709052E+001
+4.35213000000E+008  -5.47766483964E+001
+4.42711500000E+008  -5.92709054622E+001
+4.50210000000E+008  -6.34792846506E+001
+4.57708500000E+008  -7.09265993871E+001
+4.65207000000E+008  -5.70883422339E+001
+4.72705500000E+008  -6.00416669077E+001
+4.80204000000E+008  -6.04975393979E+001
+4.87702500000E+008  -5.52664086536E+001
+4.95201000000E+008  -6.64897405271E+001
+5.02699500000E+008  -6.84831940758E+001
+5.10198000000E+008  -6.95073539336E+001
+5.17696500000E+008  -5.52313069796E+001
+5.25195000000E+008  -6.15022792122E+001
+5.32693500000E+008  -6.39931644201E+001
+5.40192000000E+008  -6.58928662112E+001
+5.47690500000E+008  -5.78655706316E+001
+5.55189000000E+008  -6.16660086916E+001
+5.62687500000E+008  -6.13261348413E+001
+5.70186000000E+008  -6.17177963960E+001
+5.77684500000E+008  -7.29604477012E+001
+5.85183000000E+008  -7.66608868386E+001
+5.92681500000E+008  -7.98753831047E+001
+6.00180000000E+008  -6.17694452888E+001
+6.07678500000E+008  -6.78916009525E+001
+6.15177000000E+008  -5.68024574979E+001
+6.22675500000E+008  -6.15163313519E+001
+6.30174000000E+008  -6.40489846802E+001
+6.37672500000E+008  -6.94899169325E+001
+6.45171000000E+008  -7.11288708398E+001
+6.52669500000E+008  -7.59713057414E+001
+6.60168000000E+008  -6.20092258818E+001
+6.67666500000E+008  -6.89763869951E+001
+6.75165000000E+008  -6.15931100933E+001
+6.82663500000E+008  -7.09970345955E+001
+6.90162000000E+008  -5.71202393769E+001
+6.97660500000E+008  -6.34173409145E+001
+7.05159000000E+008  -6.18350806728E+001
+7.12657500000E+008  -5.31312258182E+001
+7.20156000000E+008  -5.90505896475E+001
+7.27654500000E+008  -6.16152136873E+001
+7.35153000000E+008  -6.47995284089E+001
+7.42651500000E+008  -6.30016172825E+001
+7.50150000000E+008  -7.03505346564E+001
+7.57648500000E+008  -8.72948532346E+001
+7.65147000000E+008  -5.97859066669E+001
+7.72645500000E+008  -6.27959652045E+001
+7.80144000000E+008  -6.08632416490E+001
+7.87642500000E+008  -6.40285756846E+001
+7.95141000000E+008  -8.28623687859E+001
+8.02639500000E+008  -6.12957649304E+001
+8.10138000000E+008  -6.48674111684E+001
+8.17636500000E+008  -8.33048553226E+001
+8.25135000000E+008  -6.12263783554E+001
+8.32633500000E+008  -5.90713656567E+001
+8.40132000000E+008  -7.25428588057E+001
+8.47630500000E+008  -6.83064866164E+001
+8.55129000000E+008  -5.51942196480E+001
+8.62627500000E+008  -6.32803215201E+001
+8.70126000000E+008  -6.35148338001E+001
+8.77624500000E+008  -6.42753735888E+001
+8.85123000000E+008  -6.29015430657E+001
+8.92621500000E+008  -5.80925908774E+001
+9.00120000000E+008  -6.81156782928E+001
+9.07618500000E+008  -6.43398033372E+001
+9.15117000000E+008  -7.29424099425E+001
+9.22615500000E+008  -6.93101453160E+001
+9.30114000000E+008  -6.98973319236E+001
+9.37612500000E+008  -6.56145766694E+001
+9.45111000000E+008  -6.79679413302E+001
+9.52609500000E+008  -6.60872417573E+001
+9.60108000000E+008  -7.43639638136E+001
+9.67606500000E+008  -6.31076255992E+001
+9.75105000000E+008  -7.07140395295E+001
+9.82603500000E+008  -7.59643460263E+001
+9.90102000000E+008  -6.56853177218E+001
+9.97600500000E+008  -6.28784830666E+001
+1.00509900000E+009  -6.67831546309E+001
+1.01259750000E+009  -6.90307728880E+001
+1.02009600000E+009  -7.36868896592E+001
+1.02759450000E+009  -9.58670054144E+001
+1.03509300000E+009  -6.46364610569E+001
+1.04259150000E+009  -6.95623427090E+001
+1.05009000000E+009  -7.62220424153E+001
+1.05758850000E+009  -6.32807759827E+001
+1.06508700000E+009  -6.25508772618E+001
+1.07258550000E+009  -6.61483575281E+001
+1.08008400000E+009  -6.42288333463E+001
+1.08758250000E+009  -7.52970678597E+001
+1.09508100000E+009  -6.57495505992E+001
+1.10257950000E+009  -7.17173646210E+001
+1.11007800000E+009  -7.38595993163E+001
+1.11757650000E+009  -6.60483880212E+001
+1.12507500000E+009  -6.46971083412E+001
+1.13257350000E+009  -7.02238372783E+001
+1.14007200000E+009  -6.41351531479E+001
+1.14757050000E+009  -6.83021177933E+001
+1.15506900000E+009  -6.41963983822E+001
+1.16256750000E+009  -6.46629904677E+001
+1.17006600000E+009  -7.17261681749E+001
+1.17756450000E+009  -6.85389446691E+001
+1.18506300000E+009  -6.55161811094E+001
+1.19256150000E+009  -6.50617476820E+001
+1.20006000000E+009  -6.17508175081E+001
+1.20755850000E+009  -6.19837816099E+001
+1.21505700000E+009  -7.14996235726E+001
+1.22255550000E+009  -7.45781483318E+001
+1.23005400000E+009  -6.94886563588E+001
+1.23755250000E+009  -6.99587730151E+001
+1.24505100000E+009  -6.94035611537E+001
+1.25254950000E+009  -6.87876811090E+001
+1.26004800000E+009  -6.80345351809E+001
+1.26754650000E+009  -7.05958800367E+001
+1.27504500000E+009  -6.92040690905E+001
+1.28254350000E+009  -7.17716649760E+001
+1.29004200000E+009  -6.51406088679E+001
+1.29754050000E+009  -7.45109222480E+001
+1.30503900000E+009  -7.10243682502E+001
+1.31253750000E+009  -8.38872319142E+001
+1.32003600000E+009  -7.06102941506E+001
+1.32753450000E+009  -7.31645057158E+001
+1.33503300000E+009  -7.60391658723E+001
+1.34253150000E+009  -7.06725724151E+001
+1.35003000000E+009  -8.65401951700E+001
+1.35752850000E+009  -7.07930750881E+001
+1.36502700000E+009  -7.30283368795E+001
+1.37252550000E+009  -7.34090168976E+001
+1.38002400000E+009  -6.82361637541E+001
+1.38752250000E+009  -7.79792021299E+001
+1.39502100000E+009  -8.78782463411E+001
+1.40251950000E+009  -7.21046906099E+001
+1.41001800000E+009  -7.39054562077E+001
+1.41751650000E+009  -8.11871057111E+001
+1.42501500000E+009  -7.14097381213E+001
+1.43251350000E+009  -7.29386745902E+001
+1.44001200000E+009  -6.41342874938E+001
+1.44751050000E+009  -7.21129074192E+001
+1.45500900000E+009  -7.37240625226E+001
+1.46250750000E+009  -7.10059161751E+001
+1.47000600000E+009  -8.20192028302E+001
+1.47750450000E+009  -7.42104909866E+001
+1.48500300000E+009  -7.23580201350E+001
+1.49250150000E+009  -7.77054930570E+001
+1.50000000000E+009  -7.34727702713E+001
