-1.24500002e-009  -0.00765625
-1.24000002e-009     0.001625
-1.23500002e-009   -0.0081875
-1.23000002e-009  0.001742188
-1.22500002e-009 -0.007796875
-1.22000002e-009        0.003
-1.21500002e-009   -0.0073125
-1.21000002e-009  0.002765625
-1.20500002e-009 -0.007570313
-1.20000002e-009  0.003546876
-1.19500002e-009 -0.007320312
-1.19000002e-009  0.003421876
-1.18500002e-009 -0.007164062
-1.18000002e-009  0.003296876
-1.17500002e-009 -0.007703125
-1.17000002e-009        0.003
-1.16500002e-009 -0.007671875
-1.16000002e-009   0.00253125
-1.15500002e-009 -0.007421875
-1.15000002e-009        0.003
-1.14500002e-009 -0.007335937
-1.14000002e-009    0.0028125
-1.13500002e-009 -0.007054687
-1.13000002e-009  0.002132813
-1.12500002e-009  -0.00721875
-1.12000001e-009   0.00271875
-1.11500001e-009 -0.007210937
-1.11000001e-009  0.002976563
-1.10500001e-009       -0.007
-1.10000001e-009  0.004945313
-1.09500001e-009 -0.006640625
-1.09000001e-009  0.006640626
-1.08500001e-009 -0.006257812
-1.08000001e-009  0.006890626
-1.07500001e-009 -0.005859375
-1.07000001e-009  0.005625001
-1.06500001e-009  -0.00659375
-1.06000001e-009  0.003281251
-1.05500001e-009  -0.00715625
-1.05000001e-009  0.002429688
-1.04500001e-009 -0.006828125
-1.04000001e-009  0.002984375
-1.03500001e-009   -0.0068125
-1.03000001e-009  0.002765625
-1.02500001e-009       -0.007
-1.02000001e-009    0.0021875
-1.01500001e-009 -0.006882812
-1.01000001e-009  0.002898438
-1.00500001e-009 -0.007234375
-1.00000001e-009        0.003
-9.95000013e-010  -0.00734375
-9.90000013e-010  0.002328125
-9.85000013e-010  -0.00784375
-9.80000013e-010  0.001742188
-9.75000013e-010 -0.008015625
-9.70000013e-010  0.001679688
-9.65000013e-010  -0.00784375
-9.60000013e-010  0.001554688
-9.55000013e-010 -0.007664063
-9.50000013e-010   0.00153125
-9.45000013e-010 -0.008351563
-9.40000013e-010  0.002171875
-9.35000012e-010 -0.008539063
-9.30000012e-010        0.003
-9.25000012e-010     -0.00775
-9.20000012e-010        0.003
-9.15000012e-010 -0.006703125
-9.10000012e-010    0.0020625
-9.05000012e-010 -0.006414062
-9.00000012e-010  0.001617188
-8.95000012e-010 -0.006085937
-8.90000012e-010  0.001054688
-8.85000012e-010   -0.0065625
-8.80000012e-010  0.002046875
-8.75000012e-010       -0.007
-8.70000012e-010        0.003
-8.65000012e-010  -0.00696875
-8.60000011e-010  0.002640625
-8.55000011e-010 -0.007484375
-8.50000011e-010  0.001257813
-8.45000011e-010 -0.007078125
-8.40000011e-010  0.002546875
-8.35000011e-010 -0.007101562
-8.30000011e-010  0.004093751
-8.25000011e-010 -0.007695313
-8.20000011e-010  0.005000001
-8.15000011e-010 -0.008632813
-8.10000011e-010  0.004828126
-8.05000011e-010 -0.009046875
-8.00000011e-010  0.003882813
-7.95000011e-010   -0.0093125
-7.90000011e-010  0.002398438
-7.8500001e-010     -0.00925
-7.8000001e-010  0.001351563
-7.7500001e-010  -0.00909375
-7.7000001e-010  0.001304688
-7.6500001e-010 -0.008734375
-7.6000001e-010 0.0007890629
-7.5500001e-010 -0.007796875
-7.5000001e-010        0.001
-7.4500001e-010    -0.007375
-7.4000001e-010 0.0005546879
-7.3500001e-010  -0.00796875
-7.3000001e-010 0.0009921879
-7.2500001e-010 -0.008695313
-7.2000001e-010 0.0005156254
-7.1500001e-010       -0.009
-7.10000009e-010 -0.0009765622
-7.05000009e-010 -0.009054688
-7.00000009e-010 -0.001664062
-6.95000009e-010 -0.009953125
-6.90000009e-010 -0.001070312
-6.85000009e-010  -0.01050781
-6.80000009e-010 -0.0009999997
-6.75000009e-010  -0.01125781
-6.70000009e-010 -0.002429687
-6.65000009e-010       -0.011
-6.60000009e-010       -0.002
-6.55000009e-010  -0.01183594
-6.50000009e-010 -0.0009999997
-6.45000009e-010  -0.01355469
-6.40000009e-010 -0.001867187
-6.35000008e-010       -0.015
-6.30000008e-010 -0.003820312
-6.25000008e-010  -0.01646875
-6.20000008e-010     -0.00575
-6.15000008e-010  -0.01735938
-6.10000008e-010 -0.006398437
-6.05000008e-010  -0.01796875
-6.00000008e-010   -0.0083125
-5.95000008e-010  -0.02032031
-5.90000008e-010  -0.01177344
-5.85000008e-010  -0.02308594
-5.80000008e-010  -0.01570313
-5.75000008e-010  -0.02726563
-5.70000008e-010       -0.019
-5.65000008e-010     -0.03125
-5.60000007e-010  -0.02389063
-5.55000007e-010       -0.035
-5.50000007e-010  -0.02857813
-5.45000007e-010  -0.04015625
-5.40000007e-010    -0.032125
-5.35000007e-010  -0.04590625
-5.30000007e-010  -0.03571875
-5.25000007e-010  -0.05227344
-5.20000007e-010  -0.04057813
-5.15000007e-010  -0.05892188
-5.10000007e-010       -0.047
-5.05000007e-010  -0.06567969
-5.00000007e-010  -0.05536719
-4.95000007e-010  -0.07304688
-4.90000007e-010  -0.06239063
-4.85000006e-010  -0.08104688
-4.80000006e-010       -0.069
-4.75000006e-010  -0.08859375
-4.70000006e-010  -0.07609375
-4.65000006e-010  -0.09674219
-4.60000006e-010  -0.08382032
-4.55000006e-010   -0.1052109
-4.50000006e-010  -0.09205469
-4.45000006e-010   -0.1130469
-4.40000006e-010   -0.1005469
-4.35000006e-010   -0.1201719
-4.30000006e-010       -0.109
-4.25000006e-010   -0.1255625
-4.20000006e-010   -0.1159609
-4.15000006e-010   -0.1309141
-4.10000005e-010   -0.1216797
-4.05000005e-010   -0.1365625
-4.00000005e-010   -0.1274453
-3.95000005e-010   -0.1405938
-3.90000005e-010   -0.1304922
-3.85000005e-010   -0.1439688
-3.80000005e-010   -0.1330859
-3.75000005e-010       -0.147
-3.70000005e-010   -0.1351094
-3.65000005e-010   -0.1472031
-3.60000005e-010   -0.1362188
-3.55000005e-010   -0.1465391
-3.50000005e-010   -0.1379219
-3.45000005e-010   -0.1464922
-3.40000005e-010   -0.1376563
-3.35000004e-010       -0.147
-3.30000004e-010   -0.1368672
-3.25000004e-010   -0.1480156
-3.20000004e-010   -0.1346875
-3.15000004e-010       -0.149
-3.10000004e-010       -0.133
-3.05000004e-010   -0.1471484
-3.00000004e-010     -0.13075
-2.95000004e-010   -0.1444141
-2.90000004e-010   -0.1295234
-2.85000004e-010   -0.1412109
-2.80000004e-010   -0.1281797
-2.75000004e-010   -0.1380938
-2.70000004e-010   -0.1264844
-2.65000004e-010   -0.1362266
-2.60000003e-010      -0.1245
-2.55000003e-010   -0.1342969
-2.50000003e-010   -0.1225938
-2.45000003e-010   -0.1322969
-2.40000003e-010      -0.1205
-2.35000003e-010   -0.1301641
-2.30000003e-010   -0.1166016
-2.25000003e-010   -0.1270234
-2.20000003e-010   -0.1114531
-2.15000003e-010   -0.1227813
-2.10000003e-010   -0.1069453
-2.05000003e-010   -0.1191328
-2.00000003e-010   -0.1028203
-1.95000003e-010   -0.1153828
-1.90000003e-010  -0.09888282
-1.85000002e-010   -0.1110156
-1.80000002e-010  -0.09507032
-1.75000002e-010       -0.107
-1.70000002e-010  -0.09017188
-1.65000002e-010   -0.1014922
-1.60000002e-010  -0.08449219
-1.55000002e-010  -0.09503907
-1.50000002e-010  -0.07796094
-1.45000002e-010  -0.08777344
-1.40000002e-010  -0.07150782
-1.35000002e-010   -0.0818125
-1.30000002e-010  -0.06478907
-1.25000002e-010  -0.07458594
-1.20000002e-010  -0.05678125
-1.15000002e-010  -0.06632032
-1.10000001e-010  -0.04897656
-1.05000001e-010  -0.05846094
-1.00000001e-010  -0.04103906
-9.50000013e-011  -0.05133594
-9.00000012e-011  -0.03352344
-8.50000011e-011  -0.04325781
-8.00000011e-011  -0.02676563
-7.5000001e-011  -0.03497656
-7.00000009e-011  -0.02050781
-6.50000009e-011  -0.02769531
-6.00000008e-011    -0.013875
-5.50000007e-011  -0.02192188
-5.00000007e-011 -0.007851563
-4.50000006e-011  -0.01632031
-4.00000005e-011 -0.002914062
-3.50000005e-011  -0.01097656
-3.00000004e-011        0.001
-2.50000003e-011       -0.007
-2.00000003e-011  0.004867188
-1.50000002e-011 -0.004179687
-1.00000001e-011  0.008421876
-5.00000007e-012 -0.001179687
           0        0.011
5.00000007e-012  0.001859375
1.00000001e-011        0.013
1.50000002e-011  0.004679688
2.00000003e-011        0.015
2.50000003e-011  0.006453126
3.00000004e-011   0.01635938
3.50000005e-011  0.007765626
4.00000005e-011   0.01689844
4.50000006e-011  0.008203126
5.00000007e-011        0.017
5.50000007e-011  0.007195313
6.00000008e-011   0.01648438
6.50000009e-011  0.006093751
7.00000009e-011   0.01607813
7.5000001e-011  0.005312501
8.00000011e-011   0.01689844
8.50000011e-011  0.004976563
9.00000012e-011   0.01647656
9.50000013e-011  0.003734376
1.00000001e-010   0.01508594
1.05000001e-010   0.00296875
1.10000001e-010   0.01500781
1.15000002e-010   0.00309375
1.20000002e-010   0.01464844
1.25000002e-010  0.004210938
1.30000002e-010   0.01407031
1.35000002e-010  0.003851563
1.40000002e-010   0.01336719
1.45000002e-010   0.00315625
1.50000002e-010   0.01307031
1.55000002e-010        0.003
1.60000002e-010   0.01441406
1.65000002e-010  0.002851563
1.70000002e-010        0.015
1.75000002e-010  0.003812501
1.80000002e-010   0.01438281
1.85000002e-010  0.003632813
1.90000003e-010   0.01446875
1.95000003e-010        0.003
2.00000003e-010   0.01519531
2.05000003e-010  0.004164063
2.10000003e-010   0.01636719
2.15000003e-010  0.007070313
2.20000003e-010   0.01754688
2.25000003e-010  0.007718751
2.30000003e-010   0.01797656
2.35000003e-010  0.008867188
2.40000003e-010        0.019
2.45000003e-010    0.0101875
2.50000003e-010   0.02032031
2.55000003e-010   0.01139063
2.60000003e-010   0.02194531
2.65000004e-010   0.01190625
2.70000004e-010   0.02234375
2.75000004e-010   0.01116406
2.80000004e-010        0.023
2.85000004e-010   0.01098438
2.90000004e-010   0.02325781
2.95000004e-010    0.0108125
3.00000004e-010   0.02295313
3.05000004e-010    0.0105625
3.10000004e-010   0.02289844
3.15000004e-010        0.011
3.20000004e-010   0.02221094
3.25000004e-010        0.011
3.30000004e-010   0.02120313
3.35000004e-010     0.010625
3.40000005e-010    0.0213125
3.45000005e-010  0.009609376
3.50000005e-010     0.021375
3.55000005e-010  0.008679688
3.60000005e-010        0.021
3.65000005e-010  0.008843751
3.70000005e-010   0.02020313
3.75000005e-010  0.007984376
3.80000005e-010   0.02099219
3.85000005e-010  0.007000001
3.90000005e-010        0.021
3.95000005e-010  0.006875001
4.00000005e-010   0.01992969
4.05000005e-010  0.006617188
4.10000005e-010   0.01871875
4.15000006e-010  0.006687501
4.20000006e-010     0.017625
4.25000006e-010  0.006929688
4.30000006e-010    0.0164375
4.35000006e-010  0.006359376
4.40000006e-010     0.017125
4.45000006e-010  0.005000001
4.50000006e-010        0.017
4.55000006e-010  0.004187501
4.60000006e-010   0.01688281
4.65000006e-010  0.004679688
4.70000006e-010        0.017
4.75000006e-010  0.005296876
4.80000006e-010    0.0160625
4.85000006e-010  0.004804688
4.90000007e-010   0.01517969
4.95000007e-010  0.003601563
5.00000007e-010   0.01497656
5.05000007e-010  0.002703125
5.10000007e-010        0.015
5.15000007e-010  0.003109375
5.20000007e-010   0.01519531
5.25000007e-010  0.004546876
5.30000007e-010        0.015
5.35000007e-010  0.005085938
5.40000007e-010   0.01553906
5.45000007e-010  0.006000001
5.50000007e-010   0.01621094
5.55000007e-010  0.006187501
5.60000007e-010   0.01632813
5.65000008e-010  0.005359376
5.70000008e-010   0.01599219
5.75000008e-010  0.004968751
5.80000008e-010   0.01536719
5.85000008e-010  0.005640626
5.90000008e-010   0.01551563
5.95000008e-010  0.006554688
6.00000008e-010   0.01544531
6.05000008e-010  0.006671876
6.10000008e-010   0.01513281
6.15000008e-010  0.006921876
6.20000008e-010   0.01571875
6.25000008e-010  0.006859376
6.30000008e-010   0.01680469
6.35000008e-010  0.007148438
6.40000009e-010   0.01690625
6.45000009e-010  0.005945313
6.50000009e-010   0.01696094
6.55000009e-010  0.005015626
6.60000009e-010   0.01708594
6.65000009e-010  0.005000001
6.70000009e-010   0.01701563
6.75000009e-010  0.006062501
6.80000009e-010        0.017
6.85000009e-010  0.007468751
6.90000009e-010    0.0173125
6.95000009e-010  0.007000001
7.00000009e-010   0.01739844
7.05000009e-010  0.006656251
7.10000009e-010   0.01766406
7.1500001e-010  0.007109376
7.2000001e-010   0.01730469
7.2500001e-010  0.008156251
7.3000001e-010   0.01710156
7.3500001e-010  0.007562501
7.4000001e-010   0.01788281
7.4500001e-010  0.006804688
7.5000001e-010   0.01832031
7.5500001e-010  0.006601563
7.6000001e-010   0.01828906
7.6500001e-010  0.006585938
7.7000001e-010   0.01782031
7.7500001e-010  0.007734376
7.8000001e-010    0.0174375
7.8500001e-010  0.007757813
7.90000011e-010   0.01735938
7.95000011e-010  0.007437501
8.00000011e-010   0.01764844
8.05000011e-010  0.007640626
8.10000011e-010   0.01829688
8.15000011e-010  0.008406251
8.20000011e-010   0.01903125
8.25000011e-010  0.009000001
8.30000011e-010   0.02059375
8.35000011e-010  0.009625001
8.40000011e-010   0.02107031
8.45000011e-010    0.0105625
8.50000011e-010   0.02253906
8.55000011e-010   0.01097656
8.60000011e-010        0.023
8.65000012e-010   0.01128125
8.70000012e-010   0.02209375
8.75000012e-010   0.01082031
8.80000012e-010   0.02028906
8.85000012e-010   0.01114063
8.90000012e-010   0.02064844
8.95000012e-010   0.01182813
9.00000012e-010   0.02098438
9.05000012e-010   0.01236719
9.10000012e-010   0.02104688
9.15000012e-010   0.01267969
9.20000012e-010   0.02090625
9.25000012e-010   0.01270313
9.30000012e-010   0.02017969
9.35000012e-010   0.01239063
9.40000013e-010   0.02067969
9.45000013e-010   0.01203906
9.50000013e-010   0.02115625
9.55000013e-010   0.01125781
9.60000013e-010   0.02053125
9.65000013e-010   0.01077344
9.70000013e-010   0.02046875
9.75000013e-010   0.01067188
9.80000013e-010   0.02127344
9.85000013e-010        0.011
9.90000013e-010   0.02130469
9.95000013e-010   0.01002344
1.00000001e-009        0.021
1.00500001e-009  0.009000001
1.01000001e-009   0.02085156
1.01500001e-009  0.008726563
1.02000001e-009    0.0201875
1.02500001e-009  0.009164063
1.03000001e-009   0.01957031
1.03500001e-009   0.01019531
1.04000001e-009   0.02073438
1.04500001e-009   0.01059375
1.05000001e-009   0.02097656
1.05500001e-009   0.01039063
1.06000001e-009   0.02027344
1.06500001e-009  0.009406251
1.07000001e-009   0.01916406
1.07500001e-009  0.008601563
1.08000001e-009   0.01955469
1.08500001e-009  0.008257813
1.09000001e-009   0.02014844
1.09500001e-009  0.007554688
1.10000001e-009   0.02000781
1.10500001e-009  0.006789063
1.11000001e-009   0.01949219
1.11500001e-009  0.006789063
1.12000001e-009   0.02008594
1.12500002e-009  0.007554688
1.13000002e-009    0.0199375
1.13500002e-009  0.009000001
1.14000002e-009   0.02102344
1.14500002e-009  0.009000001
1.15000002e-009    0.0214375
1.15500002e-009  0.009460938
1.16000002e-009        0.021
1.16500002e-009   0.01034375
1.17000002e-009   0.01980469
1.17500002e-009        0.011
1.18000002e-009   0.01986719
1.18500002e-009        0.011
1.19000002e-009   0.01953906
1.19500002e-009   0.01114063
1.20000002e-009   0.02007813
1.20500002e-009   0.01104688
1.21000002e-009   0.02078125
1.21500002e-009  0.009492188
1.22000002e-009     0.021125
1.22500002e-009  0.008867188
1.23000002e-009        0.021
1.23500002e-009  0.008531251
1.24000002e-009   0.02042188
1.24500002e-009  0.008937501
1.25000002e-009   0.01977344
