-2.49000003e-009 -0.009226563
-2.48000003e-009 -0.009257813
-2.47000003e-009 -0.009257813
-2.46000003e-009 -0.009320313
-2.45000003e-009 -0.009273438
-2.44000003e-009 -0.009289063
-2.43000003e-009 -0.009242188
-2.42000003e-009 -0.009210938
-2.41000003e-009 -0.009140625
-2.40000003e-009 -0.009085938
-2.39000003e-009 -0.009023438
-2.38000003e-009 -0.008953125
-2.37000003e-009 -0.008976563
-2.36000003e-009 -0.008945313
-2.35000003e-009 -0.008945313
-2.34000003e-009 -0.008960938
-2.33000003e-009 -0.008921875
-2.32000003e-009 -0.008867188
-2.31000003e-009 -0.008789063
-2.30000003e-009 -0.008671875
-2.29000003e-009    -0.008625
-2.28000003e-009  -0.00853125
-2.27000003e-009      -0.0085
-2.26000003e-009      -0.0085
-2.25000003e-009   -0.0085625
-2.24000003e-009 -0.008609375
-2.23000003e-009 -0.008710938
-2.22000003e-009 -0.008703125
-2.21000003e-009 -0.008640625
-2.20000003e-009 -0.008554688
-2.19000003e-009 -0.008390625
-2.18000003e-009  -0.00821875
-2.17000003e-009 -0.008085938
-2.16000003e-009 -0.007976563
-2.15000003e-009 -0.007945313
-2.14000003e-009 -0.007992188
-2.13000003e-009 -0.008085938
-2.12000003e-009 -0.008257813
-2.11000003e-009 -0.008351563
-2.10000003e-009 -0.008414063
-2.09000003e-009 -0.008382813
-2.08000003e-009 -0.008242188
-2.07000003e-009 -0.008046875
-2.06000003e-009 -0.007867188
-2.05000003e-009   -0.0076875
-2.04000003e-009  -0.00753125
-2.03000003e-009 -0.007460938
-2.02000003e-009 -0.007398438
-2.01000003e-009 -0.007335937
-2.00000003e-009   -0.0073125
-1.99000003e-009  -0.00721875
-1.98000003e-009 -0.007085937
-1.97000003e-009 -0.006960937
-1.96000003e-009   -0.0068125
-1.95000003e-009 -0.006734375
-1.94000003e-009 -0.006648437
-1.93000003e-009 -0.006640625
-1.92000003e-009 -0.006648437
-1.91000003e-009 -0.006648437
-1.90000003e-009    -0.006625
-1.89000003e-009  -0.00659375
-1.88000003e-009 -0.006523437
-1.87000002e-009 -0.006445312
-1.86000002e-009 -0.006390625
-1.85000002e-009 -0.006367187
-1.84000002e-009 -0.006359375
-1.83000002e-009    -0.006375
-1.82000002e-009 -0.006390625
-1.81000002e-009 -0.006328125
-1.80000002e-009 -0.006203125
-1.79000002e-009 -0.006046875
-1.78000002e-009 -0.005851562
-1.77000002e-009 -0.005648437
-1.76000002e-009 -0.005429687
-1.75000002e-009   -0.0053125
-1.74000002e-009     -0.00525
-1.73000002e-009 -0.005265625
-1.72000002e-009 -0.005289062
-1.71000002e-009 -0.005304687
-1.70000002e-009 -0.005296875
-1.69000002e-009 -0.005242187
-1.68000002e-009    -0.005125
-1.67000002e-009 -0.004992187
-1.66000002e-009 -0.004835937
-1.65000002e-009 -0.004679687
-1.64000002e-009  -0.00453125
-1.63000002e-009    -0.004375
-1.62000002e-009 -0.004289062
-1.61000002e-009 -0.004171875
-1.60000002e-009  -0.00415625
-1.59000002e-009 -0.004085937
-1.58000002e-009 -0.004085937
-1.57000002e-009  -0.00409375
-1.56000002e-009 -0.004085937
-1.55000002e-009 -0.004101562
-1.54000002e-009 -0.004101562
-1.53000002e-009  -0.00403125
-1.52000002e-009 -0.003953125
-1.51000002e-009  -0.00378125
-1.50000002e-009  -0.00359375
-1.49000002e-009 -0.003398437
-1.48000002e-009  -0.00321875
-1.47000002e-009 -0.003140625
-1.46000002e-009  -0.00309375
-1.45000002e-009 -0.003148437
-1.44000002e-009 -0.003257812
-1.43000002e-009 -0.003421875
-1.42000002e-009 -0.003546875
-1.41000002e-009 -0.003609375
-1.40000002e-009 -0.003585937
-1.39000002e-009  -0.00346875
-1.38000002e-009 -0.003320312
-1.37000002e-009 -0.003148437
-1.36000002e-009  -0.00303125
-1.35000002e-009 -0.002929687
-1.34000002e-009 -0.002929687
-1.33000002e-009 -0.002984375
-1.32000002e-009   -0.0030625
-1.31000002e-009 -0.003140625
-1.30000002e-009  -0.00315625
-1.29000002e-009 -0.003070312
-1.28000002e-009 -0.002960937
-1.27000002e-009    -0.002875
-1.26000002e-009 -0.002726562
-1.25000002e-009 -0.002648437
-1.24000002e-009   -0.0025625
-1.23000002e-009  -0.00259375
-1.22000002e-009 -0.002585937
-1.21000002e-009 -0.002632812
-1.20000002e-009 -0.002601562
-1.19000002e-009   -0.0025625
-1.18000002e-009 -0.002484375
-1.17000002e-009 -0.002390625
-1.16000002e-009  -0.00228125
-1.15000002e-009 -0.002242187
-1.14000002e-009 -0.002226562
-1.13000002e-009  -0.00228125
-1.12000001e-009 -0.002335937
-1.11000001e-009   -0.0024375
-1.10000001e-009 -0.002539062
-1.09000001e-009 -0.002578125
-1.08000001e-009 -0.002570312
-1.07000001e-009 -0.002601562
-1.06000001e-009 -0.002632812
-1.05000001e-009 -0.002703125
-1.04000001e-009 -0.002765625
-1.03000001e-009  -0.00290625
-1.02000001e-009 -0.002984375
-1.01000001e-009 -0.003039062
-1.00000001e-009  -0.00303125
-9.90000013e-010 -0.002953125
-9.80000013e-010 -0.002835937
-9.70000013e-010  -0.00271875
-9.60000013e-010    -0.002625
-9.50000013e-010 -0.002578125
-9.40000013e-010 -0.002578125
-9.30000012e-010 -0.002632812
-9.20000012e-010 -0.002726562
-9.10000012e-010 -0.002828125
-9.00000012e-010 -0.002882812
-8.90000012e-010 -0.002960937
-8.80000012e-010 -0.002960937
-8.70000012e-010 -0.002960937
-8.60000011e-010  -0.00290625
-8.50000011e-010    -0.002875
-8.40000011e-010 -0.002828125
-8.30000011e-010  -0.00278125
-8.20000011e-010 -0.002773437
-8.10000011e-010 -0.002796875
-8.00000011e-010 -0.002828125
-7.90000011e-010 -0.002929687
-7.8000001e-010       -0.003
-7.7000001e-010 -0.003109375
-7.6000001e-010  -0.00321875
-7.5000001e-010 -0.003328125
-7.4000001e-010 -0.003414062
-7.3000001e-010 -0.003476562
-7.2000001e-010 -0.003640625
-7.10000009e-010   -0.0038125
-7.00000009e-010 -0.004078125
-6.90000009e-010 -0.004351562
-6.80000009e-010 -0.004695312
-6.70000009e-010 -0.005046875
-6.60000009e-010  -0.00553125
-6.50000009e-010       -0.006
-6.40000009e-010      -0.0065
-6.30000008e-010 -0.007007812
-6.20000008e-010  -0.00765625
-6.10000008e-010  -0.00846875
-6.00000008e-010 -0.009492188
-5.90000008e-010  -0.01070313
-5.80000008e-010  -0.01222656
-5.70000008e-010  -0.01408594
-5.60000007e-010  -0.01639844
-5.50000007e-010  -0.01914063
-5.40000007e-010  -0.02233594
-5.30000007e-010  -0.02598438
-5.20000007e-010  -0.03025781
-5.10000007e-010  -0.03510156
-5.00000007e-010  -0.04045313
-4.90000007e-010  -0.04629688
-4.80000006e-010  -0.05257031
-4.70000006e-010  -0.05927344
-4.60000006e-010  -0.06633594
-4.50000006e-010  -0.07370313
-4.40000006e-010  -0.08126563
-4.30000006e-010   -0.0889375
-4.20000006e-010  -0.09657813
-4.10000005e-010   -0.1040547
-4.00000005e-010   -0.1111719
-3.90000005e-010   -0.1178203
-3.80000005e-010   -0.1238203
-3.70000005e-010   -0.1289297
-3.60000005e-010   -0.1331563
-3.50000005e-010   -0.1365781
-3.40000005e-010   -0.1391641
-3.30000004e-010   -0.1410313
-3.20000004e-010   -0.1420781
-3.10000004e-010   -0.1424844
-3.00000004e-010    -0.142375
-2.90000004e-010   -0.1418438
-2.80000004e-010   -0.1409531
-2.70000004e-010   -0.1395781
-2.60000003e-010   -0.1378516
-2.50000003e-010   -0.1358438
-2.40000003e-010   -0.1337422
-2.30000003e-010   -0.1314922
-2.20000003e-010   -0.1289453
-2.10000003e-010   -0.1261875
-2.00000003e-010   -0.1232344
-1.90000003e-010   -0.1200313
-1.80000002e-010   -0.1165234
-1.70000002e-010   -0.1125938
-1.60000002e-010   -0.1081094
-1.50000002e-010     -0.10325
-1.40000002e-010  -0.09801563
-1.30000002e-010  -0.09245313
-1.20000002e-010  -0.08652344
-1.10000001e-010  -0.08026563
-1.00000001e-010  -0.07375782
-9.00000012e-011  -0.06696875
-8.00000011e-011  -0.05997656
-7.00000009e-011  -0.05276563
-6.00000008e-011  -0.04542188
-5.00000007e-011  -0.03810156
-4.00000005e-011  -0.03094531
-3.00000004e-011  -0.02408594
-2.00000003e-011     -0.01775
-1.00000001e-011  -0.01209375
           0 -0.007046875
1.00000001e-011 -0.002632812
2.00000003e-011     0.001125
3.00000004e-011  0.004257813
4.00000005e-011  0.006804688
5.00000007e-011  0.008929688
6.00000008e-011   0.01060156
7.00000009e-011     0.011875
8.00000011e-011   0.01257813
9.00000012e-011   0.01286719
1.00000001e-010   0.01284375
1.10000001e-010   0.01254688
1.20000002e-010   0.01207813
1.30000002e-010   0.01145313
1.40000002e-010   0.01082813
1.50000002e-010   0.01028906
1.60000002e-010  0.009875001
1.70000002e-010  0.009625001
1.80000002e-010  0.009414063
1.90000003e-010  0.009328126
2.00000003e-010  0.009382813
2.10000003e-010  0.009609376
2.20000003e-010   0.01003125
2.30000003e-010     0.010625
2.40000003e-010   0.01140625
2.50000003e-010   0.01235938
2.60000003e-010   0.01335156
2.70000004e-010   0.01435156
2.80000004e-010   0.01524219
2.90000004e-010   0.01594531
3.00000004e-010       0.0165
3.10000004e-010   0.01689063
3.20000004e-010   0.01716406
3.30000004e-010   0.01729688
3.40000005e-010   0.01738281
3.50000005e-010    0.0174375
3.60000005e-010   0.01739844
3.70000005e-010   0.01724219
3.80000005e-010    0.0169375
3.90000005e-010    0.0164375
4.00000005e-010   0.01578125
4.10000005e-010   0.01499219
4.20000006e-010   0.01416406
4.30000006e-010    0.0133125
4.40000006e-010   0.01254688
4.50000006e-010   0.01185938
4.60000006e-010   0.01122656
4.70000006e-010   0.01066406
4.80000006e-010   0.01014063
4.90000007e-010  0.009679688
5.00000007e-010  0.009226563
5.10000007e-010  0.008882813
5.20000007e-010  0.008632813
5.30000007e-010  0.008492188
5.40000007e-010  0.008476563
5.50000007e-010  0.008570313
5.60000007e-010  0.008734376
5.70000008e-010  0.009023438
5.80000008e-010  0.009359376
5.90000008e-010  0.009750001
6.00000008e-010   0.01014844
6.10000008e-010   0.01059375
6.20000008e-010   0.01105469
6.30000008e-010    0.0114375
6.40000009e-010   0.01182031
6.50000009e-010    0.0120625
6.60000009e-010   0.01223438
6.70000009e-010   0.01228125
6.80000009e-010   0.01227344
6.90000009e-010   0.01220313
7.00000009e-010   0.01215625
7.10000009e-010   0.01217188
7.2000001e-010   0.01216406
7.3000001e-010   0.01221875
7.4000001e-010   0.01228125
7.5000001e-010   0.01235938
7.6000001e-010   0.01236719
7.7000001e-010    0.0124375
7.8000001e-010   0.01245313
7.90000011e-010   0.01251563
8.00000011e-010   0.01264063
8.10000011e-010   0.01283594
8.20000011e-010   0.01310156
8.30000011e-010   0.01342188
8.40000011e-010   0.01378906
8.50000011e-010    0.0141875
8.60000011e-010   0.01459375
8.70000012e-010   0.01499219
8.80000012e-010   0.01535156
8.90000012e-010   0.01564844
9.00000012e-010   0.01598438
9.10000012e-010   0.01624219
9.20000012e-010   0.01648438
9.30000012e-010   0.01667188
9.40000013e-010   0.01676563
9.50000013e-010   0.01684375
9.60000013e-010   0.01683594
9.70000013e-010   0.01679688
9.80000013e-010   0.01667969
9.90000013e-010   0.01657031
1.00000001e-009    0.0164375
1.01000001e-009    0.0163125
1.02000001e-009   0.01621094
1.03000001e-009   0.01609375
1.04000001e-009        0.016
1.05000001e-009   0.01590625
1.06000001e-009   0.01582031
1.07000001e-009   0.01569531
1.08000001e-009   0.01555469
1.09000001e-009   0.01544531
1.10000001e-009   0.01535156
1.11000001e-009   0.01528125
1.12000001e-009   0.01528125
1.13000002e-009   0.01532813
1.14000002e-009   0.01542969
1.15000002e-009   0.01560156
1.16000002e-009   0.01577344
1.17000002e-009   0.01595313
1.18000002e-009   0.01611719
1.19000002e-009   0.01617969
1.20000002e-009   0.01624219
1.21000002e-009   0.01625781
1.22000002e-009   0.01623438
1.23000002e-009   0.01622656
1.24000002e-009   0.01620313
1.25000002e-009   0.01615625
1.26000002e-009   0.01610156
1.27000002e-009   0.01610156
1.28000002e-009   0.01603906
1.29000002e-009   0.01605469
1.30000002e-009   0.01605469
1.31000002e-009   0.01604688
1.32000002e-009   0.01603906
1.33000002e-009   0.01607031
1.34000002e-009   0.01604688
1.35000002e-009   0.01603125
1.36000002e-009   0.01596875
1.37000002e-009    0.0159375
1.38000002e-009   0.01590625
1.39000002e-009    0.0159375
1.40000002e-009   0.01595313
1.41000002e-009   0.01604688
1.42000002e-009   0.01613281
1.43000002e-009   0.01624219
1.44000002e-009   0.01633594
1.45000002e-009   0.01639063
1.46000002e-009   0.01639844
1.47000002e-009   0.01632813
1.48000002e-009   0.01628125
1.49000002e-009   0.01617969
1.50000002e-009   0.01610938
1.51000002e-009   0.01604688
1.52000002e-009   0.01599219
1.53000002e-009   0.01595313
1.54000002e-009   0.01591406
1.55000002e-009   0.01582031
1.56000002e-009   0.01575781
1.57000002e-009   0.01564844
1.58000002e-009       0.0155
1.59000002e-009   0.01535938
1.60000002e-009   0.01521875
1.61000002e-009   0.01505469
1.62000002e-009   0.01492969
1.63000002e-009   0.01482813
1.64000002e-009   0.01473438
1.65000002e-009   0.01467188
1.66000002e-009   0.01461719
1.67000002e-009   0.01460156
1.68000002e-009   0.01460156
1.69000002e-009   0.01460156
1.70000002e-009   0.01459375
1.71000002e-009   0.01459375
1.72000002e-009    0.0145625
1.73000002e-009       0.0145
1.74000002e-009   0.01446094
1.75000002e-009   0.01435938
1.76000002e-009   0.01432813
1.77000002e-009   0.01425781
1.78000002e-009   0.01422656
1.79000002e-009   0.01421094
1.80000002e-009   0.01421094
1.81000002e-009   0.01421875
1.82000002e-009   0.01423438
1.83000002e-009   0.01421875
1.84000002e-009   0.01419531
1.85000002e-009    0.0141875
1.86000002e-009   0.01415625
1.87000002e-009   0.01414063
1.88000003e-009     0.014125
1.89000003e-009     0.014125
1.90000003e-009   0.01414063
1.91000003e-009     0.014125
1.92000003e-009   0.01410156
1.93000003e-009    0.0140625
1.94000003e-009   0.01396875
1.95000003e-009   0.01391406
1.96000003e-009   0.01379688
1.97000003e-009   0.01367969
1.98000003e-009    0.0135625
1.99000003e-009   0.01350781
2.00000003e-009   0.01350781
2.01000003e-009   0.01353906
2.02000003e-009   0.01360938
2.03000003e-009   0.01369531
2.04000003e-009   0.01375781
2.05000003e-009   0.01379688
2.06000003e-009   0.01374219
2.07000003e-009   0.01373438
2.08000003e-009   0.01366406
2.09000003e-009   0.01364063
2.10000003e-009   0.01361719
2.11000003e-009   0.01366406
2.12000003e-009     0.013625
2.13000003e-009   0.01361719
2.14000003e-009   0.01353906
2.15000003e-009   0.01344531
2.16000003e-009   0.01332813
2.17000003e-009   0.01322656
2.18000003e-009    0.0130625
2.19000003e-009   0.01300781
2.20000003e-009   0.01304688
2.21000003e-009   0.01315625
2.22000003e-009    0.0133125
2.23000003e-009   0.01341406
2.24000003e-009   0.01349219
2.25000003e-009   0.01353125
2.26000003e-009   0.01350781
2.27000003e-009     0.013375
2.28000003e-009   0.01321094
2.29000003e-009   0.01305469
2.30000003e-009   0.01292969
2.31000003e-009     0.012875
2.32000003e-009   0.01282813
2.33000003e-009   0.01285156
2.34000003e-009   0.01290625
2.35000003e-009   0.01297656
2.36000003e-009   0.01303906
2.37000003e-009   0.01305469
2.38000003e-009   0.01305469
2.39000003e-009   0.01296875
2.40000003e-009   0.01284375
2.41000003e-009   0.01272656
2.42000003e-009    0.0125625
2.43000003e-009   0.01233594
2.44000003e-009      0.01225
2.45000003e-009   0.01210938
2.46000003e-009   0.01204688
2.47000003e-009   0.01201563
2.48000003e-009   0.01199219
2.49000003e-009   0.01200781
2.50000003e-009   0.01201563
