-4.98000007e-009 -0.0003828122
-4.96000007e-009 -0.0005078122
-4.94000007e-009 -0.0005859372
-4.92000007e-009 -0.0004921872
-4.90000007e-009 -0.0003515622
-4.88000007e-009 -0.0004062497
-4.86000006e-009 -0.0006171872
-4.84000006e-009 -0.0006640622
-4.82000006e-009 -0.0004374997
-4.80000006e-009 -0.0001640622
-4.78000006e-009 -0.0002421872
-4.76000006e-009 -0.0004999997
-4.74000006e-009 -0.0006249997
-4.72000006e-009 -0.0004687497
-4.70000006e-009 -0.0002187497
-4.68000006e-009 -0.0002421872
-4.66000006e-009 -0.0005078122
-4.64000006e-009 -0.0006328122
-4.62000006e-009 -0.0005703122
-4.60000006e-009 -0.0003359372
-4.58000006e-009 -0.0002968747
-4.56000006e-009 -0.0004140622
-4.54000006e-009 -0.0005156247
-4.52000006e-009 -0.0005937497
-4.50000006e-009 -0.0006328122
-4.48000006e-009 -0.0005937497
-4.46000006e-009 -0.0004999997
-4.44000006e-009 -0.0003046872
-4.42000006e-009 -0.0002421872
-4.40000006e-009 -0.0003359372
-4.38000006e-009 -0.0005390622
-4.36000006e-009 -0.0006796872
-4.34000006e-009 -0.0006796872
-4.32000006e-009 -0.0005468747
-4.30000006e-009 -0.0004062497
-4.28000006e-009 -0.0003671872
-4.26000006e-009 -0.0004453122
-4.24000006e-009 -0.0005703122
-4.22000006e-009 -0.0006015622
-4.20000006e-009 -0.0006328122
-4.18000006e-009 -0.0005781247
-4.16000006e-009 -0.0004453122
-4.14000006e-009 -0.0003749997
-4.12000006e-009 -0.0004765622
-4.10000005e-009 -0.0006796872
-4.08000005e-009 -0.0007656247
-4.06000005e-009 -0.0005781247
-4.04000005e-009 -0.0003281247
-4.02000005e-009 -0.0003437497
-4.00000005e-009 -0.0006953122
-3.98000005e-009 -0.0009687497
-3.96000005e-009 -0.0009921872
-3.94000005e-009 -0.0006953122
-3.92000005e-009 -0.0004765622
-3.90000005e-009 -0.0004843747
-3.88000005e-009 -0.0007031247
-3.86000005e-009 -0.0008437497
-3.84000005e-009 -0.0009062497
-3.82000005e-009 -0.0008593747
-3.80000005e-009 -0.0007968747
-3.78000005e-009 -0.0007265622
-3.76000005e-009 -0.0007031247
-3.74000005e-009 -0.0006953122
-3.72000005e-009 -0.0007031247
-3.70000005e-009 -0.0007421872
-3.68000005e-009 -0.0007109372
-3.66000005e-009 -0.0005390622
-3.64000005e-009 -0.0004374997
-3.62000005e-009 -0.0004843747
-3.60000005e-009 -0.0006249997
-3.58000005e-009 -0.0007734372
-3.56000005e-009 -0.0006718747
-3.54000005e-009 -0.0003984372
-3.52000005e-009 -0.0001249997
-3.50000005e-009 -0.0001640622
-3.48000005e-009 -0.0004140622
-3.46000005e-009 -0.0005937497
-3.44000005e-009 -0.0006171872
-3.42000005e-009 -0.0004921872
-3.40000005e-009 -0.0005234372
-3.38000005e-009 -0.0007421872
-3.36000004e-009 -0.001023437
-3.34000004e-009 -0.001171875
-3.32000004e-009 -0.001179687
-3.30000004e-009 -0.001257812
-3.28000004e-009 -0.001460937
-3.26000004e-009   -0.0016875
-3.24000004e-009 -0.001859375
-3.22000004e-009 -0.002015625
-3.20000004e-009 -0.002171875
-3.18000004e-009 -0.002367187
-3.16000004e-009 -0.002632812
-3.14000004e-009 -0.002984375
-3.12000004e-009 -0.003484375
-3.10000004e-009   -0.0040625
-3.08000004e-009 -0.004585937
-3.06000004e-009 -0.004914062
-3.04000004e-009 -0.005046875
-3.02000004e-009 -0.005070312
-3.00000004e-009  -0.00515625
-2.98000004e-009 -0.005460937
-2.96000004e-009 -0.005882812
-2.94000004e-009 -0.006289062
-2.92000004e-009    -0.006625
-2.90000004e-009  -0.00684375
-2.88000004e-009 -0.007039062
-2.86000004e-009 -0.007296875
-2.84000004e-009 -0.007484375
-2.82000004e-009 -0.007648438
-2.80000004e-009 -0.007789063
-2.78000004e-009  -0.00796875
-2.76000004e-009 -0.008234375
-2.74000004e-009 -0.008460938
-2.72000004e-009 -0.008640625
-2.70000004e-009 -0.008796875
-2.68000004e-009  -0.00896875
-2.66000004e-009 -0.009085938
-2.64000004e-009 -0.009109375
-2.62000003e-009 -0.009046875
-2.60000003e-009 -0.008976563
-2.58000003e-009    -0.009125
-2.56000003e-009 -0.009421875
-2.54000003e-009 -0.009664063
-2.52000003e-009 -0.009742188
-2.50000003e-009 -0.009726563
-2.48000003e-009  -0.00959375
-2.46000003e-009 -0.009421875
-2.44000003e-009    -0.009125
-2.42000003e-009  -0.00890625
-2.40000003e-009 -0.008921875
-2.38000003e-009  -0.00915625
-2.36000003e-009   -0.0093125
-2.34000003e-009 -0.009296875
-2.32000003e-009 -0.009117188
-2.30000003e-009   -0.0089375
-2.28000003e-009   -0.0088125
-2.26000003e-009 -0.008664063
-2.24000003e-009   -0.0085625
-2.22000003e-009 -0.008507813
-2.20000003e-009      -0.0085
-2.18000003e-009 -0.008539063
-2.16000003e-009  -0.00853125
-2.14000003e-009 -0.008453125
-2.12000003e-009   -0.0083125
-2.10000003e-009   -0.0080625
-2.08000003e-009 -0.007710938
-2.06000003e-009 -0.007414063
-2.04000003e-009 -0.007273437
-2.02000003e-009 -0.007296875
-2.00000003e-009    -0.007375
-1.98000003e-009 -0.007289062
-1.96000003e-009 -0.007046875
-1.94000003e-009 -0.006820312
-1.92000003e-009 -0.006664062
-1.90000003e-009 -0.006703125
-1.88000003e-009  -0.00684375
-1.86000002e-009 -0.006914062
-1.84000002e-009     -0.00675
-1.82000002e-009 -0.006351562
-1.80000002e-009 -0.005984375
-1.78000002e-009  -0.00578125
-1.76000002e-009 -0.005828125
-1.74000002e-009 -0.005921875
-1.72000002e-009 -0.005851562
-1.70000002e-009    -0.005625
-1.68000002e-009 -0.005242187
-1.66000002e-009 -0.004835937
-1.64000002e-009 -0.004546875
-1.62000002e-009 -0.004398437
-1.60000002e-009  -0.00428125
-1.58000002e-009 -0.004257812
-1.56000002e-009 -0.004257812
-1.54000002e-009 -0.004296875
-1.52000002e-009 -0.004179687
-1.50000002e-009 -0.003945312
-1.48000002e-009 -0.003789062
-1.46000002e-009 -0.003695312
-1.44000002e-009 -0.003765625
-1.42000002e-009 -0.003710937
-1.40000002e-009  -0.00346875
-1.38000002e-009 -0.003195312
-1.36000002e-009 -0.003117187
-1.34000002e-009 -0.003210937
-1.32000002e-009 -0.003296875
-1.30000002e-009  -0.00321875
-1.28000002e-009 -0.003023437
-1.26000002e-009    -0.002875
-1.24000002e-009 -0.002851562
-1.22000002e-009 -0.002867187
-1.20000002e-009 -0.002859375
-1.18000002e-009 -0.002695312
-1.16000002e-009  -0.00253125
-1.14000002e-009 -0.002460937
-1.12000001e-009 -0.002476562
-1.10000001e-009 -0.002515625
-1.08000001e-009 -0.002546875
-1.06000001e-009 -0.002539062
-1.04000001e-009 -0.002554687
-1.02000001e-009 -0.002539062
-1.00000001e-009      -0.0025
-9.80000013e-010 -0.002539062
-9.60000013e-010 -0.002679687
-9.40000013e-010 -0.002953125
-9.20000012e-010  -0.00321875
-9.00000012e-010 -0.003335937
-8.80000012e-010 -0.003171875
-8.60000011e-010 -0.002914062
-8.40000011e-010 -0.002796875
-8.20000011e-010 -0.002960937
-8.00000011e-010 -0.003226562
-7.8000001e-010 -0.003445312
-7.6000001e-010 -0.003429687
-7.4000001e-010 -0.003351562
-7.2000001e-010 -0.003523437
-7.00000009e-010  -0.00396875
-6.80000009e-010     -0.00475
-6.60000009e-010   -0.0054375
-6.40000009e-010 -0.005898437
-6.20000008e-010 -0.006679687
-6.00000008e-010 -0.007765625
-5.80000008e-010  -0.01020313
-5.60000007e-010   -0.0136875
-5.40000007e-010  -0.01839844
-5.20000007e-010  -0.02503906
-5.00000007e-010  -0.03342188
-4.80000006e-010  -0.04414063
-4.60000006e-010    -0.056875
-4.40000006e-010     -0.07125
-4.20000006e-010  -0.08670313
-4.00000005e-010   -0.1021953
-3.80000005e-010   -0.1160625
-3.60000005e-010      -0.1275
-3.40000005e-010   -0.1353125
-3.20000004e-010   -0.1393828
-3.00000004e-010   -0.1408828
-2.80000004e-010   -0.1396094
-2.60000003e-010   -0.1372734
-2.40000003e-010   -0.1338281
-2.20000003e-010   -0.1294141
-2.00000003e-010   -0.1250078
-1.80000002e-010   -0.1196016
-1.60000002e-010   -0.1133359
-1.40000002e-010   -0.1052891
-1.20000002e-010  -0.09475782
-1.00000001e-010  -0.08260157
-8.00000011e-011  -0.06895313
-6.00000008e-011  -0.05438281
-4.00000005e-011  -0.03966406
-2.00000003e-011    -0.025625
           0  -0.01332813
2.00000003e-011 -0.003859375
4.00000005e-011  0.003210938
6.00000008e-011  0.007914063
8.00000011e-011   0.01051563
1.00000001e-010   0.01158594
1.20000002e-010   0.01102344
1.40000002e-010   0.01008594
1.60000002e-010  0.008937501
1.80000002e-010  0.008218751
2.00000003e-010  0.008195313
2.20000003e-010  0.008679688
2.40000003e-010  0.009773438
2.60000003e-010   0.01132813
2.80000004e-010     0.013125
3.00000004e-010   0.01496875
3.20000004e-010   0.01638281
3.40000005e-010   0.01704688
3.60000005e-010   0.01705469
3.80000005e-010   0.01649219
4.00000005e-010   0.01560156
4.20000006e-010    0.0144375
4.40000006e-010   0.01320313
4.60000006e-010   0.01204688
4.80000006e-010   0.01111719
5.00000007e-010   0.01035156
5.20000007e-010  0.009742188
5.40000007e-010  0.009320313
5.60000007e-010  0.009234376
5.80000008e-010  0.009523438
6.00000008e-010   0.01008594
6.20000008e-010   0.01075781
6.40000009e-010   0.01123438
6.60000009e-010     0.011375
6.80000009e-010    0.0113125
7.00000009e-010   0.01127344
7.2000001e-010   0.01158594
7.4000001e-010   0.01205469
7.6000001e-010   0.01233594
7.8000001e-010   0.01232813
8.00000011e-010   0.01228906
8.20000011e-010   0.01259375
8.40000011e-010   0.01324219
8.60000011e-010   0.01391406
8.80000012e-010   0.01439063
9.00000012e-010   0.01476563
9.20000012e-010   0.01513281
9.40000013e-010    0.0155625
9.60000013e-010   0.01586719
9.80000013e-010        0.016
1.00000001e-009    0.0160625
1.02000001e-009   0.01608594
1.04000001e-009   0.01598438
1.06000001e-009   0.01566406
1.08000001e-009   0.01510938
1.10000001e-009   0.01471094
1.12000001e-009   0.01460938
1.14000002e-009   0.01486719
1.16000002e-009   0.01521875
1.18000002e-009   0.01532031
1.20000002e-009     0.015125
1.22000002e-009   0.01501563
1.24000002e-009   0.01514844
1.26000002e-009   0.01553906
1.28000002e-009   0.01591406
1.30000002e-009   0.01603125
1.32000002e-009   0.01589844
1.34000002e-009   0.01578125
1.36000002e-009   0.01584375
1.38000002e-009   0.01595313
1.40000002e-009   0.01592188
1.42000002e-009   0.01567969
1.44000002e-009   0.01541406
1.46000002e-009   0.01528906
1.48000002e-009   0.01535938
1.50000002e-009   0.01554688
1.52000002e-009   0.01560938
1.54000002e-009   0.01555469
1.56000002e-009   0.01539844
1.58000002e-009   0.01520313
1.60000002e-009   0.01505469
1.62000002e-009        0.015
1.64000002e-009   0.01497656
1.66000002e-009   0.01496875
1.68000002e-009   0.01480469
1.70000002e-009   0.01449219
1.72000002e-009   0.01410938
1.74000002e-009     0.013875
1.76000002e-009     0.013875
1.78000002e-009    0.0140625
1.80000002e-009   0.01426563
1.82000002e-009   0.01422656
1.84000002e-009   0.01392969
1.86000002e-009     0.013625
1.88000003e-009    0.0134375
1.90000003e-009   0.01359375
1.92000003e-009   0.01385938
1.94000003e-009   0.01395313
1.96000003e-009      0.01375
1.98000003e-009   0.01336719
2.00000003e-009   0.01311719
2.02000003e-009   0.01313281
2.04000003e-009   0.01326563
2.06000003e-009    0.0131875
2.08000003e-009        0.013
2.10000003e-009   0.01285938
2.12000003e-009   0.01289844
2.14000003e-009    0.0130625
2.16000003e-009   0.01316406
2.18000003e-009   0.01314063
2.20000003e-009   0.01310938
2.22000003e-009   0.01307031
2.24000003e-009   0.01302344
2.26000003e-009   0.01289844
2.28000003e-009   0.01277344
2.30000003e-009     0.012625
2.32000003e-009   0.01250781
2.34000003e-009   0.01239844
2.36000003e-009   0.01232813
2.38000003e-009   0.01221094
2.40000003e-009   0.01213281
2.42000003e-009   0.01207031
2.44000003e-009   0.01203125
2.46000003e-009   0.01192969
2.48000003e-009   0.01188281
2.50000003e-009   0.01174219
2.52000003e-009   0.01155469
2.54000003e-009   0.01138281
2.56000003e-009   0.01124219
2.58000003e-009   0.01117188
2.60000003e-009   0.01119531
2.62000003e-009   0.01122656
2.64000004e-009   0.01123438
2.66000004e-009   0.01119531
2.68000004e-009   0.01108594
2.70000004e-009   0.01099219
2.72000004e-009   0.01095313
2.74000004e-009   0.01092969
2.76000004e-009   0.01095313
2.78000004e-009     0.010875
2.80000004e-009   0.01071094
2.82000004e-009   0.01047656
2.84000004e-009   0.01021875
2.86000004e-009   0.01003906
2.88000004e-009  0.009945313
2.90000004e-009  0.009953126
2.92000004e-009  0.009937501
2.94000004e-009  0.009875001
2.96000004e-009  0.009828126
2.98000004e-009  0.009757813
3.00000004e-009  0.009820313
3.02000004e-009  0.009960938
3.04000004e-009   0.01010938
3.06000004e-009   0.01013281
3.08000004e-009    0.0100625
3.10000004e-009  0.009914063
3.12000004e-009  0.009718751
3.14000004e-009  0.009585938
3.16000004e-009  0.009562501
3.18000004e-009  0.009640626
3.20000004e-009  0.009679688
3.22000004e-009  0.009671876
3.24000004e-009  0.009539063
3.26000004e-009  0.009375001
3.28000004e-009  0.009140626
3.30000004e-009  0.008882813
3.32000004e-009  0.008640626
3.34000004e-009  0.008484376
3.36000004e-009  0.008539063
3.38000005e-009  0.008703126
3.40000005e-009  0.008843751
3.42000005e-009  0.008781251
3.44000005e-009  0.008546876
3.46000005e-009  0.008210938
3.48000005e-009  0.008039063
3.50000005e-009  0.008000001
3.52000005e-009  0.008023438
3.54000005e-009  0.008039063
3.56000005e-009  0.008039063
3.58000005e-009  0.008031251
3.60000005e-009  0.008023438
3.62000005e-009  0.007937501
3.64000005e-009  0.007828126
3.66000005e-009  0.007820313
3.68000005e-009  0.007789063
3.70000005e-009  0.007726563
3.72000005e-009  0.007468751
3.74000005e-009  0.007289063
3.76000005e-009  0.007343751
3.78000005e-009  0.007593751
3.80000005e-009  0.007789063
3.82000005e-009  0.007695313
3.84000005e-009  0.007398438
3.86000005e-009  0.006992188
3.88000005e-009  0.006765626
3.90000005e-009  0.006718751
3.92000005e-009  0.006882813
3.94000005e-009  0.007140626
3.96000005e-009  0.007414063
3.98000005e-009  0.007523438
4.00000005e-009  0.007523438
4.02000005e-009  0.007468751
4.04000005e-009  0.007492188
4.06000005e-009  0.007554688
4.08000005e-009  0.007554688
4.10000005e-009  0.007492188
4.12000006e-009  0.007359376
4.14000006e-009  0.007093751
4.16000006e-009  0.006859376
4.18000006e-009  0.006789063
4.20000006e-009  0.006906251
4.22000006e-009  0.007125001
4.24000006e-009  0.007289063
4.26000006e-009  0.007359376
4.28000006e-009  0.007289063
4.30000006e-009  0.007179688
4.32000006e-009  0.007046876
4.34000006e-009  0.006992188
4.36000006e-009  0.007031251
4.38000006e-009  0.007148438
4.40000006e-009  0.007148438
4.42000006e-009  0.006953126
4.44000006e-009  0.006703126
4.46000006e-009  0.006570313
4.48000006e-009  0.006687501
4.50000006e-009  0.006851563
4.52000006e-009  0.006937501
4.54000006e-009  0.006859376
4.56000006e-009  0.006742188
4.58000006e-009  0.006875001
4.60000006e-009  0.007078126
4.62000006e-009  0.007281251
4.64000006e-009  0.007250001
4.66000006e-009  0.007125001
4.68000006e-009  0.006914063
4.70000006e-009  0.006789063
4.72000006e-009  0.006843751
4.74000006e-009  0.006960938
4.76000006e-009  0.007085938
4.78000006e-009  0.007140626
4.80000006e-009  0.007257813
4.82000006e-009  0.007460938
4.84000006e-009  0.007781251
4.86000006e-009  0.008226563
4.88000007e-009  0.008695313
4.90000007e-009  0.009062501
4.92000007e-009  0.009335938
4.94000007e-009  0.009531251
4.96000007e-009  0.009820313
4.98000007e-009   0.01035938
5.00000007e-009   0.01097656
