+3.00000000000E+005  -8.70449846307E+001
+7.79850000000E+006  -8.02368317691E+001
+1.52970000000E+007  -7.32596871800E+001
+2.27955000000E+007  -7.35405593766E+001
+3.02940000000E+007  -7.79445403998E+001
+3.77925000000E+007  -7.39389198502E+001
+4.52910000000E+007  -7.14176467537E+001
+5.27895000000E+007  -8.27705835559E+001
+6.02880000000E+007  -8.74828130039E+001
+6.77865000000E+007  -6.74129032427E+001
+7.52850000000E+007  -8.14205857904E+001
+8.27835000000E+007  -7.00331151152E+001
+9.02820000000E+007  -7.05675894437E+001
+9.77805000000E+007  -6.93829070271E+001
+1.05279000000E+008  -7.51115941692E+001
+1.12777500000E+008  -6.69956282330E+001
+1.20276000000E+008  -6.85496366159E+001
+1.27774500000E+008  -7.83809146638E+001
+1.35273000000E+008  -7.22674681305E+001
+1.42771500000E+008  -6.45929916744E+001
+1.50270000000E+008  -6.24257471470E+001
+1.57768500000E+008  -6.90401122236E+001
+1.65267000000E+008  -6.12686958039E+001
+1.72765500000E+008  -6.05582835201E+001
+1.80264000000E+008  -6.12974904131E+001
+1.87762500000E+008  -6.78129700268E+001
+1.95261000000E+008  -6.19436422188E+001
+2.02759500000E+008  -6.38340072750E+001
+2.10258000000E+008  -6.67901466867E+001
+2.17756500000E+008  -6.11929115623E+001
+2.25255000000E+008  -5.69696972551E+001
+2.32753500000E+008  -5.80498794569E+001
+2.40252000000E+008  -5.81712537620E+001
+2.47750500000E+008  -6.47254931275E+001
+2.55249000000E+008  -5.62500486393E+001
+2.62747500000E+008  -5.47702542791E+001
+2.70246000000E+008  -5.76321318687E+001
+2.77744500000E+008  -5.69615050438E+001
+2.85243000000E+008  -6.74550696367E+001
+2.92741500000E+008  -6.24491891401E+001
+3.00240000000E+008  -5.52848497901E+001
+3.07738500000E+008  -5.27097292707E+001
+3.15237000000E+008  -6.04451147114E+001
+3.22735500000E+008  -6.00543428776E+001
+3.30234000000E+008  -6.69776520529E+001
+3.37732500000E+008  -6.20876624941E+001
+3.45231000000E+008  -6.57979614224E+001
+3.52729500000E+008  -6.28733976769E+001
+3.60228000000E+008  -5.94493361372E+001
+3.67726500000E+008  -6.25792000039E+001
+3.75225000000E+008  -5.59208245973E+001
+3.82723500000E+008  -6.53952856351E+001
+3.90222000000E+008  -5.65462613610E+001
+3.97720500000E+008  -5.40546019525E+001
+4.05219000000E+008  -6.16524333152E+001
+4.12717500000E+008  -5.52932028791E+001
+4.20216000000E+008  -5.91183458510E+001
+4.27714500000E+008  -5.85357681855E+001
+4.35213000000E+008  -6.00821589757E+001
+4.42711500000E+008  -5.69517608087E+001
+4.50210000000E+008  -6.51518518228E+001
+4.57708500000E+008  -5.98249286897E+001
+4.65207000000E+008  -6.38515460205E+001
+4.72705500000E+008  -5.53058898104E+001
+4.80204000000E+008  -6.57790487093E+001
+4.87702500000E+008  -5.68276141637E+001
+4.95201000000E+008  -6.41455035084E+001
+5.02699500000E+008  -6.03489094193E+001
+5.10198000000E+008  -5.99461122351E+001
+5.17696500000E+008  -6.67528580366E+001
+5.25195000000E+008  -6.48219316740E+001
+5.32693500000E+008  -8.05966321371E+001
+5.40192000000E+008  -6.66715063022E+001
+5.47690500000E+008  -6.35285650591E+001
+5.55189000000E+008  -6.75015195841E+001
+5.62687500000E+008  -5.85352960694E+001
+5.70186000000E+008  -7.90520408055E+001
+5.77684500000E+008  -6.85150957462E+001
+5.85183000000E+008  -6.46922660726E+001
+5.92681500000E+008  -5.87033341078E+001
+6.00180000000E+008  -6.12980608424E+001
+6.07678500000E+008  -5.57710799490E+001
+6.15177000000E+008  -6.76975174362E+001
+6.22675500000E+008  -5.90457476595E+001
+6.30174000000E+008  -6.29708932884E+001
+6.37672500000E+008  -7.04300271731E+001
+6.45171000000E+008  -6.16189154425E+001
+6.52669500000E+008  -6.19831611786E+001
+6.60168000000E+008  -6.91818520208E+001
+6.67666500000E+008  -6.01120049791E+001
+6.75165000000E+008  -6.13153441357E+001
+6.82663500000E+008  -5.85029303870E+001
+6.90162000000E+008  -6.47326433458E+001
+6.97660500000E+008  -6.20420654313E+001
+7.05159000000E+008  -6.44335200676E+001
+7.12657500000E+008  -6.49174004492E+001
+7.20156000000E+008  -5.67174478270E+001
+7.27654500000E+008  -6.30815570017E+001
+7.35153000000E+008  -6.97830950285E+001
+7.42651500000E+008  -5.94937389525E+001
+7.50150000000E+008  -6.86775345760E+001
+7.57648500000E+008  -6.29541447484E+001
+7.65147000000E+008  -6.58627027653E+001
+7.72645500000E+008  -7.42560476395E+001
+7.80144000000E+008  -6.41244947853E+001
+7.87642500000E+008  -6.38974960452E+001
+7.95141000000E+008  -6.62988943855E+001
+8.02639500000E+008  -6.88082307482E+001
+8.10138000000E+008  -5.89075601378E+001
+8.17636500000E+008  -6.19547043664E+001
+8.25135000000E+008  -6.26046847472E+001
+8.32633500000E+008  -5.96272892806E+001
+8.40132000000E+008  -6.48977126760E+001
+8.47630500000E+008  -6.09256642005E+001
+8.55129000000E+008  -6.22447305874E+001
+8.62627500000E+008  -6.36402046319E+001
+8.70126000000E+008  -6.22830373715E+001
+8.77624500000E+008  -7.29509735865E+001
+8.85123000000E+008  -5.68322484260E+001
+8.92621500000E+008  -7.95582092792E+001
+9.00120000000E+008  -6.73578050208E+001
+9.07618500000E+008  -6.57315723559E+001
+9.15117000000E+008  -6.49799433003E+001
+9.22615500000E+008  -5.72519511041E+001
+9.30114000000E+008  -7.99093890884E+001
+9.37612500000E+008  -6.24990096571E+001
+9.45111000000E+008  -6.64835689024E+001
+9.52609500000E+008  -6.01508315816E+001
+9.60108000000E+008  -6.88146915662E+001
+9.67606500000E+008  -6.06495824862E+001
+9.75105000000E+008  -6.62018740383E+001
+9.82603500000E+008  -8.15627447481E+001
+9.90102000000E+008  -7.02366334123E+001
+9.97600500000E+008  -8.15762575929E+001
+1.00509900000E+009  -6.34611860788E+001
+1.01259750000E+009  -6.68309077511E+001
+1.02009600000E+009  -6.13459030309E+001
+1.02759450000E+009  -6.93133069719E+001
+1.03509300000E+009  -6.67779683586E+001
+1.04259150000E+009  -5.75596610905E+001
+1.05009000000E+009  -7.59963161355E+001
+1.05758850000E+009  -7.15483595182E+001
+1.06508700000E+009  -7.57906571813E+001
+1.07258550000E+009  -7.41589999722E+001
+1.08008400000E+009  -7.19133557591E+001
+1.08758250000E+009  -6.79854813424E+001
+1.09508100000E+009  -7.74914663595E+001
+1.10257950000E+009  -6.18693896654E+001
+1.11007800000E+009  -7.39375648855E+001
+1.11757650000E+009  -6.87431131036E+001
+1.12507500000E+009  -6.36032639686E+001
+1.13257350000E+009  -6.61489649922E+001
+1.14007200000E+009  -6.66061456054E+001
+1.14757050000E+009  -6.53740336820E+001
+1.15506900000E+009  -7.64439637989E+001
+1.16256750000E+009  -7.70312251613E+001
+1.17006600000E+009  -8.05310713602E+001
+1.17756450000E+009  -7.01180008789E+001
+1.18506300000E+009  -6.64823629010E+001
+1.19256150000E+009  -6.68014891016E+001
+1.20006000000E+009  -7.06305187416E+001
+1.20755850000E+009  -6.57969380923E+001
+1.21505700000E+009  -6.71923073615E+001
+1.22255550000E+009  -8.08805619773E+001
+1.23005400000E+009  -6.50824724180E+001
+1.23755250000E+009  -6.61437716879E+001
+1.24505100000E+009  -7.09969694144E+001
+1.25254950000E+009  -7.44976575343E+001
+1.26004800000E+009  -6.97325182799E+001
+1.26754650000E+009  -8.14013985612E+001
+1.27504500000E+009  -7.68370135162E+001
+1.28254350000E+009  -6.75676897380E+001
+1.29004200000E+009  -6.87440340737E+001
+1.29754050000E+009  -6.63908451603E+001
+1.30503900000E+009  -7.62236256832E+001
+1.31253750000E+009  -7.18605168048E+001
+1.32003600000E+009  -7.68583861125E+001
+1.32753450000E+009  -6.94394070840E+001
+1.33503300000E+009  -6.51268297172E+001
+1.34253150000E+009  -6.98204816152E+001
+1.35003000000E+009  -7.11239392952E+001
+1.35752850000E+009  -7.00406120643E+001
+1.36502700000E+009  -7.58379014758E+001
+1.37252550000E+009  -6.94166500767E+001
+1.38002400000E+009  -7.65233585377E+001
+1.38752250000E+009  -7.38174548462E+001
+1.39502100000E+009  -6.42583551662E+001
+1.40251950000E+009  -7.62195735568E+001
+1.41001800000E+009  -6.77392256072E+001
+1.41751650000E+009  -6.85557973339E+001
+1.42501500000E+009  -7.90657607121E+001
+1.43251350000E+009  -7.45627728067E+001
+1.44001200000E+009  -8.81922097588E+001
+1.44751050000E+009  -7.28419003108E+001
+1.45500900000E+009  -7.89740069105E+001
+1.46250750000E+009  -6.74482970026E+001
+1.47000600000E+009  -9.13546581818E+001
+1.47750450000E+009  -7.88251873779E+001
+1.48500300000E+009  -6.91540263553E+001
+1.49250150000E+009  -7.51409915241E+001
+1.50000000000E+009  -8.57860554115E+001
