+3.00000000000E+005  -7.64616603185E+001
+7.79850000000E+006  -9.26654492265E+001
+1.52970000000E+007  -8.22867364554E+001
+2.27955000000E+007  -9.88144413555E+001
+3.02940000000E+007  -7.28117427901E+001
+3.77925000000E+007  -7.43294018634E+001
+4.52910000000E+007  -6.84619973887E+001
+5.27895000000E+007  -7.00568480990E+001
+6.02880000000E+007  -8.12406676628E+001
+6.77865000000E+007  -6.99554307346E+001
+7.52850000000E+007  -7.28493223602E+001
+8.27835000000E+007  -6.60724196064E+001
+9.02820000000E+007  -6.74399105314E+001
+9.77805000000E+007  -6.53330989961E+001
+1.05279000000E+008  -6.65325615859E+001
+1.12777500000E+008  -6.92407833743E+001
+1.20276000000E+008  -7.21921009913E+001
+1.27774500000E+008  -6.44917562111E+001
+1.35273000000E+008  -6.29224866581E+001
+1.42771500000E+008  -6.26850863290E+001
+1.50270000000E+008  -6.29485609851E+001
+1.57768500000E+008  -7.30310945621E+001
+1.65267000000E+008  -6.09830776044E+001
+1.72765500000E+008  -6.13747789048E+001
+1.80264000000E+008  -6.52765940240E+001
+1.87762500000E+008  -5.57891400612E+001
+1.95261000000E+008  -5.74399013755E+001
+2.02759500000E+008  -6.00190925356E+001
+2.10258000000E+008  -7.16611190631E+001
+2.17756500000E+008  -5.82700660560E+001
+2.25255000000E+008  -6.25193362711E+001
+2.32753500000E+008  -6.39734789798E+001
+2.40252000000E+008  -5.90363754427E+001
+2.47750500000E+008  -5.67369988110E+001
+2.55249000000E+008  -6.22406844822E+001
+2.62747500000E+008  -5.63851609233E+001
+2.70246000000E+008  -6.06122029996E+001
+2.77744500000E+008  -6.28469027885E+001
+2.85243000000E+008  -6.63034244180E+001
+2.92741500000E+008  -6.31321526349E+001
+3.00240000000E+008  -6.43531629667E+001
+3.07738500000E+008  -6.53688561608E+001
+3.15237000000E+008  -6.03789307491E+001
+3.22735500000E+008  -6.03011405703E+001
+3.30234000000E+008  -6.27320144880E+001
+3.37732500000E+008  -5.79541657997E+001
+3.45231000000E+008  -5.84583885155E+001
+3.52729500000E+008  -5.63186900942E+001
+3.60228000000E+008  -6.12758157228E+001
+3.67726500000E+008  -5.84359968834E+001
+3.75225000000E+008  -5.85248525158E+001
+3.82723500000E+008  -5.66418527380E+001
+3.90222000000E+008  -5.59866440894E+001
+3.97720500000E+008  -5.26774975939E+001
+4.05219000000E+008  -6.00602656044E+001
+4.12717500000E+008  -5.47893695714E+001
+4.20216000000E+008  -5.87158670335E+001
+4.27714500000E+008  -5.79280858782E+001
+4.35213000000E+008  -5.79586387049E+001
+4.42711500000E+008  -5.94420666238E+001
+4.50210000000E+008  -7.02594035259E+001
+4.57708500000E+008  -6.05879189615E+001
+4.65207000000E+008  -6.43400810829E+001
+4.72705500000E+008  -5.48968334770E+001
+4.80204000000E+008  -6.51447008805E+001
+4.87702500000E+008  -5.85878075067E+001
+4.95201000000E+008  -5.89414072522E+001
+5.02699500000E+008  -5.86155776756E+001
+5.10198000000E+008  -6.48906904832E+001
+5.17696500000E+008  -7.42340840592E+001
+5.25195000000E+008  -5.98820845740E+001
+5.32693500000E+008  -6.27666835731E+001
+5.40192000000E+008  -5.74584136083E+001
+5.47690500000E+008  -5.99192110523E+001
+5.55189000000E+008  -5.68780570172E+001
+5.62687500000E+008  -6.29852035278E+001
+5.70186000000E+008  -6.58960431296E+001
+5.77684500000E+008  -6.80608387256E+001
+5.85183000000E+008  -6.01996997203E+001
+5.92681500000E+008  -6.01275991167E+001
+6.00180000000E+008  -5.96494237777E+001
+6.07678500000E+008  -7.29364171063E+001
+6.15177000000E+008  -5.89472139019E+001
+6.22675500000E+008  -5.95674557483E+001
+6.30174000000E+008  -6.64604566949E+001
+6.37672500000E+008  -6.23126331870E+001
+6.45171000000E+008  -5.72608770359E+001
+6.52669500000E+008  -6.27855741034E+001
+6.60168000000E+008  -6.95182453878E+001
+6.67666500000E+008  -5.84132212630E+001
+6.75165000000E+008  -6.73601126383E+001
+6.82663500000E+008  -6.62413914615E+001
+6.90162000000E+008  -6.20259609490E+001
+6.97660500000E+008  -6.85923464714E+001
+7.05159000000E+008  -7.08766592756E+001
+7.12657500000E+008  -6.01938739721E+001
+7.20156000000E+008  -6.21691262284E+001
+7.27654500000E+008  -6.39119944448E+001
+7.35153000000E+008  -6.37536530102E+001
+7.42651500000E+008  -5.76602181162E+001
+7.50150000000E+008  -6.74258116429E+001
+7.57648500000E+008  -6.06845516720E+001
+7.65147000000E+008  -6.67296591384E+001
+7.72645500000E+008  -5.88410677424E+001
+7.80144000000E+008  -6.01923067707E+001
+7.87642500000E+008  -5.83353249784E+001
+7.95141000000E+008  -6.26216262501E+001
+8.02639500000E+008  -6.19377656534E+001
+8.10138000000E+008  -6.00973703856E+001
+8.17636500000E+008  -6.41211707704E+001
+8.25135000000E+008  -7.07458587063E+001
+8.32633500000E+008  -5.96226049537E+001
+8.40132000000E+008  -6.30196980416E+001
+8.47630500000E+008  -6.13535718175E+001
+8.55129000000E+008  -7.53749687657E+001
+8.62627500000E+008  -6.72336064813E+001
+8.70126000000E+008  -8.21366690382E+001
+8.77624500000E+008  -6.64178275272E+001
+8.85123000000E+008  -7.26693191889E+001
+8.92621500000E+008  -6.60198895332E+001
+9.00120000000E+008  -6.69985023361E+001
+9.07618500000E+008  -6.30375279845E+001
+9.15117000000E+008  -5.59185719966E+001
+9.22615500000E+008  -6.52186967334E+001
+9.30114000000E+008  -7.26241839567E+001
+9.37612500000E+008  -6.81888379920E+001
+9.45111000000E+008  -6.66243890421E+001
+9.52609500000E+008  -6.59527583140E+001
+9.60108000000E+008  -6.93798811544E+001
+9.67606500000E+008  -7.75298054901E+001
+9.75105000000E+008  -6.92481564583E+001
+9.82603500000E+008  -5.87515534244E+001
+9.90102000000E+008  -6.57058036702E+001
+9.97600500000E+008  -6.06783905814E+001
+1.00509900000E+009  -6.79454382600E+001
+1.01259750000E+009  -6.42517539567E+001
+1.02009600000E+009  -6.78461521715E+001
+1.02759450000E+009  -7.43778464863E+001
+1.03509300000E+009  -6.78259878158E+001
+1.04259150000E+009  -6.96276742248E+001
+1.05009000000E+009  -7.84073203215E+001
+1.05758850000E+009  -7.34403277248E+001
+1.06508700000E+009  -7.73608114638E+001
+1.07258550000E+009  -6.85709467465E+001
+1.08008400000E+009  -6.67045315567E+001
+1.08758250000E+009  -7.56522811407E+001
+1.09508100000E+009  -7.20513836422E+001
+1.10257950000E+009  -7.59564043504E+001
+1.11007800000E+009  -7.06423757504E+001
+1.11757650000E+009  -6.88089312998E+001
+1.12507500000E+009  -7.67151411901E+001
+1.13257350000E+009  -6.78481885947E+001
+1.14007200000E+009  -6.31602704815E+001
+1.14757050000E+009  -6.22964182483E+001
+1.15506900000E+009  -9.54171201514E+001
+1.16256750000E+009  -7.73352597692E+001
+1.17006600000E+009  -6.97327702661E+001
+1.17756450000E+009  -6.32131361691E+001
+1.18506300000E+009  -7.50013303800E+001
+1.19256150000E+009  -6.47133638811E+001
+1.20006000000E+009  -7.92294332602E+001
+1.20755850000E+009  -7.47153360363E+001
+1.21505700000E+009  -6.36902692296E+001
+1.22255550000E+009  -6.69653513121E+001
+1.23005400000E+009  -7.02540469669E+001
+1.23755250000E+009  -6.54534076423E+001
+1.24505100000E+009  -6.33877509616E+001
+1.25254950000E+009  -6.23961106428E+001
+1.26004800000E+009  -6.94311731157E+001
+1.26754650000E+009  -7.29697310570E+001
+1.27504500000E+009  -6.75035230793E+001
+1.28254350000E+009  -8.05707931885E+001
+1.29004200000E+009  -6.81541880467E+001
+1.29754050000E+009  -6.36125721671E+001
+1.30503900000E+009  -7.35078688021E+001
+1.31253750000E+009  -6.72641973018E+001
+1.32003600000E+009  -7.03923181331E+001
+1.32753450000E+009  -6.71260254230E+001
+1.33503300000E+009  -7.02078266363E+001
+1.34253150000E+009  -6.81139479311E+001
+1.35003000000E+009  -6.64296332840E+001
+1.35752850000E+009  -6.70625654197E+001
+1.36502700000E+009  -7.20648050335E+001
+1.37252550000E+009  -6.64352623476E+001
+1.38002400000E+009  -7.55886932713E+001
+1.38752250000E+009  -6.88757852138E+001
+1.39502100000E+009  -7.81530318551E+001
+1.40251950000E+009  -7.87914074545E+001
+1.41001800000E+009  -7.38560704132E+001
+1.41751650000E+009  -7.07045615749E+001
+1.42501500000E+009  -7.03259630390E+001
+1.43251350000E+009  -7.40863044779E+001
+1.44001200000E+009  -7.22687674664E+001
+1.44751050000E+009  -7.18115189278E+001
+1.45500900000E+009  -7.83058002437E+001
+1.46250750000E+009  -7.15756361196E+001
+1.47000600000E+009  -8.13501768322E+001
+1.47750450000E+009  -7.87632762403E+001
+1.48500300000E+009  -7.32293877548E+001
+1.49250150000E+009  -7.11907624427E+001
+1.50000000000E+009  -7.38187333788E+001
