-2.49000003e-009  -0.00853125
-2.48000003e-009   -0.0085625
-2.47000003e-009 -0.008640625
-2.46000003e-009 -0.008734375
-2.45000003e-009   -0.0088125
-2.44000003e-009  -0.00890625
-2.43000003e-009  -0.00896875
-2.42000003e-009  -0.00903125
-2.41000003e-009 -0.009054688
-2.40000003e-009 -0.009109375
-2.39000003e-009 -0.009171875
-2.38000003e-009 -0.009273438
-2.37000003e-009 -0.009453125
-2.36000003e-009 -0.009648438
-2.35000003e-009 -0.009859375
-2.34000003e-009  -0.01007813
-2.33000003e-009  -0.01022656
-2.32000003e-009  -0.01029688
-2.31000003e-009  -0.01024219
-2.30000003e-009  -0.01015625
-2.29000003e-009 -0.009960938
-2.28000003e-009   -0.0098125
-2.27000003e-009   -0.0096875
-2.26000003e-009  -0.00965625
-2.25000003e-009 -0.009726563
-2.24000003e-009 -0.009820313
-2.23000003e-009 -0.009953125
-2.22000003e-009  -0.01014063
-2.21000003e-009  -0.01025781
-2.20000003e-009  -0.01035938
-2.19000003e-009  -0.01033594
-2.18000003e-009  -0.01030469
-2.17000003e-009  -0.01026563
-2.16000003e-009  -0.01019531
-2.15000003e-009  -0.01017188
-2.14000003e-009  -0.01017188
-2.13000003e-009  -0.01017188
-2.12000003e-009  -0.01015625
-2.11000003e-009  -0.01014063
-2.10000003e-009   -0.0100625
-2.09000003e-009 -0.009992188
-2.08000003e-009 -0.009914063
-2.07000003e-009 -0.009820313
-2.06000003e-009 -0.009765625
-2.05000003e-009 -0.009695313
-2.04000003e-009 -0.009671875
-2.03000003e-009 -0.009695313
-2.02000003e-009 -0.009710938
-2.01000003e-009   -0.0096875
-2.00000003e-009 -0.009742188
-1.99000003e-009     -0.00975
-1.98000003e-009 -0.009734375
-1.97000003e-009 -0.009703125
-1.96000003e-009 -0.009679688
-1.95000003e-009 -0.009640625
-1.94000003e-009   -0.0095625
-1.93000003e-009 -0.009429688
-1.92000003e-009 -0.009351563
-1.91000003e-009  -0.00928125
-1.90000003e-009 -0.009179688
-1.89000003e-009    -0.009125
-1.88000003e-009 -0.009101563
-1.87000002e-009  -0.00909375
-1.86000002e-009 -0.009140625
-1.85000002e-009 -0.009179688
-1.84000002e-009 -0.009226563
-1.83000002e-009 -0.009242188
-1.82000002e-009 -0.009203125
-1.81000002e-009    -0.009125
-1.80000002e-009 -0.009046875
-1.79000002e-009 -0.008890625
-1.78000002e-009 -0.008742188
-1.77000002e-009 -0.008601563
-1.76000002e-009 -0.008453125
-1.75000002e-009 -0.008390625
-1.74000002e-009 -0.008351563
-1.73000002e-009 -0.008328125
-1.72000002e-009 -0.008367188
-1.71000002e-009 -0.008429688
-1.70000002e-009      -0.0085
-1.69000002e-009 -0.008515625
-1.68000002e-009 -0.008585938
-1.67000002e-009 -0.008570313
-1.66000002e-009 -0.008554688
-1.65000002e-009  -0.00846875
-1.64000002e-009 -0.008335938
-1.63000002e-009 -0.008171875
-1.62000002e-009 -0.008039063
-1.61000002e-009  -0.00790625
-1.60000002e-009 -0.007828125
-1.59000002e-009 -0.007757813
-1.58000002e-009 -0.007710938
-1.57000002e-009 -0.007679688
-1.56000002e-009 -0.007671875
-1.55000002e-009 -0.007640625
-1.54000002e-009 -0.007578125
-1.53000002e-009      -0.0075
-1.52000002e-009 -0.007359375
-1.51000002e-009     -0.00725
-1.50000002e-009    -0.007125
-1.49000002e-009 -0.007078125
-1.48000002e-009 -0.006976562
-1.47000002e-009 -0.006992187
-1.46000002e-009 -0.006992187
-1.45000002e-009       -0.007
-1.44000002e-009 -0.007023437
-1.43000002e-009 -0.006976562
-1.42000002e-009 -0.006914062
-1.41000002e-009  -0.00678125
-1.40000002e-009 -0.006617187
-1.39000002e-009  -0.00646875
-1.38000002e-009 -0.006320312
-1.37000002e-009 -0.006210937
-1.36000002e-009 -0.006078125
-1.35000002e-009   -0.0060625
-1.34000002e-009 -0.006039062
-1.33000002e-009 -0.006046875
-1.32000002e-009 -0.005992187
-1.31000002e-009 -0.005929687
-1.30000002e-009  -0.00584375
-1.29000002e-009 -0.005742187
-1.28000002e-009 -0.005632812
-1.27000002e-009 -0.005539062
-1.26000002e-009   -0.0054375
-1.25000002e-009 -0.005351562
-1.24000002e-009 -0.005320312
-1.23000002e-009 -0.005289062
-1.22000002e-009 -0.005242187
-1.21000002e-009 -0.005171875
-1.20000002e-009 -0.005109375
-1.19000002e-009 -0.005015625
-1.18000002e-009 -0.004890625
-1.17000002e-009 -0.004757812
-1.16000002e-009 -0.004648437
-1.15000002e-009   -0.0045625
-1.14000002e-009 -0.004539062
-1.13000002e-009 -0.004523437
-1.12000001e-009 -0.004578125
-1.11000001e-009 -0.004679687
-1.10000001e-009     -0.00475
-1.09000001e-009  -0.00484375
-1.08000001e-009 -0.004851562
-1.07000001e-009 -0.004835937
-1.06000001e-009 -0.004765625
-1.05000001e-009 -0.004679687
-1.04000001e-009  -0.00453125
-1.03000001e-009 -0.004445312
-1.02000001e-009 -0.004398437
-1.01000001e-009 -0.004390625
-1.00000001e-009  -0.00440625
-9.90000013e-010 -0.004492187
-9.80000013e-010 -0.004539062
-9.70000013e-010 -0.004617187
-9.60000013e-010 -0.004695312
-9.50000013e-010  -0.00471875
-9.40000013e-010 -0.004742187
-9.30000012e-010 -0.004773437
-9.20000012e-010   -0.0048125
-9.10000012e-010 -0.004851562
-9.00000012e-010 -0.004914062
-8.90000012e-010  -0.00490625
-8.80000012e-010 -0.004914062
-8.70000012e-010  -0.00490625
-8.60000011e-010 -0.004859375
-8.50000011e-010 -0.004835937
-8.40000011e-010  -0.00484375
-8.30000011e-010 -0.004929687
-8.20000011e-010 -0.005148437
-8.10000011e-010 -0.005429687
-8.00000011e-010 -0.005703125
-7.90000011e-010 -0.005976562
-7.8000001e-010     -0.00625
-7.7000001e-010 -0.006460937
-7.6000001e-010 -0.006703125
-7.5000001e-010 -0.006960937
-7.4000001e-010 -0.007265625
-7.3000001e-010 -0.007710938
-7.2000001e-010 -0.008398438
-7.10000009e-010 -0.009367188
-7.00000009e-010  -0.01047656
-6.90000009e-010  -0.01177344
-6.80000009e-010  -0.01328125
-6.70000009e-010  -0.01497656
-6.60000009e-010  -0.01703906
-6.50000009e-010    -0.019375
-6.40000009e-010  -0.02214844
-6.30000008e-010  -0.02546875
-6.20000008e-010  -0.02939844
-6.10000008e-010   -0.0339375
-6.00000008e-010  -0.03903125
-5.90000008e-010  -0.04458594
-5.80000008e-010  -0.05055469
-5.70000008e-010  -0.05685156
-5.60000007e-010  -0.06346875
-5.50000007e-010  -0.07033594
-5.40000007e-010  -0.07739844
-5.30000007e-010  -0.08458594
-5.20000007e-010  -0.09186719
-5.10000007e-010   -0.0990625
-5.00000007e-010   -0.1060313
-4.90000007e-010   -0.1125391
-4.80000006e-010   -0.1184219
-4.70000006e-010   -0.1234922
-4.60000006e-010   -0.1277422
-4.50000006e-010   -0.1312031
-4.40000006e-010   -0.1339063
-4.30000006e-010   -0.1358906
-4.20000006e-010   -0.1372422
-4.10000005e-010   -0.1379688
-4.00000005e-010   -0.1382969
-3.90000005e-010   -0.1382109
-3.80000005e-010   -0.1376641
-3.70000005e-010   -0.1367969
-3.60000005e-010   -0.1355859
-3.50000005e-010   -0.1342969
-3.40000005e-010   -0.1330078
-3.30000004e-010   -0.1317031
-3.20000004e-010   -0.1304688
-3.10000004e-010   -0.1293125
-3.00000004e-010   -0.1282656
-2.90000004e-010   -0.1273359
-2.80000004e-010   -0.1263281
-2.70000004e-010   -0.1252031
-2.60000003e-010   -0.1239375
-2.50000003e-010   -0.1226172
-2.40000003e-010   -0.1212578
-2.30000003e-010     -0.11975
-2.20000003e-010   -0.1182031
-2.10000003e-010   -0.1164766
-2.00000003e-010   -0.1146484
-1.90000003e-010   -0.1126328
-1.80000002e-010   -0.1103281
-1.70000002e-010   -0.1075859
-1.60000002e-010   -0.1044375
-1.50000002e-010   -0.1008828
-1.40000002e-010  -0.09697657
-1.30000002e-010  -0.09263282
-1.20000002e-010  -0.08791407
-1.10000001e-010  -0.08277344
-1.00000001e-010  -0.07730469
-9.00000012e-011    -0.071375
-8.00000011e-011  -0.06507032
-7.00000009e-011  -0.05833594
-6.00000008e-011     -0.05125
-5.00000007e-011  -0.04390625
-4.00000005e-011  -0.03651563
-3.00000004e-011  -0.02921094
-2.00000003e-011  -0.02221094
-1.00000001e-011  -0.01560156
           0 -0.009507813
1.00000001e-011 -0.003921875
2.00000003e-011  0.001007813
3.00000004e-011  0.005359376
4.00000005e-011  0.009031251
5.00000007e-011   0.01214063
6.00000008e-011   0.01465625
7.00000009e-011   0.01650781
8.00000011e-011   0.01778125
9.00000012e-011    0.0184375
1.00000001e-010   0.01864844
1.10000001e-010   0.01849219
1.20000002e-010        0.018
1.30000002e-010   0.01726563
1.40000002e-010   0.01639063
1.50000002e-010   0.01553125
1.60000002e-010   0.01461719
1.70000002e-010   0.01378906
1.80000002e-010   0.01301563
1.90000003e-010   0.01236719
2.00000003e-010   0.01192188
2.10000003e-010   0.01171875
2.20000003e-010   0.01174219
2.30000003e-010    0.0120625
2.40000003e-010   0.01260938
2.50000003e-010   0.01347656
2.60000003e-010   0.01453906
2.70000004e-010   0.01570313
2.80000004e-010    0.0169375
2.90000004e-010   0.01811719
3.00000004e-010   0.01913281
3.10000004e-010    0.0199375
3.20000004e-010   0.02039844
3.30000004e-010   0.02055469
3.40000005e-010   0.02036719
3.50000005e-010   0.01992188
3.60000005e-010   0.01927344
3.70000005e-010   0.01847656
3.80000005e-010     0.017625
3.90000005e-010   0.01684375
4.00000005e-010   0.01604688
4.10000005e-010   0.01532031
4.20000006e-010   0.01467969
4.30000006e-010   0.01410938
4.40000006e-010   0.01357813
4.50000006e-010   0.01317188
4.60000006e-010   0.01286719
4.70000006e-010   0.01266406
4.80000006e-010     0.012625
4.90000007e-010   0.01269531
5.00000007e-010     0.012875
5.10000007e-010   0.01307031
5.20000007e-010   0.01332031
5.30000007e-010   0.01353125
5.40000007e-010   0.01373438
5.50000007e-010   0.01386719
5.60000007e-010   0.01401563
5.70000008e-010   0.01410938
5.80000008e-010   0.01430469
5.90000008e-010   0.01446094
6.00000008e-010   0.01469531
6.10000008e-010    0.0149375
6.20000008e-010   0.01514063
6.30000008e-010   0.01532813
6.40000009e-010   0.01547656
6.50000009e-010   0.01553125
6.60000009e-010   0.01550781
6.70000009e-010   0.01546875
6.80000009e-010    0.0154375
6.90000009e-010   0.01542969
7.00000009e-010    0.0154375
7.10000009e-010   0.01550781
7.2000001e-010   0.01561719
7.3000001e-010   0.01569531
7.4000001e-010   0.01582813
7.5000001e-010   0.01589844
7.6000001e-010   0.01595313
7.7000001e-010   0.01595313
7.8000001e-010   0.01599219
7.90000011e-010   0.01596875
8.00000011e-010   0.01603125
8.10000011e-010     0.016125
8.20000011e-010   0.01624219
8.30000011e-010   0.01639063
8.40000011e-010       0.0165
8.50000011e-010   0.01664844
8.60000011e-010   0.01671094
8.70000012e-010   0.01675781
8.80000012e-010    0.0168125
8.90000012e-010    0.0168125
9.00000012e-010   0.01689063
9.10000012e-010   0.01697656
9.20000012e-010   0.01715625
9.30000012e-010   0.01735156
9.40000013e-010     0.017625
9.50000013e-010    0.0178125
9.60000013e-010   0.01804688
9.70000013e-010    0.0181875
9.80000013e-010   0.01827344
9.90000013e-010   0.01828125
1.00000001e-009   0.01822656
1.01000001e-009   0.01813281
1.02000001e-009   0.01803125
1.03000001e-009   0.01792969
1.04000001e-009   0.01785156
1.05000001e-009   0.01782031
1.06000001e-009   0.01782813
1.07000001e-009   0.01791406
1.08000001e-009        0.018
1.09000001e-009   0.01811719
1.10000001e-009   0.01824219
1.11000001e-009   0.01836719
1.12000001e-009   0.01851563
1.13000002e-009   0.01869531
1.14000002e-009   0.01886719
1.15000002e-009   0.01903125
1.16000002e-009   0.01921094
1.17000002e-009   0.01936719
1.18000002e-009   0.01947656
1.19000002e-009   0.01948438
1.20000002e-009   0.01947656
1.21000002e-009   0.01935938
1.22000002e-009   0.01920313
1.23000002e-009   0.01903906
1.24000002e-009     0.018875
1.25000002e-009   0.01882031
1.26000002e-009   0.01878125
1.27000002e-009   0.01879688
1.28000002e-009    0.0188125
1.29000002e-009   0.01885156
1.30000002e-009   0.01882813
1.31000002e-009   0.01878125
1.32000002e-009   0.01866406
1.33000002e-009   0.01857031
1.34000002e-009   0.01846094
1.35000002e-009   0.01842188
1.36000002e-009   0.01848438
1.37000002e-009   0.01860938
1.38000002e-009   0.01874219
1.39000002e-009   0.01890625
1.40000002e-009   0.01903125
1.41000002e-009     0.019125
1.42000002e-009   0.01907813
1.43000002e-009   0.01905469
1.44000002e-009   0.01898438
1.45000002e-009   0.01891406
1.46000002e-009   0.01886719
1.47000002e-009   0.01884375
1.48000002e-009   0.01884375
1.49000002e-009   0.01877344
1.50000002e-009   0.01871094
1.51000002e-009   0.01857031
1.52000002e-009   0.01834375
1.53000002e-009   0.01809375
1.54000002e-009   0.01782031
1.55000002e-009   0.01760938
1.56000002e-009   0.01744531
1.57000002e-009    0.0173125
1.58000002e-009   0.01727344
1.59000002e-009   0.01723438
1.60000002e-009   0.01717188
1.61000002e-009   0.01710156
1.62000002e-009   0.01703125
1.63000002e-009     0.016875
1.64000002e-009   0.01670313
1.65000002e-009   0.01646094
1.66000002e-009   0.01630469
1.67000002e-009   0.01610938
1.68000002e-009   0.01595313
1.69000002e-009   0.01584375
1.70000002e-009   0.01577344
1.71000002e-009   0.01572656
1.72000002e-009   0.01571875
1.73000002e-009   0.01566406
1.74000002e-009   0.01561719
1.75000002e-009   0.01553906
1.76000002e-009   0.01544531
1.77000002e-009   0.01535938
1.78000002e-009   0.01525781
1.79000002e-009   0.01519531
1.80000002e-009   0.01510938
1.81000002e-009   0.01505469
1.82000002e-009   0.01504688
1.83000002e-009   0.01503906
1.84000002e-009   0.01504688
1.85000002e-009   0.01505469
1.86000002e-009   0.01507031
1.87000002e-009   0.01508594
1.88000003e-009     0.015125
1.89000003e-009   0.01508594
1.90000003e-009   0.01507031
1.91000003e-009    0.0150625
1.92000003e-009   0.01503906
1.93000003e-009   0.01499219
1.94000003e-009   0.01499219
1.95000003e-009    0.0149375
1.96000003e-009   0.01492188
1.97000003e-009   0.01485938
1.98000003e-009   0.01478125
1.99000003e-009   0.01471875
2.00000003e-009   0.01466406
2.01000003e-009     0.014625
2.02000003e-009   0.01460938
2.03000003e-009   0.01464063
2.04000003e-009   0.01470313
2.05000003e-009   0.01479688
2.06000003e-009   0.01488281
2.07000003e-009   0.01495313
2.08000003e-009   0.01499219
2.09000003e-009   0.01502344
2.10000003e-009   0.01502344
2.11000003e-009   0.01496094
2.12000003e-009   0.01494531
2.13000003e-009   0.01492188
2.14000003e-009   0.01492188
2.15000003e-009   0.01489844
2.16000003e-009   0.01492188
2.17000003e-009   0.01496875
2.18000003e-009        0.015
2.19000003e-009   0.01497656
2.20000003e-009   0.01497656
2.21000003e-009   0.01494531
2.22000003e-009   0.01492969
2.23000003e-009   0.01490625
2.24000003e-009   0.01490625
2.25000003e-009   0.01492969
2.26000003e-009   0.01496094
2.27000003e-009        0.015
2.28000003e-009   0.01500781
2.29000003e-009   0.01502344
2.30000003e-009   0.01500781
2.31000003e-009   0.01498438
2.32000003e-009   0.01495313
2.33000003e-009   0.01490625
2.34000003e-009   0.01490625
2.35000003e-009    0.0149375
2.36000003e-009   0.01500781
2.37000003e-009   0.01507031
2.38000003e-009   0.01510938
2.39000003e-009    0.0150625
2.40000003e-009   0.01497656
2.41000003e-009   0.01483594
2.42000003e-009   0.01469531
2.43000003e-009   0.01449219
2.44000003e-009   0.01434375
2.45000003e-009   0.01427344
2.46000003e-009   0.01421094
2.47000003e-009   0.01417188
2.48000003e-009   0.01419531
2.49000003e-009   0.01422656
2.50000003e-009   0.01423438
