-2.49000003e-009       -0.013
-2.48000003e-009  -0.00471875
-2.47000003e-009       -0.013
-2.46000003e-009  -0.00371875
-2.45000003e-009  -0.01335938
-2.44000003e-009 -0.003460937
-2.43000003e-009       -0.015
-2.42000003e-009 -0.002578125
-2.41000003e-009  -0.01492188
-2.40000003e-009 -0.003226562
-2.39000003e-009   -0.0151875
-2.38000003e-009       -0.005
-2.37000003e-009  -0.01507813
-2.36000003e-009 -0.004492187
-2.35000003e-009       -0.015
-2.34000003e-009 -0.004820312
-2.33000003e-009  -0.01403125
-2.32000003e-009 -0.004953125
-2.31000003e-009   -0.0146875
-2.30000003e-009   -0.0061875
-2.29000003e-009       -0.015
-2.28000003e-009 -0.005242187
-2.27000003e-009  -0.01553125
-2.26000003e-009       -0.005
-2.25000003e-009  -0.01430469
-2.24000003e-009       -0.005
-2.23000003e-009       -0.015
-2.22000003e-009 -0.004742187
-2.21000003e-009  -0.01453906
-2.20000003e-009 -0.004242187
-2.19000003e-009    -0.013875
-2.18000003e-009 -0.004765625
-2.17000003e-009  -0.01521875
-2.16000003e-009  -0.00415625
-2.15000003e-009  -0.01517188
-2.14000003e-009 -0.005328125
-2.13000003e-009  -0.01503125
-2.12000003e-009       -0.005
-2.11000003e-009       -0.015
-2.10000003e-009 -0.004882812
-2.09000003e-009   -0.0140625
-2.08000003e-009 -0.005609375
-2.07000003e-009  -0.01445313
-2.06000003e-009   -0.0048125
-2.05000003e-009  -0.01461719
-2.04000003e-009 -0.004570312
-2.03000003e-009  -0.01377344
-2.02000003e-009       -0.005
-2.01000003e-009  -0.01532813
-2.00000003e-009  -0.00459375
-1.99000003e-009  -0.01588281
-1.98000003e-009       -0.005
-1.97000003e-009  -0.01413281
-1.96000003e-009 -0.004601562
-1.95000003e-009       -0.015
-1.94000003e-009 -0.004921875
-1.93000003e-009  -0.01422656
-1.92000003e-009       -0.005
-1.91000003e-009  -0.01346875
-1.90000003e-009 -0.004484375
-1.89000003e-009  -0.01382813
-1.88000003e-009 -0.004742187
-1.87000002e-009    -0.014875
-1.86000002e-009 -0.005195312
-1.85000002e-009  -0.01350781
-1.84000002e-009       -0.005
-1.83000002e-009  -0.01314063
-1.82000002e-009 -0.003789062
-1.81000002e-009       -0.013
-1.80000002e-009 -0.003539062
-1.79000002e-009  -0.01534375
-1.78000002e-009       -0.005
-1.77000002e-009       -0.015
-1.76000002e-009  -0.00490625
-1.75000002e-009  -0.01325781
-1.74000002e-009  -0.00459375
-1.73000002e-009  -0.01378906
-1.72000002e-009 -0.003296875
-1.71000002e-009  -0.01160156
-1.70000002e-009 -0.003429687
-1.69000002e-009  -0.01196094
-1.68000002e-009   -0.0035625
-1.67000002e-009  -0.01302344
-1.66000002e-009       -0.003
-1.65000002e-009  -0.01345313
-1.64000002e-009       -0.005
-1.63000002e-009  -0.01223438
-1.62000002e-009 -0.004210937
-1.61000002e-009  -0.01141406
-1.60000002e-009    -0.001125
-1.59000002e-009  -0.01157031
-1.58000002e-009 -0.001867187
-1.57000002e-009  -0.01134375
-1.56000002e-009 -0.001078125
-1.55000002e-009       -0.011
-1.54000002e-009 -0.002992187
-1.53000002e-009  -0.01109375
-1.52000002e-009 -0.003320312
-1.51000002e-009  -0.01138281
-1.50000002e-009 -0.002960937
-1.49000002e-009       -0.011
-1.48000002e-009       -0.003
-1.47000002e-009       -0.013
-1.46000002e-009 -0.002273437
-1.45000002e-009  -0.01127344
-1.44000002e-009  -0.00253125
-1.43000002e-009       -0.011
-1.42000002e-009 -0.002804687
-1.41000002e-009  -0.01074219
-1.40000002e-009 -0.002734375
-1.39000002e-009 -0.009460938
-1.38000002e-009 -0.0009999997
-1.37000002e-009  -0.01124219
-1.36000002e-009 -0.001507812
-1.35000002e-009  -0.01007813
-1.34000002e-009 -0.0009062497
-1.33000002e-009  -0.01002344
-1.32000002e-009 -0.0006562497
-1.31000002e-009  -0.00921875
-1.30000002e-009 -0.0005468747
-1.29000002e-009  -0.01057031
-1.28000002e-009 -0.001140625
-1.27000002e-009  -0.01050781
-1.26000002e-009 -0.0006953122
-1.25000002e-009  -0.01050781
-1.24000002e-009 -0.0007968747
-1.23000002e-009 -0.009179688
-1.22000002e-009 3.49246e-010
-1.21000002e-009 -0.009429688
-1.20000002e-009 0.0003359379
-1.19000002e-009  -0.00953125
-1.18000002e-009 0.0006640629
-1.17000002e-009       -0.009
-1.16000002e-009 0.0005000004
-1.15000002e-009 -0.008960938
-1.14000002e-009        0.001
-1.13000002e-009       -0.011
-1.12000001e-009  0.001101563
-1.11000001e-009 -0.009320313
-1.10000001e-009 0.0003515629
-1.09000001e-009 -0.009078125
-1.08000001e-009 -0.0002421872
-1.07000001e-009       -0.009
-1.06000001e-009        0.001
-1.05000001e-009       -0.009
-1.04000001e-009   0.00103125
-1.03000001e-009       -0.009
-1.02000001e-009  0.001226563
-1.01000001e-009       -0.009
-1.00000001e-009  0.001007813
-9.90000013e-010       -0.009
-9.80000013e-010        0.001
-9.70000013e-010 -0.008257813
-9.60000013e-010 0.0009375004
-9.50000013e-010    -0.008375
-9.40000013e-010        0.001
-9.30000012e-010 -0.009515625
-9.20000012e-010  0.001101563
-9.10000012e-010  -0.00984375
-9.00000012e-010 0.0006875004
-8.90000012e-010       -0.009
-8.80000012e-010        0.001
-8.70000012e-010 -0.009828125
-8.60000011e-010 -0.0009999997
-8.50000011e-010  -0.01017188
-8.40000011e-010 -0.0008984372
-8.30000011e-010 -0.009492188
-8.20000011e-010 -0.0009999997
-8.10000011e-010  -0.01146875
-8.00000011e-010 -0.002757812
-7.90000011e-010       -0.011
-7.8000001e-010 -0.0009999997
-7.7000001e-010  -0.01164844
-7.6000001e-010 -0.003117187
-7.5000001e-010  -0.01308594
-7.4000001e-010 -0.004414062
-7.3000001e-010       -0.017
-7.2000001e-010       -0.007
-7.10000009e-010  -0.01928125
-7.00000009e-010  -0.01096875
-6.90000009e-010  -0.02204688
-6.80000009e-010   -0.0129375
-6.70000009e-010  -0.02744531
-6.60000009e-010  -0.01620313
-6.50000009e-010   -0.0359375
-6.40000009e-010  -0.02371094
-6.30000008e-010       -0.045
-6.20000008e-010   -0.0364375
-6.10000008e-010  -0.05599219
-6.00000008e-010  -0.04888281
-5.90000008e-010  -0.06966407
-5.80000008e-010       -0.061
-5.70000008e-010  -0.08561719
-5.60000007e-010  -0.07532813
-5.50000007e-010  -0.09967969
-5.40000007e-010       -0.091
-5.30000007e-010   -0.1132109
-5.20000007e-010   -0.1040625
-5.10000007e-010   -0.1235859
-5.00000007e-010       -0.115
-4.90000007e-010   -0.1328438
-4.80000006e-010   -0.1246875
-4.70000006e-010   -0.1395078
-4.60000006e-010       -0.131
-4.50000006e-010   -0.1414688
-4.40000006e-010   -0.1326797
-4.30000006e-010       -0.143
-4.20000006e-010   -0.1341406
-4.10000005e-010   -0.1419844
-4.00000005e-010   -0.1321172
-3.90000005e-010       -0.141
-3.80000005e-010       -0.129
-3.70000005e-010   -0.1393516
-3.60000005e-010   -0.1262813
-3.50000005e-010   -0.1366484
-3.40000005e-010   -0.1248438
-3.30000004e-010   -0.1327422
-3.20000004e-010   -0.1209141
-3.10000004e-010       -0.131
-3.00000004e-010       -0.119
-2.90000004e-010   -0.1312656
-2.80000004e-010   -0.1162188
-2.70000004e-010   -0.1287422
-2.60000003e-010       -0.115
-2.50000003e-010   -0.1244609
-2.40000003e-010   -0.1116406
-2.30000003e-010   -0.1193828
-2.20000003e-010       -0.107
-2.10000003e-010   -0.1168984
-2.00000003e-010   -0.1002031
-1.90000003e-010   -0.1115703
-1.80000002e-010  -0.09153907
-1.70000002e-010       -0.103
-1.60000002e-010       -0.085
-1.50000002e-010       -0.095
-1.40000002e-010       -0.075
-1.30000002e-010  -0.08414844
-1.20000002e-010       -0.065
-1.10000001e-010  -0.07283594
-1.00000001e-010  -0.05161719
-9.00000012e-011  -0.06038282
-8.00000011e-011  -0.03672656
-7.00000009e-011  -0.04520313
-6.00000008e-011       -0.021
-5.00000007e-011       -0.029
-4.00000005e-011 -0.007648438
-3.00000004e-011  -0.01728906
-2.00000003e-011        0.003
-1.00000001e-011   -0.0050625
           0   0.01055469
1.00000001e-011  0.004257813
2.00000003e-011   0.01753125
3.00000004e-011    0.0103125
4.00000005e-011   0.02350781
5.00000007e-011   0.01178906
6.00000008e-011   0.02457813
7.00000009e-011    0.0139375
8.00000011e-011    0.0231875
9.00000012e-011   0.01386719
1.00000001e-010   0.02222656
1.10000001e-010  0.009968751
1.20000002e-010        0.021
1.30000002e-010  0.009000001
1.40000002e-010   0.01871094
1.50000002e-010  0.007078126
1.60000002e-010   0.01799219
1.70000002e-010  0.007453126
1.80000002e-010        0.017
1.90000003e-010  0.007195313
2.00000003e-010   0.01835156
2.10000003e-010  0.008726563
2.20000003e-010   0.01866406
2.30000003e-010  0.009484376
2.40000003e-010        0.021
2.50000003e-010   0.01296094
2.60000003e-010   0.02248438
2.70000004e-010   0.01374219
2.80000004e-010   0.02565625
2.90000004e-010        0.015
3.00000004e-010        0.027
3.10000004e-010   0.01514063
3.20000004e-010   0.02326563
3.30000004e-010   0.01601563
3.40000005e-010   0.02358594
3.50000005e-010   0.01379688
3.60000005e-010        0.023
3.70000005e-010   0.01273438
3.80000005e-010        0.021
3.90000005e-010  0.009484376
4.00000005e-010        0.019
4.10000005e-010  0.008093751
4.20000006e-010   0.01861719
4.30000006e-010  0.007992188
4.40000006e-010   0.01792969
4.50000006e-010  0.008328126
4.60000006e-010   0.01688281
4.70000006e-010  0.007750001
4.80000006e-010   0.01747656
4.90000007e-010  0.009000001
5.00000007e-010        0.019
5.10000007e-010  0.008710938
5.20000007e-010        0.019
5.30000007e-010  0.008492188
5.40000007e-010   0.01930469
5.50000007e-010  0.008109376
5.60000007e-010   0.01910156
5.70000008e-010  0.009000001
5.80000008e-010   0.02071875
5.90000008e-010  0.008445313
6.00000008e-010   0.02071875
6.10000008e-010  0.007945313
6.20000008e-010        0.021
6.30000008e-010   0.01057031
6.40000009e-010   0.02053125
6.50000009e-010        0.011
6.60000009e-010        0.021
6.70000009e-010   0.01035938
6.80000009e-010   0.02133594
6.90000009e-010  0.008867188
7.00000009e-010   0.02042188
7.10000009e-010  0.009226563
7.2000001e-010   0.02108594
7.3000001e-010        0.011
7.4000001e-010     0.021625
7.5000001e-010  0.009195313
7.6000001e-010   0.02121875
7.7000001e-010  0.009000001
7.8000001e-010   0.02141406
7.90000011e-010   0.01092188
8.00000011e-010        0.021
8.10000011e-010    0.0108125
8.20000011e-010        0.023
8.30000011e-010    0.0114375
8.40000011e-010   0.02189063
8.50000011e-010   0.01209375
8.60000011e-010   0.02110156
8.70000012e-010   0.01244531
8.80000012e-010   0.02114844
8.90000012e-010   0.01207031
9.00000012e-010   0.02190625
9.10000012e-010   0.01367188
9.20000012e-010   0.02223438
9.30000012e-010   0.01182031
9.40000013e-010   0.02301563
9.50000013e-010   0.01073438
9.60000013e-010      0.02575
9.70000013e-010   0.01149219
9.80000013e-010   0.02419531
9.90000013e-010        0.013
1.00000001e-009        0.023
1.01000001e-009   0.01376563
1.02000001e-009   0.02374219
1.03000001e-009   0.01258594
1.04000001e-009        0.025
1.05000001e-009   0.01292188
1.06000001e-009   0.02451563
1.07000001e-009        0.013
1.08000001e-009   0.02446875
1.09000001e-009   0.01314844
1.10000001e-009        0.025
1.11000001e-009   0.01428906
1.12000001e-009   0.02422656
1.13000002e-009   0.01436719
1.14000002e-009   0.02367969
1.15000002e-009     0.014125
1.16000002e-009   0.02421875
1.17000002e-009   0.01439063
1.18000002e-009   0.02502344
1.19000002e-009      0.01375
1.20000002e-009   0.02482813
1.21000002e-009   0.01250781
1.22000002e-009        0.027
1.23000002e-009    0.0129375
1.24000002e-009   0.02567188
1.25000002e-009   0.01303906
1.26000002e-009   0.02684375
1.27000002e-009   0.01082031
1.28000002e-009   0.02335156
1.29000002e-009        0.011
1.30000002e-009   0.02329688
1.31000002e-009   0.01469531
1.32000002e-009        0.023
1.33000002e-009   0.01358594
1.34000002e-009        0.025
1.35000002e-009   0.01398438
1.36000002e-009   0.02414063
1.37000002e-009    0.0146875
1.38000002e-009    0.0248125
1.39000002e-009   0.01483594
1.40000002e-009        0.025
1.41000002e-009        0.014
1.42000002e-009   0.02460156
1.43000002e-009   0.01365625
1.44000002e-009        0.025
1.45000002e-009   0.01344531
1.46000002e-009   0.02352344
1.47000002e-009   0.01326563
1.48000002e-009   0.02425781
1.49000002e-009   0.01423438
1.50000002e-009   0.02439063
1.51000002e-009        0.013
1.52000002e-009     0.022125
1.53000002e-009   0.01135938
1.54000002e-009   0.02275781
1.55000002e-009    0.0118125
1.56000002e-009       0.0225
1.57000002e-009   0.01084375
1.58000002e-009   0.02267969
1.59000002e-009   0.01203906
1.60000002e-009   0.02057813
1.61000002e-009   0.01115625
1.62000002e-009   0.02160156
1.63000002e-009   0.01090625
1.64000002e-009     0.020625
1.65000002e-009   0.01153906
1.66000002e-009   0.02089844
1.67000002e-009  0.009164063
1.68000002e-009        0.021
1.69000002e-009  0.009000001
1.70000002e-009   0.02084375
1.71000002e-009  0.009593751
1.72000002e-009   0.01967969
1.73000002e-009  0.008906251
1.74000002e-009        0.021
1.75000002e-009   0.01030469
1.76000002e-009   0.02141406
1.77000002e-009  0.009390626
1.78000002e-009        0.021
1.79000002e-009  0.009000001
1.80000002e-009   0.02057813
1.81000002e-009  0.009296876
1.82000002e-009   0.01955469
1.83000002e-009  0.009523438
1.84000002e-009        0.021
1.85000002e-009  0.009804688
1.86000002e-009    0.0195625
1.87000002e-009    0.0100625
1.88000003e-009        0.021
1.89000003e-009   0.01082031
1.90000003e-009   0.01986719
1.91000003e-009  0.009140626
1.92000003e-009   0.01961719
1.93000003e-009  0.009523438
1.94000003e-009        0.019
1.95000003e-009   0.01079688
1.96000003e-009   0.02034375
1.97000003e-009  0.009000001
1.98000003e-009        0.021
1.99000003e-009  0.009484376
2.00000003e-009   0.02128125
2.01000003e-009  0.009257813
2.02000003e-009   0.02008594
2.03000003e-009  0.009367188
2.04000003e-009        0.021
2.05000003e-009        0.011
2.06000003e-009   0.02089063
2.07000003e-009   0.01002344
2.08000003e-009   0.02025781
2.09000003e-009  0.009000001
2.10000003e-009   0.01946875
2.11000003e-009     0.010875
2.12000003e-009   0.01958594
2.13000003e-009   0.01003125
2.14000003e-009   0.01926563
2.15000003e-009  0.009617188
2.16000003e-009        0.021
2.17000003e-009   0.01092969
2.18000003e-009   0.02089063
2.19000003e-009   0.01027344
2.20000003e-009        0.021
2.21000003e-009     0.010625
2.22000003e-009        0.021
2.23000003e-009        0.011
2.24000003e-009   0.01971875
2.25000003e-009     0.010125
2.26000003e-009   0.02042188
2.27000003e-009    0.0106875
2.28000003e-009   0.02042188
2.29000003e-009    0.0101875
2.30000003e-009   0.01928906
2.31000003e-009  0.009828126
2.32000003e-009        0.019
2.33000003e-009  0.009000001
2.34000003e-009   0.01983594
2.35000003e-009  0.008734376
2.36000003e-009        0.021
2.37000003e-009   0.01000781
2.38000003e-009   0.01923438
2.39000003e-009  0.009273438
2.40000003e-009   0.01934375
2.41000003e-009  0.009921876
2.42000003e-009   0.01961719
2.43000003e-009   0.01091406
2.44000003e-009        0.019
2.45000003e-009   0.01086719
2.46000003e-009        0.019
2.47000003e-009        0.011
2.48000003e-009   0.01938281
2.49000003e-009   0.01004688
2.50000003e-009   0.01930469
