-2.49000003e-009  -0.01324219
-2.48000003e-009       -0.005
-2.47000003e-009  -0.01335938
-2.46000003e-009 -0.004398437
-2.45000003e-009  -0.01394531
-2.44000003e-009 -0.004984375
-2.43000003e-009  -0.01335156
-2.42000003e-009 -0.004515625
-2.41000003e-009       -0.015
-2.40000003e-009       -0.005
-2.39000003e-009  -0.01461719
-2.38000003e-009       -0.005
-2.37000003e-009       -0.013
-2.36000003e-009   -0.0061875
-2.35000003e-009  -0.01428125
-2.34000003e-009  -0.00609375
-2.33000003e-009      -0.0145
-2.32000003e-009       -0.005
-2.31000003e-009  -0.01379688
-2.30000003e-009 -0.006796875
-2.29000003e-009  -0.01410938
-2.28000003e-009   -0.0059375
-2.27000003e-009  -0.01488281
-2.26000003e-009       -0.005
-2.25000003e-009    -0.015625
-2.24000003e-009 -0.004921875
-2.23000003e-009       -0.015
-2.22000003e-009 -0.005539062
-2.21000003e-009  -0.01321094
-2.20000003e-009 -0.004953125
-2.19000003e-009  -0.01423438
-2.18000003e-009    -0.005625
-2.17000003e-009  -0.01396094
-2.16000003e-009 -0.006835937
-2.15000003e-009  -0.01528125
-2.14000003e-009 -0.005054687
-2.13000003e-009  -0.01500781
-2.12000003e-009  -0.00384375
-2.11000003e-009  -0.01579688
-2.10000003e-009 -0.003460937
-2.09000003e-009       -0.015
-2.08000003e-009 -0.004703125
-2.07000003e-009       -0.015
-2.06000003e-009 -0.004039062
-2.05000003e-009       -0.015
-2.04000003e-009 -0.005679687
-2.03000003e-009  -0.01416406
-2.02000003e-009    -0.005625
-2.01000003e-009       -0.015
-2.00000003e-009       -0.005
-1.99000003e-009  -0.01532031
-1.98000003e-009   -0.0048125
-1.97000003e-009  -0.01467188
-1.96000003e-009 -0.003554687
-1.95000003e-009       -0.015
-1.94000003e-009       -0.003
-1.93000003e-009  -0.01446875
-1.92000003e-009  -0.00421875
-1.91000003e-009  -0.01392188
-1.90000003e-009  -0.00471875
-1.89000003e-009  -0.01321094
-1.88000003e-009   -0.0048125
-1.87000002e-009  -0.01222656
-1.86000002e-009 -0.004929687
-1.85000002e-009  -0.01289844
-1.84000002e-009 -0.003742187
-1.83000002e-009  -0.01267188
-1.82000002e-009       -0.003
-1.81000002e-009  -0.01367188
-1.80000002e-009  -0.00384375
-1.79000002e-009  -0.01574219
-1.78000002e-009 -0.002554687
-1.77000002e-009  -0.01539063
-1.76000002e-009 -0.003015625
-1.75000002e-009  -0.01511719
-1.74000002e-009 -0.004828125
-1.73000002e-009       -0.015
-1.72000002e-009 -0.003476562
-1.71000002e-009       -0.013
-1.70000002e-009  -0.00265625
-1.69000002e-009       -0.013
-1.68000002e-009 -0.0006484372
-1.67000002e-009       -0.013
-1.66000002e-009 -0.002257812
-1.65000002e-009  -0.01146875
-1.64000002e-009 -0.004414062
-1.63000002e-009       -0.013
-1.62000002e-009       -0.004
-1.61000002e-009       -0.013
-1.60000002e-009       -0.003
-1.59000002e-009  -0.01282813
-1.58000002e-009    -0.002125
-1.57000002e-009  -0.01233594
-1.56000002e-009     -0.00375
-1.55000002e-009  -0.01135156
-1.54000002e-009  -0.00334375
-1.53000002e-009  -0.01121875
-1.52000002e-009 -0.003867187
-1.51000002e-009       -0.013
-1.50000002e-009 -0.003195312
-1.49000002e-009  -0.01332813
-1.48000002e-009 -0.003414062
-1.47000002e-009       -0.011
-1.46000002e-009 -0.0009453122
-1.45000002e-009       -0.011
-1.44000002e-009 -0.001851562
-1.43000002e-009       -0.011
-1.42000002e-009 -0.0008437497
-1.41000002e-009   -0.0105625
-1.40000002e-009 -0.002265625
-1.39000002e-009 -0.009476563
-1.38000002e-009 -0.001828125
-1.37000002e-009        -0.01
-1.36000002e-009 -0.0006171872
-1.35000002e-009  -0.01033594
-1.34000002e-009 -0.001195312
-1.33000002e-009  -0.01117969
-1.32000002e-009 -0.0008906247
-1.31000002e-009    -0.010625
-1.30000002e-009 -0.001007812
-1.29000002e-009    -0.009625
-1.28000002e-009 -0.0009999997
-1.27000002e-009       -0.011
-1.26000002e-009 0.0001484379
-1.25000002e-009 -0.009734375
-1.24000002e-009 3.49246e-010
-1.23000002e-009       -0.009
-1.22000002e-009 7.812535e-005
-1.21000002e-009 -0.009359375
-1.20000002e-009 -0.0006406247
-1.19000002e-009       -0.009
-1.18000002e-009        0.001
-1.17000002e-009  -0.00834375
-1.16000002e-009 -0.0001093747
-1.15000002e-009 -0.009414063
-1.14000002e-009        0.001
-1.13000002e-009 -0.009484375
-1.12000001e-009        0.001
-1.11000001e-009 -0.009617188
-1.10000001e-009 -0.0002109372
-1.09000001e-009 -0.009195313
-1.08000001e-009 7.031285e-005
-1.07000001e-009 -0.007835938
-1.06000001e-009 0.0008984379
-1.05000001e-009 -0.007179687
-1.04000001e-009 0.0002265629
-1.03000001e-009       -0.009
-1.02000001e-009 0.0003281254
-1.01000001e-009 -0.009289063
-1.00000001e-009 0.0004921879
-9.90000013e-010       -0.009
-9.80000013e-010        0.001
-9.70000013e-010   -0.0081875
-9.60000013e-010        0.001
-9.50000013e-010  -0.00840625
-9.40000013e-010 -0.0004921872
-9.30000012e-010       -0.009
-9.20000012e-010 -0.0003906247
-9.10000012e-010   -0.0103125
-9.00000012e-010 -0.0009062497
-8.90000012e-010       -0.011
-8.80000012e-010 0.0002656254
-8.70000012e-010 -0.009039063
-8.60000011e-010        0.001
-8.50000011e-010 -0.009132813
-8.40000011e-010 0.0002109379
-8.30000011e-010  -0.00965625
-8.20000011e-010 -0.001164062
-8.10000011e-010 -0.009429688
-8.00000011e-010 -0.0009999997
-7.90000011e-010  -0.01073438
-7.8000001e-010 -0.001960937
-7.7000001e-010  -0.01105469
-7.6000001e-010       -0.003
-7.5000001e-010  -0.01332813
-7.4000001e-010 -0.003632812
-7.3000001e-010  -0.01484375
-7.2000001e-010 -0.005710937
-7.10000009e-010  -0.01810938
-7.00000009e-010       -0.009
-6.90000009e-010  -0.02122656
-6.80000009e-010  -0.01259375
-6.70000009e-010  -0.02657031
-6.60000009e-010  -0.01746094
-6.50000009e-010  -0.03779688
-6.40000009e-010    -0.026125
-6.30000008e-010       -0.049
-6.20000008e-010  -0.03486719
-6.10000008e-010  -0.05764063
-6.00000008e-010       -0.045
-5.90000008e-010       -0.071
-5.80000008e-010  -0.05919531
-5.70000008e-010       -0.084
-5.60000007e-010       -0.075
-5.50000007e-010   -0.0985625
-5.40000007e-010  -0.09175782
-5.30000007e-010       -0.113
-5.20000007e-010    -0.105375
-5.10000007e-010    -0.124875
-5.00000007e-010   -0.1177266
-4.90000007e-010       -0.133
-4.80000006e-010   -0.1239453
-4.70000006e-010     -0.13825
-4.60000006e-010   -0.1295234
-4.50000006e-010   -0.1432344
-4.40000006e-010   -0.1318516
-4.30000006e-010   -0.1443594
-4.20000006e-010       -0.133
-4.10000005e-010   -0.1437578
-4.00000005e-010   -0.1309141
-3.90000005e-010   -0.1399922
-3.80000005e-010   -0.1289688
-3.70000005e-010   -0.1363828
-3.60000005e-010       -0.127
-3.50000005e-010       -0.135
-3.40000005e-010   -0.1242734
-3.30000004e-010       -0.133
-3.20000004e-010   -0.1215938
-3.10000004e-010   -0.1309219
-3.00000004e-010   -0.1187422
-2.90000004e-010   -0.1295391
-2.80000004e-010   -0.1165781
-2.70000004e-010   -0.1282734
-2.60000003e-010       -0.115
-2.50000003e-010   -0.1252578
-2.40000003e-010   -0.1110547
-2.30000003e-010   -0.1192813
-2.20000003e-010   -0.1062734
-2.10000003e-010   -0.1154766
-2.00000003e-010   -0.1002578
-1.90000003e-010   -0.1100156
-1.80000002e-010  -0.09466407
-1.70000002e-010   -0.1033047
-1.60000002e-010  -0.08700782
-1.50000002e-010       -0.095
-1.40000002e-010  -0.07707032
-1.30000002e-010  -0.08424219
-1.20000002e-010  -0.06603125
-1.10000001e-010  -0.07319532
-1.00000001e-010  -0.05103906
-9.00000012e-011   -0.0598125
-8.00000011e-011    -0.035625
-7.00000009e-011  -0.04492188
-6.00000008e-011  -0.02189844
-5.00000007e-011  -0.03028125
-4.00000005e-011       -0.009
-3.00000004e-011       -0.017
-2.00000003e-011  0.002195313
-1.00000001e-011 -0.005640625
           0   0.01174219
1.00000001e-011  0.003109375
2.00000003e-011        0.019
3.00000004e-011    0.0105625
4.00000005e-011   0.02214844
5.00000007e-011        0.013
6.00000008e-011        0.025
7.00000009e-011   0.01339063
8.00000011e-011        0.023
9.00000012e-011   0.01076563
1.00000001e-010        0.023
1.10000001e-010  0.009000001
1.20000002e-010   0.02094531
1.30000002e-010  0.007382813
1.40000002e-010        0.019
1.50000002e-010  0.006632813
1.60000002e-010   0.01574219
1.70000002e-010  0.007000001
1.80000002e-010   0.01517969
1.90000003e-010  0.007882813
2.00000003e-010   0.01749219
2.10000003e-010  0.008882813
2.20000003e-010   0.01927344
2.30000003e-010   0.01078125
2.40000003e-010   0.02042188
2.50000003e-010   0.01091406
2.60000003e-010        0.023
2.70000004e-010        0.013
2.80000004e-010   0.02528125
2.90000004e-010   0.01417969
3.00000004e-010        0.027
3.10000004e-010        0.015
3.20000004e-010    0.0251875
3.30000004e-010   0.01238281
3.40000005e-010   0.02429688
3.50000005e-010   0.01223438
3.60000005e-010   0.02354688
3.70000005e-010   0.01221094
3.80000005e-010        0.021
3.90000005e-010  0.007445313
4.00000005e-010   0.01975781
4.10000005e-010  0.008085938
4.20000006e-010        0.019
4.30000006e-010  0.005851563
4.40000006e-010   0.01842969
4.50000006e-010  0.006343751
4.60000006e-010   0.01851563
4.70000006e-010  0.007804688
4.80000006e-010    0.0186875
4.90000007e-010  0.009007813
5.00000007e-010        0.019
5.10000007e-010  0.009000001
5.20000007e-010   0.01878125
5.30000007e-010  0.007617188
5.40000007e-010   0.02107031
5.50000007e-010  0.007882813
5.60000007e-010   0.02321094
5.70000008e-010   0.01000781
5.80000008e-010   0.02182813
5.90000008e-010   0.01003906
6.00000008e-010   0.01960938
6.10000008e-010  0.009000001
6.20000008e-010        0.021
6.30000008e-010   0.01082031
6.40000009e-010        0.021
6.50000009e-010        0.011
6.60000009e-010   0.02047656
6.70000009e-010   0.01035938
6.80000009e-010        0.021
6.90000009e-010   0.01039844
7.00000009e-010   0.02142969
7.10000009e-010     0.011875
7.2000001e-010   0.02161719
7.3000001e-010   0.01132031
7.4000001e-010   0.02310156
7.5000001e-010        0.011
7.6000001e-010     0.022875
7.7000001e-010    0.0106875
7.8000001e-010    0.0216875
7.90000011e-010        0.011
8.00000011e-010   0.02103125
8.10000011e-010     0.010875
8.20000011e-010   0.02228125
8.30000011e-010   0.01158594
8.40000011e-010   0.02178125
8.50000011e-010      0.01075
8.60000011e-010        0.021
8.70000012e-010   0.01165625
8.80000012e-010   0.02228125
8.90000012e-010   0.01103125
9.00000012e-010        0.023
9.10000012e-010        0.011
9.20000012e-010   0.02225781
9.30000012e-010   0.01185938
9.40000013e-010        0.023
9.50000013e-010   0.01167969
9.60000013e-010   0.02320313
9.70000013e-010   0.01226563
9.80000013e-010   0.02217969
9.90000013e-010   0.01264063
1.00000001e-009   0.02278125
1.01000001e-009   0.01461719
1.02000001e-009        0.025
1.03000001e-009   0.01422656
1.04000001e-009   0.02346094
1.05000001e-009    0.0135625
1.06000001e-009        0.023
1.07000001e-009   0.01427344
1.08000001e-009        0.023
1.09000001e-009   0.01417188
1.10000001e-009   0.02299219
1.11000001e-009   0.01438281
1.12000001e-009   0.02332031
1.13000002e-009   0.01414063
1.14000002e-009        0.025
1.15000002e-009   0.01446875
1.16000002e-009   0.02391406
1.17000002e-009   0.01472656
1.18000002e-009        0.023
1.19000002e-009   0.01450781
1.20000002e-009   0.02336719
1.21000002e-009   0.01441406
1.22000002e-009   0.02503906
1.23000002e-009   0.01367969
1.24000002e-009    0.0239375
1.25000002e-009   0.01288281
1.26000002e-009        0.023
1.27000002e-009   0.01408594
1.28000002e-009    0.0226875
1.29000002e-009   0.01447656
1.30000002e-009   0.02334375
1.31000002e-009        0.013
1.32000002e-009   0.02334375
1.33000002e-009        0.013
1.34000002e-009   0.02314063
1.35000002e-009   0.01496094
1.36000002e-009        0.023
1.37000002e-009        0.015
1.38000002e-009   0.02365625
1.39000002e-009   0.01497656
1.40000002e-009   0.02377344
1.41000002e-009        0.015
1.42000002e-009   0.02522656
1.43000002e-009        0.015
1.44000002e-009      0.02375
1.45000002e-009        0.015
1.46000002e-009        0.025
1.47000002e-009   0.01441406
1.48000002e-009   0.02328125
1.49000002e-009        0.013
1.50000002e-009        0.025
1.51000002e-009        0.011
1.52000002e-009   0.02346875
1.53000002e-009   0.01185938
1.54000002e-009   0.02325781
1.55000002e-009   0.01239063
1.56000002e-009   0.02208594
1.57000002e-009   0.01236719
1.58000002e-009   0.02296875
1.59000002e-009   0.01167969
1.60000002e-009        0.023
1.61000002e-009   0.01060938
1.62000002e-009    0.0200625
1.63000002e-009        0.011
1.64000002e-009        0.021
1.65000002e-009        0.011
1.66000002e-009   0.02179688
1.67000002e-009   0.01082813
1.68000002e-009     0.022375
1.69000002e-009        0.011
1.70000002e-009        0.021
1.71000002e-009   0.01071875
1.72000002e-009   0.02171094
1.73000002e-009   0.01015625
1.74000002e-009   0.02194531
1.75000002e-009        0.011
1.76000002e-009        0.021
1.77000002e-009        0.011
1.78000002e-009   0.02185938
1.79000002e-009   0.01098438
1.80000002e-009      0.02125
1.81000002e-009   0.01044531
1.82000002e-009   0.02128125
1.83000002e-009   0.01032813
1.84000002e-009   0.02132031
1.85000002e-009  0.009000001
1.86000002e-009   0.02016406
1.87000002e-009    0.0101875
1.88000003e-009   0.01901563
1.89000003e-009     0.010375
1.90000003e-009     0.019125
1.91000003e-009  0.009000001
1.92000003e-009   0.01917188
1.93000003e-009  0.008718751
1.94000003e-009   0.02010938
1.95000003e-009   0.01004688
1.96000003e-009        0.021
1.97000003e-009  0.009000001
1.98000003e-009     0.020625
1.99000003e-009  0.009617188
2.00000003e-009   0.02033594
2.01000003e-009    0.0101875
2.02000003e-009   0.02041406
2.03000003e-009   0.01096875
2.04000003e-009   0.01952344
2.05000003e-009   0.01017188
2.06000003e-009   0.02032031
2.07000003e-009  0.009859376
2.08000003e-009    0.0205625
2.09000003e-009  0.009187501
2.10000003e-009   0.01997656
2.11000003e-009  0.009000001
2.12000003e-009        0.021
2.13000003e-009  0.008695313
2.14000003e-009        0.021
2.15000003e-009   0.01023438
2.16000003e-009        0.021
2.17000003e-009   0.01067969
2.18000003e-009   0.01964063
2.19000003e-009   0.01128906
2.20000003e-009   0.02046094
2.21000003e-009        0.011
2.22000003e-009        0.021
2.23000003e-009   0.01035156
2.24000003e-009    0.0203125
2.25000003e-009  0.009945313
2.26000003e-009   0.02103125
2.27000003e-009  0.009000001
2.28000003e-009   0.02040625
2.29000003e-009  0.007726563
2.30000003e-009        0.021
2.31000003e-009  0.007000001
2.32000003e-009   0.01917969
2.33000003e-009   0.01019531
2.34000003e-009   0.01942969
2.35000003e-009  0.008875001
2.36000003e-009        0.019
2.37000003e-009  0.008773438
2.38000003e-009        0.019
2.39000003e-009  0.008890626
2.40000003e-009        0.019
2.41000003e-009  0.008734376
2.42000003e-009   0.01914063
2.43000003e-009  0.009000001
2.44000003e-009    0.0203125
2.45000003e-009   0.01044531
2.46000003e-009    0.0210625
2.47000003e-009  0.009625001
2.48000003e-009   0.01963281
2.49000003e-009  0.009000001
2.50000003e-009        0.019
