-1.24500002e-009  -0.00503125
-1.24000002e-009       -0.005
-1.23500002e-009 -0.004953125
-1.23000002e-009 -0.004914062
-1.22500002e-009 -0.004890625
-1.22000002e-009 -0.004867187
-1.21500002e-009 -0.004835937
-1.21000002e-009 -0.004796875
-1.20500002e-009 -0.004789062
-1.20000002e-009 -0.004742187
-1.19500002e-009 -0.004734375
-1.19000002e-009 -0.004726562
-1.18500002e-009 -0.004679687
-1.18000002e-009   -0.0046875
-1.17500002e-009 -0.004640625
-1.17000002e-009 -0.004648437
-1.16500002e-009 -0.004640625
-1.16000002e-009 -0.004671875
-1.15500002e-009 -0.004703125
-1.15000002e-009 -0.004742187
-1.14500002e-009 -0.004773437
-1.14000002e-009  -0.00484375
-1.13500002e-009 -0.004882812
-1.13000002e-009  -0.00496875
-1.12500002e-009 -0.005007812
-1.12000001e-009 -0.005039062
-1.11500001e-009 -0.005078125
-1.11000001e-009 -0.005078125
-1.10500001e-009 -0.005070312
-1.10000001e-009  -0.00503125
-1.09500001e-009 -0.004984375
-1.09000001e-009 -0.004960937
-1.08500001e-009    -0.004875
-1.08000001e-009 -0.004789062
-1.07500001e-009 -0.004726562
-1.07000001e-009 -0.004640625
-1.06500001e-009 -0.004578125
-1.06000001e-009 -0.004523437
-1.05500001e-009 -0.004453125
-1.05000001e-009 -0.004429687
-1.04500001e-009 -0.004421875
-1.04000001e-009  -0.00440625
-1.03500001e-009 -0.004414062
-1.03000001e-009   -0.0044375
-1.02500001e-009 -0.004445312
-1.02000001e-009 -0.004460937
-1.01500001e-009 -0.004515625
-1.01000001e-009 -0.004507812
-1.00500001e-009 -0.004515625
-1.00000001e-009 -0.004546875
-9.95000013e-010  -0.00453125
-9.90000013e-010 -0.004507812
-9.85000013e-010 -0.004492187
-9.80000013e-010 -0.004453125
-9.75000013e-010 -0.004414062
-9.70000013e-010 -0.004367187
-9.65000013e-010  -0.00434375
-9.60000013e-010 -0.004304687
-9.55000013e-010 -0.004273437
-9.50000013e-010  -0.00428125
-9.45000013e-010 -0.004257812
-9.40000013e-010  -0.00428125
-9.35000012e-010   -0.0043125
-9.30000012e-010 -0.004351562
-9.25000012e-010    -0.004375
-9.20000012e-010 -0.004453125
-9.15000012e-010      -0.0045
-9.10000012e-010 -0.004585937
-9.05000012e-010 -0.004617187
-9.00000012e-010   -0.0046875
-8.95000012e-010 -0.004757812
-8.90000012e-010 -0.004835937
-8.85000012e-010 -0.004882812
-8.80000012e-010   -0.0049375
-8.75000012e-010 -0.004976562
-8.70000012e-010 -0.005007812
-8.65000012e-010 -0.005015625
-8.60000011e-010  -0.00503125
-8.55000011e-010 -0.005070312
-8.50000011e-010 -0.005023437
-8.45000011e-010 -0.005046875
-8.40000011e-010 -0.005085937
-8.35000011e-010 -0.005101562
-8.30000011e-010 -0.005171875
-8.25000011e-010 -0.005210937
-8.20000011e-010 -0.005257812
-8.15000011e-010 -0.005296875
-8.10000011e-010   -0.0054375
-8.05000011e-010 -0.005554687
-8.00000011e-010  -0.00565625
-7.95000011e-010 -0.005835937
-7.90000011e-010  -0.00603125
-7.8500001e-010 -0.006210937
-7.8000001e-010 -0.006453125
-7.7500001e-010   -0.0066875
-7.7000001e-010 -0.006992187
-7.6500001e-010 -0.007203125
-7.6000001e-010 -0.007453125
-7.5500001e-010   -0.0076875
-7.5000001e-010 -0.007945313
-7.4500001e-010 -0.008226563
-7.4000001e-010 -0.008515625
-7.3500001e-010  -0.00884375
-7.3000001e-010 -0.009140625
-7.2500001e-010 -0.009484375
-7.2000001e-010 -0.009828125
-7.1500001e-010   -0.0101875
-7.10000009e-010  -0.01058594
-7.05000009e-010  -0.01107813
-7.00000009e-010   -0.0115625
-6.95000009e-010  -0.01214063
-6.90000009e-010   -0.0128125
-6.85000009e-010  -0.01353906
-6.80000009e-010  -0.01435938
-6.75000009e-010  -0.01528906
-6.70000009e-010  -0.01626563
-6.65000009e-010  -0.01736719
-6.60000009e-010  -0.01852344
-6.55000009e-010  -0.01980469
-6.50000009e-010  -0.02123438
-6.45000009e-010  -0.02280469
-6.40000009e-010  -0.02447656
-6.35000008e-010  -0.02627344
-6.30000008e-010     -0.02825
-6.25000008e-010  -0.03035938
-6.20000008e-010  -0.03255469
-6.15000008e-010  -0.03491406
-6.10000008e-010  -0.03739063
-6.05000008e-010  -0.04003125
-6.00000008e-010  -0.04276563
-5.95000008e-010  -0.04566406
-5.90000008e-010  -0.04864063
-5.85000008e-010     -0.05175
-5.80000008e-010  -0.05499219
-5.75000008e-010  -0.05827344
-5.70000008e-010  -0.06165625
-5.65000008e-010  -0.06509375
-5.60000007e-010  -0.06860938
-5.55000007e-010  -0.07215625
-5.50000007e-010  -0.07571875
-5.45000007e-010  -0.07932032
-5.40000007e-010  -0.08296875
-5.35000007e-010  -0.08657032
-5.30000007e-010  -0.09021094
-5.25000007e-010  -0.09378125
-5.20000007e-010    -0.097375
-5.15000007e-010   -0.1008828
-5.10000007e-010   -0.1042969
-5.05000007e-010   -0.1076172
-5.00000007e-010   -0.1108281
-4.95000007e-010   -0.1139141
-4.90000007e-010   -0.1168125
-4.85000006e-010   -0.1195703
-4.80000006e-010   -0.1221406
-4.75000006e-010   -0.1245313
-4.70000006e-010   -0.1267422
-4.65000006e-010   -0.1287656
-4.60000006e-010   -0.1305938
-4.55000006e-010   -0.1321641
-4.50000006e-010   -0.1335625
-4.45000006e-010   -0.1347031
-4.40000006e-010   -0.1356953
-4.35000006e-010   -0.1364531
-4.30000006e-010   -0.1370391
-4.25000006e-010   -0.1375391
-4.20000006e-010   -0.1378359
-4.15000006e-010   -0.1380781
-4.10000005e-010   -0.1381719
-4.05000005e-010   -0.1381328
-4.00000005e-010   -0.1379375
-3.95000005e-010   -0.1377422
-3.90000005e-010   -0.1374219
-3.85000005e-010   -0.1370156
-3.80000005e-010   -0.1365781
-3.75000005e-010   -0.1361094
-3.70000005e-010   -0.1355938
-3.65000005e-010   -0.1351484
-3.60000005e-010   -0.1346172
-3.55000005e-010   -0.1340313
-3.50000005e-010   -0.1335078
-3.45000005e-010   -0.1329297
-3.40000005e-010   -0.1323047
-3.35000004e-010   -0.1316953
-3.30000004e-010   -0.1310859
-3.25000004e-010      -0.1305
-3.20000004e-010   -0.1299219
-3.15000004e-010   -0.1293672
-3.10000004e-010   -0.1287734
-3.05000004e-010   -0.1282109
-3.00000004e-010   -0.1276563
-2.95000004e-010   -0.1270469
-2.90000004e-010   -0.1264297
-2.85000004e-010   -0.1258125
-2.80000004e-010   -0.1251719
-2.75000004e-010      -0.1245
-2.70000004e-010   -0.1238828
-2.65000004e-010   -0.1232656
-2.60000003e-010   -0.1226094
-2.55000003e-010   -0.1219219
-2.50000003e-010   -0.1212734
-2.45000003e-010   -0.1205313
-2.40000003e-010   -0.1198047
-2.35000003e-010   -0.1190234
-2.30000003e-010   -0.1181875
-2.25000003e-010   -0.1173438
-2.20000003e-010      -0.1165
-2.15000003e-010   -0.1156016
-2.10000003e-010    -0.114625
-2.05000003e-010   -0.1136328
-2.00000003e-010   -0.1125469
-1.95000003e-010   -0.1114219
-1.90000003e-010   -0.1101719
-1.85000002e-010   -0.1088594
-1.80000002e-010   -0.1074297
-1.75000002e-010   -0.1059375
-1.70000002e-010   -0.1043672
-1.65000002e-010   -0.1027109
-1.60000002e-010   -0.1009766
-1.55000002e-010  -0.09914063
-1.50000002e-010  -0.09723438
-1.45000002e-010  -0.09522657
-1.40000002e-010  -0.09310157
-1.35000002e-010  -0.09090625
-1.30000002e-010  -0.08860938
-1.25000002e-010  -0.08621875
-1.20000002e-010  -0.08369532
-1.15000002e-010  -0.08107813
-1.10000001e-010    -0.078375
-1.05000001e-010   -0.0755625
-1.00000001e-010    -0.072625
-9.50000013e-011  -0.06952344
-9.00000012e-011  -0.06635938
-8.50000011e-011   -0.0630625
-8.00000011e-011  -0.05965625
-7.5000001e-011    -0.056125
-7.00000009e-011  -0.05255469
-6.50000009e-011  -0.04889063
-6.00000008e-011  -0.04517969
-5.50000007e-011  -0.04148438
-5.00000007e-011  -0.03777344
-4.50000006e-011  -0.03409375
-4.00000005e-011  -0.03042969
-3.50000005e-011    -0.026875
-3.00000004e-011  -0.02335156
-2.50000003e-011  -0.01998438
-2.00000003e-011  -0.01667969
-1.50000002e-011  -0.01349219
-1.00000001e-011  -0.01046875
-5.00000007e-012    -0.007625
           0 -0.004882812
5.00000007e-012 -0.002296875
1.00000001e-011 0.0001015629
1.50000002e-011  0.002414063
2.00000003e-011  0.004523438
2.50000003e-011  0.006484376
3.00000004e-011  0.008351563
3.50000005e-011   0.01007813
4.00000005e-011   0.01160156
4.50000006e-011   0.01298438
5.00000007e-011   0.01423438
5.50000007e-011   0.01528125
6.00000008e-011   0.01617969
6.50000009e-011   0.01689844
7.00000009e-011       0.0175
7.5000001e-011   0.01798438
8.00000011e-011   0.01832813
8.50000011e-011   0.01860156
9.00000012e-011   0.01870313
9.50000013e-011   0.01865625
1.00000001e-010   0.01859375
1.05000001e-010   0.01838281
1.10000001e-010   0.01810938
1.15000002e-010   0.01777344
1.20000002e-010   0.01742188
1.25000002e-010   0.01698438
1.30000002e-010   0.01657813
1.35000002e-010   0.01614063
1.40000002e-010   0.01567969
1.45000002e-010   0.01521094
1.50000002e-010   0.01473438
1.55000002e-010   0.01423438
1.60000002e-010   0.01376563
1.65000002e-010   0.01330469
1.70000002e-010   0.01285938
1.75000002e-010   0.01248438
1.80000002e-010   0.01214844
1.85000002e-010   0.01190625
1.90000003e-010   0.01169531
1.95000003e-010       0.0115
2.00000003e-010   0.01146094
2.05000003e-010   0.01148438
2.10000003e-010   0.01153125
2.15000003e-010   0.01169531
2.20000003e-010   0.01192188
2.25000003e-010      0.01225
2.30000003e-010     0.012625
2.35000003e-010   0.01311719
2.40000003e-010   0.01364844
2.45000003e-010   0.01417969
2.50000003e-010   0.01475781
2.55000003e-010   0.01533594
2.60000003e-010   0.01595313
2.65000004e-010   0.01653906
2.70000004e-010   0.01715625
2.75000004e-010   0.01767188
2.80000004e-010    0.0181875
2.85000004e-010   0.01866406
2.90000004e-010   0.01913281
2.95000004e-010   0.01948438
3.00000004e-010   0.01982031
3.05000004e-010   0.02011719
3.10000004e-010   0.02032813
3.15000004e-010   0.02048438
3.20000004e-010   0.02057031
3.25000004e-010     0.020625
3.30000004e-010   0.02060938
3.35000004e-010   0.02054688
3.40000005e-010   0.02040625
3.45000005e-010   0.02021875
3.50000005e-010   0.02002344
3.55000005e-010   0.01975781
3.60000005e-010   0.01939844
3.65000005e-010   0.01905469
3.70000005e-010   0.01867969
3.75000005e-010      0.01825
3.80000005e-010   0.01780469
3.85000005e-010   0.01735156
3.90000005e-010   0.01685938
3.95000005e-010   0.01642188
4.00000005e-010   0.01596875
4.05000005e-010   0.01553125
4.10000005e-010   0.01511719
4.15000006e-010   0.01474219
4.20000006e-010   0.01438281
4.25000006e-010   0.01405469
4.30000006e-010   0.01377344
4.35000006e-010   0.01353906
4.40000006e-010   0.01332031
4.45000006e-010   0.01314063
4.50000006e-010   0.01296875
4.55000006e-010   0.01285938
4.60000006e-010   0.01275781
4.65000006e-010   0.01267969
4.70000006e-010   0.01265625
4.75000006e-010   0.01260938
4.80000006e-010   0.01257813
4.85000006e-010    0.0125625
4.90000007e-010   0.01258594
4.95000007e-010   0.01260938
5.00000007e-010   0.01267188
5.05000007e-010   0.01270313
5.10000007e-010   0.01278906
5.15000007e-010   0.01289844
5.20000007e-010   0.01298438
5.25000007e-010   0.01313281
5.30000007e-010   0.01323438
5.35000007e-010   0.01339063
5.40000007e-010   0.01357031
5.45000007e-010   0.01371094
5.50000007e-010   0.01385156
5.55000007e-010   0.01400781
5.60000007e-010   0.01414063
5.65000008e-010    0.0143125
5.70000008e-010   0.01446094
5.75000008e-010    0.0145625
5.80000008e-010   0.01471094
5.85000008e-010   0.01482031
5.90000008e-010   0.01494531
5.95000008e-010    0.0150625
6.00000008e-010   0.01514844
6.05000008e-010   0.01524219
6.10000008e-010   0.01533594
6.15000008e-010   0.01539844
6.20000008e-010   0.01546875
6.25000008e-010   0.01550781
6.30000008e-010   0.01555469
6.35000008e-010    0.0155625
6.40000009e-010   0.01560938
6.45000009e-010   0.01559375
6.50000009e-010   0.01557031
6.55000009e-010   0.01555469
6.60000009e-010   0.01550781
6.65000009e-010   0.01547656
6.70000009e-010   0.01542188
6.75000009e-010   0.01539844
6.80000009e-010   0.01538281
6.85000009e-010   0.01534375
6.90000009e-010   0.01534375
6.95000009e-010   0.01535938
7.00000009e-010   0.01539844
7.05000009e-010   0.01544531
7.10000009e-010   0.01550781
7.1500001e-010   0.01558594
7.2000001e-010   0.01567188
7.2500001e-010   0.01573438
7.3000001e-010   0.01582813
7.3500001e-010   0.01592188
7.4000001e-010   0.01600781
7.4500001e-010   0.01607031
7.5000001e-010   0.01611719
7.5500001e-010   0.01616406
7.6000001e-010   0.01617188
7.6500001e-010   0.01619531
7.7000001e-010   0.01619531
7.7500001e-010   0.01617188
7.8000001e-010    0.0161875
7.8500001e-010   0.01616406
7.90000011e-010   0.01615625
7.95000011e-010   0.01614063
8.00000011e-010   0.01613281
8.05000011e-010   0.01610156
8.10000011e-010   0.01611719
8.15000011e-010   0.01611719
8.20000011e-010   0.01617969
8.25000011e-010   0.01619531
8.30000011e-010   0.01626563
8.35000011e-010   0.01626563
8.40000011e-010    0.0163125
8.45000011e-010   0.01633594
8.50000011e-010   0.01636719
8.55000011e-010   0.01639844
8.60000011e-010   0.01642969
8.65000012e-010   0.01646094
8.70000012e-010   0.01647656
8.75000012e-010       0.0165
8.80000012e-010   0.01651563
8.85000012e-010   0.01655469
8.90000012e-010   0.01658594
8.95000012e-010   0.01661719
9.00000012e-010   0.01665625
9.05000012e-010   0.01677344
9.10000012e-010   0.01683594
9.15000012e-010   0.01692188
9.20000012e-010   0.01703125
9.25000012e-010     0.017125
9.30000012e-010   0.01727344
9.35000012e-010    0.0174375
9.40000013e-010   0.01753125
9.45000013e-010   0.01766406
9.50000013e-010   0.01778125
9.55000013e-010   0.01789844
9.60000013e-010   0.01800781
9.65000013e-010   0.01809375
9.70000013e-010   0.01817188
9.75000013e-010   0.01821875
9.80000013e-010      0.01825
9.85000013e-010   0.01828906
9.90000013e-010   0.01828906
9.95000013e-010   0.01830469
1.00000001e-009   0.01827344
1.00500001e-009   0.01827344
1.01000001e-009   0.01828906
1.01500001e-009   0.01824219
1.02000001e-009   0.01822656
1.02500001e-009   0.01824219
1.03000001e-009   0.01824219
1.03500001e-009   0.01824219
1.04000001e-009   0.01826563
1.04500001e-009   0.01829688
1.05000001e-009   0.01827344
1.05500001e-009   0.01832813
1.06000001e-009     0.018375
1.06500001e-009   0.01839063
1.07000001e-009   0.01845313
1.07500001e-009   0.01847656
1.08000001e-009       0.0185
1.08500001e-009   0.01853125
1.09000001e-009   0.01859375
1.09500001e-009   0.01863281
1.10000001e-009   0.01867188
1.10500001e-009   0.01870313
1.11000001e-009   0.01871875
1.11500001e-009   0.01873438
1.12000001e-009   0.01875781
1.12500002e-009   0.01879688
1.13000002e-009   0.01879688
1.13500002e-009   0.01880469
1.14000002e-009   0.01885156
1.14500002e-009   0.01885938
1.15000002e-009     0.018875
1.15500002e-009   0.01888281
1.16000002e-009    0.0189375
1.16500002e-009   0.01896875
1.17000002e-009   0.01900781
1.17500002e-009   0.01903906
1.18000002e-009   0.01907813
1.18500002e-009   0.01915625
1.19000002e-009   0.01921094
1.19500002e-009   0.01926563
1.20000002e-009    0.0193125
1.20500002e-009   0.01936719
1.21000002e-009   0.01938281
1.21500002e-009   0.01940625
1.22000002e-009   0.01940625
1.22500002e-009    0.0194375
1.23000002e-009   0.01938281
1.23500002e-009   0.01935938
1.24000002e-009   0.01930469
1.24500002e-009   0.01921875
1.25000002e-009   0.01910938
