-1.24500002e-009  -0.00828125
-1.24000002e-009 -0.0009687497
-1.23500002e-009 -0.009539063
-1.23000002e-009 -0.0009218747
-1.22500002e-009  -0.01011719
-1.22000002e-009 -0.0005156247
-1.21500002e-009  -0.01009375
-1.21000002e-009 -0.0004999997
-1.20500002e-009 -0.009703125
-1.20000002e-009 -7.812465e-005
-1.19500002e-009 -0.009203125
-1.19000002e-009 -0.0002656247
-1.18500002e-009    -0.009625
-1.18000002e-009 -0.0008984372
-1.17500002e-009  -0.01004688
-1.17000002e-009 -0.0009765622
-1.16500002e-009  -0.01013281
-1.16000002e-009 -0.0007734372
-1.15500002e-009 -0.009789063
-1.15000002e-009 -0.0003437497
-1.14500002e-009 -0.009039063
-1.14000002e-009 -0.0005546872
-1.13500002e-009 -0.009085938
-1.13000002e-009 -0.0005312497
-1.12500002e-009 -0.008773438
-1.12000001e-009 -0.0002578122
-1.11500001e-009       -0.008
-1.11000001e-009 -0.0002265622
-1.10500001e-009 -0.008742188
-1.10000001e-009 -0.0004843747
-1.09500001e-009    -0.009125
-1.09000001e-009 -0.0002656247
-1.08500001e-009  -0.00909375
-1.08000001e-009 -0.0003359372
-1.07500001e-009 -0.009335938
-1.07000001e-009 -0.0006093747
-1.06500001e-009  -0.00959375
-1.06000001e-009 -0.0005703122
-1.05500001e-009   -0.0093125
-1.05000001e-009 5.468785e-005
-1.04500001e-009       -0.009
-1.04000001e-009 0.0002812504
-1.03500001e-009 -0.008898438
-1.03000001e-009 7.031285e-005
-1.02500001e-009 -0.008976563
-1.02000001e-009 -8.593715e-005
-1.01500001e-009 -0.008632813
-1.01000001e-009 -0.0007109372
-1.00500001e-009 -0.009351563
-1.00000001e-009 -0.0008671872
-9.95000013e-010 -0.009734375
-9.90000013e-010 -0.0009062497
-9.85000013e-010 -0.009585938
-9.80000013e-010 -0.0005546872
-9.75000013e-010 -0.009382813
-9.70000013e-010 -0.0008749997
-9.65000013e-010 -0.009460938
-9.60000013e-010 -0.0006718747
-9.55000013e-010 -0.009195313
-9.50000013e-010 -0.0008359372
-9.45000013e-010  -0.00934375
-9.40000013e-010 -0.0005624997
-9.35000012e-010 -0.009117188
-9.30000012e-010 -0.0002031247
-9.25000012e-010 -0.008796875
-9.20000012e-010 -7.031215e-005
-9.15000012e-010 -0.008953125
-9.10000012e-010 -0.0003124997
-9.05000012e-010 -0.009382813
-9.00000012e-010 -0.0006874997
-8.95000012e-010 -0.009648438
-8.90000012e-010 -0.0005937497
-8.85000012e-010 -0.009289063
-8.80000012e-010 -0.0006718747
-8.75000012e-010 -0.009015625
-8.70000012e-010 -0.0009140622
-8.65000012e-010 -0.009171875
-8.60000011e-010 -0.0009999997
-8.55000011e-010  -0.01007031
-8.50000011e-010 -0.001171875
-8.45000011e-010  -0.01025781
-8.40000011e-010 -0.001265625
-8.35000011e-010 -0.009914063
-8.30000011e-010 -0.0009999997
-8.25000011e-010  -0.01067188
-8.20000011e-010 -0.001070312
-8.15000011e-010  -0.01120313
-8.10000011e-010 -0.001710937
-8.05000011e-010  -0.01142188
-8.00000011e-010 -0.002921875
-7.95000011e-010    -0.011375
-7.90000011e-010  -0.00328125
-7.8500001e-010  -0.01185156
-7.8000001e-010 -0.003617187
-7.7500001e-010  -0.01284375
-7.7000001e-010   -0.0031875
-7.6500001e-010    -0.013125
-7.6000001e-010       -0.003
-7.5500001e-010      -0.0135
-7.5000001e-010       -0.003
-7.4500001e-010  -0.01470313
-7.4000001e-010 -0.004101562
-7.3500001e-010  -0.01549219
-7.3000001e-010 -0.005820312
-7.2500001e-010  -0.01611719
-7.2000001e-010 -0.007554688
-7.1500001e-010  -0.01867188
-7.10000009e-010 -0.008304688
-7.05000009e-010  -0.02124219
-7.00000009e-010  -0.01052344
-6.95000009e-010       -0.023
-6.90000009e-010    -0.013375
-6.85000009e-010  -0.02488281
-6.80000009e-010  -0.01478125
-6.75000009e-010  -0.02754688
-6.70000009e-010       -0.017
-6.65000009e-010  -0.03123438
-6.60000009e-010  -0.02117188
-6.55000009e-010  -0.03525781
-6.50000009e-010  -0.02635156
-6.45000009e-010   -0.0404375
-6.40000009e-010  -0.03034375
-6.35000008e-010  -0.04622656
-6.30000008e-010  -0.03522656
-6.25000008e-010  -0.05182813
-6.20000008e-010       -0.041
-6.15000008e-010  -0.05828906
-6.10000008e-010   -0.0480625
-6.05000008e-010  -0.06458594
-6.00000008e-010  -0.05514063
-5.95000008e-010  -0.07054688
-5.90000008e-010  -0.06022657
-5.85000008e-010  -0.07702344
-5.80000008e-010    -0.065625
-5.75000008e-010  -0.08532032
-5.70000008e-010  -0.07184375
-5.65000008e-010  -0.09340625
-5.60000007e-010       -0.079
-5.55000007e-010       -0.101
-5.50000007e-010  -0.08692188
-5.45000007e-010   -0.1074766
-5.40000007e-010  -0.09546094
-5.35000007e-010   -0.1134063
-5.30000007e-010   -0.1039844
-5.25000007e-010       -0.119
-5.20000007e-010   -0.1099688
-5.15000007e-010   -0.1241797
-5.10000007e-010       -0.115
-5.05000007e-010   -0.1302266
-5.00000007e-010   -0.1195859
-4.95000007e-010       -0.135
-4.90000007e-010   -0.1244453
-4.85000006e-010    -0.137625
-4.80000006e-010   -0.1285391
-4.75000006e-010   -0.1407266
-4.70000006e-010   -0.1316172
-4.65000006e-010       -0.143
-4.60000006e-010   -0.1328125
-4.55000006e-010   -0.1436406
-4.50000006e-010   -0.1334766
-4.45000006e-010   -0.1448828
-4.40000006e-010   -0.1331484
-4.35000006e-010   -0.1442109
-4.30000006e-010   -0.1327813
-4.25000006e-010       -0.143
-4.20000006e-010   -0.1330078
-4.15000006e-010   -0.1429609
-4.10000005e-010   -0.1319141
-4.05000005e-010       -0.143
-4.00000005e-010   -0.1310859
-3.95000005e-010   -0.1406797
-3.90000005e-010   -0.1308281
-3.85000005e-010       -0.141
-3.80000005e-010   -0.1289531
-3.75000005e-010   -0.1392109
-3.70000005e-010   -0.1278516
-3.65000005e-010   -0.1390234
-3.60000005e-010       -0.127
-3.55000005e-010     -0.13825
-3.50000005e-010   -0.1251641
-3.45000005e-010   -0.1363984
-3.40000005e-010   -0.1239141
-3.35000004e-010   -0.1342344
-3.30000004e-010   -0.1219453
-3.25000004e-010   -0.1320156
-3.20000004e-010   -0.1199844
-3.15000004e-010   -0.1312266
-3.10000004e-010    -0.119125
-3.05000004e-010   -0.1300313
-3.00000004e-010   -0.1193281
-2.95000004e-010    -0.128375
-2.90000004e-010   -0.1179609
-2.85000004e-010   -0.1275938
-2.80000004e-010   -0.1169063
-2.75000004e-010       -0.127
-2.70000004e-010   -0.1153984
-2.65000004e-010   -0.1246484
-2.60000003e-010   -0.1135781
-2.55000003e-010       -0.125
-2.50000003e-010   -0.1113594
-2.45000003e-010   -0.1238906
-2.40000003e-010   -0.1098203
-2.35000003e-010   -0.1214922
-2.30000003e-010   -0.1081094
-2.25000003e-010   -0.1182031
-2.20000003e-010   -0.1056797
-2.15000003e-010       -0.115
-2.10000003e-010       -0.103
-2.05000003e-010       -0.113
-2.00000003e-010  -0.09938282
-1.95000003e-010   -0.1104922
-1.90000003e-010  -0.09632813
-1.85000002e-010   -0.1073281
-1.80000002e-010  -0.09279688
-1.75000002e-010   -0.1033906
-1.70000002e-010  -0.08736719
-1.65000002e-010  -0.09861719
-1.60000002e-010  -0.08264844
-1.55000002e-010       -0.093
-1.50000002e-010  -0.07836719
-1.45000002e-010  -0.08783594
-1.40000002e-010  -0.07315625
-1.35000002e-010  -0.08177344
-1.30000002e-010  -0.06703907
-1.25000002e-010  -0.07605469
-1.20000002e-010       -0.061
-1.15000002e-010  -0.06996094
-1.10000001e-010  -0.05490625
-1.05000001e-010  -0.06292188
-1.00000001e-010    -0.048625
-9.50000013e-011  -0.05582031
-9.00000012e-011  -0.04174219
-8.50000011e-011  -0.04860938
-8.00000011e-011  -0.03426563
-7.5000001e-011  -0.04144531
-7.00000009e-011  -0.02672656
-6.50000009e-011  -0.03436719
-6.00000008e-011  -0.01957031
-5.50000007e-011  -0.02777344
-5.00000007e-011  -0.01279688
-4.50000006e-011  -0.02119531
-4.00000005e-011       -0.005
-3.50000005e-011  -0.01516406
-3.00000004e-011        0.001
-2.50000003e-011  -0.00996875
-2.00000003e-011  0.005023438
-1.50000002e-011 -0.004765625
-1.00000001e-011  0.009390626
-5.00000007e-012 0.0004375004
           0   0.01322656
5.00000007e-012  0.005179688
1.00000001e-011   0.01724219
1.50000002e-011  0.008664063
2.00000003e-011   0.02071875
2.50000003e-011   0.01046094
3.00000004e-011        0.023
3.50000005e-011   0.01225781
4.00000005e-011   0.02407813
4.50000006e-011   0.01340625
5.00000007e-011   0.02496875
5.50000007e-011    0.0145625
6.00000008e-011   0.02403125
6.50000009e-011   0.01458594
7.00000009e-011    0.0246875
7.5000001e-011    0.0129375
8.00000011e-011   0.02482813
8.50000011e-011   0.01167969
9.00000012e-011   0.02465625
9.50000013e-011   0.01104688
1.00000001e-010   0.02464063
1.05000001e-010   0.01083594
1.10000001e-010   0.02326563
1.15000002e-010    0.0105625
1.20000002e-010   0.02119531
1.25000002e-010  0.009914063
1.30000002e-010   0.01873438
1.35000002e-010  0.009000001
1.40000002e-010   0.01735938
1.45000002e-010  0.007742188
1.50000002e-010        0.017
1.55000002e-010  0.005976563
1.60000002e-010       0.0165
1.65000002e-010  0.005093751
1.70000002e-010   0.01689063
1.75000002e-010  0.005000001
1.80000002e-010   0.01682031
1.85000002e-010  0.005750001
1.90000003e-010   0.01632031
1.95000003e-010  0.006617188
2.00000003e-010       0.0165
2.05000003e-010  0.007015626
2.10000003e-010   0.01748438
2.15000003e-010  0.007601563
2.20000003e-010   0.01850781
2.25000003e-010  0.008539063
2.30000003e-010   0.01935938
2.35000003e-010  0.009789063
2.40000003e-010   0.02069531
2.45000003e-010   0.01232031
2.50000003e-010   0.02207813
2.55000003e-010   0.01320313
2.60000003e-010   0.02349219
2.65000004e-010   0.01420313
2.70000004e-010    0.0246875
2.75000004e-010   0.01503906
2.80000004e-010        0.025
2.85000004e-010   0.01511719
2.90000004e-010   0.02436719
2.95000004e-010        0.015
3.00000004e-010   0.02514844
3.05000004e-010   0.01484375
3.10000004e-010        0.025
3.15000004e-010   0.01478125
3.20000004e-010   0.02504688
3.25000004e-010   0.01335938
3.30000004e-010   0.02521875
3.35000004e-010   0.01291406
3.40000005e-010   0.02449219
3.45000005e-010   0.01292188
3.50000005e-010   0.02290625
3.55000005e-010   0.01238281
3.60000005e-010   0.02149219
3.65000005e-010   0.01134375
3.70000005e-010   0.02082813
3.75000005e-010  0.009484376
3.80000005e-010   0.01995313
3.85000005e-010  0.008671876
3.90000005e-010   0.01921875
3.95000005e-010  0.009000001
4.00000005e-010        0.019
4.05000005e-010  0.009000001
4.10000005e-010   0.01875781
4.15000006e-010  0.008429688
4.20000006e-010     0.018125
4.25000006e-010  0.007843751
4.30000006e-010   0.01884375
4.35000006e-010  0.008031251
4.40000006e-010   0.01927344
4.45000006e-010  0.008250001
4.50000006e-010   0.01834375
4.55000006e-010  0.008851563
4.60000006e-010   0.01746094
4.65000006e-010  0.009031251
4.70000006e-010   0.01761719
4.75000006e-010  0.009000001
4.80000006e-010   0.01785156
4.85000006e-010  0.009000001
4.90000007e-010        0.019
4.95000007e-010  0.009000001
5.00000007e-010   0.01911719
5.05000007e-010  0.008609376
5.10000007e-010    0.0194375
5.15000007e-010  0.008203126
5.20000007e-010        0.021
5.25000007e-010  0.008359376
5.30000007e-010   0.02147656
5.35000007e-010  0.009070313
5.40000007e-010   0.02096875
5.45000007e-010  0.009000001
5.50000007e-010   0.01976563
5.55000007e-010  0.009500001
5.60000007e-010   0.01904688
5.65000008e-010   0.01055469
5.70000008e-010   0.01891406
5.75000008e-010   0.01074219
5.80000008e-010   0.01911719
5.85000008e-010   0.01086719
5.90000008e-010   0.01942969
5.95000008e-010   0.01092188
6.00000008e-010   0.02174219
6.05000008e-010   0.01108594
6.10000008e-010        0.023
6.15000008e-010   0.01160938
6.20000008e-010    0.0229375
6.25000008e-010        0.011
6.30000008e-010   0.02182813
6.35000008e-010   0.01050781
6.40000009e-010   0.02011719
6.45000009e-010   0.01075781
6.50000009e-010   0.01972656
6.55000009e-010   0.01091406
6.60000009e-010   0.01986719
6.65000009e-010   0.01063281
6.70000009e-010   0.02034375
6.75000009e-010     0.010625
6.80000009e-010        0.021
6.85000009e-010   0.01055469
6.90000009e-010        0.021
6.95000009e-010        0.011
7.00000009e-010   0.02110156
7.05000009e-010   0.01145313
7.10000009e-010   0.02047656
7.1500001e-010   0.01153906
7.2000001e-010   0.01935938
7.2500001e-010   0.01178125
7.3000001e-010   0.01927344
7.3500001e-010   0.01113281
7.4000001e-010   0.02024219
7.4500001e-010   0.01053906
7.5000001e-010   0.02149219
7.5500001e-010   0.01016406
7.6000001e-010      0.02175
7.6500001e-010   0.01051563
7.7000001e-010   0.02113281
7.7500001e-010     0.011375
7.8000001e-010   0.02239063
7.8500001e-010   0.01157813
7.90000011e-010        0.023
7.95000011e-010   0.01057031
8.00000011e-010   0.02265625
8.05000011e-010   0.01023438
8.10000011e-010   0.02257813
8.15000011e-010   0.01067188
8.20000011e-010   0.02436719
8.25000011e-010   0.01190625
8.30000011e-010   0.02534375
8.35000011e-010    0.0110625
8.40000011e-010     0.025375
8.45000011e-010   0.01128125
8.50000011e-010   0.02463281
8.55000011e-010   0.01236719
8.60000011e-010   0.02333594
8.65000012e-010   0.01267188
8.70000012e-010        0.023
8.75000012e-010     0.012625
8.80000012e-010   0.02285938
8.85000012e-010      0.01125
8.90000012e-010        0.023
8.95000012e-010   0.01046094
9.00000012e-010     0.022125
9.05000012e-010   0.01054688
9.10000012e-010        0.022
9.15000012e-010        0.011
9.20000012e-010   0.02192188
9.25000012e-010   0.01261719
9.30000012e-010   0.02246875
9.35000012e-010   0.01349219
9.40000013e-010   0.02292969
9.45000013e-010   0.01491406
9.50000013e-010   0.02292188
9.55000013e-010   0.01457813
9.60000013e-010        0.023
9.65000013e-010   0.01419531
9.70000013e-010   0.02380469
9.75000013e-010   0.01442969
9.80000013e-010   0.02475781
9.85000013e-010   0.01395313
9.90000013e-010   0.02500781
9.95000013e-010        0.013
1.00000001e-009       0.0245
1.00500001e-009   0.01207031
1.01000001e-009    0.0234375
1.01500001e-009   0.01150781
1.02000001e-009   0.02360938
1.02500001e-009   0.01144531
1.03000001e-009   0.02354688
1.03500001e-009   0.01194531
1.04000001e-009   0.02332031
1.04500001e-009        0.013
1.05000001e-009        0.023
1.05500001e-009   0.01382813
1.06000001e-009   0.02351563
1.06500001e-009   0.01421094
1.07000001e-009   0.02364063
1.07500001e-009     0.012875
1.08000001e-009   0.02328125
1.08500001e-009   0.01217969
1.09000001e-009   0.02311719
1.09500001e-009   0.01245313
1.10000001e-009     0.023125
1.10500001e-009   0.01386719
1.11000001e-009        0.023
1.11500001e-009     0.014625
1.12000001e-009        0.023
1.12500002e-009   0.01392969
1.13000002e-009     0.023375
1.13500002e-009   0.01349219
1.14000002e-009   0.02416406
1.14500002e-009   0.01319531
1.15000002e-009   0.02625781
1.15500002e-009     0.013125
1.16000002e-009        0.027
1.16500002e-009    0.0141875
1.17000002e-009   0.02617188
1.17500002e-009        0.015
1.18000002e-009   0.02417188
1.18500002e-009   0.01336719
1.19000002e-009        0.025
1.19500002e-009   0.01182813
1.20000002e-009   0.02574219
1.20500002e-009   0.01101563
1.21000002e-009   0.02561719
1.21500002e-009   0.01130469
1.22000002e-009   0.02489063
1.22500002e-009   0.01267188
1.23000002e-009   0.02389844
1.23500002e-009   0.01467969
1.24000002e-009        0.023
1.24500002e-009   0.01514844
1.25000002e-009        0.023
