-4.98000007e-009 -0.0002812497
-4.96000007e-009 -0.0003124997
-4.94000007e-009 -0.0004921872
-4.92000007e-009 -0.0007187497
-4.90000007e-009 -0.0006640622
-4.88000007e-009 -0.0003749997
-4.86000006e-009 -4.687465e-005
-4.84000006e-009 -3.124965e-005
-4.82000006e-009 -0.0003203122
-4.80000006e-009 -0.0006015622
-4.78000006e-009 -0.0006874997
-4.76000006e-009 -0.0005624997
-4.74000006e-009 -0.0004609372
-4.72000006e-009 -0.0004218747
-4.70000006e-009 -0.0003124997
-4.68000006e-009 -0.0001796872
-4.66000006e-009 -0.0001406247
-4.64000006e-009 -0.0002343747
-4.62000006e-009 -0.0003671872
-4.60000006e-009 -0.0004687497
-4.58000006e-009 -0.0004999997
-4.56000006e-009 -0.0006093747
-4.54000006e-009 -0.0008203122
-4.52000006e-009 -0.0009843747
-4.50000006e-009 -0.0009765622
-4.48000006e-009 -0.0008203122
-4.46000006e-009 -0.0005546872
-4.44000006e-009 -0.0004140622
-4.42000006e-009 -0.0004062497
-4.40000006e-009 -0.0004999997
-4.38000006e-009 -0.0005703122
-4.36000006e-009 -0.0004921872
-4.34000006e-009 -0.0002656247
-4.32000006e-009 -5.468715e-005
-4.30000006e-009 -2.343715e-005
-4.28000006e-009 -0.0001249997
-4.26000006e-009 -0.0003203122
-4.24000006e-009 -0.0004453122
-4.22000006e-009 -0.0005312497
-4.20000006e-009 -0.0005703122
-4.18000006e-009 -0.0006796872
-4.16000006e-009 -0.0008124997
-4.14000006e-009 -0.0008984372
-4.12000006e-009 -0.0009218747
-4.10000005e-009 -0.0008359372
-4.08000005e-009 -0.0006171872
-4.06000005e-009 -0.0003203122
-4.04000005e-009 -0.0001484372
-4.02000005e-009 -0.0001718747
-4.00000005e-009 -0.0003593747
-3.98000005e-009 -0.0005156247
-3.96000005e-009 -0.0004921872
-3.94000005e-009 -0.0003671872
-3.92000005e-009 -0.0002265622
-3.90000005e-009 -0.0001796872
-3.88000005e-009 -0.0001953122
-3.86000005e-009 -0.0002421872
-3.84000005e-009 -0.0003203122
-3.82000005e-009 -0.0004218747
-3.80000005e-009 -0.0005859372
-3.78000005e-009 -0.0006874997
-3.76000005e-009 -0.0007187497
-3.74000005e-009 -0.0006406247
-3.72000005e-009 -0.0004765622
-3.70000005e-009 -0.0004062497
-3.68000005e-009 -0.0004296872
-3.66000005e-009 -0.0004609372
-3.64000005e-009 -0.0003515622
-3.62000005e-009 -0.0001796872
-3.60000005e-009 -0.0001015622
-3.58000005e-009 -0.0002343747
-3.56000005e-009 -0.0004218747
-3.54000005e-009 -0.0004296872
-3.52000005e-009 -0.0003359372
-3.50000005e-009 -0.0002187497
-3.48000005e-009 -0.0002890622
-3.46000005e-009 -0.0005234372
-3.44000005e-009 -0.0007109372
-3.42000005e-009 -0.0007421872
-3.40000005e-009 -0.0006406247
-3.38000005e-009 -0.0006171872
-3.36000004e-009 -0.0006718747
-3.34000004e-009 -0.0007109372
-3.32000004e-009 -0.0007421872
-3.30000004e-009 -0.0008203122
-3.28000004e-009 -0.0009843747
-3.26000004e-009 -0.001210937
-3.24000004e-009 -0.001398437
-3.22000004e-009 -0.001703125
-3.20000004e-009 -0.002101562
-3.18000004e-009 -0.002554687
-3.16000004e-009   -0.0029375
-3.14000004e-009 -0.003203125
-3.12000004e-009  -0.00340625
-3.10000004e-009 -0.003640625
-3.08000004e-009 -0.004023437
-3.06000004e-009 -0.004453125
-3.04000004e-009 -0.004882812
-3.02000004e-009 -0.005328125
-3.00000004e-009  -0.00578125
-2.98000004e-009 -0.006257812
-2.96000004e-009 -0.006578125
-2.94000004e-009 -0.006757812
-2.92000004e-009 -0.006976562
-2.90000004e-009 -0.007367188
-2.88000004e-009 -0.007789063
-2.86000004e-009 -0.008054688
-2.84000004e-009  -0.00821875
-2.82000004e-009 -0.008546875
-2.80000004e-009 -0.009046875
-2.78000004e-009      -0.0095
-2.76000004e-009 -0.009648438
-2.74000004e-009 -0.009476563
-2.72000004e-009 -0.009273438
-2.70000004e-009  -0.00934375
-2.68000004e-009    -0.009625
-2.66000004e-009 -0.009796875
-2.64000004e-009 -0.009765625
-2.62000003e-009  -0.00978125
-2.60000003e-009  -0.01005469
-2.58000003e-009      -0.0105
-2.56000003e-009  -0.01078906
-2.54000003e-009  -0.01054688
-2.52000003e-009  -0.01016406
-2.50000003e-009   -0.0100625
-2.48000003e-009    -0.010375
-2.46000003e-009  -0.01071094
-2.44000003e-009  -0.01076563
-2.42000003e-009   -0.0105625
-2.40000003e-009  -0.01042969
-2.38000003e-009  -0.01054688
-2.36000003e-009  -0.01073438
-2.34000003e-009  -0.01064063
-2.32000003e-009  -0.01028125
-2.30000003e-009 -0.009898438
-2.28000003e-009  -0.00978125
-2.26000003e-009 -0.009835938
-2.24000003e-009  -0.00984375
-2.22000003e-009  -0.00978125
-2.20000003e-009 -0.009695313
-2.18000003e-009 -0.009734375
-2.16000003e-009 -0.009851563
-2.14000003e-009 -0.009890625
-2.12000003e-009  -0.00978125
-2.10000003e-009 -0.009507813
-2.08000003e-009 -0.009210938
-2.06000003e-009 -0.008867188
-2.04000003e-009 -0.008578125
-2.02000003e-009      -0.0085
-2.00000003e-009 -0.008546875
-1.98000003e-009   -0.0086875
-1.96000003e-009 -0.008695313
-1.94000003e-009 -0.008359375
-1.92000003e-009  -0.00778125
-1.90000003e-009 -0.007296875
-1.88000003e-009  -0.00715625
-1.86000002e-009 -0.007210937
-1.84000002e-009 -0.007234375
-1.82000002e-009  -0.00715625
-1.80000002e-009 -0.007039062
-1.78000002e-009 -0.006992187
-1.76000002e-009 -0.006765625
-1.74000002e-009 -0.006398437
-1.72000002e-009 -0.005890625
-1.70000002e-009 -0.005515625
-1.68000002e-009 -0.005320312
-1.66000002e-009   -0.0051875
-1.64000002e-009  -0.00503125
-1.62000002e-009 -0.004804687
-1.60000002e-009 -0.004726562
-1.58000002e-009 -0.004703125
-1.56000002e-009 -0.004585937
-1.54000002e-009   -0.0044375
-1.52000002e-009 -0.004210937
-1.50000002e-009  -0.00409375
-1.48000002e-009  -0.00396875
-1.46000002e-009   -0.0038125
-1.44000002e-009 -0.003648437
-1.42000002e-009 -0.003554687
-1.40000002e-009 -0.003554687
-1.38000002e-009 -0.003609375
-1.36000002e-009 -0.003609375
-1.34000002e-009 -0.003414062
-1.32000002e-009 -0.003148437
-1.30000002e-009       -0.003
-1.28000002e-009  -0.00296875
-1.26000002e-009 -0.003132812
-1.24000002e-009 -0.003226562
-1.22000002e-009 -0.003265625
-1.20000002e-009 -0.003164062
-1.18000002e-009 -0.003046875
-1.16000002e-009  -0.00303125
-1.14000002e-009 -0.003039062
-1.12000001e-009 -0.002992187
-1.10000001e-009 -0.002828125
-1.08000001e-009    -0.002625
-1.06000001e-009    -0.002625
-1.04000001e-009 -0.002789062
-1.02000001e-009 -0.002992187
-1.00000001e-009 -0.002992187
-9.80000013e-010    -0.002875
-9.60000013e-010 -0.002867187
-9.40000013e-010 -0.003171875
-9.20000012e-010 -0.003492187
-9.00000012e-010   -0.0035625
-8.80000012e-010 -0.003265625
-8.60000011e-010 -0.002992187
-8.40000011e-010 -0.002992187
-8.20000011e-010 -0.003335937
-8.00000011e-010 -0.003742187
-7.8000001e-010 -0.004015625
-7.6000001e-010   -0.0040625
-7.4000001e-010 -0.004078125
-7.2000001e-010 -0.004148437
-7.00000009e-010 -0.004398437
-6.80000009e-010 -0.004867187
-6.60000009e-010 -0.005359375
-6.40000009e-010 -0.006054687
-6.20000008e-010 -0.006984375
-6.00000008e-010     -0.00825
-5.80000008e-010  -0.01025781
-5.60000007e-010  -0.01278125
-5.40000007e-010   -0.0165625
-5.20000007e-010  -0.02203125
-5.00000007e-010  -0.02954688
-4.80000006e-010  -0.03933594
-4.60000006e-010  -0.05089844
-4.40000006e-010  -0.06439844
-4.20000006e-010  -0.07979688
-4.00000005e-010  -0.09625782
-3.80000005e-010   -0.1121719
-3.60000005e-010   -0.1261797
-3.40000005e-010   -0.1369063
-3.20000004e-010   -0.1444844
-3.00000004e-010   -0.1489766
-2.80000004e-010   -0.1503438
-2.60000003e-010    -0.149625
-2.40000003e-010   -0.1467188
-2.20000003e-010   -0.1428438
-2.00000003e-010   -0.1383672
-1.80000002e-010   -0.1328281
-1.60000002e-010   -0.1260391
-1.40000002e-010   -0.1166094
-1.20000002e-010   -0.1044297
-1.00000001e-010   -0.0899375
-8.00000011e-011  -0.07372657
-6.00000008e-011    -0.056625
-4.00000005e-011  -0.03946875
-2.00000003e-011  -0.02328125
           0 -0.009617188
2.00000003e-011 0.0006250004
4.00000005e-011  0.007742188
6.00000008e-011   0.01171094
8.00000011e-011   0.01342969
1.00000001e-010   0.01324219
1.20000002e-010   0.01179688
1.40000002e-010   0.01017969
1.60000002e-010  0.008609376
1.80000002e-010  0.007750001
2.00000003e-010  0.007703126
2.20000003e-010  0.008601563
2.40000003e-010   0.01053906
2.60000003e-010   0.01304688
2.80000004e-010   0.01570313
3.00000004e-010   0.01792188
3.20000004e-010   0.01935156
3.40000005e-010   0.01983594
3.60000005e-010   0.01952344
3.80000005e-010   0.01871094
4.00000005e-010   0.01771875
4.20000006e-010   0.01672656
4.40000006e-010   0.01589063
4.60000006e-010   0.01517188
4.80000006e-010   0.01460938
5.00000007e-010   0.01403125
5.20000007e-010   0.01342969
5.40000007e-010   0.01286719
5.60000007e-010    0.0123125
5.80000008e-010        0.012
6.00000008e-010   0.01195313
6.20000008e-010   0.01225781
6.40000009e-010   0.01266406
6.60000009e-010   0.01301563
6.80000009e-010   0.01298438
7.00000009e-010   0.01273438
7.2000001e-010   0.01247656
7.4000001e-010   0.01220313
7.6000001e-010   0.01192188
7.8000001e-010   0.01153906
8.00000011e-010   0.01122656
8.20000011e-010   0.01125781
8.40000011e-010    0.0116875
8.60000011e-010   0.01235938
8.80000012e-010   0.01310938
9.00000012e-010   0.01375781
9.20000012e-010   0.01425781
9.40000013e-010   0.01450781
9.60000013e-010    0.0145625
9.80000013e-010   0.01446875
1.00000001e-009   0.01438281
1.02000001e-009    0.0143125
1.04000001e-009   0.01407813
1.06000001e-009   0.01382813
1.08000001e-009   0.01360938
1.10000001e-009   0.01359375
1.12000001e-009     0.013875
1.14000002e-009   0.01429688
1.16000002e-009   0.01479688
1.18000002e-009    0.0151875
1.20000002e-009   0.01541406
1.22000002e-009    0.0155625
1.24000002e-009   0.01578906
1.26000002e-009   0.01614844
1.28000002e-009   0.01661719
1.30000002e-009   0.01694531
1.32000002e-009   0.01710938
1.34000002e-009   0.01721875
1.36000002e-009   0.01739844
1.38000002e-009   0.01767188
1.40000002e-009   0.01775781
1.42000002e-009   0.01767969
1.44000002e-009       0.0175
1.46000002e-009   0.01741406
1.48000002e-009   0.01748438
1.50000002e-009   0.01767188
1.52000002e-009   0.01767969
1.54000002e-009   0.01732031
1.56000002e-009   0.01657031
1.58000002e-009   0.01566406
1.60000002e-009   0.01489063
1.62000002e-009   0.01432813
1.64000002e-009   0.01383594
1.66000002e-009   0.01353125
1.68000002e-009   0.01338281
1.70000002e-009   0.01339844
1.72000002e-009    0.0135625
1.74000002e-009   0.01353125
1.76000002e-009   0.01338281
1.78000002e-009   0.01327344
1.80000002e-009   0.01322656
1.82000002e-009   0.01325781
1.84000002e-009   0.01317969
1.86000002e-009   0.01309375
1.88000003e-009   0.01303125
1.90000003e-009   0.01316406
1.92000003e-009   0.01334375
1.94000003e-009   0.01347656
1.96000003e-009   0.01339063
1.98000003e-009   0.01314063
2.00000003e-009   0.01288281
2.02000003e-009   0.01279688
2.04000003e-009   0.01301563
2.06000003e-009   0.01347656
2.08000003e-009   0.01391406
2.10000003e-009     0.014125
2.12000003e-009   0.01394531
2.14000003e-009    0.0136875
2.16000003e-009   0.01349219
2.18000003e-009   0.01349219
2.20000003e-009   0.01365625
2.22000003e-009   0.01386719
2.24000003e-009   0.01394531
2.26000003e-009   0.01396875
2.28000003e-009   0.01388281
2.30000003e-009      0.01375
2.32000003e-009   0.01365625
2.34000003e-009   0.01364844
2.36000003e-009   0.01352344
2.38000003e-009   0.01332031
2.40000003e-009   0.01297656
2.42000003e-009   0.01282031
2.44000003e-009   0.01274219
2.46000003e-009      0.01275
2.48000003e-009    0.0126875
2.50000003e-009   0.01257031
2.52000003e-009   0.01241406
2.54000003e-009    0.0121875
2.56000003e-009   0.01203125
2.58000003e-009    0.0120625
2.60000003e-009   0.01217188
2.62000003e-009   0.01217969
2.64000004e-009        0.012
2.66000004e-009   0.01171094
2.68000004e-009   0.01152344
2.70000004e-009   0.01149219
2.72000004e-009    0.0115625
2.74000004e-009   0.01149219
2.76000004e-009   0.01124219
2.78000004e-009   0.01098438
2.80000004e-009   0.01088281
2.82000004e-009   0.01092188
2.84000004e-009   0.01101563
2.86000004e-009   0.01101563
2.88000004e-009   0.01089063
2.90000004e-009   0.01075781
2.92000004e-009   0.01057031
2.94000004e-009   0.01045313
2.96000004e-009   0.01034375
2.98000004e-009   0.01035156
3.00000004e-009    0.0104375
3.02000004e-009   0.01050781
3.04000004e-009   0.01042969
3.06000004e-009   0.01026563
3.08000004e-009   0.01016406
3.10000004e-009   0.01023438
3.12000004e-009   0.01035938
3.14000004e-009   0.01041406
3.16000004e-009   0.01025781
3.18000004e-009   0.01008594
3.20000004e-009   0.01002344
3.22000004e-009   0.01005469
3.24000004e-009  0.009906251
3.26000004e-009  0.009664063
3.28000004e-009  0.009414063
3.30000004e-009  0.009382813
3.32000004e-009  0.009539063
3.34000004e-009  0.009617188
3.36000004e-009  0.009515626
3.38000005e-009  0.009312501
3.40000005e-009  0.009257813
3.42000005e-009  0.009320313
3.44000005e-009  0.009304688
3.46000005e-009  0.009046876
3.48000005e-009  0.008765626
3.50000005e-009  0.008609376
3.52000005e-009  0.008585938
3.54000005e-009  0.008539063
3.56000005e-009  0.008367188
3.58000005e-009  0.008164063
3.60000005e-009  0.008070313
3.62000005e-009  0.008109376
3.64000005e-009  0.008273438
3.66000005e-009  0.008359376
3.68000005e-009  0.008328126
3.70000005e-009  0.008296876
3.72000005e-009  0.008250001
3.74000005e-009  0.008148438
3.76000005e-009  0.007937501
3.78000005e-009  0.007710938
3.80000005e-009  0.007515626
3.82000005e-009  0.007468751
3.84000005e-009  0.007523438
3.86000005e-009  0.007484376
3.88000005e-009  0.007320313
3.90000005e-009  0.007218751
3.92000005e-009  0.007312501
3.94000005e-009  0.007609376
3.96000005e-009  0.007867188
3.98000005e-009  0.007812501
4.00000005e-009  0.007648438
4.02000005e-009  0.007546876
4.04000005e-009  0.007664063
4.06000005e-009  0.007835938
4.08000005e-009  0.007835938
4.10000005e-009  0.007609376
4.12000006e-009  0.007429688
4.14000006e-009  0.007367188
4.16000006e-009  0.007476563
4.18000006e-009  0.007476563
4.20000006e-009  0.007304688
4.22000006e-009  0.006984376
4.24000006e-009  0.006765626
4.26000006e-009  0.006671876
4.28000006e-009  0.006679688
4.30000006e-009  0.006679688
4.32000006e-009  0.006632813
4.34000006e-009  0.006507813
4.36000006e-009  0.006453126
4.38000006e-009  0.006359376
4.40000006e-009  0.006195313
4.42000006e-009  0.006109376
4.44000006e-009  0.006140626
4.46000006e-009  0.006390626
4.48000006e-009  0.006687501
4.50000006e-009  0.006820313
4.52000006e-009  0.006687501
4.54000006e-009  0.006343751
4.56000006e-009  0.006117188
4.58000006e-009  0.006164063
4.60000006e-009  0.006335938
4.62000006e-009  0.006367188
4.64000006e-009  0.006226563
4.66000006e-009  0.005968751
4.68000006e-009  0.005898438
4.70000006e-009  0.006039063
4.72000006e-009  0.006250001
4.74000006e-009  0.006343751
4.76000006e-009  0.006156251
4.78000006e-009  0.005945313
4.80000006e-009  0.005914063
4.82000006e-009  0.006070313
4.84000006e-009  0.006390626
4.86000006e-009  0.006609376
4.88000007e-009  0.006750001
4.90000007e-009  0.006828126
4.92000007e-009  0.006828126
4.94000007e-009  0.006726563
4.96000007e-009  0.006578126
4.98000007e-009  0.006476563
5.00000007e-009  0.006406251
