-1.24500002e-009 -0.002929687
-1.24000002e-009 -0.002914062
-1.23500002e-009  -0.00290625
-1.23000002e-009 -0.002890625
-1.22500002e-009 -0.002882812
-1.22000002e-009    -0.002875
-1.21500002e-009    -0.002875
-1.21000002e-009 -0.002890625
-1.20500002e-009  -0.00290625
-1.20000002e-009 -0.002898437
-1.19500002e-009 -0.002914062
-1.19000002e-009 -0.002914062
-1.18500002e-009   -0.0029375
-1.18000002e-009 -0.002953125
-1.17500002e-009 -0.002945312
-1.17000002e-009 -0.002960937
-1.16500002e-009 -0.003023437
-1.16000002e-009 -0.003046875
-1.15500002e-009 -0.003078125
-1.15000002e-009 -0.003109375
-1.14500002e-009 -0.003164062
-1.14000002e-009 -0.003171875
-1.13500002e-009 -0.003226562
-1.13000002e-009  -0.00328125
-1.12500002e-009   -0.0033125
-1.12000001e-009  -0.00334375
-1.11500001e-009 -0.003351562
-1.11000001e-009    -0.003375
-1.10500001e-009    -0.003375
-1.10000001e-009  -0.00334375
-1.09500001e-009  -0.00334375
-1.09000001e-009 -0.003328125
-1.08500001e-009 -0.003304687
-1.08000001e-009 -0.003257812
-1.07500001e-009 -0.003226562
-1.07000001e-009 -0.003226562
-1.06500001e-009 -0.003179687
-1.06000001e-009 -0.003171875
-1.05500001e-009 -0.003164062
-1.05000001e-009  -0.00315625
-1.04500001e-009 -0.003179687
-1.04000001e-009 -0.003179687
-1.03500001e-009 -0.003203125
-1.03000001e-009 -0.003210937
-1.02500001e-009 -0.003234375
-1.02000001e-009  -0.00328125
-1.01500001e-009 -0.003242187
-1.01000001e-009  -0.00328125
-1.00500001e-009  -0.00328125
-1.00000001e-009 -0.003257812
-9.95000013e-010 -0.003234375
-9.90000013e-010 -0.003203125
-9.85000013e-010  -0.00315625
-9.80000013e-010 -0.003109375
-9.75000013e-010 -0.003054687
-9.70000013e-010       -0.003
-9.65000013e-010 -0.002984375
-9.60000013e-010   -0.0029375
-9.55000013e-010 -0.002867187
-9.50000013e-010 -0.002851562
-9.45000013e-010 -0.002796875
-9.40000013e-010 -0.002789062
-9.35000012e-010 -0.002796875
-9.30000012e-010 -0.002804687
-9.25000012e-010 -0.002804687
-9.20000012e-010  -0.00284375
-9.15000012e-010 -0.002867187
-9.10000012e-010 -0.002882812
-9.05000012e-010  -0.00290625
-9.00000012e-010   -0.0029375
-8.95000012e-010 -0.002984375
-8.90000012e-010 -0.003015625
-8.85000012e-010 -0.003046875
-8.80000012e-010 -0.003078125
-8.75000012e-010 -0.003140625
-8.70000012e-010 -0.003171875
-8.65000012e-010 -0.003203125
-8.60000011e-010 -0.003242187
-8.55000011e-010 -0.003273437
-8.50000011e-010 -0.003328125
-8.45000011e-010    -0.003375
-8.40000011e-010 -0.003421875
-8.35000011e-010  -0.00346875
-8.30000011e-010 -0.003515625
-8.25000011e-010 -0.003554687
-8.20000011e-010 -0.003585937
-8.15000011e-010 -0.003640625
-8.10000011e-010 -0.003664062
-8.05000011e-010 -0.003710937
-8.00000011e-010 -0.003734375
-7.95000011e-010 -0.003757812
-7.90000011e-010 -0.003789062
-7.8500001e-010 -0.003804687
-7.8000001e-010 -0.003851562
-7.7500001e-010 -0.003859375
-7.7000001e-010 -0.003867187
-7.6500001e-010  -0.00390625
-7.6000001e-010 -0.003921875
-7.5500001e-010 -0.003976562
-7.5000001e-010 -0.004023437
-7.4500001e-010 -0.004070312
-7.4000001e-010 -0.004140625
-7.3500001e-010 -0.004210937
-7.3000001e-010 -0.004289062
-7.2500001e-010 -0.004390625
-7.2000001e-010 -0.004507812
-7.1500001e-010 -0.004609375
-7.10000009e-010  -0.00471875
-7.05000009e-010    -0.004875
-7.00000009e-010 -0.005046875
-6.95000009e-010 -0.005164062
-6.90000009e-010 -0.005320312
-6.85000009e-010  -0.00546875
-6.80000009e-010 -0.005601562
-6.75000009e-010 -0.005757812
-6.70000009e-010 -0.005890625
-6.65000009e-010 -0.006039062
-6.60000009e-010 -0.006195312
-6.55000009e-010 -0.006390625
-6.50000009e-010  -0.00659375
-6.45000009e-010 -0.006804687
-6.40000009e-010 -0.007085937
-6.35000008e-010 -0.007382813
-6.30000008e-010 -0.007695313
-6.25000008e-010 -0.008046875
-6.20000008e-010  -0.00846875
-6.15000008e-010    -0.008875
-6.10000008e-010 -0.009367188
-6.05000008e-010 -0.009890625
-6.00000008e-010   -0.0104375
-5.95000008e-010  -0.01103125
-5.90000008e-010  -0.01169531
-5.85000008e-010  -0.01235156
-5.80000008e-010  -0.01307031
-5.75000008e-010  -0.01385156
-5.70000008e-010  -0.01476563
-5.65000008e-010  -0.01564844
-5.60000007e-010  -0.01669531
-5.55000007e-010  -0.01782031
-5.50000007e-010  -0.01907813
-5.45000007e-010  -0.02042188
-5.40000007e-010  -0.02196094
-5.35000007e-010  -0.02360156
-5.30000007e-010  -0.02542188
-5.25000007e-010  -0.02739063
-5.20000007e-010  -0.02951563
-5.15000007e-010  -0.03178906
-5.10000007e-010     -0.03425
-5.05000007e-010  -0.03685156
-5.00000007e-010  -0.03961719
-4.95000007e-010  -0.04247656
-4.90000007e-010  -0.04550781
-4.85000006e-010  -0.04865625
-4.80000006e-010  -0.05189063
-4.75000006e-010  -0.05528125
-4.70000006e-010  -0.05876563
-4.65000006e-010  -0.06232813
-4.60000006e-010  -0.06598438
-4.55000006e-010  -0.06975782
-4.50000006e-010  -0.07360157
-4.45000006e-010  -0.07751563
-4.40000006e-010  -0.08149219
-4.35000006e-010  -0.08552344
-4.30000006e-010   -0.0895625
-4.25000006e-010  -0.09364844
-4.20000006e-010  -0.09774219
-4.15000006e-010   -0.1017344
-4.10000005e-010   -0.1057422
-4.05000005e-010   -0.1096719
-4.00000005e-010   -0.1135078
-3.95000005e-010   -0.1172031
-3.90000005e-010   -0.1207734
-3.85000005e-010   -0.1241719
-3.80000005e-010   -0.1274219
-3.75000005e-010   -0.1304609
-3.70000005e-010   -0.1333125
-3.65000005e-010   -0.1359766
-3.60000005e-010   -0.1383906
-3.55000005e-010   -0.1405625
-3.50000005e-010   -0.1425547
-3.45000005e-010   -0.1443203
-3.40000005e-010   -0.1458828
-3.35000004e-010   -0.1472109
-3.30000004e-010   -0.1483438
-3.25000004e-010   -0.1492891
-3.20000004e-010   -0.1500703
-3.15000004e-010   -0.1506172
-3.10000004e-010   -0.1510547
-3.05000004e-010   -0.1512188
-3.00000004e-010   -0.1512891
-2.95000004e-010   -0.1512188
-2.90000004e-010   -0.1509922
-2.85000004e-010   -0.1506484
-2.80000004e-010   -0.1501719
-2.75000004e-010   -0.1496094
-2.70000004e-010   -0.1489063
-2.65000004e-010   -0.1481563
-2.60000003e-010   -0.1473594
-2.55000003e-010   -0.1463828
-2.50000003e-010   -0.1454141
-2.45000003e-010   -0.1443672
-2.40000003e-010   -0.1432813
-2.35000003e-010   -0.1421719
-2.30000003e-010       -0.141
-2.25000003e-010   -0.1397891
-2.20000003e-010   -0.1385234
-2.15000003e-010   -0.1372266
-2.10000003e-010   -0.1358047
-2.05000003e-010   -0.1343047
-2.00000003e-010   -0.1327188
-1.95000003e-010   -0.1310781
-1.90000003e-010   -0.1292969
-1.85000002e-010   -0.1274063
-1.80000002e-010   -0.1253828
-1.75000002e-010     -0.12325
-1.70000002e-010   -0.1208984
-1.65000002e-010   -0.1184766
-1.60000002e-010   -0.1158438
-1.55000002e-010   -0.1130938
-1.50000002e-010   -0.1101484
-1.45000002e-010   -0.1070391
-1.40000002e-010   -0.1038047
-1.35000002e-010   -0.1004141
-1.30000002e-010  -0.09683594
-1.25000002e-010  -0.09313282
-1.20000002e-010  -0.08928907
-1.15000002e-010  -0.08534375
-1.10000001e-010  -0.08126563
-1.05000001e-010  -0.07708594
-1.00000001e-010  -0.07280469
-9.50000013e-011  -0.06845313
-9.00000012e-011  -0.06403907
-8.50000011e-011  -0.05957813
-8.00000011e-011  -0.05513281
-7.5000001e-011  -0.05067188
-7.00000009e-011     -0.04625
-6.50000009e-011  -0.04186719
-6.00000008e-011  -0.03760938
-5.50000007e-011  -0.03342969
-5.00000007e-011  -0.02936719
-4.50000006e-011  -0.02541406
-4.00000005e-011  -0.02169531
-3.50000005e-011  -0.01809375
-3.00000004e-011  -0.01467969
-2.50000003e-011   -0.0114375
-2.00000003e-011 -0.008421875
-1.50000002e-011 -0.005640625
-1.00000001e-011 -0.003039062
-5.00000007e-012 -0.0006718747
           0  0.001515625
5.00000007e-012  0.003507813
1.00000001e-011  0.005312501
1.50000002e-011  0.006859376
2.00000003e-011  0.008265626
2.50000003e-011  0.009484376
3.00000004e-011       0.0105
3.50000005e-011     0.011375
4.00000005e-011   0.01205469
4.50000006e-011   0.01260156
5.00000007e-011   0.01299219
5.50000007e-011      0.01325
6.00000008e-011   0.01341406
6.50000009e-011   0.01341406
7.00000009e-011   0.01335938
7.5000001e-011   0.01320313
8.00000011e-011   0.01297656
8.50000011e-011   0.01265625
9.00000012e-011   0.01233594
9.50000013e-011   0.01194531
1.00000001e-010   0.01153125
1.05000001e-010   0.01111719
1.10000001e-010   0.01069531
1.15000002e-010   0.01029688
1.20000002e-010  0.009914063
1.25000002e-010  0.009562501
1.30000002e-010  0.009242188
1.35000002e-010  0.008929688
1.40000002e-010  0.008695313
1.45000002e-010  0.008492188
1.50000002e-010  0.008328126
1.55000002e-010  0.008250001
1.60000002e-010  0.008171876
1.65000002e-010  0.008179688
1.70000002e-010  0.008195313
1.75000002e-010  0.008296876
1.80000002e-010  0.008429688
1.85000002e-010  0.008570313
1.90000003e-010  0.008773438
1.95000003e-010  0.009054688
2.00000003e-010  0.009367188
2.05000003e-010  0.009726563
2.10000003e-010     0.010125
2.15000003e-010   0.01053906
2.20000003e-010   0.01102344
2.25000003e-010   0.01155469
2.30000003e-010   0.01210938
2.35000003e-010   0.01267969
2.40000003e-010    0.0133125
2.45000003e-010   0.01395313
2.50000003e-010   0.01457813
2.55000003e-010   0.01522656
2.60000003e-010   0.01585156
2.65000004e-010    0.0164375
2.70000004e-010   0.01703906
2.75000004e-010    0.0175625
2.80000004e-010   0.01807031
2.85000004e-010   0.01849219
2.90000004e-010   0.01886719
2.95000004e-010   0.01921875
3.00000004e-010   0.01947656
3.05000004e-010   0.01967188
3.10000004e-010   0.01978125
3.15000004e-010   0.01988281
3.20000004e-010   0.01990625
3.25000004e-010     0.019875
3.30000004e-010   0.01982031
3.35000004e-010      0.01975
3.40000005e-010     0.019625
3.45000005e-010   0.01949219
3.50000005e-010   0.01932031
3.55000005e-010   0.01913281
3.60000005e-010   0.01898438
3.65000005e-010   0.01879688
3.70000005e-010   0.01860156
3.75000005e-010   0.01839844
3.80000005e-010   0.01821094
3.85000005e-010   0.01798438
3.90000005e-010   0.01776563
3.95000005e-010   0.01750781
4.00000005e-010   0.01729688
4.05000005e-010    0.0170625
4.10000005e-010   0.01679688
4.15000006e-010   0.01650781
4.20000006e-010   0.01625781
4.25000006e-010   0.01601563
4.30000006e-010      0.01575
4.35000006e-010   0.01548438
4.40000006e-010   0.01527344
4.45000006e-010   0.01504688
4.50000006e-010    0.0148125
4.55000006e-010     0.014625
4.60000006e-010   0.01442188
4.65000006e-010   0.01426563
4.70000006e-010   0.01410156
4.75000006e-010   0.01396094
4.80000006e-010    0.0138125
4.85000006e-010    0.0136875
4.90000007e-010   0.01354688
4.95000007e-010   0.01340625
5.00000007e-010   0.01327344
5.05000007e-010     0.013125
5.10000007e-010   0.01299219
5.15000007e-010   0.01283594
5.20000007e-010   0.01271094
5.25000007e-010   0.01259375
5.30000007e-010   0.01244531
5.35000007e-010   0.01230469
5.40000007e-010   0.01227344
5.45000007e-010   0.01219531
5.50000007e-010   0.01215625
5.55000007e-010   0.01214844
5.60000007e-010   0.01217188
5.65000008e-010   0.01222656
5.70000008e-010   0.01229688
5.75000008e-010   0.01236719
5.80000008e-010   0.01248438
5.85000008e-010    0.0125625
5.90000008e-010   0.01267969
5.95000008e-010   0.01280469
6.00000008e-010   0.01289063
6.05000008e-010   0.01296875
6.10000008e-010   0.01302344
6.15000008e-010   0.01305469
6.20000008e-010   0.01307813
6.25000008e-010   0.01307031
6.30000008e-010    0.0130625
6.35000008e-010   0.01301563
6.40000009e-010   0.01299219
6.45000009e-010   0.01291406
6.50000009e-010   0.01285938
6.55000009e-010    0.0128125
6.60000009e-010   0.01278906
6.65000009e-010   0.01276563
6.70000009e-010   0.01270313
6.75000009e-010   0.01264063
6.80000009e-010   0.01260156
6.85000009e-010   0.01257813
6.90000009e-010   0.01252344
6.95000009e-010   0.01246094
7.00000009e-010   0.01245313
7.05000009e-010     0.012375
7.10000009e-010   0.01228906
7.1500001e-010   0.01222656
7.2000001e-010     0.012125
7.2500001e-010   0.01204688
7.3000001e-010   0.01196875
7.3500001e-010     0.011875
7.4000001e-010   0.01180469
7.4500001e-010   0.01166406
7.5000001e-010    0.0115625
7.5500001e-010   0.01153906
7.6000001e-010   0.01149219
7.6500001e-010   0.01146875
7.7000001e-010   0.01146094
7.7500001e-010   0.01142969
7.8000001e-010   0.01147656
7.8500001e-010   0.01151563
7.90000011e-010   0.01159375
7.95000011e-010   0.01167188
8.00000011e-010   0.01177344
8.05000011e-010   0.01185156
8.10000011e-010   0.01198438
8.15000011e-010   0.01214063
8.20000011e-010   0.01227344
8.25000011e-010   0.01241406
8.30000011e-010   0.01253125
8.35000011e-010   0.01267969
8.40000011e-010    0.0128125
8.45000011e-010   0.01292188
8.50000011e-010    0.0130625
8.55000011e-010   0.01317969
8.60000011e-010   0.01326563
8.65000012e-010     0.013375
8.70000012e-010   0.01344531
8.75000012e-010   0.01351563
8.80000012e-010    0.0135625
8.85000012e-010   0.01364844
8.90000012e-010   0.01370313
8.95000012e-010   0.01370313
9.00000012e-010   0.01375781
9.05000012e-010    0.0138125
9.10000012e-010   0.01386719
9.15000012e-010   0.01389063
9.20000012e-010   0.01396094
9.25000012e-010   0.01403906
9.30000012e-010     0.014125
9.35000012e-010   0.01421094
9.40000013e-010   0.01429688
9.45000013e-010   0.01439844
9.50000013e-010   0.01450781
9.55000013e-010   0.01457031
9.60000013e-010   0.01465625
9.65000013e-010   0.01472656
9.70000013e-010   0.01478906
9.75000013e-010    0.0148125
9.80000013e-010   0.01478906
9.85000013e-010   0.01479688
9.90000013e-010   0.01478125
9.95000013e-010    0.0146875
1.00000001e-009   0.01460156
1.00500001e-009   0.01454688
1.01000001e-009   0.01439844
1.01500001e-009   0.01429688
1.02000001e-009    0.0141875
1.02500001e-009   0.01408594
1.03000001e-009   0.01401563
1.03500001e-009   0.01392969
1.04000001e-009   0.01386719
1.04500001e-009   0.01382031
1.05000001e-009   0.01379688
1.05500001e-009   0.01378125
1.06000001e-009   0.01376563
1.06500001e-009   0.01377344
1.07000001e-009   0.01375781
1.07500001e-009   0.01377344
1.08000001e-009   0.01380469
1.08500001e-009   0.01382031
1.09000001e-009    0.0138125
1.09500001e-009   0.01385938
1.10000001e-009     0.013875
1.10500001e-009   0.01391406
1.11000001e-009   0.01394531
1.11500001e-009   0.01400781
1.12000001e-009   0.01405469
1.12500002e-009   0.01416406
1.13000002e-009   0.01424219
1.13500002e-009   0.01433594
1.14000002e-009    0.0144375
1.14500002e-009    0.0145625
1.15000002e-009    0.0146875
1.15500002e-009   0.01484375
1.16000002e-009   0.01496875
1.16500002e-009     0.015125
1.17000002e-009      0.01525
1.17500002e-009   0.01536719
1.18000002e-009   0.01546875
1.18500002e-009   0.01555469
1.19000002e-009   0.01564063
1.19500002e-009   0.01571875
1.20000002e-009   0.01576563
1.20500002e-009   0.01584375
1.21000002e-009   0.01588281
1.21500002e-009    0.0159375
1.22000002e-009   0.01599219
1.22500002e-009   0.01604688
1.23000002e-009   0.01609375
1.23500002e-009   0.01619531
1.24000002e-009   0.01628906
1.24500002e-009   0.01638281
1.25000002e-009   0.01646094
