-2.49000003e-009  -0.01527344
-2.48000003e-009 -0.006234375
-2.47000003e-009    -0.015375
-2.46000003e-009 -0.006945312
-2.45000003e-009       -0.016
-2.44000003e-009 -0.006820312
-2.43000003e-009  -0.01617188
-2.42000003e-009 -0.006804687
-2.41000003e-009  -0.01385938
-2.40000003e-009       -0.005
-2.39000003e-009  -0.01423438
-2.38000003e-009 -0.003492187
-2.37000003e-009   -0.0151875
-2.36000003e-009 -0.003929687
-2.35000003e-009       -0.015
-2.34000003e-009 -0.006335937
-2.33000003e-009  -0.01355469
-2.32000003e-009  -0.00659375
-2.31000003e-009  -0.01372656
-2.30000003e-009       -0.005
-2.29000003e-009  -0.01390625
-2.28000003e-009 -0.005882812
-2.27000003e-009  -0.01424219
-2.26000003e-009 -0.004539062
-2.25000003e-009       -0.015
-2.24000003e-009  -0.00421875
-2.23000003e-009  -0.01489063
-2.22000003e-009    -0.005375
-2.21000003e-009       -0.015
-2.20000003e-009       -0.005
-2.19000003e-009       -0.015
-2.18000003e-009 -0.003390625
-2.17000003e-009  -0.01302344
-2.16000003e-009 -0.003960937
-2.15000003e-009   -0.0134375
-2.14000003e-009 -0.002351562
-2.13000003e-009  -0.01451563
-2.12000003e-009 -0.003554687
-2.11000003e-009  -0.01510938
-2.10000003e-009 -0.003390625
-2.09000003e-009      -0.0145
-2.08000003e-009 -0.004226562
-2.07000003e-009  -0.01292188
-2.06000003e-009       -0.003
-2.05000003e-009  -0.01307813
-2.04000003e-009   -0.0030625
-2.03000003e-009  -0.01327344
-2.02000003e-009 -0.003132812
-2.01000003e-009  -0.01199219
-2.00000003e-009  -0.00359375
-1.99000003e-009  -0.01169531
-1.98000003e-009 -0.003140625
-1.97000003e-009  -0.01176563
-1.96000003e-009       -0.003
-1.95000003e-009  -0.01216406
-1.94000003e-009       -0.003
-1.93000003e-009  -0.01264063
-1.92000003e-009       -0.003
-1.91000003e-009  -0.01272656
-1.90000003e-009 -0.002414062
-1.89000003e-009  -0.01117188
-1.88000003e-009   -0.0016875
-1.87000002e-009  -0.01150781
-1.86000002e-009 -0.0009531247
-1.85000002e-009  -0.01326563
-1.84000002e-009 -0.002414062
-1.83000002e-009  -0.01176563
-1.82000002e-009 -0.002570312
-1.81000002e-009      -0.0105
-1.80000002e-009 -0.002476562
-1.79000002e-009    -0.010625
-1.78000002e-009 -0.001117187
-1.77000002e-009  -0.01010156
-1.76000002e-009 -0.0006640622
-1.75000002e-009  -0.01295313
-1.74000002e-009 -0.001320312
-1.73000002e-009  -0.01167188
-1.72000002e-009 -0.0009999997
-1.71000002e-009  -0.00921875
-1.70000002e-009 -0.001476562
-1.69000002e-009 -0.009289063
-1.68000002e-009        0.001
-1.67000002e-009  -0.01035938
-1.66000002e-009 0.0008281254
-1.65000002e-009  -0.01003906
-1.64000002e-009 0.0008125004
-1.63000002e-009 -0.008953125
-1.62000002e-009  0.001257813
-1.61000002e-009  -0.00959375
-1.60000002e-009  0.001585938
-1.59000002e-009  -0.01111719
-1.58000002e-009 0.0004140629
-1.57000002e-009  -0.01017188
-1.56000002e-009 0.0006328129
-1.55000002e-009 -0.008539063
-1.54000002e-009 0.0005468754
-1.53000002e-009 -0.009039063
-1.52000002e-009 0.0009140629
-1.51000002e-009 -0.008242188
-1.50000002e-009  0.001039063
-1.49000002e-009   -0.0079375
-1.48000002e-009      0.00125
-1.47000002e-009      -0.0085
-1.46000002e-009   0.00140625
-1.45000002e-009 -0.008546875
-1.44000002e-009        0.001
-1.43000002e-009 -0.008304688
-1.42000002e-009  0.001171875
-1.41000002e-009   -0.0086875
-1.40000002e-009 0.0007656254
-1.39000002e-009 -0.007523438
-1.38000002e-009  0.001976563
-1.37000002e-009       -0.007
-1.36000002e-009  0.002304688
-1.35000002e-009   -0.0078125
-1.34000002e-009   0.00215625
-1.33000002e-009 -0.009476563
-1.32000002e-009   0.00296875
-1.31000002e-009  -0.00959375
-1.30000002e-009  0.002234375
-1.29000002e-009 -0.008320313
-1.28000002e-009    0.0010625
-1.27000002e-009 -0.009414063
-1.26000002e-009  0.001601563
-1.25000002e-009  -0.00803125
-1.24000002e-009  0.003070313
-1.23000002e-009       -0.008
-1.22000002e-009    0.0013125
-1.21000002e-009       -0.007
-1.20000002e-009    0.0011875
-1.19000002e-009 -0.007617188
-1.18000002e-009  0.001695313
-1.17000002e-009 -0.007304687
-1.16000002e-009  0.002242188
-1.15000002e-009 -0.008226563
-1.14000002e-009  0.001773438
-1.13000002e-009 -0.007796875
-1.12000001e-009  0.001539063
-1.11000001e-009       -0.009
-1.10000001e-009    0.0014375
-1.09000001e-009 -0.007257812
-1.08000001e-009        0.001
-1.07000001e-009  -0.00715625
-1.06000001e-009  0.001210938
-1.05000001e-009       -0.007
-1.04000001e-009  0.001101563
-1.03000001e-009  -0.00803125
-1.02000001e-009  0.002007813
-1.01000001e-009 -0.008679688
-1.00000001e-009    0.0024375
-9.90000013e-010       -0.007
-9.80000013e-010  0.001921875
-9.70000013e-010  -0.00721875
-9.60000013e-010  0.003085938
-9.50000013e-010 -0.007664063
-9.40000013e-010        0.003
-9.30000012e-010 -0.007398438
-9.20000012e-010   0.00159375
-9.10000012e-010 -0.007578125
-9.00000012e-010        0.001
-8.90000012e-010 -0.007296875
-8.80000012e-010        0.001
-8.70000012e-010 -0.007960938
-8.60000011e-010 8.593785e-005
-8.50000011e-010       -0.009
-8.40000011e-010  0.001140625
-8.30000011e-010   -0.0088125
-8.20000011e-010 0.0005078129
-8.10000011e-010 -0.008429688
-8.00000011e-010  0.001804688
-7.90000011e-010       -0.009
-7.8000001e-010  0.001609375
-7.7000001e-010 -0.008585938
-7.6000001e-010   0.00171875
-7.5000001e-010 -0.007617188
-7.4000001e-010        0.003
-7.3000001e-010 -0.008289063
-7.2000001e-010 -0.0003359372
-7.10000009e-010 -0.009828125
-7.00000009e-010 -0.0009999997
-6.90000009e-010 -0.009921875
-6.80000009e-010 -0.0009999997
-6.70000009e-010     -0.01075
-6.60000009e-010   -0.0011875
-6.50000009e-010  -0.01152344
-6.40000009e-010 -0.003953125
-6.30000008e-010  -0.01425781
-6.20000008e-010    -0.006375
-6.10000008e-010  -0.01632031
-6.00000008e-010 -0.008171875
-5.90000008e-010  -0.02189844
-5.80000008e-010  -0.01185156
-5.70000008e-010       -0.025
-5.60000007e-010       -0.015
-5.50000007e-010       -0.031
-5.40000007e-010   -0.0224375
-5.30000007e-010  -0.04197656
-5.20000007e-010  -0.03236719
-5.10000007e-010   -0.0533125
-5.00000007e-010   -0.0423125
-4.90000007e-010   -0.0681875
-4.80000006e-010       -0.057
-4.70000006e-010       -0.085
-4.60000006e-010  -0.07376563
-4.50000006e-010  -0.09907032
-4.40000006e-010    -0.088125
-4.30000006e-010   -0.1140547
-4.20000006e-010       -0.103
-4.10000005e-010   -0.1269141
-4.00000005e-010   -0.1179844
-3.90000005e-010   -0.1396172
-3.80000005e-010   -0.1321484
-3.70000005e-010   -0.1510703
-3.60000005e-010   -0.1398984
-3.50000005e-010   -0.1559219
-3.40000005e-010   -0.1430313
-3.30000004e-010       -0.157
-3.20000004e-010   -0.1454531
-3.10000004e-010   -0.1556719
-3.00000004e-010   -0.1434922
-2.90000004e-010   -0.1556406
-2.80000004e-010   -0.1409063
-2.70000004e-010       -0.153
-2.60000003e-010   -0.1377813
-2.50000003e-010   -0.1486094
-2.40000003e-010       -0.131
-2.30000003e-010   -0.1436406
-2.20000003e-010   -0.1245156
-2.10000003e-010   -0.1364453
-2.00000003e-010   -0.1198984
-1.90000003e-010       -0.127
-1.80000002e-010       -0.107
-1.70000002e-010   -0.1179844
-1.60000002e-010  -0.09317969
-1.50000002e-010   -0.1049141
-1.40000002e-010   -0.0798125
-1.30000002e-010  -0.09014844
-1.20000002e-010  -0.06489063
-1.10000001e-010    -0.074625
-1.00000001e-010  -0.04492188
-9.00000012e-011  -0.05527344
-8.00000011e-011  -0.02660156
-7.00000009e-011  -0.03878125
-6.00000008e-011     -0.01325
-5.00000007e-011  -0.02292188
-4.00000005e-011 -0.0009999997
-3.00000004e-011  -0.00953125
-2.00000003e-011  0.007109376
-1.00000001e-011 0.0003671879
           0   0.01455469
1.00000001e-011  0.004273438
2.00000003e-011   0.01740625
3.00000004e-011  0.006664063
4.00000005e-011   0.01985938
5.00000007e-011  0.007601563
6.00000008e-011        0.019
7.00000009e-011  0.007000001
8.00000011e-011      0.01775
9.00000012e-011  0.006593751
1.00000001e-010     0.015625
1.10000001e-010  0.004726563
1.20000002e-010   0.01321875
1.30000002e-010  0.002328125
1.40000002e-010   0.01267188
1.50000002e-010        0.001
1.60000002e-010   0.01296094
1.70000002e-010  0.003625001
1.80000002e-010   0.01338281
1.90000003e-010  0.005000001
2.00000003e-010   0.01617188
2.10000003e-010  0.008140626
2.20000003e-010   0.01807031
2.30000003e-010  0.009875001
2.40000003e-010        0.023
2.50000003e-010   0.01289844
2.60000003e-010   0.02385938
2.70000004e-010   0.01469531
2.80000004e-010        0.025
2.90000004e-010   0.01539844
3.00000004e-010   0.02410938
3.10000004e-010   0.01645313
3.20000004e-010   0.02475781
3.30000004e-010        0.015
3.40000005e-010   0.02376563
3.50000005e-010   0.01286719
3.60000005e-010   0.02344531
3.70000005e-010        0.013
3.80000005e-010        0.023
3.90000005e-010   0.01129688
4.00000005e-010        0.023
4.10000005e-010        0.011
4.20000006e-010   0.02014063
4.30000006e-010   0.01017969
4.40000006e-010   0.01930469
4.50000006e-010  0.009484376
4.60000006e-010   0.02036719
4.70000006e-010  0.008976563
4.80000006e-010   0.02066406
4.90000007e-010  0.007039063
5.00000007e-010   0.01904688
5.10000007e-010  0.007000001
5.20000007e-010   0.01836719
5.30000007e-010  0.008367188
5.40000007e-010       0.0175
5.50000007e-010  0.006640626
5.60000007e-010   0.01778906
5.70000008e-010  0.007531251
5.80000008e-010        0.019
5.90000008e-010  0.008914063
6.00000008e-010   0.01848438
6.10000008e-010  0.008109376
6.20000008e-010        0.019
6.30000008e-010  0.008359376
6.40000009e-010   0.01823438
6.50000009e-010  0.008382813
6.60000009e-010        0.019
6.70000009e-010  0.008039063
6.80000009e-010        0.017
6.90000009e-010  0.006921876
7.00000009e-010   0.01742969
7.10000009e-010  0.006382813
7.2000001e-010        0.019
7.3000001e-010  0.005000001
7.4000001e-010    0.0165625
7.5000001e-010  0.003992188
7.6000001e-010   0.01545313
7.7000001e-010  0.005039063
7.8000001e-010   0.01686719
7.90000011e-010  0.006562501
8.00000011e-010        0.017
8.10000011e-010  0.007000001
8.20000011e-010   0.01707031
8.30000011e-010  0.006734376
8.40000011e-010   0.01746875
8.50000011e-010  0.008226563
8.60000011e-010   0.01863281
8.70000012e-010  0.007914063
8.80000012e-010   0.01857031
8.90000012e-010  0.008242188
9.00000012e-010        0.019
9.10000012e-010  0.008781251
9.20000012e-010   0.01884375
9.30000012e-010  0.009914063
9.40000013e-010   0.01946094
9.50000013e-010  0.007382813
9.60000013e-010   0.01882813
9.70000013e-010  0.008398438
9.80000013e-010   0.01966406
9.90000013e-010  0.009468751
1.00000001e-009        0.021
1.01000001e-009  0.009218751
1.02000001e-009   0.02232813
1.03000001e-009  0.009726563
1.04000001e-009   0.02095313
1.05000001e-009  0.008703126
1.06000001e-009        0.019
1.07000001e-009  0.009312501
1.08000001e-009   0.01841406
1.09000001e-009  0.008226563
1.10000001e-009   0.01996094
1.11000001e-009  0.007671876
1.12000001e-009   0.02066406
1.13000002e-009  0.009000001
1.14000002e-009   0.01921094
1.15000002e-009        0.011
1.16000002e-009   0.02158594
1.17000002e-009  0.009843751
1.18000002e-009   0.02175781
1.19000002e-009   0.01146094
1.20000002e-009   0.02185156
1.21000002e-009        0.011
1.22000002e-009     0.023125
1.23000002e-009   0.01150781
1.24000002e-009   0.02229688
1.25000002e-009        0.013
1.26000002e-009   0.02271875
1.27000002e-009   0.01264844
1.28000002e-009   0.02422656
1.29000002e-009   0.01214844
1.30000002e-009   0.02469531
1.31000002e-009   0.01260156
1.32000002e-009   0.02204688
1.33000002e-009   0.01117969
1.34000002e-009   0.02353125
1.35000002e-009  0.009000001
1.36000002e-009     0.023125
1.37000002e-009  0.009070313
1.38000002e-009   0.02160938
1.39000002e-009   0.01267969
1.40000002e-009   0.02123438
1.41000002e-009   0.01266406
1.42000002e-009   0.02178125
1.43000002e-009        0.013
1.44000002e-009   0.02321875
1.45000002e-009   0.01241406
1.46000002e-009    0.0238125
1.47000002e-009   0.01282813
1.48000002e-009        0.023
1.49000002e-009        0.013
1.50000002e-009   0.02129688
1.51000002e-009   0.01178906
1.52000002e-009   0.02080469
1.53000002e-009   0.01053906
1.54000002e-009   0.02110938
1.55000002e-009  0.009796876
1.56000002e-009   0.01996875
1.57000002e-009  0.008718751
1.58000002e-009   0.02147656
1.59000002e-009  0.009000001
1.60000002e-009        0.021
1.61000002e-009  0.007812501
1.62000002e-009      0.01925
1.63000002e-009  0.007718751
1.64000002e-009        0.021
1.65000002e-009  0.009000001
1.66000002e-009   0.02040625
1.67000002e-009  0.008437501
1.68000002e-009   0.01810156
1.69000002e-009  0.008320313
1.70000002e-009        0.019
1.71000002e-009  0.007859376
1.72000002e-009    0.0203125
1.73000002e-009  0.007507813
1.74000002e-009   0.02044531
1.75000002e-009  0.007625001
1.76000002e-009   0.01759375
1.77000002e-009  0.008828126
1.78000002e-009   0.01725781
1.79000002e-009  0.008515626
1.80000002e-009        0.019
1.81000002e-009  0.008859376
1.82000002e-009   0.01941406
1.83000002e-009  0.009000001
1.84000002e-009    0.0174375
1.85000002e-009  0.008789063
1.86000002e-009        0.017
1.87000002e-009  0.008554688
1.88000003e-009     0.017375
1.89000003e-009  0.008742188
1.90000003e-009   0.01749219
1.91000003e-009  0.008140626
1.92000003e-009        0.019
1.93000003e-009  0.008343751
1.94000003e-009   0.01770313
1.95000003e-009  0.009000001
1.96000003e-009   0.01721875
1.97000003e-009  0.009210938
1.98000003e-009   0.01822656
1.99000003e-009  0.008796876
2.00000003e-009   0.01941406
2.01000003e-009  0.007445313
2.02000003e-009    0.0183125
2.03000003e-009  0.007687501
2.04000003e-009   0.01713281
2.05000003e-009  0.007437501
2.06000003e-009   0.02007031
2.07000003e-009  0.007171876
2.08000003e-009   0.02060938
2.09000003e-009  0.008765626
2.10000003e-009   0.01925781
2.11000003e-009  0.009000001
2.12000003e-009   0.01932813
2.13000003e-009  0.008789063
2.14000003e-009   0.01790625
2.15000003e-009  0.009750001
2.16000003e-009        0.019
2.17000003e-009  0.009000001
2.18000003e-009     0.018875
2.19000003e-009  0.009718751
2.20000003e-009   0.01960938
2.21000003e-009  0.009000001
2.22000003e-009    0.0194375
2.23000003e-009  0.008398438
2.24000003e-009   0.01921094
2.25000003e-009  0.008828126
2.26000003e-009     0.018875
2.27000003e-009  0.009992188
2.28000003e-009        0.019
2.29000003e-009  0.008460938
2.30000003e-009   0.01889063
2.31000003e-009  0.007539063
2.32000003e-009   0.01846094
2.33000003e-009  0.007367188
2.34000003e-009   0.02078906
2.35000003e-009  0.007359376
2.36000003e-009   0.01980469
2.37000003e-009  0.008601563
2.38000003e-009   0.01910938
2.39000003e-009  0.009000001
2.40000003e-009   0.01802344
2.41000003e-009  0.008718751
2.42000003e-009   0.01848438
2.43000003e-009  0.008679688
2.44000003e-009   0.01875781
2.45000003e-009  0.008062501
2.46000003e-009   0.01648438
2.47000003e-009  0.007000001
2.48000003e-009   0.01757813
2.49000003e-009  0.006960938
2.50000003e-009        0.017
