-1.24500002e-009 -0.007015625
-1.24000002e-009  0.004906251
-1.23500002e-009       -0.007
-1.23000002e-009  0.004757813
-1.22500002e-009 -0.007648438
-1.22000002e-009  0.003570313
-1.21500002e-009 -0.007679688
-1.21000002e-009  0.002328125
-1.20500002e-009 -0.007140625
-1.20000002e-009  0.002960938
-1.19500002e-009 -0.007140625
-1.19000002e-009   0.00315625
-1.18500002e-009   -0.0071875
-1.18000002e-009        0.003
-1.17500002e-009 -0.007226562
-1.17000002e-009   0.00290625
-1.16500002e-009  -0.00790625
-1.16000002e-009  0.002328125
-1.15500002e-009       -0.009
-1.15000002e-009  0.001367188
-1.14500002e-009 -0.009070313
-1.14000002e-009  0.001179688
-1.13500002e-009 -0.008328125
-1.13000002e-009        0.001
-1.12500002e-009 -0.007117187
-1.12000001e-009 0.0009453129
-1.11500001e-009       -0.007
-1.11000001e-009 0.0007265629
-1.10500001e-009   -0.0065625
-1.10000001e-009  0.001070313
-1.09500001e-009 -0.006890625
-1.09000001e-009  0.002226563
-1.08500001e-009 -0.007078125
-1.08000001e-009  0.003187501
-1.07500001e-009 -0.006976562
-1.07000001e-009  0.003703126
-1.06500001e-009 -0.007054687
-1.06000001e-009  0.003656251
-1.05500001e-009       -0.007
-1.05000001e-009        0.003
-1.04500001e-009 -0.007023437
-1.04000001e-009   0.00171875
-1.03500001e-009  -0.00709375
-1.03000001e-009  0.001210938
-1.02500001e-009     -0.00775
-1.02000001e-009     0.001375
-1.01500001e-009 -0.008054688
-1.01000001e-009  0.001351563
-1.00500001e-009 -0.008140625
-1.00000001e-009  0.001617188
-9.95000013e-010 -0.008523438
-9.90000013e-010  0.002015625
-9.85000013e-010  -0.00890625
-9.80000013e-010  0.002679688
-9.75000013e-010 -0.008640625
-9.70000013e-010  0.003265626
-9.65000013e-010 -0.007695313
-9.60000013e-010  0.003703126
-9.55000013e-010 -0.007789063
-9.50000013e-010  0.003945313
-9.45000013e-010   -0.0080625
-9.40000013e-010  0.003875001
-9.35000012e-010 -0.007640625
-9.30000012e-010  0.003398438
-9.25000012e-010 -0.007695313
-9.20000012e-010  0.002453125
-9.15000012e-010   -0.0071875
-9.10000012e-010   0.00115625
-9.05000012e-010  -0.00709375
-9.00000012e-010 9.375035e-005
-8.95000012e-010     -0.00825
-8.90000012e-010 0.0008515629
-8.85000012e-010 -0.008992188
-8.80000012e-010  0.001929688
-8.75000012e-010       -0.009
-8.70000012e-010  0.002921875
-8.65000012e-010 -0.008148438
-8.60000011e-010  0.003320313
-8.55000011e-010 -0.007101562
-8.50000011e-010        0.003
-8.45000011e-010 -0.007335937
-8.40000011e-010  0.001796875
-8.35000011e-010 -0.007414063
-8.30000011e-010        0.001
-8.25000011e-010 -0.007679688
-8.20000011e-010        0.001
-8.15000011e-010  -0.00834375
-8.10000011e-010 0.0005312504
-8.05000011e-010       -0.009
-8.00000011e-010 0.0006718754
-7.95000011e-010   -0.0094375
-7.90000011e-010  0.001273438
-7.8500001e-010 -0.009484375
-7.8000001e-010        0.001
-7.7500001e-010 -0.009265625
-7.7000001e-010 0.0003203129
-7.6500001e-010 -0.009429688
-7.6000001e-010        0.001
-7.5500001e-010    -0.009125
-7.5000001e-010 0.0004687504
-7.4500001e-010 -0.009195313
-7.4000001e-010 0.0008984379
-7.3500001e-010 -0.009554688
-7.3000001e-010        0.001
-7.2500001e-010  -0.00953125
-7.2000001e-010 -0.0006015622
-7.1500001e-010  -0.01016406
-7.10000009e-010 -0.002046875
-7.05000009e-010    -0.010125
-7.00000009e-010 -0.001578125
-6.95000009e-010       -0.011
-6.90000009e-010     -0.00125
-6.85000009e-010  -0.01221094
-6.80000009e-010 -0.001046875
-6.75000009e-010   -0.0129375
-6.70000009e-010   -0.0013125
-6.65000009e-010  -0.01298438
-6.60000009e-010     -0.00125
-6.55000009e-010  -0.01280469
-6.50000009e-010 -0.002164062
-6.45000009e-010  -0.01405469
-6.40000009e-010 -0.003484375
-6.35000008e-010  -0.01494531
-6.30000008e-010 -0.004953125
-6.25000008e-010  -0.01664844
-6.20000008e-010  -0.00634375
-6.15000008e-010  -0.01909375
-6.10000008e-010 -0.007757813
-6.05000008e-010  -0.02060938
-6.00000008e-010 -0.009789063
-5.95000008e-010   -0.0218125
-5.90000008e-010  -0.01180469
-5.85000008e-010       -0.025
-5.80000008e-010  -0.01436719
-5.75000008e-010  -0.02782813
-5.70000008e-010       -0.017
-5.65000008e-010  -0.02992969
-5.60000007e-010  -0.02055469
-5.55000007e-010  -0.03367969
-5.50000007e-010  -0.02463281
-5.45000007e-010  -0.03846875
-5.40000007e-010  -0.02885156
-5.35000007e-010  -0.04396094
-5.30000007e-010  -0.03334375
-5.25000007e-010  -0.04948438
-5.20000007e-010  -0.03721875
-5.15000007e-010    -0.055125
-5.10000007e-010  -0.04270313
-5.05000007e-010       -0.061
-5.00000007e-010  -0.04955469
-4.95000007e-010  -0.06809375
-4.90000007e-010  -0.05741406
-4.85000006e-010  -0.07672657
-4.80000006e-010  -0.06478907
-4.75000006e-010  -0.08510938
-4.70000006e-010  -0.07278907
-4.65000006e-010  -0.09310157
-4.60000006e-010  -0.08125782
-4.55000006e-010   -0.1006641
-4.50000006e-010  -0.08971094
-4.45000006e-010   -0.1076719
-4.40000006e-010  -0.09683594
-4.35000006e-010       -0.115
-4.30000006e-010   -0.1035234
-4.25000006e-010   -0.1227891
-4.20000006e-010   -0.1109844
-4.15000006e-010   -0.1299141
-4.10000005e-010   -0.1189531
-4.05000005e-010   -0.1353125
-4.00000005e-010   -0.1259766
-3.95000005e-010   -0.1415703
-3.90000005e-010   -0.1309453
-3.85000005e-010   -0.1468281
-3.80000005e-010   -0.1345469
-3.75000005e-010   -0.1500781
-3.70000005e-010   -0.1368906
-3.65000005e-010       -0.153
-3.60000005e-010   -0.1396328
-3.55000005e-010   -0.1546484
-3.50000005e-010   -0.1410547
-3.45000005e-010   -0.1556719
-3.40000005e-010   -0.1427109
-3.35000004e-010   -0.1572109
-3.30000004e-010   -0.1447656
-3.25000004e-010   -0.1570391
-3.20000004e-010    -0.143625
-3.15000004e-010   -0.1561563
-3.10000004e-010       -0.143
-3.05000004e-010   -0.1545859
-3.00000004e-010   -0.1414609
-2.95000004e-010       -0.153
-2.90000004e-010   -0.1399453
-2.85000004e-010   -0.1516563
-2.80000004e-010   -0.1373828
-2.75000004e-010   -0.1514922
-2.70000004e-010     -0.13475
-2.65000004e-010   -0.1493984
-2.60000003e-010   -0.1329609
-2.55000003e-010   -0.1474922
-2.50000003e-010   -0.1314688
-2.45000003e-010   -0.1439219
-2.40000003e-010   -0.1291016
-2.35000003e-010   -0.1401094
-2.30000003e-010   -0.1269531
-2.25000003e-010       -0.137
-2.20000003e-010   -0.1232422
-2.15000003e-010   -0.1332109
-2.10000003e-010   -0.1189297
-2.05000003e-010   -0.1290703
-2.00000003e-010   -0.1146953
-1.95000003e-010   -0.1252188
-1.90000003e-010   -0.1103672
-1.85000002e-010   -0.1204688
-1.80000002e-010   -0.1045391
-1.75000002e-010   -0.1142656
-1.70000002e-010     -0.09775
-1.65000002e-010   -0.1069766
-1.60000002e-010  -0.09077344
-1.55000002e-010   -0.1002266
-1.50000002e-010  -0.08174219
-1.45000002e-010  -0.09294532
-1.40000002e-010  -0.07307032
-1.35000002e-010  -0.08525782
-1.30000002e-010  -0.06510938
-1.25000002e-010  -0.07853907
-1.20000002e-010  -0.05784375
-1.15000002e-010       -0.071
-1.10000001e-010  -0.05092969
-1.05000001e-010  -0.06236719
-1.00000001e-010   -0.0428125
-9.50000013e-011  -0.05275781
-9.00000012e-011   -0.0348125
-8.50000011e-011  -0.04379688
-8.00000011e-011  -0.02648438
-7.5000001e-011  -0.03557031
-7.00000009e-011  -0.01888281
-6.50000009e-011  -0.02711719
-6.00000008e-011     -0.01175
-5.50000007e-011     -0.02025
-5.00000007e-011    -0.003875
-4.50000006e-011  -0.01404688
-4.00000005e-011        0.003
-3.50000005e-011 -0.008570313
-3.00000004e-011  0.006640626
-2.50000003e-011 -0.003523437
-2.00000003e-011  0.009101563
-1.50000002e-011 0.0005625004
-1.00000001e-011        0.012
-5.00000007e-012  0.003812501
           0   0.01413281
5.00000007e-012  0.006554688
1.00000001e-011   0.01559375
1.50000002e-011  0.006898438
2.00000003e-011        0.017
2.50000003e-011  0.006734376
3.00000004e-011   0.01739844
3.50000005e-011  0.006656251
4.00000005e-011     0.017875
4.50000006e-011  0.007140626
5.00000007e-011   0.01857813
5.50000007e-011  0.007937501
6.00000008e-011   0.01835938
6.50000009e-011  0.008710938
7.00000009e-011        0.017
7.5000001e-011  0.007656251
8.00000011e-011   0.01658594
8.50000011e-011  0.006015626
9.00000012e-011   0.01585938
9.50000013e-011  0.004632813
1.00000001e-010   0.01546094
1.05000001e-010  0.004046876
1.10000001e-010        0.015
1.15000002e-010  0.003421876
1.20000002e-010        0.013
1.25000002e-010  0.002367188
1.30000002e-010        0.013
1.35000002e-010    0.0021875
1.40000002e-010   0.01253906
1.45000002e-010        0.003
1.50000002e-010    0.0121875
1.55000002e-010  0.003460938
1.60000002e-010    0.0128125
1.65000002e-010  0.002835938
1.70000002e-010   0.01382031
1.75000002e-010  0.003796876
1.80000002e-010   0.01479688
1.85000002e-010  0.005617188
1.90000003e-010   0.01536719
1.95000003e-010  0.006679688
2.00000003e-010    0.0179375
2.05000003e-010  0.008140626
2.10000003e-010   0.01976563
2.15000003e-010  0.009578126
2.20000003e-010   0.02065625
2.25000003e-010   0.01053906
2.30000003e-010        0.021
2.35000003e-010   0.01097656
2.40000003e-010   0.02276563
2.45000003e-010   0.01130469
2.50000003e-010   0.02384375
2.55000003e-010      0.01225
2.60000003e-010        0.025
2.65000004e-010   0.01389844
2.70000004e-010   0.02560938
2.75000004e-010   0.01464063
2.80000004e-010   0.02517188
2.85000004e-010   0.01561719
2.90000004e-010   0.02469531
2.95000004e-010   0.01630469
3.00000004e-010   0.02507031
3.05000004e-010   0.01528125
3.10000004e-010   0.02485938
3.15000004e-010        0.015
3.20000004e-010   0.02494531
3.25000004e-010   0.01438281
3.30000004e-010   0.02405469
3.35000004e-010        0.014
3.40000005e-010    0.0231875
3.45000005e-010   0.01319531
3.50000005e-010    0.0241875
3.55000005e-010        0.013
3.60000005e-010        0.025
3.65000005e-010   0.01347656
3.70000005e-010   0.02492188
3.75000005e-010   0.01264063
3.80000005e-010     0.024125
3.85000005e-010   0.01139844
3.90000005e-010   0.02273438
3.95000005e-010   0.01075781
4.00000005e-010   0.02121094
4.05000005e-010   0.01027344
4.10000005e-010   0.02179688
4.15000006e-010   0.01025781
4.20000006e-010   0.02153125
4.25000006e-010         0.01
4.30000006e-010   0.02021094
4.35000006e-010  0.009304688
4.40000006e-010   0.01896094
4.45000006e-010  0.008953126
4.50000006e-010   0.01910156
4.55000006e-010  0.009000001
4.60000006e-010   0.02067188
4.65000006e-010  0.009101563
4.70000006e-010    0.0209375
4.75000006e-010  0.009000001
4.80000006e-010    0.0198125
4.85000006e-010  0.008015626
4.90000007e-010   0.01785938
4.95000007e-010  0.007601563
5.00000007e-010        0.017
5.05000007e-010  0.007000001
5.10000007e-010        0.017
5.15000007e-010  0.006546876
5.20000007e-010   0.01738281
5.25000007e-010  0.006390626
5.30000007e-010   0.01789844
5.35000007e-010  0.006578126
5.40000007e-010   0.01879688
5.45000007e-010  0.007632813
5.50000007e-010        0.019
5.55000007e-010  0.007859376
5.60000007e-010   0.01895313
5.65000008e-010  0.007000001
5.70000008e-010   0.01871094
5.75000008e-010  0.006429688
5.80000008e-010   0.01785938
5.85000008e-010  0.006242188
5.90000008e-010   0.01889063
5.95000008e-010  0.006562501
6.00000008e-010   0.01928906
6.05000008e-010  0.006640626
6.10000008e-010   0.01928906
6.15000008e-010  0.006734376
6.20000008e-010   0.01848438
6.25000008e-010  0.007468751
6.30000008e-010    0.0173125
6.35000008e-010  0.007710938
6.40000009e-010   0.01786719
6.45000009e-010  0.007023438
6.50000009e-010   0.01889844
6.55000009e-010  0.006328126
6.60000009e-010        0.019
6.65000009e-010  0.006484376
6.70000009e-010   0.01802344
6.75000009e-010  0.006765626
6.80000009e-010   0.01713281
6.85000009e-010  0.006875001
6.90000009e-010        0.017
6.95000009e-010  0.005710938
7.00000009e-010   0.01710938
7.05000009e-010  0.005078126
7.10000009e-010        0.017
7.1500001e-010  0.005109376
7.2000001e-010   0.01733594
7.2500001e-010  0.005000001
7.3000001e-010     0.017875
7.3500001e-010  0.004906251
7.4000001e-010   0.01817188
7.4500001e-010  0.006187501
7.5000001e-010   0.01760938
7.5500001e-010  0.006812501
7.6000001e-010   0.01732813
7.6500001e-010  0.006968751
7.7000001e-010   0.01739063
7.7500001e-010  0.006953126
7.8000001e-010   0.01778906
7.8500001e-010  0.007000001
7.90000011e-010   0.01789063
7.95000011e-010  0.007375001
8.00000011e-010   0.01741406
8.05000011e-010  0.007132813
8.10000011e-010        0.017
8.15000011e-010  0.006984376
8.20000011e-010   0.01845313
8.25000011e-010  0.007000001
8.30000011e-010        0.019
8.35000011e-010  0.007265626
8.40000011e-010   0.01848438
8.45000011e-010  0.007750001
8.50000011e-010   0.01886719
8.55000011e-010  0.008398438
8.60000011e-010   0.01903906
8.65000012e-010  0.008046876
8.70000012e-010   0.01900781
8.75000012e-010  0.008468751
8.80000012e-010   0.01878906
8.85000012e-010  0.009742188
8.90000012e-010   0.01842969
8.95000012e-010        0.011
9.00000012e-010        0.019
9.05000012e-010   0.01079688
9.10000012e-010   0.01947656
9.15000012e-010   0.01040625
9.20000012e-010   0.02071094
9.25000012e-010   0.01019531
9.30000012e-010   0.02099219
9.35000012e-010     0.010125
9.40000013e-010   0.02091406
9.45000013e-010  0.009171876
9.50000013e-010   0.02102344
9.55000013e-010  0.009000001
9.60000013e-010        0.021
9.65000013e-010  0.009000001
9.70000013e-010    0.0199375
9.75000013e-010  0.009164063
9.80000013e-010   0.01989063
9.85000013e-010  0.009773438
9.90000013e-010   0.02032031
9.95000013e-010   0.01017969
1.00000001e-009   0.02026563
1.00500001e-009  0.009039063
1.01000001e-009   0.01978906
1.01500001e-009  0.007445313
1.02000001e-009        0.019
1.02500001e-009  0.006671876
1.03000001e-009   0.01908594
1.03500001e-009  0.006343751
1.04000001e-009        0.019
1.04500001e-009  0.007000001
1.05000001e-009   0.01879688
1.05500001e-009  0.008812501
1.06000001e-009   0.01921875
1.06500001e-009  0.008625001
1.07000001e-009   0.01946094
1.07500001e-009  0.007375001
1.08000001e-009   0.01976563
1.08500001e-009  0.006890626
1.09000001e-009   0.01922656
1.09500001e-009  0.007335938
1.10000001e-009   0.01946875
1.10500001e-009  0.008546876
1.11000001e-009    0.0191875
1.11500001e-009  0.009000001
1.12000001e-009   0.01876563
1.12500002e-009  0.009531251
1.13000002e-009   0.01861719
1.13500002e-009  0.009000001
1.14000002e-009   0.01989844
1.14500002e-009  0.009773438
1.15000002e-009   0.02079688
1.15500002e-009   0.01010938
1.16000002e-009        0.021
1.16500002e-009     0.010375
1.17000002e-009   0.02035156
1.17500002e-009   0.01022656
1.18000002e-009   0.01951563
1.18500002e-009        0.011
1.19000002e-009   0.01979688
1.19500002e-009   0.01278906
1.20000002e-009   0.02078906
1.20500002e-009   0.01207031
1.21000002e-009   0.02128125
1.21500002e-009        0.011
1.22000002e-009   0.02135156
1.22500002e-009   0.01123438
1.23000002e-009   0.02145313
1.23500002e-009        0.011
1.24000002e-009   0.02111719
1.24500002e-009  0.009937501
1.25000002e-009      0.02175
