-1.24500002e-009 -0.008804688
-1.24000002e-009   0.00259375
-1.23500002e-009 -0.008296875
-1.23000002e-009  0.002398438
-1.22500002e-009       -0.007
-1.22000002e-009  0.001960938
-1.21500002e-009     -0.00725
-1.21000002e-009  0.002914063
-1.20500002e-009   -0.0071875
-1.20000002e-009        0.003
-1.19500002e-009 -0.006773437
-1.19000002e-009  0.002085938
-1.18500002e-009       -0.007
-1.18000002e-009  0.002390625
-1.17500002e-009 -0.007257812
-1.17000002e-009  0.002890625
-1.16500002e-009 -0.007109375
-1.16000002e-009  0.002953125
-1.15500002e-009  -0.00753125
-1.15000002e-009  0.003179688
-1.14500002e-009 -0.007476563
-1.14000002e-009  0.002554688
-1.13500002e-009 -0.006929687
-1.13000002e-009    0.0011875
-1.12500002e-009 -0.006039062
-1.12000001e-009  0.002015625
-1.11500001e-009 -0.005609375
-1.11000001e-009  0.002867188
-1.10500001e-009  -0.00590625
-1.10000001e-009  0.003281251
-1.09500001e-009 -0.006296875
-1.09000001e-009        0.003
-1.08500001e-009 -0.006226562
-1.08000001e-009        0.003
-1.07500001e-009 -0.006390625
-1.07000001e-009  0.003437501
-1.06500001e-009 -0.007164062
-1.06000001e-009  0.003882813
-1.05500001e-009 -0.007242187
-1.05000001e-009  0.003718751
-1.04500001e-009 -0.007078125
-1.04000001e-009   0.00315625
-1.03500001e-009       -0.007
-1.03000001e-009        0.003
-1.02500001e-009  -0.00740625
-1.02000001e-009  0.002265625
-1.01500001e-009  -0.00746875
-1.01000001e-009  0.002085938
-1.00500001e-009 -0.007148437
-1.00000001e-009  0.003968751
-9.95000013e-010 -0.007421875
-9.90000013e-010  0.005000001
-9.85000013e-010     -0.00725
-9.80000013e-010  0.004562501
-9.75000013e-010 -0.007226562
-9.70000013e-010        0.003
-9.65000013e-010       -0.007
-9.60000013e-010  0.002828125
-9.55000013e-010 -0.007765625
-9.50000013e-010  0.002835938
-9.45000013e-010 -0.008773438
-9.40000013e-010  0.002203125
-9.35000012e-010  -0.00903125
-9.30000012e-010  0.001515625
-9.25000012e-010  -0.00859375
-9.20000012e-010   0.00146875
-9.15000012e-010 -0.007617188
-9.10000012e-010  0.001882813
-9.05000012e-010   -0.0074375
-9.00000012e-010  0.002054688
-8.95000012e-010  -0.00871875
-8.90000012e-010     0.002375
-8.85000012e-010       -0.009
-8.80000012e-010  0.002882813
-8.75000012e-010 -0.008984375
-8.70000012e-010  0.002929688
-8.65000012e-010       -0.009
-8.60000011e-010       0.0025
-8.55000011e-010 -0.008460938
-8.50000011e-010  0.002578125
-8.45000011e-010       -0.009
-8.40000011e-010   0.00315625
-8.35000011e-010 -0.008984375
-8.30000011e-010  0.003421876
-8.25000011e-010 -0.008367188
-8.20000011e-010  0.003250001
-8.15000011e-010 -0.007359375
-8.10000011e-010  0.002492188
-8.05000011e-010       -0.007
-8.00000011e-010  0.001226563
-7.95000011e-010 -0.007859375
-7.90000011e-010 0.0009375004
-7.8500001e-010 -0.008773438
-7.8000001e-010        0.001
-7.7500001e-010       -0.009
-7.7000001e-010  0.001453125
-7.6500001e-010 -0.008796875
-7.6000001e-010  0.001203125
-7.5500001e-010 -0.008109375
-7.5000001e-010    0.0010625
-7.4500001e-010 -0.007210937
-7.4000001e-010    0.0013125
-7.3500001e-010 -0.007820313
-7.3000001e-010  0.001492188
-7.2500001e-010 -0.008742188
-7.2000001e-010     0.001375
-7.1500001e-010 -0.009835938
-7.10000009e-010 0.0006640629
-7.05000009e-010  -0.01085156
-7.00000009e-010 -0.0006171872
-6.95000009e-010       -0.011
-6.90000009e-010    -0.001125
-6.85000009e-010  -0.01089063
-6.80000009e-010 -0.0009999997
-6.75000009e-010  -0.01020313
-6.70000009e-010  -0.00159375
-6.65000009e-010  -0.01134375
-6.60000009e-010 -0.002445312
-6.55000009e-010  -0.01253125
-6.50000009e-010       -0.003
-6.45000009e-010  -0.01417969
-6.40000009e-010 -0.004117187
-6.35000008e-010  -0.01684375
-6.30000008e-010       -0.005
-6.25000008e-010       -0.019
-6.20000008e-010 -0.007273437
-6.15000008e-010  -0.02084375
-6.10000008e-010 -0.009570313
-6.05000008e-010  -0.02227344
-6.00000008e-010  -0.01084375
-5.95000008e-010  -0.02505469
-5.90000008e-010  -0.01327344
-5.85000008e-010  -0.02792969
-5.80000008e-010       -0.017
-5.75000008e-010       -0.031
-5.70000008e-010    -0.020125
-5.65000008e-010    -0.035375
-5.60000007e-010  -0.02458594
-5.55000007e-010   -0.0414375
-5.50000007e-010  -0.03013281
-5.45000007e-010  -0.04704688
-5.40000007e-010  -0.03639063
-5.35000007e-010  -0.05245313
-5.30000007e-010  -0.04222656
-5.25000007e-010  -0.05750781
-5.20000007e-010  -0.04797656
-5.15000007e-010  -0.06372657
-5.10000007e-010  -0.05383594
-5.05000007e-010  -0.07060938
-5.00000007e-010  -0.06058594
-4.95000007e-010  -0.07729688
-4.90000007e-010       -0.067
-4.85000006e-010  -0.08367188
-4.80000006e-010  -0.07421875
-4.75000006e-010  -0.09135938
-4.70000006e-010  -0.08042969
-4.65000006e-010  -0.09927344
-4.60000006e-010       -0.087
-4.55000006e-010   -0.1061172
-4.50000006e-010  -0.09311719
-4.45000006e-010   -0.1120313
-4.40000006e-010   -0.0998125
-4.35000006e-010   -0.1173203
-4.30000006e-010       -0.106
-4.25000006e-010   -0.1216328
-4.20000006e-010   -0.1106406
-4.15000006e-010   -0.1252031
-4.10000005e-010    -0.114875
-4.05000005e-010   -0.1286641
-4.00000005e-010   -0.1184375
-3.95000005e-010   -0.1313906
-3.90000005e-010    -0.120125
-3.85000005e-010   -0.1333594
-3.80000005e-010       -0.121
-3.75000005e-010   -0.1347422
-3.70000005e-010   -0.1216953
-3.65000005e-010       -0.137
-3.60000005e-010   -0.1233828
-3.55000005e-010   -0.1367031
-3.50000005e-010   -0.1240938
-3.45000005e-010   -0.1354922
-3.40000005e-010   -0.1235938
-3.35000004e-010   -0.1336563
-3.30000004e-010   -0.1228906
-3.25000004e-010   -0.1314219
-3.20000004e-010   -0.1210547
-3.15000004e-010   -0.1298672
-3.10000004e-010    -0.119625
-3.05000004e-010   -0.1278281
-3.00000004e-010   -0.1177266
-2.95000004e-010       -0.127
-2.90000004e-010   -0.1153828
-2.85000004e-010   -0.1257578
-2.80000004e-010      -0.1135
-2.75000004e-010   -0.1248203
-2.70000004e-010   -0.1121563
-2.65000004e-010   -0.1243906
-2.60000003e-010   -0.1106797
-2.55000003e-010   -0.1227891
-2.50000003e-010   -0.1086484
-2.45000003e-010   -0.1206563
-2.40000003e-010   -0.1067188
-2.35000003e-010   -0.1181875
-2.30000003e-010   -0.1045234
-2.25000003e-010   -0.1158594
-2.20000003e-010    -0.102125
-2.15000003e-010   -0.1137656
-2.10000003e-010       -0.099
-2.05000003e-010   -0.1113672
-2.00000003e-010  -0.09569532
-1.95000003e-010   -0.1088203
-1.90000003e-010  -0.09185157
-1.85000002e-010   -0.1052578
-1.80000002e-010  -0.08735157
-1.75000002e-010       -0.101
-1.70000002e-010  -0.08305469
-1.65000002e-010  -0.09647657
-1.60000002e-010  -0.07876563
-1.55000002e-010  -0.09086719
-1.50000002e-010  -0.07384375
-1.45000002e-010  -0.08579688
-1.40000002e-010  -0.06802344
-1.35000002e-010      -0.0815
-1.30000002e-010  -0.06194532
-1.25000002e-010  -0.07601563
-1.20000002e-010   -0.0558125
-1.15000002e-010  -0.06909375
-1.10000001e-010  -0.04975781
-1.05000001e-010   -0.0610625
-1.00000001e-010  -0.04340625
-9.50000013e-011  -0.05252344
-9.00000012e-011  -0.03546094
-8.50000011e-011       -0.045
-8.00000011e-011  -0.02684375
-7.5000001e-011  -0.03844531
-7.00000009e-011  -0.01977344
-6.50000009e-011  -0.03140625
-6.00000008e-011  -0.01438281
-5.50000007e-011  -0.02510938
-5.00000007e-011     -0.01025
-4.50000006e-011  -0.01941406
-4.00000005e-011 -0.005671875
-3.50000005e-011  -0.01396875
-3.00000004e-011 -0.001226562
-2.50000003e-011 -0.009007813
-2.00000003e-011  0.003234376
-1.50000002e-011   -0.0055625
-1.00000001e-011  0.007468751
-5.00000007e-012 -0.001476562
           0        0.011
5.00000007e-012   0.00234375
1.00000001e-011   0.01286719
1.50000002e-011  0.004046876
2.00000003e-011   0.01511719
2.50000003e-011  0.005718751
3.00000004e-011   0.01666406
3.50000005e-011  0.006421876
4.00000005e-011   0.01683594
4.50000006e-011  0.005406251
5.00000007e-011   0.01708594
5.50000007e-011  0.005000001
6.00000008e-011   0.01857031
6.50000009e-011  0.004953126
7.00000009e-011   0.01882813
7.5000001e-011  0.006093751
8.00000011e-011   0.01807031
8.50000011e-011  0.005968751
9.00000012e-011   0.01704688
9.50000013e-011  0.005679688
1.00000001e-010   0.01664844
1.05000001e-010  0.005859376
1.10000001e-010   0.01570313
1.15000002e-010  0.005125001
1.20000002e-010        0.015
1.25000002e-010  0.004843751
1.30000002e-010   0.01503125
1.35000002e-010  0.004585938
1.40000002e-010   0.01465625
1.45000002e-010  0.003210938
1.50000002e-010   0.01366406
1.55000002e-010   0.00209375
1.60000002e-010        0.013
1.65000002e-010  0.002320313
1.70000002e-010        0.013
1.75000002e-010  0.002726563
1.80000002e-010   0.01346094
1.85000002e-010  0.003484376
1.90000003e-010   0.01386719
1.95000003e-010  0.005000001
2.00000003e-010      0.01425
2.05000003e-010  0.005585938
2.10000003e-010   0.01521094
2.15000003e-010  0.006429688
2.20000003e-010        0.017
2.25000003e-010  0.007000001
2.30000003e-010   0.01717969
2.35000003e-010  0.007445313
2.40000003e-010   0.01707813
2.45000003e-010  0.007953126
2.50000003e-010   0.01805469
2.55000003e-010  0.008625001
2.60000003e-010   0.02027344
2.65000004e-010  0.009609376
2.70000004e-010   0.02226563
2.75000004e-010  0.008492188
2.80000004e-010    0.0234375
2.85000004e-010  0.008429688
2.90000004e-010   0.02378906
2.95000004e-010  0.009539063
3.00000004e-010   0.02341406
3.05000004e-010   0.01057813
3.10000004e-010   0.02239844
3.15000004e-010   0.01107031
3.20000004e-010      0.02125
3.25000004e-010   0.01224219
3.30000004e-010   0.02099219
3.35000004e-010   0.01282031
3.40000005e-010        0.021
3.45000005e-010   0.01205469
3.50000005e-010   0.02105469
3.55000005e-010   0.01121875
3.60000005e-010   0.02075781
3.65000005e-010  0.009617188
3.70000005e-010   0.01994531
3.75000005e-010  0.008531251
3.80000005e-010   0.01942969
3.85000005e-010  0.008125001
3.90000005e-010   0.01957031
3.95000005e-010  0.008382813
4.00000005e-010   0.01929688
4.05000005e-010  0.008812501
4.10000005e-010     0.020625
4.15000006e-010  0.008343751
4.20000006e-010        0.021
4.25000006e-010  0.007132813
4.30000006e-010   0.02002344
4.35000006e-010  0.005437501
4.40000006e-010   0.01883594
4.45000006e-010  0.004890626
4.50000006e-010   0.01820313
4.55000006e-010  0.005593751
4.60000006e-010   0.01714844
4.65000006e-010  0.006796876
4.70000006e-010   0.01709375
4.75000006e-010  0.007359376
4.80000006e-010   0.01710938
4.85000006e-010  0.007250001
4.90000007e-010   0.01679688
4.95000007e-010  0.006929688
5.00000007e-010   0.01658594
5.05000007e-010  0.006906251
5.10000007e-010   0.01772656
5.15000007e-010  0.007335938
5.20000007e-010        0.019
5.25000007e-010  0.007523438
5.30000007e-010   0.01933594
5.35000007e-010  0.007015626
5.40000007e-010   0.01888281
5.45000007e-010  0.006843751
5.50000007e-010   0.01782031
5.55000007e-010  0.007296876
5.60000007e-010       0.0165
5.65000008e-010  0.006421876
5.70000008e-010   0.01780469
5.75000008e-010  0.006195313
5.80000008e-010   0.01872656
5.85000008e-010  0.007000001
5.90000008e-010   0.01910156
5.95000008e-010  0.008859376
6.00000008e-010   0.01992969
6.05000008e-010  0.008992188
6.10000008e-010   0.02092188
6.15000008e-010  0.009078126
6.20000008e-010        0.021
6.25000008e-010  0.009000001
6.30000008e-010   0.01991406
6.35000008e-010  0.007562501
6.40000009e-010   0.01798438
6.45000009e-010  0.006859376
6.50000009e-010   0.01828125
6.55000009e-010  0.006929688
6.60000009e-010   0.01936719
6.65000009e-010  0.007101563
6.70000009e-010   0.01966406
6.75000009e-010  0.006937501
6.80000009e-010        0.019
6.85000009e-010  0.007000001
6.90000009e-010   0.01777344
6.95000009e-010  0.007023438
7.00000009e-010   0.01792969
7.05000009e-010  0.007164063
7.10000009e-010   0.01865625
7.1500001e-010  0.007937501
7.2000001e-010   0.01903906
7.2500001e-010  0.008304688
7.3000001e-010   0.01886719
7.3500001e-010  0.007898438
7.4000001e-010   0.01880469
7.4500001e-010  0.007000001
7.5000001e-010   0.01766406
7.5500001e-010  0.006671876
7.6000001e-010   0.01703906
7.6500001e-010  0.006335938
7.7000001e-010   0.01710156
7.7500001e-010  0.006265626
7.8000001e-010      0.01725
7.8500001e-010  0.006773438
7.90000011e-010   0.01738281
7.95000011e-010  0.007734376
8.00000011e-010    0.0173125
8.05000011e-010  0.008367188
8.10000011e-010   0.01742969
8.15000011e-010  0.008398438
8.20000011e-010   0.01711719
8.25000011e-010  0.009000001
8.30000011e-010   0.01710938
8.35000011e-010  0.008054688
8.40000011e-010    0.0186875
8.45000011e-010  0.007546876
8.50000011e-010   0.02019531
8.55000011e-010  0.007539063
8.60000011e-010   0.02103906
8.65000012e-010  0.008054688
8.70000012e-010        0.021
8.75000012e-010  0.008593751
8.80000012e-010         0.02
8.85000012e-010  0.008828126
8.90000012e-010   0.01864063
8.95000012e-010  0.008148438
9.00000012e-010   0.01767969
9.05000012e-010  0.007414063
9.10000012e-010        0.017
9.15000012e-010  0.007632813
9.20000012e-010   0.01740625
9.25000012e-010  0.008976563
9.30000012e-010   0.01760156
9.35000012e-010  0.008812501
9.40000013e-010   0.01773438
9.45000013e-010  0.007554688
9.50000013e-010   0.01742969
9.55000013e-010  0.007000001
9.60000013e-010   0.01874219
9.65000013e-010  0.007421876
9.70000013e-010    0.0205625
9.75000013e-010  0.008609376
9.80000013e-010   0.02103125
9.85000013e-010  0.008937501
9.90000013e-010   0.02014063
9.95000013e-010  0.008625001
1.00000001e-009   0.01847656
1.00500001e-009  0.008640626
1.01000001e-009   0.01955469
1.01500001e-009  0.008765626
1.02000001e-009   0.02005469
1.02500001e-009  0.009000001
1.03000001e-009     0.019875
1.03500001e-009  0.008351563
1.04000001e-009   0.02049219
1.04500001e-009  0.008460938
1.05000001e-009        0.021
1.05500001e-009  0.009367188
1.06000001e-009   0.02005469
1.06500001e-009  0.009429688
1.07000001e-009   0.02026563
1.07500001e-009  0.009484376
1.08000001e-009   0.02067969
1.08500001e-009  0.008453126
1.09000001e-009   0.02017969
1.09500001e-009  0.007984376
1.10000001e-009   0.01933594
1.10500001e-009  0.008289063
1.11000001e-009   0.02033594
1.11500001e-009  0.009023438
1.12000001e-009        0.021
1.12500002e-009  0.009242188
1.13000002e-009      0.02125
1.13500002e-009   0.01041406
1.14000002e-009   0.02113281
1.14500002e-009   0.01021094
1.15000002e-009   0.02067188
1.15500002e-009  0.009914063
1.16000002e-009   0.02089063
1.16500002e-009   0.01042188
1.17000002e-009        0.021
1.17500002e-009   0.01061719
1.18000002e-009   0.02167969
1.18500002e-009   0.01067969
1.19000002e-009   0.02160938
1.19500002e-009   0.01103906
1.20000002e-009   0.02096094
1.20500002e-009   0.01066406
1.21000002e-009         0.02
1.21500002e-009   0.01040625
1.22000002e-009   0.02059375
1.22500002e-009   0.01096875
1.23000002e-009   0.02107813
1.23500002e-009        0.011
1.24000002e-009   0.02083594
1.24500002e-009   0.01142969
1.25000002e-009   0.02079688
