-4.98000007e-009   -0.0054375
-4.96000007e-009  0.008367188
-4.94000007e-009  -0.00446875
-4.92000007e-009  0.005000001
-4.90000007e-009 -0.004507812
-4.88000007e-009  0.004898438
-4.86000006e-009       -0.004
-4.84000006e-009  0.004382813
-4.82000006e-009     -0.00425
-4.80000006e-009  0.005000001
-4.78000006e-009    -0.005375
-4.76000006e-009  0.004781251
-4.74000006e-009       -0.005
-4.72000006e-009  0.005125001
-4.70000006e-009       -0.005
-4.68000006e-009  0.005257813
-4.66000006e-009  -0.00490625
-4.64000006e-009  0.003968751
-4.62000006e-009       -0.007
-4.60000006e-009  0.004632813
-4.58000006e-009 -0.005578125
-4.56000006e-009  0.006359376
-4.54000006e-009 -0.004554687
-4.52000006e-009  0.005000001
-4.50000006e-009       -0.005
-4.48000006e-009  0.003992188
-4.46000006e-009 -0.005265625
-4.44000006e-009  0.005000001
-4.42000006e-009       -0.007
-4.40000006e-009  0.005000001
-4.38000006e-009      -0.0055
-4.36000006e-009  0.006921876
-4.34000006e-009 -0.005601562
-4.32000006e-009  0.005617188
-4.30000006e-009 -0.004742187
-4.28000006e-009  0.003023438
-4.26000006e-009 -0.005859375
-4.24000006e-009  0.005000001
-4.22000006e-009  -0.00503125
-4.20000006e-009  0.005867188
-4.18000006e-009      -0.0045
-4.16000006e-009  0.003820313
-4.14000006e-009       -0.005
-4.12000006e-009  0.005000001
-4.10000005e-009  -0.00653125
-4.08000005e-009  0.003789063
-4.06000005e-009 -0.007578125
-4.04000005e-009  0.007257813
-4.02000005e-009 -0.005078125
-4.00000005e-009     0.003125
-3.98000005e-009 -0.004796875
-3.96000005e-009  0.004765626
-3.94000005e-009       -0.005
-3.92000005e-009  0.005000001
-3.90000005e-009       -0.005
-3.88000005e-009  0.005156251
-3.86000005e-009 -0.005234375
-3.84000005e-009        0.003
-3.82000005e-009       -0.007
-3.80000005e-009  0.004710938
-3.78000005e-009 -0.005171875
-3.76000005e-009  0.004257813
-3.74000005e-009       -0.005
-3.72000005e-009  0.004429688
-3.70000005e-009 -0.006039062
-3.68000005e-009  0.003984376
-3.66000005e-009       -0.004
-3.64000005e-009  0.003882813
-3.62000005e-009       -0.005
-3.60000005e-009  0.003421876
-3.58000005e-009 -0.007101562
-3.56000005e-009  0.004781251
-3.54000005e-009 -0.005085937
-3.52000005e-009  0.003304688
-3.50000005e-009       -0.005
-3.48000005e-009    0.0029375
-3.46000005e-009 -0.005851562
-3.44000005e-009  0.004609376
-3.42000005e-009       -0.005
-3.40000005e-009  0.003242188
-3.38000005e-009 -0.005710937
-3.36000004e-009  0.004429688
-3.34000004e-009 -0.005507812
-3.32000004e-009        0.003
-3.30000004e-009       -0.007
-3.28000004e-009  0.002664063
-3.26000004e-009 -0.006460937
-3.24000004e-009  0.003757813
-3.22000004e-009 -0.006929687
-3.20000004e-009  0.001382813
-3.18000004e-009 -0.006945312
-3.16000004e-009  0.001289063
-3.14000004e-009 -0.008101563
-3.12000004e-009        0.001
-3.10000004e-009 -0.007171875
-3.08000004e-009 0.0007421879
-3.06000004e-009     -0.01075
-3.04000004e-009 -0.0005468747
-3.02000004e-009       -0.011
-3.00000004e-009 -0.0009999997
-2.98000004e-009  -0.01015625
-2.96000004e-009 -0.001773437
-2.94000004e-009       -0.011
-2.92000004e-009  -0.00271875
-2.90000004e-009       -0.011
-2.88000004e-009    -0.002375
-2.86000004e-009  -0.01270313
-2.84000004e-009       -0.003
-2.82000004e-009  -0.01114844
-2.80000004e-009    -0.003375
-2.78000004e-009  -0.01365625
-2.76000004e-009 -0.002710937
-2.74000004e-009       -0.013
-2.72000004e-009 -0.003085937
-2.70000004e-009  -0.01351563
-2.68000004e-009    -0.003875
-2.66000004e-009  -0.01385156
-2.64000004e-009 -0.004695312
-2.62000003e-009       -0.015
-2.60000003e-009       -0.005
-2.58000003e-009  -0.01332813
-2.56000003e-009   -0.0040625
-2.54000003e-009       -0.013
-2.52000003e-009 -0.0009999997
-2.50000003e-009       -0.013
-2.48000003e-009    -0.004625
-2.46000003e-009  -0.01402344
-2.44000003e-009 -0.003484375
-2.42000003e-009  -0.01358594
-2.40000003e-009   -0.0041875
-2.38000003e-009  -0.01439844
-2.36000003e-009 -0.004101562
-2.34000003e-009  -0.01332813
-2.32000003e-009 -0.004171875
-2.30000003e-009   -0.0126875
-2.28000003e-009 -0.004054687
-2.26000003e-009   -0.0130625
-2.24000003e-009   -0.0025625
-2.22000003e-009       -0.013
-2.20000003e-009 -0.002742187
-2.18000003e-009  -0.01310938
-2.16000003e-009 -0.003382812
-2.14000003e-009    -0.012625
-2.12000003e-009 -0.001914062
-2.10000003e-009  -0.01234375
-2.08000003e-009      -0.0015
-2.06000003e-009  -0.01140625
-2.04000003e-009 -0.002273437
-2.02000003e-009       -0.011
-2.00000003e-009 -0.001242187
-1.98000003e-009  -0.01154688
-1.96000003e-009 -0.002304687
-1.94000003e-009  -0.01069531
-1.92000003e-009        0.001
-1.90000003e-009  -0.01009375
-1.88000003e-009 -0.001546875
-1.86000002e-009  -0.01107813
-1.84000002e-009 -0.0009999997
-1.82000002e-009  -0.01002344
-1.80000002e-009 -0.0009999997
-1.78000002e-009 -0.009546875
-1.76000002e-009 0.0009843754
-1.74000002e-009  -0.01007813
-1.72000002e-009        0.001
-1.70000002e-009       -0.009
-1.68000002e-009 0.0004609379
-1.66000002e-009 -0.007945313
-1.64000002e-009 0.0005781254
-1.62000002e-009       -0.009
-1.60000002e-009 0.0005703129
-1.58000002e-009     -0.00825
-1.56000002e-009 0.0004453129
-1.54000002e-009 -0.008078125
-1.52000002e-009        0.003
-1.50000002e-009 -0.007445313
-1.48000002e-009  0.002070313
-1.46000002e-009 -0.006507812
-1.44000002e-009  0.001507813
-1.42000002e-009       -0.009
-1.40000002e-009  0.001203125
-1.38000002e-009 -0.008023438
-1.36000002e-009  0.002046875
-1.34000002e-009 -0.009828125
-1.32000002e-009        0.003
-1.30000002e-009       -0.009
-1.28000002e-009  0.002609375
-1.26000002e-009     -0.00625
-1.24000002e-009  0.003929688
-1.22000002e-009       -0.007
-1.20000002e-009        0.003
-1.18000002e-009    -0.008125
-1.16000002e-009   0.00284375
-1.14000002e-009       -0.007
-1.12000001e-009        0.003
-1.10000001e-009       -0.009
-1.08000001e-009  0.003562501
-1.06000001e-009 -0.007460938
-1.04000001e-009  0.004335938
-1.02000001e-009 -0.007664063
-1.00000001e-009  0.002210938
-9.80000013e-010 -0.007273437
-9.60000013e-010   0.00296875
-9.40000013e-010 -0.007109375
-9.20000012e-010      0.00225
-9.00000012e-010       -0.007
-8.80000012e-010  0.001226563
-8.60000011e-010    -0.010125
-8.40000011e-010        0.003
-8.20000011e-010       -0.007
-8.00000011e-010        0.001
-7.8000001e-010 -0.007867188
-7.6000001e-010  0.001023438
-7.4000001e-010 -0.008265625
-7.2000001e-010 -0.0001796872
-7.00000009e-010 -0.009414063
-6.80000009e-010 -0.0002343747
-6.60000009e-010  -0.01076563
-6.40000009e-010  -0.00334375
-6.20000008e-010       -0.015
-6.00000008e-010       -0.007
-5.80000008e-010  -0.02161719
-5.60000007e-010  -0.01304688
-5.40000007e-010  -0.03826563
-5.20000007e-010       -0.031
-5.00000007e-010       -0.061
-4.80000006e-010  -0.05385938
-4.60000006e-010  -0.08833594
-4.40000006e-010    -0.081125
-4.20000006e-010   -0.1137656
-4.00000005e-010   -0.1059063
-3.80000005e-010   -0.1326797
-3.60000005e-010   -0.1182578
-3.40000005e-010   -0.1345469
-3.20000004e-010   -0.1233125
-3.00000004e-010       -0.133
-2.80000004e-010   -0.1174297
-2.60000003e-010   -0.1263672
-2.40000003e-010   -0.1104219
-2.20000003e-010       -0.121
-2.00000003e-010       -0.101
-1.80000002e-010   -0.1106563
-1.60000002e-010  -0.08760157
-1.40000002e-010  -0.09511719
-1.20000002e-010       -0.067
-1.00000001e-010       -0.075
-8.00000011e-011  -0.03997656
-6.00000008e-011  -0.04842188
-4.00000005e-011  -0.01496875
-2.00000003e-011  -0.02151563
           0  0.005000001
2.00000003e-011 -0.0009843747
4.00000005e-011   0.01617188
6.00000008e-011  0.008070313
8.00000011e-011        0.019
1.00000001e-010  0.006960938
1.20000002e-010   0.01769531
1.40000002e-010  0.004531251
1.60000002e-010        0.015
1.80000002e-010        0.001
2.00000003e-010   0.01205469
2.20000003e-010  0.002679688
2.40000003e-010   0.01774219
2.60000003e-010  0.007992188
2.80000004e-010        0.021
3.00000004e-010        0.011
3.20000004e-010   0.02210938
3.40000005e-010   0.01097656
3.60000005e-010     0.021375
3.80000005e-010   0.01221875
4.00000005e-010        0.023
4.20000006e-010  0.008671876
4.40000006e-010   0.01866406
4.60000006e-010  0.004625001
4.80000006e-010   0.01755469
5.00000007e-010  0.007000001
5.20000007e-010   0.01654688
5.40000007e-010  0.007093751
5.60000007e-010   0.01879688
5.80000008e-010  0.007507813
6.00000008e-010   0.01900781
6.20000008e-010  0.007296876
6.40000009e-010      0.01875
6.60000009e-010  0.006265626
6.80000009e-010        0.019
7.00000009e-010  0.006265626
7.2000001e-010    0.0190625
7.4000001e-010  0.006648438
7.6000001e-010   0.01719531
7.8000001e-010  0.007789063
8.00000011e-010        0.019
8.20000011e-010  0.008046876
8.40000011e-010   0.01729688
8.60000011e-010  0.007804688
8.80000012e-010        0.017
9.00000012e-010  0.007000001
9.20000012e-010   0.01874219
9.40000013e-010  0.007781251
9.60000013e-010   0.01795313
9.80000013e-010  0.007000001
1.00000001e-009   0.01953125
1.02000001e-009  0.006718751
1.04000001e-009   0.01755469
1.06000001e-009  0.006828126
1.08000001e-009   0.01742188
1.10000001e-009  0.005000001
1.12000001e-009   0.01858594
1.14000002e-009   0.01024219
1.16000002e-009        0.021
1.18000002e-009  0.009882813
1.20000002e-009        0.023
1.22000002e-009    0.0105625
1.24000002e-009   0.02204688
1.26000002e-009  0.009851563
1.28000002e-009   0.02115625
1.30000002e-009   0.01217188
1.32000002e-009   0.02099219
1.34000002e-009    0.0114375
1.36000002e-009   0.02014844
1.38000002e-009   0.01191406
1.40000002e-009        0.021
1.42000002e-009   0.01096094
1.44000002e-009   0.02201563
1.46000002e-009   0.01053906
1.48000002e-009        0.023
1.50000002e-009  0.009000001
1.52000002e-009   0.02144531
1.54000002e-009  0.009062501
1.56000002e-009        0.019
1.58000002e-009   0.01019531
1.60000002e-009        0.019
1.62000002e-009  0.007414063
1.64000002e-009   0.01892969
1.66000002e-009  0.007609376
1.68000002e-009   0.01820313
1.70000002e-009  0.007164063
1.72000002e-009   0.01757813
1.74000002e-009  0.007875001
1.76000002e-009   0.01885938
1.78000002e-009  0.007000001
1.80000002e-009   0.01770313
1.82000002e-009  0.006945313
1.84000002e-009      0.01775
1.86000002e-009  0.006992188
1.88000003e-009   0.01695313
1.90000003e-009  0.006851563
1.92000003e-009   0.01717969
1.94000003e-009  0.006109376
1.96000003e-009   0.01839063
1.98000003e-009  0.006421876
2.00000003e-009        0.017
2.02000003e-009  0.006250001
2.04000003e-009   0.01635156
2.06000003e-009  0.006781251
2.08000003e-009        0.019
2.10000003e-009  0.007085938
2.12000003e-009   0.01808594
2.14000003e-009  0.006710938
2.16000003e-009   0.01785156
2.18000003e-009  0.009000001
2.20000003e-009   0.01732031
2.22000003e-009  0.008000001
2.24000003e-009   0.01948438
2.26000003e-009  0.006671876
2.28000003e-009    0.0174375
2.30000003e-009  0.008500001
2.32000003e-009   0.01665625
2.34000003e-009  0.006890626
2.36000003e-009   0.01805469
2.38000003e-009  0.007000001
2.40000003e-009        0.017
2.42000003e-009  0.007328126
2.44000003e-009   0.01660156
2.46000003e-009  0.005882813
2.48000003e-009        0.017
2.50000003e-009  0.005000001
2.52000003e-009   0.01810156
2.54000003e-009  0.006625001
2.56000003e-009   0.01582813
2.58000003e-009  0.006328126
2.60000003e-009   0.01672656
2.62000003e-009  0.006726563
2.64000004e-009   0.01603125
2.66000004e-009  0.005882813
2.68000004e-009   0.01584375
2.70000004e-009  0.005000001
2.72000004e-009   0.01664844
2.74000004e-009  0.006132813
2.76000004e-009   0.01507813
2.78000004e-009  0.005000001
2.80000004e-009   0.01765625
2.82000004e-009  0.004820313
2.84000004e-009   0.01532031
2.86000004e-009  0.004578126
2.88000004e-009        0.017
2.90000004e-009  0.005000001
2.92000004e-009   0.01564063
2.94000004e-009  0.004875001
2.96000004e-009   0.01532813
2.98000004e-009  0.004257813
3.00000004e-009   0.01496094
3.02000004e-009  0.004171876
3.04000004e-009   0.01361719
3.06000004e-009  0.004960938
3.08000004e-009        0.015
3.10000004e-009  0.005000001
3.12000004e-009   0.01486719
3.14000004e-009  0.004835938
3.16000004e-009   0.01325781
3.18000004e-009  0.003484376
3.20000004e-009        0.015
3.22000004e-009  0.003875001
3.24000004e-009   0.01483594
3.26000004e-009        0.003
3.28000004e-009        0.015
3.30000004e-009  0.004062501
3.32000004e-009       0.0145
3.34000004e-009  0.001859375
3.36000004e-009   0.01314063
3.38000005e-009  0.005000001
3.40000005e-009   0.01360156
3.42000005e-009  0.003148438
3.44000005e-009   0.01297656
3.46000005e-009  0.003226563
3.48000005e-009   0.01130469
3.50000005e-009  0.002945313
3.52000005e-009   0.01264844
3.54000005e-009  0.002867188
3.56000005e-009        0.013
3.58000005e-009  0.003742188
3.60000005e-009   0.01228906
3.62000005e-009  0.003554688
3.64000005e-009   0.01277344
3.66000005e-009  0.002609375
3.68000005e-009   0.01125781
3.70000005e-009  0.003789063
3.72000005e-009   0.01125781
3.74000005e-009 0.0003593754
3.76000005e-009   0.01211719
3.78000005e-009        0.003
3.80000005e-009        0.013
3.82000005e-009     0.002875
3.84000005e-009   0.01249219
3.86000005e-009        0.001
3.88000005e-009   0.01151563
3.90000005e-009   0.00228125
3.92000005e-009   0.01189063
3.94000005e-009      0.00225
3.96000005e-009   0.01265625
3.98000005e-009        0.003
4.00000005e-009   0.01419531
4.02000005e-009  0.002539063
4.04000005e-009   0.01296875
4.06000005e-009  0.002679688
4.08000005e-009        0.013
4.10000005e-009  0.002273438
4.12000006e-009     0.011375
4.14000006e-009   0.00121875
4.16000006e-009        0.013
4.18000006e-009        0.001
4.20000006e-009   0.01134375
4.22000006e-009  0.002007813
4.24000006e-009    0.0119375
4.26000006e-009 0.0002734379
4.28000006e-009  0.009546876
4.30000006e-009        0.001
4.32000006e-009   0.01117188
4.34000006e-009 0.0002109379
4.36000006e-009   0.01015625
4.38000006e-009 0.0006015629
4.40000006e-009  0.009382813
4.42000006e-009 0.0003906254
4.44000006e-009   0.01136719
4.46000006e-009 0.0005390629
4.48000006e-009     0.010875
4.50000006e-009 0.0001250004
4.52000006e-009   0.01125781
4.54000006e-009 0.0008515629
4.56000006e-009        0.011
4.58000006e-009        0.001
4.60000006e-009  0.009671876
4.62000006e-009  0.001429688
4.64000006e-009   0.01073438
4.66000006e-009 0.0005156254
4.68000006e-009        0.013
4.70000006e-009 -0.0009999997
4.72000006e-009   0.01132813
4.74000006e-009 0.0007421879
4.76000006e-009    0.0104375
4.78000006e-009        0.001
4.80000006e-009        0.011
4.82000006e-009 -0.0006406247
4.84000006e-009  0.009500001
4.86000006e-009 0.0004609379
4.88000007e-009        0.011
4.90000007e-009 -0.0009531247
4.92000007e-009   0.01125781
4.94000007e-009 0.0008359379
4.96000007e-009    0.0108125
4.98000007e-009        0.001
5.00000007e-009  0.009023438
