-4.98000007e-009 -0.0003749997
-4.96000007e-009 -0.0002656247
-4.94000007e-009 -0.0002499997
-4.92000007e-009 -0.0002890622
-4.90000007e-009 -0.0003984372
-4.88000007e-009 -0.0003984372
-4.86000006e-009 -0.0003359372
-4.84000006e-009 -0.0002421872
-4.82000006e-009 -0.0001484372
-4.80000006e-009 -0.0001640622
-4.78000006e-009 -0.0001953122
-4.76000006e-009 -0.0002421872
-4.74000006e-009 -0.0003671872
-4.72000006e-009 -0.0004999997
-4.70000006e-009 -0.0005390622
-4.68000006e-009 -0.0004843747
-4.66000006e-009 -0.0004218747
-4.64000006e-009 -0.0004609372
-4.62000006e-009 -0.0005156247
-4.60000006e-009 -0.0005078122
-4.58000006e-009 -0.0003749997
-4.56000006e-009 -0.0002343747
-4.54000006e-009 -0.0002812497
-4.52000006e-009 -0.0004921872
-4.50000006e-009 -0.0006874997
-4.48000006e-009 -0.0006796872
-4.46000006e-009 -0.0005234372
-4.44000006e-009 -0.0004296872
-4.42000006e-009 -0.0004453122
-4.40000006e-009 -0.0006171872
-4.38000006e-009 -0.0007109372
-4.36000006e-009 -0.0007187497
-4.34000006e-009 -0.0005546872
-4.32000006e-009 -0.0004062497
-4.30000006e-009 -0.0003124997
-4.28000006e-009 -0.0003515622
-4.26000006e-009 -0.0004296872
-4.24000006e-009 -0.0004687497
-4.22000006e-009 -0.0003984372
-4.20000006e-009 -0.0003359372
-4.18000006e-009 -0.0003437497
-4.16000006e-009 -0.0004453122
-4.14000006e-009 -0.0005859372
-4.12000006e-009 -0.0007421872
-4.10000005e-009 -0.0008437497
-4.08000005e-009 -0.0008437497
-4.06000005e-009 -0.0008124997
-4.04000005e-009 -0.0007812497
-4.02000005e-009 -0.0007890622
-4.00000005e-009 -0.0008828122
-3.98000005e-009 -0.0009453122
-3.96000005e-009 -0.0008749997
-3.94000005e-009 -0.0007578122
-3.92000005e-009 -0.0006171872
-3.90000005e-009 -0.0005234372
-3.88000005e-009 -0.0005234372
-3.86000005e-009 -0.0006015622
-3.84000005e-009 -0.0006484372
-3.82000005e-009 -0.0006718747
-3.80000005e-009 -0.0007109372
-3.78000005e-009 -0.0007109372
-3.76000005e-009 -0.0007421872
-3.74000005e-009 -0.0006640622
-3.72000005e-009 -0.0004687497
-3.70000005e-009 -0.0003359372
-3.68000005e-009 -0.0003281247
-3.66000005e-009 -0.0005781247
-3.64000005e-009 -0.0007890622
-3.62000005e-009 -0.0007734372
-3.60000005e-009 -0.0006328122
-3.58000005e-009 -0.0004296872
-3.56000005e-009 -0.0003828122
-3.54000005e-009 -0.0003749997
-3.52000005e-009 -0.0004062497
-3.50000005e-009 -0.0003515622
-3.48000005e-009 -0.0003515622
-3.46000005e-009 -0.0004374997
-3.44000005e-009 -0.0004921872
-3.42000005e-009 -0.0005156247
-3.40000005e-009 -0.0004843747
-3.38000005e-009 -0.0005624997
-3.36000004e-009 -0.0007421872
-3.34000004e-009 -0.0009921872
-3.32000004e-009 -0.001132812
-3.30000004e-009 -0.001171875
-3.28000004e-009 -0.001320312
-3.26000004e-009 -0.001578125
-3.24000004e-009 -0.001898437
-3.22000004e-009     -0.00225
-3.20000004e-009 -0.002578125
-3.18000004e-009    -0.002875
-3.16000004e-009  -0.00315625
-3.14000004e-009   -0.0031875
-3.12000004e-009 -0.003203125
-3.10000004e-009 -0.003226562
-3.08000004e-009 -0.003546875
-3.06000004e-009 -0.004101562
-3.04000004e-009 -0.004632812
-3.02000004e-009 -0.005015625
-3.00000004e-009 -0.005242187
-2.98000004e-009  -0.00540625
-2.96000004e-009 -0.005648437
-2.94000004e-009 -0.006046875
-2.92000004e-009 -0.006460937
-2.90000004e-009 -0.006695312
-2.88000004e-009 -0.006796875
-2.86000004e-009  -0.00684375
-2.84000004e-009 -0.006960937
-2.82000004e-009 -0.007164062
-2.80000004e-009 -0.007382813
-2.78000004e-009 -0.007578125
-2.76000004e-009 -0.007773438
-2.74000004e-009       -0.008
-2.72000004e-009 -0.008179688
-2.70000004e-009 -0.008242188
-2.68000004e-009 -0.008195313
-2.66000004e-009  -0.00821875
-2.64000004e-009 -0.008320313
-2.62000003e-009 -0.008476563
-2.60000003e-009 -0.008609375
-2.58000003e-009 -0.008671875
-2.56000003e-009 -0.008796875
-2.54000003e-009  -0.00890625
-2.52000003e-009 -0.009078125
-2.50000003e-009 -0.009148438
-2.48000003e-009 -0.009101563
-2.46000003e-009 -0.008992188
-2.44000003e-009 -0.008882813
-2.42000003e-009 -0.008828125
-2.40000003e-009   -0.0088125
-2.38000003e-009 -0.008734375
-2.36000003e-009  -0.00865625
-2.34000003e-009 -0.008617188
-2.32000003e-009 -0.008523438
-2.30000003e-009  -0.00834375
-2.28000003e-009    -0.008125
-2.26000003e-009 -0.007929688
-2.24000003e-009 -0.007914063
-2.22000003e-009   -0.0080625
-2.20000003e-009 -0.008171875
-2.18000003e-009       -0.008
-2.16000003e-009 -0.007796875
-2.14000003e-009 -0.007671875
-2.12000003e-009 -0.007796875
-2.10000003e-009 -0.007960938
-2.08000003e-009 -0.007828125
-2.06000003e-009 -0.007453125
-2.04000003e-009 -0.007015625
-2.02000003e-009 -0.006835937
-2.00000003e-009 -0.006898437
-1.98000003e-009 -0.007078125
-1.96000003e-009  -0.00703125
-1.94000003e-009 -0.006828125
-1.92000003e-009  -0.00659375
-1.90000003e-009 -0.006421875
-1.88000003e-009 -0.006351562
-1.86000002e-009  -0.00621875
-1.84000002e-009 -0.006054687
-1.82000002e-009 -0.005804687
-1.80000002e-009 -0.005640625
-1.78000002e-009 -0.005515625
-1.76000002e-009  -0.00540625
-1.74000002e-009 -0.005242187
-1.72000002e-009 -0.005023437
-1.70000002e-009 -0.004976562
-1.68000002e-009 -0.004921875
-1.66000002e-009 -0.004789062
-1.64000002e-009 -0.004523437
-1.62000002e-009 -0.004296875
-1.60000002e-009  -0.00421875
-1.58000002e-009 -0.004242187
-1.56000002e-009 -0.004164062
-1.54000002e-009 -0.003867187
-1.52000002e-009  -0.00346875
-1.50000002e-009 -0.003265625
-1.48000002e-009 -0.003414062
-1.46000002e-009    -0.003625
-1.44000002e-009  -0.00371875
-1.42000002e-009 -0.003523437
-1.40000002e-009 -0.003242187
-1.38000002e-009 -0.003117187
-1.36000002e-009 -0.003117187
-1.34000002e-009 -0.003140625
-1.32000002e-009 -0.003078125
-1.30000002e-009 -0.002914062
-1.28000002e-009 -0.002851562
-1.26000002e-009  -0.00290625
-1.24000002e-009 -0.002898437
-1.22000002e-009 -0.002734375
-1.20000002e-009      -0.0025
-1.18000002e-009 -0.002460937
-1.16000002e-009  -0.00253125
-1.14000002e-009  -0.00253125
-1.12000001e-009 -0.002367187
-1.10000001e-009    -0.002125
-1.08000001e-009 -0.002078125
-1.06000001e-009   -0.0023125
-1.04000001e-009 -0.002632812
-1.02000001e-009 -0.002789062
-1.00000001e-009     -0.00275
-9.80000013e-010 -0.002664062
-9.60000013e-010 -0.002679687
-9.40000013e-010 -0.002773437
-9.20000012e-010  -0.00284375
-9.00000012e-010 -0.002726562
-8.80000012e-010 -0.002523437
-8.60000011e-010  -0.00240625
-8.40000011e-010 -0.002484375
-8.20000011e-010 -0.002664062
-8.00000011e-010 -0.002765625
-7.8000001e-010   -0.0029375
-7.6000001e-010 -0.003070312
-7.4000001e-010 -0.003367187
-7.2000001e-010    -0.003875
-7.00000009e-010 -0.004179687
-6.80000009e-010 -0.004710937
-6.60000009e-010 -0.005226562
-6.40000009e-010 -0.006023437
-6.20000008e-010  -0.00746875
-6.00000008e-010   -0.0089375
-5.80000008e-010  -0.01148438
-5.60000007e-010  -0.01502344
-5.40000007e-010  -0.02029688
-5.20000007e-010  -0.02796875
-5.00000007e-010    -0.037375
-4.80000006e-010    -0.048375
-4.60000006e-010  -0.06053125
-4.40000006e-010  -0.07346875
-4.20000006e-010  -0.08673438
-4.00000005e-010  -0.09944532
-3.80000005e-010   -0.1098594
-3.60000005e-010   -0.1181484
-3.40000005e-010   -0.1236406
-3.20000004e-010   -0.1266953
-3.00000004e-010       -0.128
-2.80000004e-010   -0.1266563
-2.60000003e-010   -0.1246328
-2.40000003e-010   -0.1218984
-2.20000003e-010   -0.1187031
-2.00000003e-010   -0.1156094
-1.80000002e-010   -0.1108984
-1.60000002e-010   -0.1052969
-1.40000002e-010  -0.09823438
-1.20000002e-010  -0.08939063
-1.00000001e-010  -0.07930469
-8.00000011e-011  -0.06757032
-6.00000008e-011  -0.05464844
-4.00000005e-011  -0.04120313
-2.00000003e-011  -0.02799219
           0  -0.01605469
2.00000003e-011  -0.00653125
4.00000005e-011   0.00109375
6.00000008e-011  0.006343751
8.00000011e-011  0.009718751
1.00000001e-010   0.01153906
1.20000002e-010   0.01170313
1.40000002e-010   0.01151563
1.60000002e-010   0.01089844
1.80000002e-010   0.01029688
2.00000003e-010   0.01004688
2.20000003e-010  0.009914063
2.40000003e-010    0.0105625
2.60000003e-010   0.01157031
2.80000004e-010    0.0126875
3.00000004e-010   0.01366406
3.20000004e-010   0.01444531
3.40000005e-010   0.01519531
3.60000005e-010   0.01578125
3.80000005e-010   0.01590625
4.00000005e-010   0.01539063
4.20000006e-010     0.014375
4.40000006e-010     0.013375
4.60000006e-010   0.01272656
4.80000006e-010    0.0124375
5.00000007e-010   0.01228125
5.20000007e-010   0.01207031
5.40000007e-010   0.01182031
5.60000007e-010    0.0116875
5.80000008e-010   0.01164844
6.00000008e-010   0.01171875
6.20000008e-010   0.01194531
6.40000009e-010   0.01207813
6.60000009e-010   0.01200781
6.80000009e-010   0.01172656
7.00000009e-010   0.01150781
7.2000001e-010   0.01164063
7.4000001e-010   0.01208594
7.6000001e-010   0.01248438
7.8000001e-010   0.01258594
8.00000011e-010   0.01261719
8.20000011e-010   0.01272656
8.40000011e-010   0.01295313
8.60000011e-010   0.01313281
8.80000012e-010   0.01301563
9.00000012e-010   0.01277344
9.20000012e-010   0.01264063
9.40000013e-010   0.01263281
9.60000013e-010   0.01284375
9.80000013e-010    0.0130625
1.00000001e-009   0.01320313
1.02000001e-009   0.01330469
1.04000001e-009   0.01344531
1.06000001e-009   0.01360156
1.08000001e-009   0.01375781
1.10000001e-009        0.014
1.12000001e-009   0.01419531
1.14000002e-009     0.014375
1.16000002e-009   0.01448438
1.18000002e-009   0.01459375
1.20000002e-009   0.01466406
1.22000002e-009   0.01479688
1.24000002e-009    0.0149375
1.26000002e-009   0.01509375
1.28000002e-009   0.01524219
1.30000002e-009   0.01551563
1.32000002e-009   0.01584375
1.34000002e-009        0.016
1.36000002e-009   0.01589844
1.38000002e-009   0.01570313
1.40000002e-009   0.01567188
1.42000002e-009   0.01590625
1.44000002e-009      0.01625
1.46000002e-009   0.01642969
1.48000002e-009   0.01628906
1.50000002e-009   0.01595313
1.52000002e-009   0.01561719
1.54000002e-009   0.01536719
1.56000002e-009   0.01504688
1.58000002e-009   0.01450781
1.60000002e-009   0.01389063
1.62000002e-009   0.01339844
1.64000002e-009   0.01311719
1.66000002e-009   0.01297656
1.68000002e-009   0.01284375
1.70000002e-009   0.01271875
1.72000002e-009   0.01265625
1.74000002e-009   0.01266406
1.76000002e-009   0.01264844
1.78000002e-009   0.01252344
1.80000002e-009   0.01235156
1.82000002e-009   0.01227344
1.84000002e-009   0.01228125
1.86000002e-009    0.0121875
1.88000003e-009   0.01199219
1.90000003e-009   0.01177344
1.92000003e-009   0.01174219
1.94000003e-009    0.0119375
1.96000003e-009   0.01217188
1.98000003e-009   0.01226563
2.00000003e-009   0.01229688
2.02000003e-009   0.01232813
2.04000003e-009   0.01240625
2.06000003e-009   0.01244531
2.08000003e-009   0.01233594
2.10000003e-009      0.01225
2.12000003e-009   0.01228125
2.14000003e-009   0.01239844
2.16000003e-009   0.01247656
2.18000003e-009   0.01241406
2.20000003e-009   0.01233594
2.22000003e-009   0.01232813
2.24000003e-009   0.01246875
2.26000003e-009   0.01255469
2.28000003e-009   0.01252344
2.30000003e-009   0.01246094
2.32000003e-009   0.01246875
2.34000003e-009   0.01255469
2.36000003e-009   0.01267188
2.38000003e-009   0.01266406
2.40000003e-009   0.01249219
2.42000003e-009   0.01220313
2.44000003e-009   0.01195313
2.46000003e-009   0.01177344
2.48000003e-009    0.0116875
2.50000003e-009   0.01159375
2.52000003e-009   0.01145313
2.54000003e-009    0.0113125
2.56000003e-009      0.01125
2.58000003e-009   0.01125781
2.60000003e-009   0.01134375
2.62000003e-009    0.0114375
2.64000004e-009       0.0115
2.66000004e-009   0.01144531
2.68000004e-009   0.01132813
2.70000004e-009   0.01120313
2.72000004e-009   0.01107813
2.74000004e-009   0.01088281
2.76000004e-009   0.01065625
2.78000004e-009   0.01040625
2.80000004e-009   0.01028125
2.82000004e-009      0.01025
2.84000004e-009    0.0101875
2.86000004e-009    0.0100625
2.88000004e-009  0.009898438
2.90000004e-009  0.009812501
2.92000004e-009  0.009921876
2.94000004e-009    0.0100625
2.96000004e-009   0.01014844
2.98000004e-009   0.01008594
3.00000004e-009  0.009968751
3.02000004e-009  0.009867188
3.04000004e-009  0.009664063
3.06000004e-009  0.009414063
3.08000004e-009  0.009164063
3.10000004e-009  0.009101563
3.12000004e-009  0.009210938
3.14000004e-009  0.009359376
3.16000004e-009  0.009359376
3.18000004e-009  0.009156251
3.20000004e-009  0.009132813
3.22000004e-009  0.009265626
3.24000004e-009  0.009484376
3.26000004e-009  0.009562501
3.28000004e-009  0.009476563
3.30000004e-009  0.009281251
3.32000004e-009  0.009078126
3.34000004e-009  0.009007813
3.36000004e-009  0.009023438
3.38000005e-009  0.009046876
3.40000005e-009  0.009093751
3.42000005e-009  0.009007813
3.44000005e-009  0.008820313
3.46000005e-009  0.008648438
3.48000005e-009  0.008476563
3.50000005e-009  0.008335938
3.52000005e-009  0.008117188
3.54000005e-009  0.007859376
3.56000005e-009  0.007625001
3.58000005e-009  0.007531251
3.60000005e-009  0.007468751
3.62000005e-009  0.007406251
3.64000005e-009  0.007304688
3.66000005e-009  0.007289063
3.68000005e-009  0.007406251
3.70000005e-009  0.007507813
3.72000005e-009  0.007554688
3.74000005e-009  0.007546876
3.76000005e-009  0.007523438
3.78000005e-009  0.007500001
3.80000005e-009  0.007460938
3.82000005e-009  0.007289063
3.84000005e-009  0.007085938
3.86000005e-009  0.006945313
3.88000005e-009  0.006843751
3.90000005e-009  0.006820313
3.92000005e-009  0.006820313
3.94000005e-009  0.006843751
3.96000005e-009  0.006945313
3.98000005e-009  0.007195313
4.00000005e-009  0.007460938
4.02000005e-009  0.007609376
4.04000005e-009  0.007539063
4.06000005e-009  0.007273438
4.08000005e-009  0.007000001
4.10000005e-009  0.006953126
4.12000006e-009  0.007117188
4.14000006e-009  0.007234376
4.16000006e-009  0.007117188
4.18000006e-009  0.006882813
4.20000006e-009  0.006695313
4.22000006e-009  0.006601563
4.24000006e-009  0.006421876
4.26000006e-009  0.006132813
4.28000006e-009  0.005804688
4.30000006e-009  0.005710938
4.32000006e-009  0.005929688
4.34000006e-009  0.006101563
4.36000006e-009  0.006101563
4.38000006e-009  0.005945313
4.40000006e-009  0.005695313
4.42000006e-009  0.005554688
4.44000006e-009  0.005453126
4.46000006e-009  0.005367188
4.48000006e-009  0.005359376
4.50000006e-009  0.005546876
4.52000006e-009  0.005796876
4.54000006e-009  0.005953126
4.56000006e-009  0.005828126
4.58000006e-009  0.005500001
4.60000006e-009  0.005203126
4.62000006e-009  0.005210938
4.64000006e-009  0.005390626
4.66000006e-009  0.005648438
4.68000006e-009  0.005687501
4.70000006e-009  0.005617188
4.72000006e-009  0.005632813
4.74000006e-009  0.005703126
4.76000006e-009  0.005726563
4.78000006e-009  0.005546876
4.80000006e-009  0.005351563
4.82000006e-009  0.005250001
4.84000006e-009  0.005281251
4.86000006e-009  0.005320313
4.88000007e-009  0.005250001
4.90000007e-009  0.005109376
4.92000007e-009  0.005101563
4.94000007e-009  0.005304688
4.96000007e-009  0.005601563
4.98000007e-009  0.005757813
5.00000007e-009  0.005796876
