-2.49000003e-009  -0.00878125
-2.48000003e-009  -0.00878125
-2.47000003e-009 -0.008859375
-2.46000003e-009 -0.008867188
-2.45000003e-009 -0.008882813
-2.44000003e-009 -0.008867188
-2.43000003e-009  -0.00878125
-2.42000003e-009 -0.008679688
-2.41000003e-009 -0.008578125
-2.40000003e-009 -0.008445313
-2.39000003e-009 -0.008398438
-2.38000003e-009 -0.008304688
-2.37000003e-009   -0.0083125
-2.36000003e-009 -0.008289063
-2.35000003e-009 -0.008304688
-2.34000003e-009 -0.008367188
-2.33000003e-009 -0.008429688
-2.32000003e-009   -0.0084375
-2.31000003e-009  -0.00840625
-2.30000003e-009 -0.008382813
-2.29000003e-009 -0.008328125
-2.28000003e-009 -0.008234375
-2.27000003e-009 -0.008171875
-2.26000003e-009 -0.008085938
-2.25000003e-009   -0.0080625
-2.24000003e-009 -0.008007813
-2.23000003e-009 -0.007976563
-2.22000003e-009  -0.00796875
-2.21000003e-009 -0.007945313
-2.20000003e-009   -0.0079375
-2.19000003e-009  -0.00790625
-2.18000003e-009  -0.00790625
-2.17000003e-009  -0.00790625
-2.16000003e-009 -0.007929688
-2.15000003e-009 -0.007882813
-2.14000003e-009 -0.007921875
-2.13000003e-009 -0.007859375
-2.12000003e-009 -0.007804688
-2.11000003e-009 -0.007695313
-2.10000003e-009 -0.007546875
-2.09000003e-009 -0.007367188
-2.08000003e-009 -0.007171875
-2.07000003e-009 -0.007007812
-2.06000003e-009 -0.006914062
-2.05000003e-009 -0.006828125
-2.04000003e-009   -0.0068125
-2.03000003e-009    -0.006875
-2.02000003e-009 -0.006960937
-2.01000003e-009  -0.00703125
-2.00000003e-009 -0.007117187
-1.99000003e-009 -0.007132812
-1.98000003e-009  -0.00715625
-1.97000003e-009 -0.007039062
-1.96000003e-009 -0.006890625
-1.95000003e-009   -0.0066875
-1.94000003e-009 -0.006460937
-1.93000003e-009 -0.006242187
-1.92000003e-009 -0.006023437
-1.91000003e-009 -0.005882812
-1.90000003e-009 -0.005796875
-1.89000003e-009  -0.00584375
-1.88000003e-009 -0.005898437
-1.87000002e-009 -0.005945312
-1.86000002e-009 -0.006039062
-1.85000002e-009  -0.00609375
-1.84000002e-009 -0.006117187
-1.83000002e-009 -0.006078125
-1.82000002e-009       -0.006
-1.81000002e-009    -0.005875
-1.80000002e-009 -0.005734375
-1.79000002e-009    -0.005625
-1.78000002e-009 -0.005492187
-1.77000002e-009 -0.005398437
-1.76000002e-009 -0.005328125
-1.75000002e-009 -0.005257812
-1.74000002e-009 -0.005109375
-1.73000002e-009 -0.004976562
-1.72000002e-009 -0.004859375
-1.71000002e-009 -0.004679687
-1.70000002e-009   -0.0045625
-1.69000002e-009   -0.0044375
-1.68000002e-009 -0.004335937
-1.67000002e-009 -0.004296875
-1.66000002e-009 -0.004273437
-1.65000002e-009 -0.004226562
-1.64000002e-009 -0.004203125
-1.63000002e-009 -0.004164062
-1.62000002e-009 -0.004085937
-1.61000002e-009 -0.003976562
-1.60000002e-009 -0.003953125
-1.59000002e-009  -0.00396875
-1.58000002e-009  -0.00396875
-1.57000002e-009   -0.0040625
-1.56000002e-009 -0.004132812
-1.55000002e-009 -0.004132812
-1.54000002e-009    -0.004125
-1.53000002e-009  -0.00403125
-1.52000002e-009    -0.003875
-1.51000002e-009 -0.003601562
-1.50000002e-009 -0.003398437
-1.49000002e-009 -0.003203125
-1.48000002e-009 -0.003117187
-1.47000002e-009  -0.00309375
-1.46000002e-009 -0.003171875
-1.45000002e-009     -0.00325
-1.44000002e-009 -0.003351562
-1.43000002e-009 -0.003398437
-1.42000002e-009  -0.00334375
-1.41000002e-009  -0.00321875
-1.40000002e-009 -0.003070312
-1.39000002e-009 -0.002945312
-1.38000002e-009 -0.002835937
-1.37000002e-009 -0.002757812
-1.36000002e-009 -0.002765625
-1.35000002e-009     -0.00275
-1.34000002e-009 -0.002789062
-1.33000002e-009     -0.00275
-1.32000002e-009   -0.0026875
-1.31000002e-009  -0.00265625
-1.30000002e-009 -0.002601562
-1.29000002e-009 -0.002570312
-1.28000002e-009 -0.002585937
-1.27000002e-009  -0.00265625
-1.26000002e-009 -0.002703125
-1.25000002e-009 -0.002796875
-1.24000002e-009 -0.002789062
-1.23000002e-009  -0.00278125
-1.22000002e-009 -0.002695312
-1.21000002e-009 -0.002585937
-1.20000002e-009 -0.002492187
-1.19000002e-009 -0.002421875
-1.18000002e-009 -0.002429687
-1.17000002e-009 -0.002460937
-1.16000002e-009 -0.002476562
-1.15000002e-009 -0.002523437
-1.14000002e-009 -0.002460937
-1.13000002e-009 -0.002359375
-1.12000001e-009 -0.002210937
-1.11000001e-009  -0.00209375
-1.10000001e-009 -0.002015625
-1.09000001e-009 -0.002015625
-1.08000001e-009    -0.002125
-1.07000001e-009  -0.00228125
-1.06000001e-009 -0.002492187
-1.05000001e-009  -0.00259375
-1.04000001e-009   -0.0026875
-1.03000001e-009 -0.002695312
-1.02000001e-009 -0.002617187
-1.01000001e-009 -0.002484375
-1.00000001e-009 -0.002445312
-9.90000013e-010 -0.002414062
-9.80000013e-010 -0.002492187
-9.70000013e-010 -0.002617187
-9.60000013e-010 -0.002773437
-9.50000013e-010   -0.0029375
-9.40000013e-010   -0.0030625
-9.30000012e-010 -0.003046875
-9.20000012e-010  -0.00303125
-9.10000012e-010   -0.0029375
-9.00000012e-010 -0.002828125
-8.90000012e-010  -0.00271875
-8.80000012e-010 -0.002695312
-8.70000012e-010 -0.002742187
-8.60000011e-010   -0.0028125
-8.50000011e-010 -0.002890625
-8.40000011e-010 -0.002992187
-8.30000011e-010 -0.003054687
-8.20000011e-010 -0.003070312
-8.10000011e-010 -0.003148437
-8.00000011e-010 -0.003179687
-7.90000011e-010 -0.003226562
-7.8000001e-010 -0.003273437
-7.7000001e-010 -0.003351562
-7.6000001e-010 -0.003445312
-7.5000001e-010 -0.003578125
-7.4000001e-010 -0.003710937
-7.3000001e-010 -0.003835937
-7.2000001e-010 -0.003984375
-7.10000009e-010 -0.004132812
-7.00000009e-010  -0.00434375
-6.90000009e-010 -0.004585937
-6.80000009e-010 -0.004828125
-6.70000009e-010   -0.0051875
-6.60000009e-010 -0.005671875
-6.50000009e-010  -0.00621875
-6.40000009e-010 -0.006859375
-6.30000008e-010  -0.00759375
-6.20000008e-010      -0.0085
-6.10000008e-010 -0.009578125
-6.00000008e-010  -0.01080469
-5.90000008e-010  -0.01230469
-5.80000008e-010  -0.01405469
-5.70000008e-010  -0.01628125
-5.60000007e-010  -0.01895313
-5.50000007e-010  -0.02214063
-5.40000007e-010  -0.02583594
-5.30000007e-010  -0.03003906
-5.20000007e-010  -0.03482813
-5.10000007e-010  -0.04001563
-5.00000007e-010   -0.0455625
-4.90000007e-010   -0.0514375
-4.80000006e-010      -0.0575
-4.70000006e-010  -0.06376563
-4.60000006e-010  -0.07010157
-4.50000006e-010  -0.07653125
-4.40000006e-010  -0.08301563
-4.30000006e-010  -0.08948438
-4.20000006e-010  -0.09574219
-4.10000005e-010   -0.1017344
-4.00000005e-010   -0.1073281
-3.90000005e-010   -0.1123203
-3.80000005e-010   -0.1167188
-3.70000005e-010   -0.1202266
-3.60000005e-010   -0.1230234
-3.50000005e-010   -0.1250156
-3.40000005e-010   -0.1263516
-3.30000004e-010   -0.1271484
-3.20000004e-010   -0.1273203
-3.10000004e-010   -0.1271406
-3.00000004e-010   -0.1266328
-2.90000004e-010   -0.1259766
-2.80000004e-010   -0.1250938
-2.70000004e-010       -0.124
-2.60000003e-010   -0.1226953
-2.50000003e-010   -0.1213047
-2.40000003e-010   -0.1197734
-2.30000003e-010   -0.1181875
-2.20000003e-010   -0.1163594
-2.10000003e-010   -0.1143281
-2.00000003e-010   -0.1121094
-1.90000003e-010   -0.1096563
-1.80000002e-010   -0.1068906
-1.70000002e-010   -0.1037031
-1.60000002e-010   -0.1001641
-1.50000002e-010  -0.09622657
-1.40000002e-010  -0.09188282
-1.30000002e-010  -0.08721094
-1.20000002e-010  -0.08208594
-1.10000001e-010  -0.07658594
-1.00000001e-010  -0.07074219
-9.00000012e-011  -0.06457032
-8.00000011e-011  -0.05810938
-7.00000009e-011  -0.05147656
-6.00000008e-011  -0.04467188
-5.00000007e-011  -0.03792969
-4.00000005e-011  -0.03129688
-3.00000004e-011   -0.0249375
-2.00000003e-011  -0.01907031
-1.00000001e-011    -0.013625
           0 -0.008726563
1.00000001e-011 -0.004367187
2.00000003e-011 -0.0005624997
3.00000004e-011  0.002632813
4.00000005e-011  0.005265626
5.00000007e-011  0.007421876
6.00000008e-011  0.009125001
7.00000009e-011   0.01034375
8.00000011e-011     0.011125
9.00000012e-011   0.01157031
1.00000001e-010   0.01178125
1.10000001e-010   0.01182031
1.20000002e-010      0.01175
1.30000002e-010   0.01153906
1.40000002e-010   0.01124219
1.50000002e-010   0.01092188
1.60000002e-010   0.01066406
1.70000002e-010   0.01039063
1.80000002e-010   0.01010156
1.90000003e-010  0.009976563
2.00000003e-010  0.009945313
2.10000003e-010   0.01007813
2.20000003e-010   0.01035938
2.30000003e-010   0.01075781
2.40000003e-010   0.01128906
2.50000003e-010   0.01191406
2.60000003e-010   0.01257031
2.70000004e-010   0.01321875
2.80000004e-010   0.01379688
2.90000004e-010   0.01432813
3.00000004e-010   0.01473438
3.10000004e-010   0.01507813
3.20000004e-010   0.01530469
3.30000004e-010   0.01546875
3.40000005e-010   0.01553906
3.50000005e-010   0.01555469
3.60000005e-010   0.01552344
3.70000005e-010   0.01544531
3.80000005e-010   0.01526563
3.90000005e-010   0.01500781
4.00000005e-010   0.01472656
4.10000005e-010     0.014375
4.20000006e-010   0.01401563
4.30000006e-010     0.013625
4.40000006e-010   0.01324219
4.50000006e-010   0.01292188
4.60000006e-010     0.012625
4.70000006e-010   0.01241406
4.80000006e-010   0.01230469
4.90000007e-010   0.01221875
5.00000007e-010   0.01221875
5.10000007e-010   0.01220313
5.20000007e-010   0.01220313
5.30000007e-010   0.01217188
5.40000007e-010   0.01209375
5.50000007e-010   0.01196094
5.60000007e-010    0.0118125
5.70000008e-010    0.0116875
5.80000008e-010   0.01164063
5.90000008e-010   0.01161719
6.00000008e-010   0.01171094
6.10000008e-010   0.01182813
6.20000008e-010   0.01201563
6.30000008e-010   0.01217969
6.40000009e-010   0.01228125
6.50000009e-010   0.01234375
6.60000009e-010   0.01232813
6.70000009e-010   0.01224219
6.80000009e-010    0.0121875
6.90000009e-010   0.01210156
7.00000009e-010   0.01216406
7.10000009e-010   0.01220313
7.2000001e-010    0.0123125
7.3000001e-010   0.01246094
7.4000001e-010   0.01258594
7.5000001e-010    0.0126875
7.6000001e-010   0.01275781
7.7000001e-010    0.0128125
7.8000001e-010   0.01285156
7.90000011e-010   0.01290625
8.00000011e-010   0.01294531
8.10000011e-010   0.01305469
8.20000011e-010   0.01313281
8.30000011e-010   0.01317188
8.40000011e-010   0.01321094
8.50000011e-010    0.0131875
8.60000011e-010   0.01309375
8.70000012e-010   0.01304688
8.80000012e-010   0.01303906
8.90000012e-010   0.01304688
9.00000012e-010   0.01311719
9.10000012e-010   0.01323438
9.20000012e-010   0.01332813
9.30000012e-010   0.01335156
9.40000013e-010   0.01332813
9.50000013e-010   0.01324219
9.60000013e-010    0.0130625
9.70000013e-010   0.01284375
9.80000013e-010   0.01274219
9.90000013e-010   0.01267188
1.00000001e-009    0.0126875
1.01000001e-009   0.01278906
1.02000001e-009   0.01296875
1.03000001e-009   0.01314063
1.04000001e-009   0.01335156
1.05000001e-009       0.0135
1.06000001e-009   0.01364844
1.07000001e-009   0.01373438
1.08000001e-009   0.01384375
1.09000001e-009   0.01392969
1.10000001e-009    0.0140625
1.11000001e-009   0.01417188
1.12000001e-009   0.01430469
1.13000002e-009    0.0144375
1.14000002e-009   0.01460938
1.15000002e-009      0.01475
1.16000002e-009   0.01486719
1.17000002e-009   0.01503125
1.18000002e-009   0.01517969
1.19000002e-009    0.0153125
1.20000002e-009   0.01542188
1.21000002e-009   0.01551563
1.22000002e-009   0.01555469
1.23000002e-009   0.01561719
1.24000002e-009   0.01559375
1.25000002e-009   0.01554688
1.26000002e-009       0.0155
1.27000002e-009    0.0154375
1.28000002e-009     0.015375
1.29000002e-009   0.01536719
1.30000002e-009   0.01538281
1.31000002e-009   0.01541406
1.32000002e-009   0.01553125
1.33000002e-009   0.01567188
1.34000002e-009    0.0158125
1.35000002e-009   0.01592969
1.36000002e-009   0.01604688
1.37000002e-009   0.01616406
1.38000002e-009   0.01619531
1.39000002e-009   0.01622656
1.40000002e-009   0.01621094
1.41000002e-009   0.01621875
1.42000002e-009    0.0161875
1.43000002e-009    0.0161875
1.44000002e-009   0.01614844
1.45000002e-009   0.01617969
1.46000002e-009   0.01621094
1.47000002e-009   0.01617969
1.48000002e-009   0.01615625
1.49000002e-009   0.01607813
1.50000002e-009   0.01596875
1.51000002e-009   0.01584375
1.52000002e-009   0.01559375
1.53000002e-009   0.01535938
1.54000002e-009   0.01509375
1.55000002e-009   0.01478125
1.56000002e-009   0.01448438
1.57000002e-009   0.01422656
1.58000002e-009   0.01397656
1.59000002e-009      0.01375
1.60000002e-009   0.01347656
1.61000002e-009   0.01327344
1.62000002e-009   0.01303906
1.63000002e-009   0.01285938
1.64000002e-009   0.01264063
1.65000002e-009       0.0125
1.66000002e-009   0.01241406
1.67000002e-009   0.01239844
1.68000002e-009   0.01244531
1.69000002e-009   0.01254688
1.70000002e-009   0.01261719
1.71000002e-009   0.01267969
1.72000002e-009   0.01273438
1.73000002e-009   0.01267969
1.74000002e-009   0.01259375
1.75000002e-009   0.01247656
1.76000002e-009   0.01239063
1.77000002e-009   0.01227344
1.78000002e-009   0.01220313
1.79000002e-009   0.01217188
1.80000002e-009   0.01209375
1.81000002e-009   0.01207813
1.82000002e-009   0.01207031
1.83000002e-009   0.01204688
1.84000002e-009    0.0120625
1.85000002e-009   0.01203125
1.86000002e-009   0.01207031
1.87000002e-009   0.01214844
1.88000003e-009   0.01217188
1.89000003e-009   0.01223438
1.90000003e-009   0.01220313
1.91000003e-009   0.01219531
1.92000003e-009   0.01214844
1.93000003e-009   0.01208594
1.94000003e-009   0.01203906
1.95000003e-009   0.01201563
1.96000003e-009   0.01205469
1.97000003e-009   0.01210156
1.98000003e-009   0.01221875
1.99000003e-009    0.0123125
2.00000003e-009   0.01239844
2.01000003e-009   0.01250781
2.02000003e-009   0.01255469
2.03000003e-009   0.01258594
2.04000003e-009     0.012625
2.05000003e-009   0.01261719
2.06000003e-009     0.012625
2.07000003e-009   0.01257813
2.08000003e-009   0.01253125
2.09000003e-009       0.0125
2.10000003e-009   0.01248438
2.11000003e-009   0.01248438
2.12000003e-009   0.01252344
2.13000003e-009   0.01257031
2.14000003e-009   0.01266406
2.15000003e-009   0.01273438
2.16000003e-009   0.01278125
2.17000003e-009   0.01276563
2.18000003e-009   0.01266406
2.19000003e-009   0.01253125
2.20000003e-009       0.0125
2.21000003e-009    0.0124375
2.22000003e-009   0.01242188
2.23000003e-009   0.01247656
2.24000003e-009   0.01254688
2.25000003e-009   0.01265625
2.26000003e-009   0.01271875
2.27000003e-009   0.01274219
2.28000003e-009   0.01269531
2.29000003e-009   0.01264063
2.30000003e-009    0.0125625
2.31000003e-009   0.01249219
2.32000003e-009   0.01246875
2.33000003e-009   0.01246875
2.34000003e-009   0.01247656
2.35000003e-009   0.01248438
2.36000003e-009   0.01246875
2.37000003e-009   0.01242969
2.38000003e-009   0.01232031
2.39000003e-009   0.01215625
2.40000003e-009   0.01201563
2.41000003e-009   0.01183594
2.42000003e-009   0.01167188
2.43000003e-009   0.01155469
2.44000003e-009    0.0114375
2.45000003e-009   0.01141406
2.46000003e-009   0.01139844
2.47000003e-009   0.01138281
2.48000003e-009   0.01144531
2.49000003e-009   0.01144531
2.50000003e-009   0.01148438
