-2.49000003e-009 -0.008765625
-2.48000003e-009  -0.00878125
-2.47000003e-009 -0.008734375
-2.46000003e-009 -0.008710938
-2.45000003e-009 -0.008617188
-2.44000003e-009 -0.008578125
-2.43000003e-009 -0.008492188
-2.42000003e-009 -0.008382813
-2.41000003e-009 -0.008351563
-2.40000003e-009 -0.008328125
-2.39000003e-009 -0.008367188
-2.38000003e-009 -0.008421875
-2.37000003e-009 -0.008492188
-2.36000003e-009 -0.008515625
-2.35000003e-009 -0.008507813
-2.34000003e-009 -0.008453125
-2.33000003e-009 -0.008382813
-2.32000003e-009     -0.00825
-2.31000003e-009  -0.00815625
-2.30000003e-009   -0.0080625
-2.29000003e-009 -0.008015625
-2.28000003e-009 -0.008070313
-2.27000003e-009 -0.008179688
-2.26000003e-009 -0.008328125
-2.25000003e-009 -0.008445313
-2.24000003e-009 -0.008570313
-2.23000003e-009 -0.008632813
-2.22000003e-009 -0.008640625
-2.21000003e-009 -0.008523438
-2.20000003e-009 -0.008398438
-2.19000003e-009 -0.008265625
-2.18000003e-009    -0.008125
-2.17000003e-009 -0.007953125
-2.16000003e-009  -0.00784375
-2.15000003e-009 -0.007765625
-2.14000003e-009   -0.0076875
-2.13000003e-009  -0.00765625
-2.12000003e-009   -0.0075625
-2.11000003e-009 -0.007484375
-2.10000003e-009 -0.007429688
-2.09000003e-009 -0.007359375
-2.08000003e-009 -0.007289062
-2.07000003e-009 -0.007203125
-2.06000003e-009 -0.007148437
-2.05000003e-009  -0.00709375
-2.04000003e-009 -0.007046875
-2.03000003e-009 -0.006992187
-2.02000003e-009 -0.006945312
-2.01000003e-009 -0.006914062
-2.00000003e-009    -0.006875
-1.99000003e-009 -0.006820312
-1.98000003e-009     -0.00675
-1.97000003e-009  -0.00665625
-1.96000003e-009 -0.006554687
-1.95000003e-009  -0.00640625
-1.94000003e-009 -0.006273437
-1.93000003e-009 -0.006140625
-1.92000003e-009   -0.0060625
-1.91000003e-009 -0.006039062
-1.90000003e-009  -0.00603125
-1.89000003e-009   -0.0060625
-1.88000003e-009 -0.006117187
-1.87000002e-009 -0.006132812
-1.86000002e-009 -0.006164062
-1.85000002e-009 -0.006132812
-1.84000002e-009 -0.006039062
-1.83000002e-009 -0.005929687
-1.82000002e-009 -0.005820312
-1.81000002e-009 -0.005710937
-1.80000002e-009    -0.005625
-1.79000002e-009 -0.005539062
-1.78000002e-009 -0.005484375
-1.77000002e-009 -0.005398437
-1.76000002e-009 -0.005367187
-1.75000002e-009  -0.00528125
-1.74000002e-009 -0.005203125
-1.73000002e-009 -0.005171875
-1.72000002e-009 -0.005078125
-1.71000002e-009 -0.004976562
-1.70000002e-009 -0.004851562
-1.69000002e-009 -0.004742187
-1.68000002e-009 -0.004617187
-1.67000002e-009 -0.004476562
-1.66000002e-009 -0.004320312
-1.65000002e-009  -0.00415625
-1.64000002e-009 -0.004046875
-1.63000002e-009 -0.004007812
-1.62000002e-009 -0.003992187
-1.61000002e-009 -0.004015625
-1.60000002e-009  -0.00403125
-1.59000002e-009 -0.004054687
-1.58000002e-009 -0.003984375
-1.57000002e-009   -0.0039375
-1.56000002e-009   -0.0038125
-1.55000002e-009 -0.003726562
-1.54000002e-009 -0.003585937
-1.53000002e-009      -0.0035
-1.52000002e-009 -0.003414062
-1.51000002e-009 -0.003359375
-1.50000002e-009    -0.003375
-1.49000002e-009    -0.003375
-1.48000002e-009 -0.003382812
-1.47000002e-009  -0.00340625
-1.46000002e-009 -0.003359375
-1.45000002e-009 -0.003359375
-1.44000002e-009 -0.003320312
-1.43000002e-009 -0.003296875
-1.42000002e-009 -0.003257812
-1.41000002e-009 -0.003257812
-1.40000002e-009 -0.003203125
-1.39000002e-009 -0.003148437
-1.38000002e-009 -0.003117187
-1.37000002e-009 -0.003054687
-1.36000002e-009 -0.002976562
-1.35000002e-009 -0.002945312
-1.34000002e-009 -0.002914062
-1.33000002e-009 -0.002898437
-1.32000002e-009 -0.002914062
-1.31000002e-009 -0.002890625
-1.30000002e-009 -0.002898437
-1.29000002e-009    -0.002875
-1.28000002e-009 -0.002882812
-1.27000002e-009 -0.002828125
-1.26000002e-009  -0.00278125
-1.25000002e-009  -0.00271875
-1.24000002e-009    -0.002625
-1.23000002e-009   -0.0025625
-1.22000002e-009 -0.002515625
-1.21000002e-009      -0.0025
-1.20000002e-009 -0.002484375
-1.19000002e-009 -0.002546875
-1.18000002e-009 -0.002554687
-1.17000002e-009 -0.002546875
-1.16000002e-009  -0.00253125
-1.15000002e-009  -0.00246875
-1.14000002e-009 -0.002390625
-1.13000002e-009   -0.0023125
-1.12000001e-009 -0.002257812
-1.11000001e-009  -0.00221875
-1.10000001e-009 -0.002257812
-1.09000001e-009 -0.002304687
-1.08000001e-009   -0.0024375
-1.07000001e-009 -0.002578125
-1.06000001e-009 -0.002695312
-1.05000001e-009 -0.002804687
-1.04000001e-009  -0.00284375
-1.03000001e-009  -0.00284375
-1.02000001e-009   -0.0028125
-1.01000001e-009     -0.00275
-1.00000001e-009 -0.002664062
-9.90000013e-010 -0.002609375
-9.80000013e-010 -0.002578125
-9.70000013e-010 -0.002609375
-9.60000013e-010 -0.002664062
-9.50000013e-010 -0.002734375
-9.40000013e-010  -0.00278125
-9.30000012e-010 -0.002851562
-9.20000012e-010 -0.002898437
-9.10000012e-010 -0.002898437
-9.00000012e-010 -0.002882812
-8.90000012e-010 -0.002867187
-8.80000012e-010 -0.002804687
-8.70000012e-010 -0.002820312
-8.60000011e-010   -0.0028125
-8.50000011e-010  -0.00278125
-8.40000011e-010 -0.002828125
-8.30000011e-010 -0.002882812
-8.20000011e-010       -0.003
-8.10000011e-010 -0.003078125
-8.00000011e-010 -0.003179687
-7.90000011e-010     -0.00325
-7.8000001e-010 -0.003289062
-7.7000001e-010  -0.00328125
-7.6000001e-010 -0.003242187
-7.5000001e-010 -0.003210937
-7.4000001e-010 -0.003171875
-7.3000001e-010 -0.003148437
-7.2000001e-010     -0.00325
-7.10000009e-010 -0.003421875
-7.00000009e-010 -0.003703125
-6.90000009e-010 -0.004070312
-6.80000009e-010 -0.004539062
-6.70000009e-010 -0.005007812
-6.60000009e-010 -0.005554687
-6.50000009e-010   -0.0060625
-6.40000009e-010  -0.00665625
-6.30000008e-010  -0.00728125
-6.20000008e-010 -0.008023438
-6.10000008e-010 -0.008953125
-6.00000008e-010    -0.010125
-5.90000008e-010  -0.01157813
-5.80000008e-010  -0.01339844
-5.70000008e-010    -0.015625
-5.60000007e-010  -0.01832813
-5.50000007e-010  -0.02148438
-5.40000007e-010  -0.02509375
-5.30000007e-010  -0.02922656
-5.20000007e-010  -0.03377344
-5.10000007e-010  -0.03880469
-5.00000007e-010  -0.04430469
-4.90000007e-010  -0.05022656
-4.80000006e-010  -0.05641406
-4.70000006e-010  -0.06292969
-4.60000006e-010   -0.0696875
-4.50000006e-010  -0.07653125
-4.40000006e-010  -0.08342969
-4.30000006e-010  -0.09021875
-4.20000006e-010  -0.09680469
-4.10000005e-010   -0.1030703
-4.00000005e-010    -0.108875
-3.90000005e-010   -0.1140703
-3.80000005e-010   -0.1185781
-3.70000005e-010   -0.1222891
-3.60000005e-010   -0.1251797
-3.50000005e-010   -0.1272109
-3.40000005e-010   -0.1285313
-3.30000004e-010   -0.1290781
-3.20000004e-010   -0.1290938
-3.10000004e-010   -0.1285625
-3.00000004e-010   -0.1276563
-2.90000004e-010   -0.1265156
-2.80000004e-010   -0.1251875
-2.70000004e-010   -0.1237734
-2.60000003e-010   -0.1222734
-2.50000003e-010   -0.1207422
-2.40000003e-010     -0.11925
-2.30000003e-010   -0.1177188
-2.20000003e-010   -0.1161328
-2.10000003e-010   -0.1144297
-2.00000003e-010   -0.1125547
-1.90000003e-010   -0.1103984
-1.80000002e-010   -0.1078906
-1.70000002e-010   -0.1049844
-1.60000002e-010   -0.1015859
-1.50000002e-010     -0.09775
-1.40000002e-010  -0.09342188
-1.30000002e-010  -0.08869532
-1.20000002e-010  -0.08355469
-1.10000001e-010  -0.07805469
-1.00000001e-010  -0.07219532
-9.00000012e-011  -0.06605469
-8.00000011e-011  -0.05960938
-7.00000009e-011  -0.05289844
-6.00000008e-011  -0.04603125
-5.00000007e-011  -0.03907031
-4.00000005e-011  -0.03216406
-3.00000004e-011  -0.02548438
-2.00000003e-011  -0.01914063
-1.00000001e-011    -0.013375
           0 -0.008117188
1.00000001e-011 -0.003476562
2.00000003e-011 0.0004843754
3.00000004e-011  0.003906251
4.00000005e-011  0.006687501
5.00000007e-011  0.008914063
6.00000008e-011   0.01066406
7.00000009e-011   0.01189844
8.00000011e-011   0.01267188
9.00000012e-011   0.01299219
1.00000001e-010   0.01294531
1.10000001e-010   0.01260156
1.20000002e-010   0.01202344
1.30000002e-010   0.01135156
1.40000002e-010   0.01061719
1.50000002e-010  0.009953126
1.60000002e-010  0.009335938
1.70000002e-010  0.008820313
1.80000002e-010  0.008414063
1.90000003e-010  0.008125001
2.00000003e-010  0.007992188
2.10000003e-010  0.008023438
2.20000003e-010  0.008281251
2.30000003e-010  0.008710938
2.40000003e-010  0.009335938
2.50000003e-010   0.01017188
2.60000003e-010   0.01110156
2.70000004e-010   0.01210938
2.80000004e-010     0.013125
2.90000004e-010   0.01405469
3.00000004e-010   0.01496094
3.10000004e-010   0.01571875
3.20000004e-010   0.01640625
3.30000004e-010   0.01692969
3.40000005e-010   0.01732031
3.50000005e-010    0.0175625
3.60000005e-010   0.01764063
3.70000005e-010       0.0175
3.80000005e-010    0.0171875
3.90000005e-010   0.01664063
4.00000005e-010   0.01599219
4.10000005e-010   0.01526563
4.20000006e-010   0.01451563
4.30000006e-010   0.01382813
4.40000006e-010   0.01317969
4.50000006e-010   0.01266406
4.60000006e-010   0.01226563
4.70000006e-010   0.01196094
4.80000006e-010   0.01182813
4.90000007e-010   0.01171875
5.00000007e-010   0.01167188
5.10000007e-010    0.0116875
5.20000007e-010   0.01170313
5.30000007e-010   0.01175781
5.40000007e-010   0.01180469
5.50000007e-010     0.011875
5.60000007e-010    0.0119375
5.70000008e-010    0.0120625
5.80000008e-010   0.01214063
5.90000008e-010   0.01228906
6.00000008e-010   0.01245313
6.10000008e-010   0.01264063
6.20000008e-010   0.01282031
6.30000008e-010   0.01294531
6.40000009e-010   0.01304688
6.50000009e-010   0.01304688
6.60000009e-010   0.01297656
6.70000009e-010   0.01282813
6.80000009e-010   0.01267188
6.90000009e-010   0.01245313
7.00000009e-010   0.01227344
7.10000009e-010   0.01217188
7.2000001e-010   0.01207813
7.3000001e-010    0.0120625
7.4000001e-010   0.01207813
7.5000001e-010     0.012125
7.6000001e-010   0.01219531
7.7000001e-010   0.01221094
7.8000001e-010   0.01220313
7.90000011e-010    0.0121875
8.00000011e-010   0.01215625
8.10000011e-010   0.01217188
8.20000011e-010   0.01221094
8.30000011e-010   0.01227344
8.40000011e-010   0.01238281
8.50000011e-010   0.01249219
8.60000011e-010   0.01263281
8.70000012e-010   0.01276563
8.80000012e-010   0.01285156
8.90000012e-010   0.01295313
9.00000012e-010   0.01298438
9.10000012e-010   0.01298438
9.20000012e-010   0.01297656
9.30000012e-010    0.0129375
9.40000013e-010   0.01288281
9.50000013e-010   0.01282031
9.60000013e-010   0.01271094
9.70000013e-010   0.01269531
9.80000013e-010   0.01266406
9.90000013e-010   0.01260938
1.00000001e-009   0.01265625
1.01000001e-009   0.01277344
1.02000001e-009   0.01295313
1.03000001e-009   0.01310156
1.04000001e-009   0.01332813
1.05000001e-009   0.01351563
1.06000001e-009   0.01369531
1.07000001e-009   0.01378906
1.08000001e-009   0.01382031
1.09000001e-009   0.01383594
1.10000001e-009   0.01378906
1.11000001e-009   0.01375781
1.12000001e-009   0.01382031
1.13000002e-009    0.0139375
1.14000002e-009   0.01410156
1.15000002e-009   0.01432813
1.16000002e-009   0.01455469
1.17000002e-009   0.01474219
1.18000002e-009    0.0149375
1.19000002e-009   0.01496094
1.20000002e-009   0.01499219
1.21000002e-009   0.01499219
1.22000002e-009   0.01501563
1.23000002e-009    0.0150625
1.24000002e-009   0.01517969
1.25000002e-009     0.015375
1.26000002e-009   0.01557813
1.27000002e-009   0.01578906
1.28000002e-009   0.01595313
1.29000002e-009   0.01602344
1.30000002e-009   0.01607031
1.31000002e-009   0.01604688
1.32000002e-009   0.01601563
1.33000002e-009   0.01602344
1.34000002e-009        0.016
1.35000002e-009   0.01599219
1.36000002e-009   0.01607031
1.37000002e-009   0.01617969
1.38000002e-009   0.01626563
1.39000002e-009   0.01635156
1.40000002e-009   0.01645313
1.41000002e-009   0.01652344
1.42000002e-009   0.01655469
1.43000002e-009   0.01654688
1.44000002e-009   0.01650781
1.45000002e-009   0.01640625
1.46000002e-009    0.0163125
1.47000002e-009    0.0161875
1.48000002e-009   0.01604688
1.49000002e-009   0.01585156
1.50000002e-009   0.01573438
1.51000002e-009     0.015625
1.52000002e-009   0.01547656
1.53000002e-009   0.01536719
1.54000002e-009   0.01525781
1.55000002e-009   0.01510938
1.56000002e-009   0.01490625
1.57000002e-009   0.01469531
1.58000002e-009   0.01438281
1.59000002e-009   0.01408594
1.60000002e-009   0.01384375
1.61000002e-009   0.01359375
1.62000002e-009   0.01345313
1.63000002e-009   0.01336719
1.64000002e-009   0.01338281
1.65000002e-009   0.01345313
1.66000002e-009   0.01347656
1.67000002e-009   0.01346875
1.68000002e-009   0.01345313
1.69000002e-009   0.01332813
1.70000002e-009    0.0131875
1.71000002e-009   0.01297656
1.72000002e-009   0.01275781
1.73000002e-009   0.01251563
1.74000002e-009    0.0123125
1.75000002e-009   0.01217969
1.76000002e-009   0.01207813
1.77000002e-009   0.01201563
1.78000002e-009   0.01198438
1.79000002e-009   0.01203125
1.80000002e-009   0.01203906
1.81000002e-009   0.01205469
1.82000002e-009   0.01207031
1.83000002e-009   0.01209375
1.84000002e-009   0.01210938
1.85000002e-009   0.01211719
1.86000002e-009   0.01208594
1.87000002e-009   0.01213281
1.88000003e-009   0.01216406
1.89000003e-009   0.01221094
1.90000003e-009   0.01228125
1.91000003e-009   0.01235156
1.92000003e-009   0.01242188
1.93000003e-009   0.01245313
1.94000003e-009   0.01246094
1.95000003e-009   0.01247656
1.96000003e-009   0.01245313
1.97000003e-009   0.01239063
1.98000003e-009   0.01232813
1.99000003e-009   0.01227344
2.00000003e-009   0.01220313
2.01000003e-009   0.01213281
2.02000003e-009   0.01207031
2.03000003e-009    0.0120625
2.04000003e-009   0.01203906
2.05000003e-009    0.0120625
2.06000003e-009   0.01210156
2.07000003e-009   0.01215625
2.08000003e-009   0.01223438
2.09000003e-009   0.01232031
2.10000003e-009     0.012375
2.11000003e-009   0.01246875
2.12000003e-009       0.0125
2.13000003e-009   0.01254688
2.14000003e-009   0.01257813
2.15000003e-009     0.012625
2.16000003e-009   0.01267969
2.17000003e-009   0.01273438
2.18000003e-009   0.01279688
2.19000003e-009   0.01285156
2.20000003e-009   0.01288281
2.21000003e-009   0.01289844
2.22000003e-009     0.012875
2.23000003e-009   0.01279688
2.24000003e-009   0.01270313
2.25000003e-009   0.01257031
2.26000003e-009   0.01244531
2.27000003e-009   0.01233594
2.28000003e-009   0.01225781
2.29000003e-009   0.01224219
2.30000003e-009   0.01227344
2.31000003e-009   0.01235156
2.32000003e-009   0.01244531
2.33000003e-009   0.01257031
2.34000003e-009   0.01264063
2.35000003e-009    0.0126875
2.36000003e-009   0.01270313
2.37000003e-009   0.01265625
2.38000003e-009   0.01250781
2.39000003e-009   0.01242188
2.40000003e-009   0.01223438
2.41000003e-009   0.01203906
2.42000003e-009   0.01189844
2.43000003e-009   0.01172656
2.44000003e-009   0.01164063
2.45000003e-009   0.01158594
2.46000003e-009   0.01160156
2.47000003e-009   0.01163281
2.48000003e-009   0.01169531
2.49000003e-009   0.01174219
2.50000003e-009      0.01175
