-1.24500002e-009 -0.008023438
-1.24000002e-009  0.003218751
-1.23500002e-009   -0.0079375
-1.23000002e-009  0.002539063
-1.22500002e-009       -0.007
-1.22000002e-009  0.002046875
-1.21500002e-009 -0.006898437
-1.21000002e-009  0.002382813
-1.20500002e-009  -0.00678125
-1.20000002e-009  0.003335938
-1.19500002e-009  -0.00671875
-1.19000002e-009  0.003312501
-1.18500002e-009  -0.00709375
-1.18000002e-009  0.003101563
-1.17500002e-009 -0.006664062
-1.17000002e-009  0.003421876
-1.16500002e-009   -0.0074375
-1.16000002e-009  0.003265626
-1.15500002e-009  -0.00790625
-1.15000002e-009  0.003960938
-1.14500002e-009     -0.00775
-1.14000002e-009  0.005039063
-1.13500002e-009       -0.007
-1.13000002e-009  0.005242188
-1.12500002e-009 -0.005734375
-1.12000001e-009  0.004468751
-1.11500001e-009 -0.005710937
-1.11000001e-009  0.003109375
-1.10500001e-009 -0.005445312
-1.10000001e-009  0.004625001
-1.09500001e-009 -0.005507812
-1.09000001e-009  0.005000001
-1.08500001e-009 -0.005992187
-1.08000001e-009  0.004085938
-1.07500001e-009 -0.006398437
-1.07000001e-009  0.002617188
-1.06500001e-009       -0.007
-1.06000001e-009  0.002570313
-1.05500001e-009 -0.007046875
-1.05000001e-009  0.003250001
-1.04500001e-009 -0.006734375
-1.04000001e-009  0.003320313
-1.03500001e-009 -0.007078125
-1.03000001e-009   0.00290625
-1.02500001e-009 -0.006773437
-1.02000001e-009    0.0021875
-1.01500001e-009 -0.006304687
-1.01000001e-009    0.0025625
-1.00500001e-009       -0.007
-1.00000001e-009  0.003210938
-9.95000013e-010   -0.0071875
-9.90000013e-010  0.003117188
-9.85000013e-010 -0.007039062
-9.80000013e-010        0.003
-9.75000013e-010 -0.007453125
-9.70000013e-010   0.00271875
-9.65000013e-010 -0.007398438
-9.60000013e-010  0.001601563
-9.55000013e-010     -0.00675
-9.50000013e-010  0.001015625
-9.45000013e-010 -0.007632813
-9.40000013e-010    0.0015625
-9.35000012e-010 -0.008671875
-9.30000012e-010  0.001609375
-9.25000012e-010       -0.009
-9.20000012e-010  0.002578125
-9.15000012e-010      -0.0085
-9.10000012e-010        0.003
-9.05000012e-010 -0.007359375
-9.00000012e-010  0.002734375
-8.95000012e-010 -0.007023437
-8.90000012e-010  0.001976563
-8.85000012e-010 -0.006882812
-8.80000012e-010 0.0009453129
-8.75000012e-010 -0.006421875
-8.70000012e-010        0.001
-8.65000012e-010 -0.006921875
-8.60000011e-010 0.0007187504
-8.55000011e-010       -0.007
-8.50000011e-010  0.001632813
-8.45000011e-010 -0.007210937
-8.40000011e-010        0.003
-8.35000011e-010     -0.00725
-8.30000011e-010  0.003195313
-8.25000011e-010 -0.007640625
-8.20000011e-010   0.00240625
-8.15000011e-010 -0.008679688
-8.10000011e-010  0.001476563
-8.05000011e-010 -0.009179688
-8.00000011e-010  0.001359375
-7.95000011e-010       -0.009
-7.90000011e-010        0.001
-7.8500001e-010 -0.009351563
-7.8000001e-010 0.0008203129
-7.7500001e-010 -0.009460938
-7.7000001e-010 0.0009765629
-7.6500001e-010 -0.008671875
-7.6000001e-010        0.001
-7.5500001e-010 -0.008164063
-7.5000001e-010 0.0001406254
-7.4500001e-010 -0.008617188
-7.4000001e-010 -0.0006953122
-7.3500001e-010  -0.00915625
-7.3000001e-010 -0.0008749997
-7.2500001e-010 -0.009335938
-7.2000001e-010 -0.0006093747
-7.1500001e-010  -0.01003906
-7.10000009e-010 0.0006328129
-7.05000009e-010  -0.01096094
-7.00000009e-010 0.0007031254
-6.95000009e-010  -0.01127344
-6.90000009e-010 -0.0006640622
-6.85000009e-010  -0.01277344
-6.80000009e-010   -0.0028125
-6.75000009e-010  -0.01516406
-6.70000009e-010 -0.004578125
-6.65000009e-010  -0.01667969
-6.60000009e-010 -0.005992187
-6.55000009e-010  -0.01739844
-6.50000009e-010 -0.007734375
-6.45000009e-010  -0.01760156
-6.40000009e-010       -0.009
-6.35000008e-010  -0.01866406
-6.30000008e-010   -0.0096875
-6.25000008e-010  -0.02207031
-6.20000008e-010    -0.010875
-6.15000008e-010       -0.025
-6.10000008e-010       -0.013
-6.05000008e-010  -0.02826563
-6.00000008e-010       -0.017
-5.95000008e-010  -0.03188281
-5.90000008e-010  -0.02090625
-5.85000008e-010  -0.03630469
-5.80000008e-010  -0.02567969
-5.75000008e-010  -0.04064063
-5.70000008e-010  -0.03092969
-5.65000008e-010  -0.04501563
-5.60000007e-010  -0.03585938
-5.55000007e-010  -0.05009375
-5.50000007e-010  -0.04124219
-5.45000007e-010  -0.05627344
-5.40000007e-010       -0.047
-5.35000007e-010  -0.06346875
-5.30000007e-010   -0.0535625
-5.25000007e-010  -0.07097657
-5.20000007e-010  -0.06035157
-5.15000007e-010       -0.079
-5.10000007e-010     -0.06775
-5.05000007e-010  -0.08678125
-5.00000007e-010   -0.0749375
-4.95000007e-010    -0.095125
-4.90000007e-010  -0.08103125
-4.85000006e-010   -0.1024219
-4.80000006e-010   -0.0875625
-4.75000006e-010   -0.1086797
-4.70000006e-010  -0.09436719
-4.65000006e-010       -0.115
-4.60000006e-010   -0.1015078
-4.55000006e-010   -0.1224609
-4.50000006e-010       -0.109
-4.45000006e-010   -0.1293359
-4.40000006e-010   -0.1165234
-4.35000006e-010   -0.1352656
-4.30000006e-010   -0.1234766
-4.25000006e-010   -0.1398906
-4.20000006e-010   -0.1285703
-4.15000006e-010       -0.143
-4.10000005e-010   -0.1319375
-4.05000005e-010       -0.145
-4.00000005e-010   -0.1347109
-3.95000005e-010   -0.1479141
-3.90000005e-010   -0.1365391
-3.85000005e-010   -0.1502031
-3.80000005e-010   -0.1379688
-3.75000005e-010   -0.1507891
-3.70000005e-010   -0.1401563
-3.65000005e-010       -0.151
-3.60000005e-010   -0.1400469
-3.55000005e-010       -0.151
-3.50000005e-010   -0.1397109
-3.45000005e-010   -0.1503828
-3.40000005e-010     -0.13875
-3.35000004e-010       -0.151
-3.30000004e-010   -0.1383203
-3.25000004e-010   -0.1490625
-3.20000004e-010   -0.1374453
-3.15000004e-010   -0.1493047
-3.10000004e-010   -0.1357813
-3.05000004e-010   -0.1476953
-3.00000004e-010       -0.135
-2.95000004e-010       -0.147
-2.90000004e-010   -0.1330156
-2.85000004e-010   -0.1437422
-2.80000004e-010   -0.1319219
-2.75000004e-010   -0.1412891
-2.70000004e-010   -0.1301719
-2.65000004e-010   -0.1398281
-2.60000003e-010   -0.1279844
-2.55000003e-010   -0.1380625
-2.50000003e-010   -0.1247422
-2.45000003e-010   -0.1356641
-2.40000003e-010   -0.1216094
-2.35000003e-010   -0.1326328
-2.30000003e-010       -0.119
-2.25000003e-010       -0.129
-2.20000003e-010   -0.1152266
-2.15000003e-010   -0.1253047
-2.10000003e-010       -0.111
-2.05000003e-010   -0.1225859
-2.00000003e-010   -0.1061641
-1.95000003e-010    -0.118875
-1.90000003e-010   -0.1014531
-1.85000002e-010   -0.1136953
-1.80000002e-010   -0.0965625
-1.75000002e-010   -0.1074297
-1.70000002e-010  -0.09084375
-1.65000002e-010   -0.1008984
-1.60000002e-010  -0.08357813
-1.55000002e-010       -0.095
-1.50000002e-010       -0.077
-1.45000002e-010  -0.08930469
-1.40000002e-010  -0.07096875
-1.35000002e-010  -0.08320313
-1.30000002e-010  -0.06449219
-1.25000002e-010  -0.07651563
-1.20000002e-010  -0.05699219
-1.15000002e-010  -0.06913282
-1.10000001e-010  -0.04886719
-1.05000001e-010       -0.061
-1.00000001e-010  -0.04057031
-9.50000013e-011  -0.05274219
-9.00000012e-011       -0.033
-8.50000011e-011  -0.04528125
-8.00000011e-011  -0.02654688
-7.5000001e-011   -0.0375625
-7.00000009e-011  -0.01998438
-6.50000009e-011  -0.02963281
-6.00000008e-011  -0.01453125
-5.50000007e-011  -0.02180469
-5.00000007e-011 -0.008679688
-4.50000006e-011  -0.01589844
-4.00000005e-011       -0.003
-3.50000005e-011  -0.01096875
-3.00000004e-011        0.003
-2.50000003e-011 -0.007015625
-2.00000003e-011  0.006492188
-1.50000002e-011 -0.003015625
-1.00000001e-011  0.008640626
-5.00000007e-012 0.0003125004
           0    0.0105625
5.00000007e-012  0.002703125
1.00000001e-011   0.01288281
1.50000002e-011  0.003851563
2.00000003e-011   0.01596875
2.50000003e-011  0.005296876
3.00000004e-011   0.01803906
3.50000005e-011  0.007203126
4.00000005e-011   0.02011719
4.50000006e-011  0.008703126
5.00000007e-011        0.021
5.50000007e-011  0.008515626
6.00000008e-011   0.01976563
6.50000009e-011  0.007984376
7.00000009e-011   0.01832813
7.5000001e-011  0.007359376
8.00000011e-011   0.01721875
8.50000011e-011  0.007000001
9.00000012e-011   0.01715625
9.50000013e-011  0.006492188
1.00000001e-010   0.01704688
1.05000001e-010  0.006601563
1.10000001e-010   0.01645313
1.15000002e-010  0.007203126
1.20000002e-010   0.01510156
1.25000002e-010  0.006296876
1.30000002e-010        0.015
1.35000002e-010  0.005789063
1.40000002e-010   0.01470313
1.45000002e-010  0.005015626
1.50000002e-010   0.01423438
1.55000002e-010  0.004601563
1.60000002e-010   0.01457031
1.65000002e-010  0.004710938
1.70000002e-010    0.0154375
1.75000002e-010  0.005570313
1.80000002e-010    0.0161875
1.85000002e-010  0.006546876
1.90000003e-010   0.01671094
1.95000003e-010  0.007632813
2.00000003e-010   0.01698438
2.05000003e-010  0.009609376
2.10000003e-010        0.019
2.15000003e-010   0.01065625
2.20000003e-010   0.02050781
2.25000003e-010   0.01077344
2.30000003e-010   0.02126563
2.35000003e-010   0.01132031
2.40000003e-010   0.02154688
2.45000003e-010   0.01239844
2.50000003e-010   0.02271875
2.55000003e-010   0.01354688
2.60000003e-010        0.023
2.65000004e-010   0.01424219
2.70000004e-010   0.02278125
2.75000004e-010        0.015
2.80000004e-010   0.02411719
2.85000004e-010   0.01503906
2.90000004e-010     0.024875
2.95000004e-010   0.01503906
3.00000004e-010        0.025
3.05000004e-010   0.01486719
3.10000004e-010   0.02557813
3.15000004e-010        0.015
3.20000004e-010    0.0254375
3.25000004e-010   0.01517188
3.30000004e-010   0.02574219
3.35000004e-010   0.01495313
3.40000005e-010   0.02555469
3.45000005e-010   0.01378125
3.50000005e-010   0.02507813
3.55000005e-010   0.01303125
3.60000005e-010    0.0244375
3.65000005e-010   0.01285938
3.70000005e-010   0.02330469
3.75000005e-010        0.013
3.80000005e-010   0.02182031
3.85000005e-010   0.01252344
3.90000005e-010        0.021
3.95000005e-010   0.01144531
4.00000005e-010   0.02116406
4.05000005e-010   0.01066406
4.10000005e-010   0.02124219
4.15000006e-010   0.01072656
4.20000006e-010   0.02046875
4.25000006e-010  0.009578126
4.30000006e-010   0.02002344
4.35000006e-010  0.008898438
4.40000006e-010   0.02067969
4.45000006e-010  0.008890626
4.50000006e-010   0.02078125
4.55000006e-010  0.009484376
4.60000006e-010   0.02086719
4.65000006e-010        0.011
4.70000006e-010        0.021
4.75000006e-010  0.009515626
4.80000006e-010   0.02094531
4.85000006e-010  0.008695313
4.90000007e-010   0.02082031
4.95000007e-010  0.008664063
5.00000007e-010   0.02085938
5.05000007e-010  0.008046876
5.10000007e-010   0.01986719
5.15000007e-010  0.007984376
5.20000007e-010        0.021
5.25000007e-010  0.008648438
5.30000007e-010   0.02140625
5.35000007e-010  0.009000001
5.40000007e-010   0.02108594
5.45000007e-010  0.008367188
5.50000007e-010   0.02014063
5.55000007e-010  0.008195313
5.60000007e-010   0.02083594
5.65000008e-010  0.008562501
5.70000008e-010   0.02098438
5.75000008e-010  0.008304688
5.80000008e-010   0.02115625
5.85000008e-010  0.007000001
5.90000008e-010   0.02095313
5.95000008e-010  0.006859376
6.00000008e-010   0.02089844
6.05000008e-010  0.007742188
6.10000008e-010   0.02107031
6.15000008e-010  0.007203126
6.20000008e-010   0.02073438
6.25000008e-010  0.007085938
6.30000008e-010   0.01976563
6.35000008e-010  0.007914063
6.40000009e-010   0.02025781
6.45000009e-010  0.009000001
6.50000009e-010         0.02
6.55000009e-010  0.007937501
6.60000009e-010        0.019
6.65000009e-010  0.007820313
6.70000009e-010    0.0193125
6.75000009e-010  0.008492188
6.80000009e-010   0.01927344
6.85000009e-010  0.008960938
6.90000009e-010   0.01846875
6.95000009e-010  0.009000001
7.00000009e-010   0.01917969
7.05000009e-010  0.009164063
7.10000009e-010   0.01935938
7.1500001e-010  0.009078126
7.2000001e-010   0.01915625
7.2500001e-010  0.009171876
7.3000001e-010   0.01936719
7.3500001e-010  0.009039063
7.4000001e-010   0.02033594
7.4500001e-010  0.009320313
7.5000001e-010   0.02096094
7.5500001e-010  0.008421876
7.6000001e-010   0.02080469
7.6500001e-010  0.008507813
7.7000001e-010         0.02
7.7500001e-010  0.009617188
7.8000001e-010   0.01950781
7.8500001e-010   0.01053125
7.90000011e-010        0.021
7.95000011e-010   0.01066406
8.00000011e-010    0.0215625
8.05000011e-010        0.011
8.10000011e-010   0.02124219
8.15000011e-010   0.01058594
8.20000011e-010   0.02145313
8.25000011e-010   0.01030469
8.30000011e-010   0.02167188
8.35000011e-010   0.01067188
8.40000011e-010    0.0216875
8.45000011e-010   0.01088281
8.50000011e-010   0.02154688
8.55000011e-010    0.0106875
8.60000011e-010   0.02146094
8.65000012e-010  0.009375001
8.70000012e-010   0.02109375
8.75000012e-010  0.008875001
8.80000012e-010        0.021
8.85000012e-010  0.009289063
8.90000012e-010   0.02038281
8.95000012e-010   0.01044531
9.00000012e-010   0.01964063
9.05000012e-010  0.009000001
9.10000012e-010   0.02021094
9.15000012e-010  0.008585938
9.20000012e-010   0.02160938
9.25000012e-010  0.009210938
9.30000012e-010   0.02232813
9.35000012e-010   0.01034375
9.40000013e-010   0.02228125
9.45000013e-010  0.009789063
9.50000013e-010   0.02145313
9.55000013e-010   0.01011719
9.60000013e-010   0.02139063
9.65000013e-010   0.01027344
9.70000013e-010   0.02148438
9.75000013e-010   0.01017969
9.80000013e-010        0.021
9.85000013e-010   0.01069531
9.90000013e-010   0.02107813
9.95000013e-010        0.011
1.00000001e-009   0.02055469
1.00500001e-009   0.01005469
1.01000001e-009   0.02058594
1.01500001e-009  0.009164063
1.02000001e-009   0.02071094
1.02500001e-009  0.008867188
1.03000001e-009   0.02064844
1.03500001e-009  0.009382813
1.04000001e-009   0.02124219
1.04500001e-009   0.01067969
1.05000001e-009   0.02102344
1.05500001e-009   0.01124219
1.06000001e-009   0.02122656
1.06500001e-009   0.01096875
1.07000001e-009   0.02122656
1.07500001e-009   0.01140625
1.08000001e-009    0.0210625
1.08500001e-009   0.01174219
1.09000001e-009   0.02101563
1.09500001e-009   0.01135156
1.10000001e-009   0.02111719
1.10500001e-009   0.01071094
1.11000001e-009   0.02207031
1.11500001e-009   0.01065625
1.12000001e-009    0.0223125
1.12500002e-009   0.01092188
1.13000002e-009   0.02276563
1.13500002e-009   0.01140625
1.14000002e-009   0.02296094
1.14500002e-009   0.01213281
1.15000002e-009   0.02246094
1.15500002e-009   0.01278125
1.16000002e-009      0.02325
1.16500002e-009   0.01252344
1.17000002e-009   0.02328906
1.17500002e-009   0.01288281
1.18000002e-009   0.02292969
1.18500002e-009        0.013
1.19000002e-009   0.02342969
1.19500002e-009   0.01371094
1.20000002e-009   0.02328906
1.20500002e-009        0.013
1.21000002e-009   0.02255469
1.21500002e-009   0.01274219
1.22000002e-009        0.023
1.22500002e-009   0.01282813
1.23000002e-009   0.02266406
1.23500002e-009   0.01280469
1.24000002e-009   0.02295313
1.24500002e-009        0.013
1.25000002e-009        0.023
