-2.49000003e-009 -0.009507813
-2.48000003e-009 -0.009484375
-2.47000003e-009 -0.009476563
-2.46000003e-009 -0.009484375
-2.45000003e-009      -0.0095
-2.44000003e-009 -0.009523438
-2.43000003e-009 -0.009507813
-2.42000003e-009  -0.00946875
-2.41000003e-009    -0.009375
-2.40000003e-009 -0.009242188
-2.39000003e-009 -0.009101563
-2.38000003e-009  -0.00896875
-2.37000003e-009 -0.008882813
-2.36000003e-009 -0.008882813
-2.35000003e-009 -0.008867188
-2.34000003e-009 -0.008921875
-2.33000003e-009 -0.009015625
-2.32000003e-009 -0.009039063
-2.31000003e-009 -0.009023438
-2.30000003e-009 -0.008984375
-2.29000003e-009    -0.008875
-2.28000003e-009 -0.008726563
-2.27000003e-009    -0.008625
-2.26000003e-009 -0.008523438
-2.25000003e-009 -0.008476563
-2.24000003e-009 -0.008507813
-2.23000003e-009 -0.008554688
-2.22000003e-009 -0.008585938
-2.21000003e-009 -0.008554688
-2.20000003e-009 -0.008476563
-2.19000003e-009    -0.008375
-2.18000003e-009 -0.008210938
-2.17000003e-009 -0.008015625
-2.16000003e-009 -0.007867188
-2.15000003e-009 -0.007773438
-2.14000003e-009  -0.00771875
-2.13000003e-009  -0.00771875
-2.12000003e-009 -0.007734375
-2.11000003e-009  -0.00778125
-2.10000003e-009  -0.00778125
-2.09000003e-009 -0.007757813
-2.08000003e-009 -0.007703125
-2.07000003e-009 -0.007609375
-2.06000003e-009 -0.007554688
-2.05000003e-009      -0.0075
-2.04000003e-009 -0.007398438
-2.03000003e-009 -0.007351562
-2.02000003e-009 -0.007265625
-2.01000003e-009 -0.007171875
-2.00000003e-009 -0.007070312
-1.99000003e-009 -0.006960937
-1.98000003e-009 -0.006851562
-1.97000003e-009 -0.006742187
-1.96000003e-009 -0.006648437
-1.95000003e-009 -0.006601562
-1.94000003e-009 -0.006554687
-1.93000003e-009 -0.006484375
-1.92000003e-009 -0.006445312
-1.91000003e-009 -0.006359375
-1.90000003e-009 -0.006242187
-1.89000003e-009 -0.006140625
-1.88000003e-009 -0.006039062
-1.87000002e-009 -0.005921875
-1.86000002e-009  -0.00578125
-1.85000002e-009   -0.0056875
-1.84000002e-009 -0.005578125
-1.83000002e-009 -0.005507812
-1.82000002e-009 -0.005421875
-1.81000002e-009   -0.0053125
-1.80000002e-009   -0.0051875
-1.79000002e-009 -0.005054687
-1.78000002e-009 -0.004992187
-1.77000002e-009 -0.004867187
-1.76000002e-009 -0.004796875
-1.75000002e-009 -0.004703125
-1.74000002e-009 -0.004609375
-1.73000002e-009 -0.004515625
-1.72000002e-009  -0.00440625
-1.71000002e-009 -0.004320312
-1.70000002e-009 -0.004242187
-1.69000002e-009 -0.004171875
-1.68000002e-009 -0.004148437
-1.67000002e-009 -0.004117187
-1.66000002e-009 -0.004101562
-1.65000002e-009  -0.00409375
-1.64000002e-009 -0.004046875
-1.63000002e-009 -0.003953125
-1.62000002e-009 -0.003820312
-1.61000002e-009 -0.003710937
-1.60000002e-009  -0.00359375
-1.59000002e-009  -0.00353125
-1.58000002e-009 -0.003523437
-1.57000002e-009 -0.003546875
-1.56000002e-009 -0.003546875
-1.55000002e-009  -0.00359375
-1.54000002e-009 -0.003554687
-1.53000002e-009 -0.003476562
-1.52000002e-009    -0.003375
-1.51000002e-009 -0.003265625
-1.50000002e-009 -0.003109375
-1.49000002e-009 -0.002976562
-1.48000002e-009  -0.00284375
-1.47000002e-009  -0.00278125
-1.46000002e-009 -0.002726562
-1.45000002e-009  -0.00265625
-1.44000002e-009 -0.002585937
-1.43000002e-009 -0.002539062
-1.42000002e-009      -0.0025
-1.41000002e-009 -0.002523437
-1.40000002e-009 -0.002578125
-1.39000002e-009    -0.002625
-1.38000002e-009 -0.002726562
-1.37000002e-009 -0.002796875
-1.36000002e-009   -0.0028125
-1.35000002e-009 -0.002742187
-1.34000002e-009 -0.002609375
-1.33000002e-009  -0.00240625
-1.32000002e-009   -0.0021875
-1.31000002e-009 -0.002046875
-1.30000002e-009  -0.00196875
-1.29000002e-009 -0.001960937
-1.28000002e-009  -0.00203125
-1.27000002e-009 -0.002140625
-1.26000002e-009 -0.002257812
-1.25000002e-009 -0.002351562
-1.24000002e-009 -0.002429687
-1.23000002e-009 -0.002460937
-1.22000002e-009 -0.002414062
-1.21000002e-009 -0.002421875
-1.20000002e-009    -0.002375
-1.19000002e-009  -0.00240625
-1.18000002e-009 -0.002390625
-1.17000002e-009 -0.002429687
-1.16000002e-009 -0.002398437
-1.15000002e-009 -0.002367187
-1.14000002e-009 -0.002328125
-1.13000002e-009 -0.002273437
-1.12000001e-009 -0.002203125
-1.11000001e-009 -0.002171875
-1.10000001e-009 -0.002109375
-1.09000001e-009 -0.002109375
-1.08000001e-009 -0.002148437
-1.07000001e-009 -0.002195312
-1.06000001e-009 -0.002273437
-1.05000001e-009  -0.00234375
-1.04000001e-009 -0.002484375
-1.03000001e-009 -0.002585937
-1.02000001e-009  -0.00265625
-1.01000001e-009 -0.002757812
-1.00000001e-009  -0.00278125
-9.90000013e-010 -0.002789062
-9.80000013e-010 -0.002734375
-9.70000013e-010 -0.002664062
-9.60000013e-010 -0.002609375
-9.50000013e-010   -0.0025625
-9.40000013e-010 -0.002609375
-9.30000012e-010 -0.002609375
-9.20000012e-010  -0.00271875
-9.10000012e-010 -0.002789062
-9.00000012e-010 -0.002921875
-8.90000012e-010 -0.002984375
-8.80000012e-010   -0.0030625
-8.70000012e-010 -0.003085937
-8.60000011e-010 -0.003054687
-8.50000011e-010 -0.002992187
-8.40000011e-010 -0.002921875
-8.30000011e-010  -0.00290625
-8.20000011e-010 -0.002921875
-8.10000011e-010  -0.00296875
-8.00000011e-010 -0.002992187
-7.90000011e-010 -0.003117187
-7.8000001e-010 -0.003226562
-7.7000001e-010 -0.003328125
-7.6000001e-010 -0.003429687
-7.5000001e-010 -0.003507812
-7.4000001e-010 -0.003664062
-7.3000001e-010    -0.003875
-7.2000001e-010 -0.004148437
-7.10000009e-010 -0.004398437
-7.00000009e-010 -0.004734375
-6.90000009e-010 -0.005132812
-6.80000009e-010 -0.005617187
-6.70000009e-010 -0.006101562
-6.60000009e-010 -0.006546875
-6.50000009e-010 -0.007164062
-6.40000009e-010 -0.007914063
-6.30000008e-010    -0.008875
-6.20000008e-010  -0.01004688
-6.10000008e-010  -0.01145313
-6.00000008e-010  -0.01317969
-5.90000008e-010  -0.01535938
-5.80000008e-010  -0.01794531
-5.70000008e-010  -0.02101563
-5.60000007e-010      -0.0245
-5.50000007e-010  -0.02853906
-5.40000007e-010  -0.03315625
-5.30000007e-010   -0.0383125
-5.20000007e-010  -0.04398438
-5.10000007e-010    -0.050125
-5.00000007e-010  -0.05667188
-4.90000007e-010  -0.06365625
-4.80000006e-010  -0.07098438
-4.70000006e-010    -0.078625
-4.60000006e-010  -0.08644532
-4.50000006e-010   -0.0943125
-4.40000006e-010   -0.1020547
-4.30000006e-010   -0.1095078
-4.20000006e-010   -0.1165469
-4.10000005e-010   -0.1230469
-4.00000005e-010   -0.1287656
-3.90000005e-010   -0.1336016
-3.80000005e-010   -0.1376016
-3.70000005e-010   -0.1408828
-3.60000005e-010   -0.1434453
-3.50000005e-010   -0.1452109
-3.40000005e-010   -0.1462344
-3.30000004e-010    -0.146625
-3.20000004e-010   -0.1465859
-3.10000004e-010   -0.1461484
-3.00000004e-010   -0.1452656
-2.90000004e-010   -0.1439688
-2.80000004e-010    -0.142375
-2.70000004e-010   -0.1407031
-2.60000003e-010   -0.1389453
-2.50000003e-010   -0.1370781
-2.40000003e-010   -0.1350469
-2.30000003e-010   -0.1328906
-2.20000003e-010   -0.1306953
-2.10000003e-010   -0.1284609
-2.00000003e-010   -0.1259766
-1.90000003e-010   -0.1230469
-1.80000002e-010   -0.1197422
-1.70000002e-010   -0.1159453
-1.60000002e-010   -0.1116563
-1.50000002e-010   -0.1067891
-1.40000002e-010   -0.1013203
-1.30000002e-010  -0.09528907
-1.20000002e-010  -0.08885157
-1.10000001e-010  -0.08205469
-1.00000001e-010  -0.07486719
-9.00000012e-011  -0.06746094
-8.00000011e-011  -0.05983594
-7.00000009e-011  -0.05200781
-6.00000008e-011  -0.04415625
-5.00000007e-011  -0.03645313
-4.00000005e-011       -0.029
-3.00000004e-011  -0.02197656
-2.00000003e-011  -0.01552344
-1.00000001e-011 -0.009671875
           0 -0.004617187
1.00000001e-011 -0.0003437497
2.00000003e-011  0.003179688
3.00000004e-011  0.006070313
4.00000005e-011  0.008390626
5.00000007e-011   0.01013281
6.00000008e-011   0.01133594
7.00000009e-011   0.01209375
8.00000011e-011   0.01257031
9.00000012e-011   0.01270313
1.00000001e-010   0.01253125
1.10000001e-010   0.01207813
1.20000002e-010   0.01157813
1.30000002e-010   0.01103906
1.40000002e-010   0.01054688
1.50000002e-010    0.0100625
1.60000002e-010  0.009664063
1.70000002e-010  0.009390626
1.80000002e-010  0.009289063
1.90000003e-010  0.009390626
2.00000003e-010  0.009695313
2.10000003e-010   0.01017188
2.20000003e-010   0.01079688
2.30000003e-010   0.01163281
2.40000003e-010   0.01257813
2.50000003e-010   0.01355469
2.60000003e-010   0.01457031
2.70000004e-010   0.01557031
2.80000004e-010   0.01655469
2.90000004e-010   0.01744531
3.00000004e-010   0.01826563
3.10000004e-010   0.01898438
3.20000004e-010   0.01953906
3.30000004e-010   0.01997656
3.40000005e-010   0.02026563
3.50000005e-010   0.02032813
3.60000005e-010   0.02021875
3.70000005e-010   0.01996875
3.80000005e-010   0.01957813
3.90000005e-010   0.01911719
4.00000005e-010   0.01864844
4.10000005e-010   0.01816406
4.20000006e-010   0.01771094
4.30000006e-010   0.01732813
4.40000006e-010   0.01698438
4.50000006e-010   0.01665625
4.60000006e-010   0.01634375
4.70000006e-010   0.01600781
4.80000006e-010   0.01570313
4.90000007e-010   0.01538281
5.00000007e-010   0.01509375
5.10000007e-010     0.014875
5.20000007e-010   0.01474219
5.30000007e-010   0.01467969
5.40000007e-010   0.01467969
5.50000007e-010   0.01471875
5.60000007e-010   0.01482813
5.70000008e-010   0.01492188
5.80000008e-010   0.01500781
5.90000008e-010    0.0150625
6.00000008e-010   0.01507813
6.10000008e-010   0.01509375
6.20000008e-010   0.01504688
6.30000008e-010   0.01502344
6.40000009e-010   0.01496875
6.50000009e-010   0.01489063
6.60000009e-010   0.01478906
6.70000009e-010   0.01464844
6.80000009e-010   0.01450781
6.90000009e-010   0.01439063
7.00000009e-010   0.01425781
7.10000009e-010   0.01419531
7.2000001e-010   0.01414063
7.3000001e-010   0.01414844
7.4000001e-010   0.01417188
7.5000001e-010   0.01422656
7.6000001e-010   0.01425781
7.7000001e-010   0.01427344
7.8000001e-010      0.01425
7.90000011e-010   0.01421094
8.00000011e-010   0.01417188
8.10000011e-010   0.01415625
8.20000011e-010   0.01415625
8.30000011e-010   0.01414844
8.40000011e-010      0.01425
8.50000011e-010   0.01434375
8.60000011e-010   0.01442969
8.70000012e-010   0.01453906
8.80000012e-010   0.01464063
8.90000012e-010   0.01470313
9.00000012e-010   0.01478906
9.10000012e-010   0.01482031
9.20000012e-010   0.01485938
9.30000012e-010   0.01492188
9.40000013e-010   0.01497656
9.50000013e-010   0.01502344
9.60000013e-010   0.01503125
9.70000013e-010   0.01507031
9.80000013e-010   0.01511719
9.90000013e-010   0.01516406
1.00000001e-009   0.01525781
1.01000001e-009   0.01540625
1.02000001e-009   0.01559375
1.03000001e-009   0.01575781
1.04000001e-009    0.0159375
1.05000001e-009   0.01601563
1.06000001e-009   0.01604688
1.07000001e-009        0.016
1.08000001e-009   0.01583594
1.09000001e-009    0.0156875
1.10000001e-009   0.01552344
1.11000001e-009    0.0154375
1.12000001e-009   0.01546094
1.13000002e-009   0.01552344
1.14000002e-009   0.01567188
1.15000002e-009   0.01585156
1.16000002e-009   0.01599219
1.17000002e-009     0.016125
1.18000002e-009   0.01621094
1.19000002e-009   0.01625781
1.20000002e-009   0.01629688
1.21000002e-009   0.01633594
1.22000002e-009   0.01646875
1.23000002e-009     0.016625
1.24000002e-009   0.01682031
1.25000002e-009   0.01707031
1.26000002e-009   0.01732813
1.27000002e-009   0.01757813
1.28000002e-009   0.01775781
1.29000002e-009    0.0179375
1.30000002e-009   0.01807031
1.31000002e-009   0.01817188
1.32000002e-009   0.01822656
1.33000002e-009    0.0183125
1.34000002e-009   0.01835938
1.35000002e-009   0.01842969
1.36000002e-009   0.01849219
1.37000002e-009   0.01857031
1.38000002e-009   0.01867188
1.39000002e-009   0.01872656
1.40000002e-009   0.01877344
1.41000002e-009   0.01877344
1.42000002e-009   0.01871875
1.43000002e-009   0.01864063
1.44000002e-009    0.0184375
1.45000002e-009   0.01828906
1.46000002e-009   0.01810938
1.47000002e-009   0.01792969
1.48000002e-009   0.01776563
1.49000002e-009   0.01766406
1.50000002e-009   0.01748438
1.51000002e-009   0.01732031
1.52000002e-009     0.017125
1.53000002e-009   0.01686719
1.54000002e-009   0.01660156
1.55000002e-009   0.01632813
1.56000002e-009   0.01608594
1.57000002e-009   0.01589063
1.58000002e-009   0.01575781
1.59000002e-009   0.01577344
1.60000002e-009   0.01578906
1.61000002e-009   0.01582031
1.62000002e-009   0.01590625
1.63000002e-009   0.01589844
1.64000002e-009   0.01588281
1.65000002e-009   0.01580469
1.66000002e-009    0.0156875
1.67000002e-009    0.0155625
1.68000002e-009   0.01548438
1.69000002e-009   0.01542188
1.70000002e-009   0.01542188
1.71000002e-009   0.01546094
1.72000002e-009   0.01546094
1.73000002e-009   0.01541406
1.74000002e-009   0.01528125
1.75000002e-009   0.01507031
1.76000002e-009   0.01480469
1.77000002e-009   0.01449219
1.78000002e-009      0.01425
1.79000002e-009   0.01409375
1.80000002e-009   0.01403125
1.81000002e-009   0.01410156
1.82000002e-009   0.01420313
1.83000002e-009   0.01432813
1.84000002e-009   0.01439844
1.85000002e-009   0.01439844
1.86000002e-009    0.0143125
1.87000002e-009    0.0141875
1.88000003e-009   0.01403906
1.89000003e-009   0.01394531
1.90000003e-009   0.01390625
1.91000003e-009   0.01396094
1.92000003e-009     0.014125
1.93000003e-009   0.01433594
1.94000003e-009   0.01453906
1.95000003e-009    0.0146875
1.96000003e-009    0.0148125
1.97000003e-009   0.01482813
1.98000003e-009   0.01477344
1.99000003e-009   0.01466406
2.00000003e-009   0.01457031
2.01000003e-009   0.01446094
2.02000003e-009   0.01436719
2.03000003e-009   0.01430469
2.04000003e-009   0.01426563
2.05000003e-009   0.01424219
2.06000003e-009   0.01423438
2.07000003e-009   0.01421094
2.08000003e-009   0.01421875
2.09000003e-009   0.01423438
2.10000003e-009   0.01427344
2.11000003e-009   0.01428125
2.12000003e-009   0.01430469
2.13000003e-009   0.01432813
2.14000003e-009   0.01432031
2.15000003e-009   0.01427344
2.16000003e-009   0.01425781
2.17000003e-009   0.01420313
2.18000003e-009   0.01417969
2.19000003e-009   0.01420313
2.20000003e-009   0.01425781
2.21000003e-009   0.01438281
2.22000003e-009   0.01446094
2.23000003e-009   0.01452344
2.24000003e-009   0.01459375
2.25000003e-009   0.01458594
2.26000003e-009   0.01455469
2.27000003e-009   0.01447656
2.28000003e-009   0.01440625
2.29000003e-009   0.01429688
2.30000003e-009   0.01422656
2.31000003e-009   0.01420313
2.32000003e-009   0.01417969
2.33000003e-009   0.01410938
2.34000003e-009   0.01411719
2.35000003e-009   0.01405469
2.36000003e-009   0.01398438
2.37000003e-009   0.01391406
2.38000003e-009   0.01382031
2.39000003e-009   0.01373438
2.40000003e-009     0.013625
2.41000003e-009   0.01353906
2.42000003e-009   0.01344531
2.43000003e-009   0.01334375
2.44000003e-009   0.01325781
2.45000003e-009   0.01315625
2.46000003e-009   0.01302344
2.47000003e-009   0.01292969
2.48000003e-009   0.01285938
2.49000003e-009   0.01282031
2.50000003e-009   0.01286719
