-1.24500002e-009 -0.002390625
-1.24000002e-009 -0.002335937
-1.23500002e-009  -0.00228125
-1.23000002e-009     -0.00225
-1.22500002e-009 -0.002203125
-1.22000002e-009 -0.002179687
-1.21500002e-009 -0.002179687
-1.21000002e-009 -0.002164062
-1.20500002e-009 -0.002164062
-1.20000002e-009  -0.00215625
-1.19500002e-009 -0.002148437
-1.19000002e-009 -0.002203125
-1.18500002e-009  -0.00221875
-1.18000002e-009 -0.002257812
-1.17500002e-009  -0.00228125
-1.17000002e-009 -0.002320312
-1.16500002e-009 -0.002367187
-1.16000002e-009    -0.002375
-1.15500002e-009    -0.002375
-1.15000002e-009 -0.002398437
-1.14500002e-009 -0.002390625
-1.14000002e-009 -0.002382812
-1.13500002e-009 -0.002351562
-1.13000002e-009 -0.002304687
-1.12500002e-009 -0.002289062
-1.12000001e-009 -0.002234375
-1.11500001e-009 -0.002164062
-1.11000001e-009 -0.002148437
-1.10500001e-009 -0.002101562
-1.10000001e-009   -0.0020625
-1.09500001e-009 -0.002054687
-1.09000001e-009 -0.002046875
-1.08500001e-009 -0.002070312
-1.08000001e-009  -0.00209375
-1.07500001e-009    -0.002125
-1.07000001e-009 -0.002164062
-1.06500001e-009 -0.002203125
-1.06000001e-009 -0.002257812
-1.05500001e-009 -0.002328125
-1.05000001e-009  -0.00234375
-1.04500001e-009  -0.00240625
-1.04000001e-009 -0.002429687
-1.03500001e-009 -0.002445312
-1.03000001e-009   -0.0024375
-1.02500001e-009 -0.002414062
-1.02000001e-009    -0.002375
-1.01500001e-009 -0.002351562
-1.01000001e-009 -0.002304687
-1.00500001e-009 -0.002296875
-1.00000001e-009 -0.002234375
-9.95000013e-010 -0.002210937
-9.90000013e-010 -0.002203125
-9.85000013e-010   -0.0021875
-9.80000013e-010 -0.002179687
-9.75000013e-010 -0.002195312
-9.70000013e-010 -0.002210937
-9.65000013e-010     -0.00225
-9.60000013e-010 -0.002289062
-9.55000013e-010 -0.002351562
-9.50000013e-010 -0.002421875
-9.45000013e-010 -0.002460937
-9.40000013e-010 -0.002523437
-9.35000012e-010 -0.002609375
-9.30000012e-010 -0.002640625
-9.25000012e-010 -0.002703125
-9.20000012e-010 -0.002742187
-9.15000012e-010 -0.002804687
-9.10000012e-010 -0.002828125
-9.05000012e-010 -0.002882812
-9.00000012e-010 -0.002921875
-8.95000012e-010   -0.0029375
-8.90000012e-010  -0.00296875
-8.85000012e-010 -0.003023437
-8.80000012e-010 -0.003039062
-8.75000012e-010   -0.0030625
-8.70000012e-010 -0.003070312
-8.65000012e-010 -0.003078125
-8.60000011e-010 -0.003117187
-8.55000011e-010 -0.003117187
-8.50000011e-010 -0.003109375
-8.45000011e-010    -0.003125
-8.40000011e-010    -0.003125
-8.35000011e-010    -0.003125
-8.30000011e-010 -0.003085937
-8.25000011e-010    -0.003125
-8.20000011e-010 -0.003132812
-8.15000011e-010    -0.003125
-8.10000011e-010 -0.003203125
-8.05000011e-010 -0.003195312
-8.00000011e-010  -0.00321875
-7.95000011e-010 -0.003273437
-7.90000011e-010 -0.003359375
-7.8500001e-010 -0.003421875
-7.8000001e-010 -0.003492187
-7.7500001e-010 -0.003585937
-7.7000001e-010 -0.003648437
-7.6500001e-010 -0.003703125
-7.6000001e-010 -0.003789062
-7.5500001e-010 -0.003835937
-7.5000001e-010 -0.003929687
-7.4500001e-010 -0.004015625
-7.4000001e-010 -0.004078125
-7.3500001e-010 -0.004148437
-7.3000001e-010 -0.004226562
-7.2500001e-010   -0.0043125
-7.2000001e-010 -0.004390625
-7.1500001e-010 -0.004492187
-7.10000009e-010 -0.004648437
-7.05000009e-010 -0.004734375
-7.00000009e-010    -0.004875
-6.95000009e-010 -0.005054687
-6.90000009e-010 -0.005265625
-6.85000009e-010 -0.005476562
-6.80000009e-010 -0.005734375
-6.75000009e-010  -0.00603125
-6.70000009e-010 -0.006320312
-6.65000009e-010 -0.006648437
-6.60000009e-010   -0.0070625
-6.55000009e-010   -0.0074375
-6.50000009e-010 -0.007851563
-6.45000009e-010 -0.008335938
-6.40000009e-010 -0.008828125
-6.35000008e-010    -0.009375
-6.30000008e-010 -0.009929688
-6.25000008e-010  -0.01058594
-6.20000008e-010  -0.01126563
-6.15000008e-010  -0.01196094
-6.10000008e-010  -0.01279688
-6.05000008e-010  -0.01363281
-6.00000008e-010  -0.01457031
-5.95000008e-010  -0.01561719
-5.90000008e-010  -0.01678906
-5.85000008e-010  -0.01805469
-5.80000008e-010      -0.0195
-5.75000008e-010   -0.0210625
-5.70000008e-010  -0.02275781
-5.65000008e-010  -0.02458594
-5.60000007e-010  -0.02659375
-5.55000007e-010  -0.02878125
-5.50000007e-010  -0.03108594
-5.45000007e-010   -0.0335625
-5.40000007e-010  -0.03621875
-5.35000007e-010  -0.03896094
-5.30000007e-010    -0.041875
-5.25000007e-010  -0.04491406
-5.20000007e-010   -0.0480625
-5.15000007e-010   -0.0513125
-5.10000007e-010  -0.05466406
-5.05000007e-010  -0.05809375
-5.00000007e-010  -0.06164063
-4.95000007e-010  -0.06522657
-4.90000007e-010  -0.06888282
-4.85000006e-010  -0.07265625
-4.80000006e-010  -0.07641407
-4.75000006e-010  -0.08026563
-4.70000006e-010  -0.08415625
-4.65000006e-010  -0.08803907
-4.60000006e-010  -0.09192969
-4.55000006e-010  -0.09580469
-4.50000006e-010  -0.09967188
-4.45000006e-010   -0.1034609
-4.40000006e-010   -0.1071641
-4.35000006e-010   -0.1108203
-4.30000006e-010   -0.1143438
-4.25000006e-010   -0.1177422
-4.20000006e-010   -0.1210078
-4.15000006e-010   -0.1240469
-4.10000005e-010   -0.1269453
-4.05000005e-010   -0.1296719
-4.00000005e-010   -0.1322031
-3.95000005e-010   -0.1344688
-3.90000005e-010   -0.1365703
-3.85000005e-010   -0.1384609
-3.80000005e-010    -0.140125
-3.75000005e-010   -0.1415859
-3.70000005e-010   -0.1429219
-3.65000005e-010       -0.144
-3.60000005e-010   -0.1448906
-3.55000005e-010   -0.1456328
-3.50000005e-010   -0.1462031
-3.45000005e-010   -0.1465703
-3.40000005e-010     -0.14675
-3.35000004e-010   -0.1467891
-3.30000004e-010   -0.1467188
-3.25000004e-010      -0.1465
-3.20000004e-010   -0.1462109
-3.15000004e-010   -0.1458047
-3.10000004e-010     -0.14525
-3.05000004e-010   -0.1446797
-3.00000004e-010   -0.1440313
-2.95000004e-010   -0.1432734
-2.90000004e-010   -0.1425156
-2.85000004e-010   -0.1416719
-2.80000004e-010   -0.1408281
-2.75000004e-010   -0.1399453
-2.70000004e-010   -0.1390781
-2.65000004e-010   -0.1381641
-2.60000003e-010   -0.1372734
-2.55000003e-010   -0.1363516
-2.50000003e-010   -0.1354531
-2.45000003e-010   -0.1345313
-2.40000003e-010   -0.1335469
-2.35000003e-010   -0.1325781
-2.30000003e-010   -0.1315703
-2.25000003e-010   -0.1305156
-2.20000003e-010   -0.1294141
-2.15000003e-010   -0.1282578
-2.10000003e-010   -0.1270469
-2.05000003e-010   -0.1257188
-2.00000003e-010   -0.1243203
-1.95000003e-010   -0.1227969
-1.90000003e-010   -0.1210938
-1.85000002e-010   -0.1193203
-1.80000002e-010   -0.1173828
-1.75000002e-010   -0.1153281
-1.70000002e-010   -0.1131016
-1.65000002e-010   -0.1107813
-1.60000002e-010   -0.1082813
-1.55000002e-010   -0.1056484
-1.50000002e-010   -0.1028438
-1.45000002e-010  -0.09994532
-1.40000002e-010  -0.09694532
-1.35000002e-010  -0.09377344
-1.30000002e-010  -0.09054688
-1.25000002e-010  -0.08716407
-1.20000002e-010  -0.08372657
-1.15000002e-010  -0.08020313
-1.10000001e-010    -0.076625
-1.05000001e-010  -0.07303907
-1.00000001e-010  -0.06932032
-9.50000013e-011  -0.06557032
-9.00000012e-011  -0.06180469
-8.50000011e-011  -0.05800781
-8.00000011e-011   -0.0541875
-7.5000001e-011    -0.050375
-7.00000009e-011  -0.04653906
-6.50000009e-011   -0.0426875
-6.00000008e-011  -0.03891406
-5.50000007e-011  -0.03514063
-5.00000007e-011  -0.03145313
-4.50000006e-011  -0.02786719
-4.00000005e-011  -0.02435938
-3.50000005e-011  -0.02098438
-3.00000004e-011  -0.01769531
-2.50000003e-011  -0.01461719
-2.00000003e-011  -0.01164844
-1.50000002e-011  -0.00890625
-1.00000001e-011   -0.0063125
-5.00000007e-012 -0.003914062
           0 -0.001703125
5.00000007e-012 0.0003046879
1.00000001e-011  0.002085938
1.50000002e-011  0.003710938
2.00000003e-011  0.005187501
2.50000003e-011  0.006421876
3.00000004e-011  0.007609376
3.50000005e-011  0.008625001
4.00000005e-011  0.009460938
4.50000006e-011   0.01020313
5.00000007e-011   0.01085938
5.50000007e-011   0.01135938
6.00000008e-011   0.01179688
6.50000009e-011   0.01210156
7.00000009e-011   0.01235938
7.5000001e-011   0.01257813
8.00000011e-011   0.01270313
8.50000011e-011   0.01275781
9.00000012e-011   0.01273438
9.50000013e-011   0.01267969
1.00000001e-010   0.01259375
1.05000001e-010   0.01240625
1.10000001e-010   0.01219531
1.15000002e-010   0.01198438
1.20000002e-010   0.01166406
1.25000002e-010   0.01140625
1.30000002e-010   0.01110156
1.35000002e-010    0.0108125
1.40000002e-010   0.01050781
1.45000002e-010   0.01024219
1.50000002e-010         0.01
1.55000002e-010  0.009789063
1.60000002e-010  0.009593751
1.65000002e-010  0.009453126
1.70000002e-010  0.009390626
1.75000002e-010  0.009351563
1.80000002e-010  0.009414063
1.85000002e-010  0.009531251
1.90000003e-010  0.009671876
1.95000003e-010  0.009906251
2.00000003e-010   0.01015625
2.05000003e-010   0.01046094
2.10000003e-010    0.0108125
2.15000003e-010   0.01125781
2.20000003e-010   0.01167969
2.25000003e-010   0.01215625
2.30000003e-010   0.01263281
2.35000003e-010   0.01311719
2.40000003e-010   0.01364063
2.45000003e-010   0.01414063
2.50000003e-010   0.01464063
2.55000003e-010   0.01514844
2.60000003e-010   0.01558594
2.65000004e-010   0.01603906
2.70000004e-010   0.01649219
2.75000004e-010   0.01692188
2.80000004e-010   0.01733594
2.85000004e-010   0.01771094
2.90000004e-010   0.01808594
2.95000004e-010   0.01844531
3.00000004e-010   0.01877344
3.05000004e-010    0.0190625
3.10000004e-010   0.01934375
3.15000004e-010   0.01961719
3.20000004e-010   0.01980469
3.25000004e-010   0.02000781
3.30000004e-010   0.02014844
3.35000004e-010   0.02022656
3.40000005e-010   0.02030469
3.45000005e-010   0.02030469
3.50000005e-010   0.02029688
3.55000005e-010   0.02019531
3.60000005e-010   0.02010938
3.65000005e-010   0.01995313
3.70000005e-010   0.01977344
3.75000005e-010    0.0195625
3.80000005e-010   0.01932031
3.85000005e-010   0.01905469
3.90000005e-010   0.01877344
3.95000005e-010   0.01851563
4.00000005e-010   0.01820313
4.05000005e-010   0.01792188
4.10000005e-010   0.01764063
4.15000006e-010   0.01739844
4.20000006e-010     0.017125
4.25000006e-010   0.01689063
4.30000006e-010   0.01669531
4.35000006e-010   0.01650781
4.40000006e-010   0.01635938
4.45000006e-010    0.0161875
4.50000006e-010   0.01605469
4.55000006e-010   0.01592969
4.60000006e-010   0.01580469
4.65000006e-010   0.01573438
4.70000006e-010     0.015625
4.75000006e-010   0.01551563
4.80000006e-010   0.01541406
4.85000006e-010   0.01535938
4.90000007e-010   0.01528906
4.95000007e-010   0.01521094
5.00000007e-010   0.01514844
5.05000007e-010   0.01510156
5.10000007e-010    0.0150625
5.15000007e-010   0.01502344
5.20000007e-010   0.01498438
5.25000007e-010   0.01492969
5.30000007e-010   0.01492188
5.35000007e-010   0.01492188
5.40000007e-010   0.01489844
5.45000007e-010   0.01489063
5.50000007e-010   0.01485938
5.55000007e-010   0.01484375
5.60000007e-010   0.01483594
5.65000008e-010    0.0148125
5.70000008e-010   0.01480469
5.75000008e-010   0.01478906
5.80000008e-010   0.01479688
5.85000008e-010   0.01476563
5.90000008e-010   0.01479688
5.95000008e-010   0.01475781
6.00000008e-010   0.01476563
6.05000008e-010   0.01480469
6.10000008e-010   0.01480469
6.15000008e-010   0.01485156
6.20000008e-010     0.014875
6.25000008e-010   0.01495313
6.30000008e-010   0.01495313
6.35000008e-010   0.01498438
6.40000009e-010   0.01498438
6.45000009e-010   0.01496875
6.50000009e-010    0.0149375
6.55000009e-010     0.014875
6.60000009e-010   0.01482031
6.65000009e-010   0.01472656
6.70000009e-010   0.01463281
6.75000009e-010   0.01451563
6.80000009e-010   0.01438281
6.85000009e-010   0.01428125
6.90000009e-010   0.01414844
6.95000009e-010   0.01407813
7.00000009e-010   0.01398438
7.05000009e-010   0.01392969
7.10000009e-010   0.01389844
7.1500001e-010   0.01392188
7.2000001e-010    0.0139375
7.2500001e-010   0.01401563
7.3000001e-010   0.01409375
7.3500001e-010   0.01417969
7.4000001e-010   0.01426563
7.4500001e-010   0.01435938
7.5000001e-010   0.01446875
7.5500001e-010   0.01455469
7.6000001e-010   0.01461719
7.6500001e-010   0.01464844
7.7000001e-010   0.01471875
7.7500001e-010   0.01472656
7.8000001e-010   0.01472656
7.8500001e-010   0.01476563
7.90000011e-010   0.01472656
7.95000011e-010   0.01470313
8.00000011e-010   0.01467969
8.05000011e-010   0.01465625
8.10000011e-010   0.01464844
8.15000011e-010     0.014625
8.20000011e-010   0.01460938
8.25000011e-010   0.01461719
8.30000011e-010     0.014625
8.35000011e-010   0.01464063
8.40000011e-010   0.01467969
8.45000011e-010    0.0146875
8.50000011e-010   0.01471094
8.55000011e-010   0.01473438
8.60000011e-010   0.01476563
8.65000012e-010   0.01478125
8.70000012e-010   0.01480469
8.75000012e-010   0.01478906
8.80000012e-010   0.01476563
8.85000012e-010   0.01479688
8.90000012e-010   0.01476563
8.95000012e-010   0.01479688
9.00000012e-010   0.01478906
9.05000012e-010   0.01482031
9.10000012e-010   0.01480469
9.15000012e-010   0.01484375
9.20000012e-010   0.01489844
9.25000012e-010   0.01491406
9.30000012e-010   0.01499219
9.35000012e-010   0.01503906
9.40000013e-010   0.01507813
9.45000013e-010   0.01516406
9.50000013e-010   0.01522656
9.55000013e-010   0.01528125
9.60000013e-010   0.01538281
9.65000013e-010   0.01546094
9.70000013e-010   0.01550781
9.75000013e-010   0.01557031
9.80000013e-010     0.015625
9.85000013e-010   0.01567969
9.90000013e-010   0.01574219
9.95000013e-010   0.01582031
1.00000001e-009     0.015875
1.00500001e-009   0.01592188
1.01000001e-009   0.01594531
1.01500001e-009   0.01603125
1.02000001e-009   0.01605469
1.02500001e-009   0.01609375
1.03000001e-009     0.016125
1.03500001e-009   0.01613281
1.04000001e-009   0.01615625
1.04500001e-009    0.0161875
1.05000001e-009    0.0161875
1.05500001e-009   0.01617969
1.06000001e-009    0.0161875
1.06500001e-009   0.01617969
1.07000001e-009   0.01617188
1.07500001e-009   0.01614844
1.08000001e-009   0.01610156
1.08500001e-009   0.01608594
1.09000001e-009   0.01603125
1.09500001e-009   0.01599219
1.10000001e-009   0.01595313
1.10500001e-009   0.01592188
1.11000001e-009     0.015875
1.11500001e-009   0.01585156
1.12000001e-009   0.01585156
1.12500002e-009   0.01584375
1.13000002e-009   0.01580469
1.13500002e-009   0.01579688
1.14000002e-009   0.01578906
1.14500002e-009   0.01582813
1.15000002e-009   0.01585938
1.15500002e-009     0.015875
1.16000002e-009   0.01590625
1.16500002e-009   0.01595313
1.17000002e-009   0.01599219
1.17500002e-009   0.01605469
1.18000002e-009   0.01611719
1.18500002e-009   0.01620313
1.19000002e-009   0.01626563
1.19500002e-009    0.0163125
1.20000002e-009   0.01639063
1.20500002e-009   0.01646875
1.21000002e-009   0.01653125
1.21500002e-009   0.01660938
1.22000002e-009   0.01670313
1.22500002e-009   0.01673438
1.23000002e-009   0.01678906
1.23500002e-009   0.01686719
1.24000002e-009   0.01691406
1.24500002e-009   0.01698438
1.25000002e-009   0.01703906
