-2.49000003e-009  -0.01607031
-2.48000003e-009 -0.004734375
-2.47000003e-009       -0.015
-2.46000003e-009 -0.003664062
-2.45000003e-009  -0.01390625
-2.44000003e-009       -0.003
-2.43000003e-009       -0.013
-2.42000003e-009 -0.004726562
-2.41000003e-009  -0.01333594
-2.40000003e-009     -0.00475
-2.39000003e-009       -0.013
-2.38000003e-009       -0.003
-2.37000003e-009       -0.013
-2.36000003e-009 -0.004210937
-2.35000003e-009  -0.01336719
-2.34000003e-009 -0.005203125
-2.33000003e-009  -0.01323438
-2.32000003e-009 -0.004976562
-2.31000003e-009  -0.01364844
-2.30000003e-009 -0.004453125
-2.29000003e-009   -0.0135625
-2.28000003e-009   -0.0038125
-2.27000003e-009       -0.013
-2.26000003e-009 -0.003882812
-2.25000003e-009  -0.01199219
-2.24000003e-009 -0.003460937
-2.23000003e-009  -0.01357813
-2.22000003e-009 -0.002921875
-2.21000003e-009  -0.01315625
-2.20000003e-009 -0.002851562
-2.19000003e-009       -0.013
-2.18000003e-009 -0.0006718747
-2.17000003e-009  -0.01305469
-2.16000003e-009  -0.00234375
-2.15000003e-009  -0.01266406
-2.14000003e-009 -0.002945312
-2.13000003e-009  -0.01257031
-2.12000003e-009 -0.002953125
-2.11000003e-009  -0.01253125
-2.10000003e-009 -0.002960937
-2.09000003e-009       -0.015
-2.08000003e-009       -0.003
-2.07000003e-009   -0.0129375
-2.06000003e-009 -0.002132812
-2.05000003e-009    -0.012375
-2.04000003e-009       -0.003
-2.03000003e-009  -0.01196875
-2.02000003e-009 -0.001421875
-2.01000003e-009  -0.01174219
-2.00000003e-009 -0.001828125
-1.99000003e-009  -0.01092969
-1.98000003e-009 -0.002679687
-1.97000003e-009  -0.01051563
-1.96000003e-009  -0.00265625
-1.95000003e-009  -0.01105469
-1.94000003e-009 -0.0009999997
-1.93000003e-009       -0.011
-1.92000003e-009  -0.00134375
-1.91000003e-009     -0.01075
-1.90000003e-009 -0.001023437
-1.89000003e-009 -0.009578125
-1.88000003e-009 -0.001195312
-1.87000002e-009 -0.009773438
-1.86000002e-009 -0.0005624997
-1.85000002e-009 -0.009890625
-1.84000002e-009  0.001117188
-1.83000002e-009  -0.01136719
-1.82000002e-009 7.031285e-005
-1.81000002e-009  -0.01092969
-1.80000002e-009 -0.0008749997
-1.79000002e-009 -0.009328125
-1.78000002e-009 0.0002265629
-1.77000002e-009 -0.009804688
-1.76000002e-009        0.001
-1.75000002e-009 -0.009890625
-1.74000002e-009  0.001632813
-1.73000002e-009   -0.0100625
-1.72000002e-009        0.001
-1.71000002e-009       -0.009
-1.70000002e-009        0.001
-1.69000002e-009       -0.011
-1.68000002e-009 -0.0001953122
-1.67000002e-009       -0.009
-1.66000002e-009        0.001
-1.65000002e-009  -0.01004688
-1.64000002e-009 0.0009765629
-1.63000002e-009  -0.00984375
-1.62000002e-009 0.0004296879
-1.61000002e-009 -0.008234375
-1.60000002e-009        0.001
-1.59000002e-009       -0.009
-1.58000002e-009  0.001632813
-1.57000002e-009  -0.00803125
-1.56000002e-009        0.001
-1.55000002e-009 -0.008640625
-1.54000002e-009   0.00109375
-1.53000002e-009       -0.009
-1.52000002e-009        0.003
-1.51000002e-009 -0.008132813
-1.50000002e-009   0.00203125
-1.49000002e-009   -0.0074375
-1.48000002e-009  0.001601563
-1.47000002e-009 -0.006914062
-1.46000002e-009        0.001
-1.45000002e-009 -0.009085938
-1.44000002e-009  0.001335938
-1.43000002e-009 -0.007695313
-1.42000002e-009  0.001210938
-1.41000002e-009 -0.006953125
-1.40000002e-009  0.003773438
-1.39000002e-009 -0.008007813
-1.38000002e-009  0.003414063
-1.37000002e-009       -0.007
-1.36000002e-009        0.003
-1.35000002e-009 -0.006539062
-1.34000002e-009        0.003
-1.33000002e-009   -0.0076875
-1.32000002e-009        0.003
-1.31000002e-009 -0.009164063
-1.30000002e-009        0.003
-1.29000002e-009       -0.009
-1.28000002e-009    0.0029375
-1.27000002e-009 -0.006359375
-1.26000002e-009   0.00165625
-1.25000002e-009 -0.007367188
-1.24000002e-009  0.002195313
-1.23000002e-009 -0.007382813
-1.22000002e-009  0.003226563
-1.21000002e-009 -0.006460937
-1.20000002e-009  0.007000001
-1.19000002e-009       -0.007
-1.18000002e-009  0.005273438
-1.17000002e-009  -0.00821875
-1.16000002e-009        0.003
-1.15000002e-009  -0.00721875
-1.14000002e-009  0.003046875
-1.13000002e-009 -0.006132812
-1.12000001e-009  0.002132813
-1.11000001e-009 -0.005796875
-1.10000001e-009  0.001695313
-1.09000001e-009       -0.007
-1.08000001e-009  0.001578125
-1.07000001e-009   -0.0066875
-1.06000001e-009  0.001492188
-1.05000001e-009  -0.00896875
-1.04000001e-009  0.002929688
-1.03000001e-009 -0.007914063
-1.02000001e-009  0.003242188
-1.01000001e-009 -0.006976562
-1.00000001e-009  0.002835938
-9.90000013e-010       -0.007
-9.80000013e-010  0.002820313
-9.70000013e-010 -0.006351562
-9.60000013e-010  0.002382813
-9.50000013e-010 -0.007070312
-9.40000013e-010      0.00125
-9.30000012e-010       -0.007
-9.20000012e-010       0.0025
-9.10000012e-010   -0.0079375
-9.00000012e-010   0.00215625
-8.90000012e-010 -0.007554688
-8.80000012e-010        0.003
-8.70000012e-010 -0.007710938
-8.60000011e-010     0.002375
-8.50000011e-010 -0.007445313
-8.40000011e-010        0.003
-8.30000011e-010 -0.007265625
-8.20000011e-010 0.0003515629
-8.10000011e-010 -0.007984375
-8.00000011e-010 0.0007265629
-7.90000011e-010 -0.008289063
-7.8000001e-010        0.001
-7.7000001e-010  -0.00715625
-7.6000001e-010 -3.124965e-005
-7.5000001e-010 -0.008585938
-7.4000001e-010        0.001
-7.3000001e-010 -0.009507813
-7.2000001e-010 -0.0009609372
-7.10000009e-010  -0.00971875
-7.00000009e-010   -0.0021875
-6.90000009e-010  -0.01128906
-6.80000009e-010 -0.002890625
-6.70000009e-010  -0.01204688
-6.60000009e-010 -0.003328125
-6.50000009e-010  -0.01402344
-6.40000009e-010 -0.004289062
-6.30000008e-010  -0.01714844
-6.20000008e-010 -0.009195313
-6.10000008e-010  -0.02185156
-6.00000008e-010       -0.015
-5.90000008e-010       -0.029
-5.80000008e-010  -0.02235156
-5.70000008e-010    -0.038125
-5.60000007e-010       -0.031
-5.50000007e-010  -0.05108594
-5.40000007e-010  -0.04261719
-5.30000007e-010  -0.06224219
-5.20000007e-010  -0.05490625
-5.10000007e-010  -0.07530469
-5.00000007e-010       -0.067
-4.90000007e-010  -0.09197657
-4.80000006e-010   -0.0831875
-4.70000006e-010       -0.109
-4.60000006e-010       -0.099
-4.50000006e-010   -0.1227422
-4.40000006e-010   -0.1142656
-4.30000006e-010   -0.1364063
-4.20000006e-010   -0.1264688
-4.10000005e-010   -0.1428359
-4.00000005e-010   -0.1335781
-3.90000005e-010       -0.149
-3.80000005e-010   -0.1374922
-3.70000005e-010       -0.153
-3.60000005e-010   -0.1404141
-3.50000005e-010   -0.1532266
-3.40000005e-010   -0.1395234
-3.30000004e-010       -0.153
-3.20000004e-010   -0.1384219
-3.10000004e-010       -0.149
-3.00000004e-010   -0.1336719
-2.90000004e-010       -0.147
-2.80000004e-010   -0.1309297
-2.70000004e-010   -0.1397422
-2.60000003e-010   -0.1275781
-2.50000003e-010       -0.137
-2.40000003e-010    -0.122375
-2.30000003e-010   -0.1320938
-2.20000003e-010   -0.1186016
-2.10000003e-010       -0.127
-2.00000003e-010   -0.1094375
-1.90000003e-010   -0.1188203
-1.80000002e-010  -0.09936719
-1.70000002e-010       -0.109
-1.60000002e-010       -0.089
-1.50000002e-010       -0.099
-1.40000002e-010  -0.07685157
-1.30000002e-010  -0.08574219
-1.20000002e-010  -0.06136719
-1.10000001e-010  -0.06950782
-1.00000001e-010       -0.045
-9.00000012e-011  -0.05348438
-8.00000011e-011  -0.03035938
-7.00000009e-011      -0.0375
-6.00000008e-011  -0.01695313
-5.00000007e-011       -0.023
-4.00000005e-011 -0.006296875
-3.00000004e-011  -0.01091406
-2.00000003e-011  0.003289063
-1.00000001e-011 -0.001585937
           0        0.011
1.00000001e-011  0.002554688
2.00000003e-011        0.015
3.00000004e-011  0.006109376
4.00000005e-011        0.019
5.00000007e-011  0.006796876
6.00000008e-011        0.019
7.00000009e-011  0.007000001
8.00000011e-011        0.019
9.00000012e-011  0.006640626
1.00000001e-010   0.01703125
1.10000001e-010  0.005390626
1.20000002e-010   0.01499219
1.30000002e-010  0.005000001
1.40000002e-010   0.01452344
1.50000002e-010  0.005000001
1.60000002e-010        0.015
1.70000002e-010  0.004851563
1.80000002e-010        0.015
1.90000003e-010  0.005921876
2.00000003e-010   0.01710938
2.10000003e-010  0.007000001
2.20000003e-010   0.01855469
2.30000003e-010  0.009812501
2.40000003e-010   0.01960156
2.50000003e-010   0.01234375
2.60000003e-010   0.02145313
2.70000004e-010   0.01289844
2.80000004e-010        0.023
2.90000004e-010   0.01334375
3.00000004e-010   0.02417969
3.10000004e-010   0.01417188
3.20000004e-010   0.02553125
3.30000004e-010        0.015
3.40000005e-010   0.02595313
3.50000005e-010   0.01444531
3.60000005e-010        0.025
3.70000005e-010   0.01464844
3.80000005e-010   0.02423438
3.90000005e-010   0.01254688
4.00000005e-010   0.02347656
4.10000005e-010        0.011
4.20000006e-010   0.02257031
4.30000006e-010  0.009531251
4.40000006e-010   0.02120313
4.50000006e-010  0.009000001
4.60000006e-010        0.021
4.70000006e-010        0.011
4.80000006e-010   0.02101563
4.90000007e-010   0.01055469
5.00000007e-010        0.021
5.10000007e-010   0.01010938
5.20000007e-010   0.02153906
5.30000007e-010  0.009000001
5.40000007e-010   0.02039844
5.50000007e-010  0.009203126
5.60000007e-010    0.0208125
5.70000008e-010  0.009000001
5.80000008e-010   0.01967188
5.90000008e-010   0.01025781
6.00000008e-010      0.02075
6.10000008e-010  0.009000001
6.20000008e-010        0.021
6.30000008e-010   0.01064063
6.40000009e-010   0.01967188
6.50000009e-010  0.009445313
6.60000009e-010        0.019
6.70000009e-010  0.007859376
6.80000009e-010   0.02069531
6.90000009e-010  0.009000001
7.00000009e-010   0.01998438
7.10000009e-010   0.01039063
7.2000001e-010   0.01775781
7.3000001e-010  0.009523438
7.4000001e-010    0.0184375
7.5000001e-010  0.008695313
7.6000001e-010        0.019
7.7000001e-010  0.009000001
7.8000001e-010   0.01916406
7.90000011e-010  0.009000001
8.00000011e-010   0.02079688
8.10000011e-010  0.009000001
8.20000011e-010   0.02022656
8.30000011e-010  0.008687501
8.40000011e-010   0.02016406
8.50000011e-010  0.009906251
8.60000011e-010   0.01996094
8.70000012e-010  0.009000001
8.80000012e-010   0.01900781
8.90000012e-010  0.009023438
9.00000012e-010   0.02133594
9.10000012e-010  0.009000001
9.20000012e-010   0.02007031
9.30000012e-010  0.008859376
9.40000013e-010    0.0215625
9.50000013e-010  0.009390626
9.60000013e-010    0.0201875
9.70000013e-010  0.009000001
9.80000013e-010        0.021
9.90000013e-010   0.01107813
1.00000001e-009      0.02275
1.01000001e-009        0.011
1.02000001e-009   0.02216406
1.03000001e-009   0.01071875
1.04000001e-009   0.02002344
1.05000001e-009        0.011
1.06000001e-009   0.01985938
1.07000001e-009    0.0100625
1.08000001e-009   0.01997656
1.09000001e-009  0.009820313
1.10000001e-009   0.02017969
1.11000001e-009   0.01039844
1.12000001e-009   0.02092969
1.13000002e-009  0.009507813
1.14000002e-009   0.02009375
1.15000002e-009   0.01014844
1.16000002e-009   0.02273438
1.17000002e-009   0.01079688
1.18000002e-009   0.02217188
1.19000002e-009   0.01178906
1.20000002e-009        0.023
1.21000002e-009   0.01089063
1.22000002e-009   0.02332031
1.23000002e-009        0.013
1.24000002e-009   0.02271094
1.25000002e-009   0.01266406
1.26000002e-009   0.02233594
1.27000002e-009        0.013
1.28000002e-009   0.02346875
1.29000002e-009   0.01352344
1.30000002e-009        0.023
1.31000002e-009   0.01335938
1.32000002e-009        0.025
1.33000002e-009   0.01308594
1.34000002e-009   0.02388281
1.35000002e-009   0.01299219
1.36000002e-009     0.024625
1.37000002e-009   0.01319531
1.38000002e-009   0.02334375
1.39000002e-009   0.01385938
1.40000002e-009   0.02426563
1.41000002e-009   0.01333594
1.42000002e-009   0.02404688
1.43000002e-009   0.01165625
1.44000002e-009   0.02411719
1.45000002e-009   0.01253125
1.46000002e-009        0.023
1.47000002e-009  0.009000001
1.48000002e-009   0.02245313
1.49000002e-009  0.009062501
1.50000002e-009        0.023
1.51000002e-009   0.01244531
1.52000002e-009   0.02132031
1.53000002e-009   0.01103125
1.54000002e-009   0.02174219
1.55000002e-009   0.01083594
1.56000002e-009    0.0213125
1.57000002e-009   0.01134375
1.58000002e-009   0.02057031
1.59000002e-009        0.011
1.60000002e-009   0.01974219
1.61000002e-009  0.009000001
1.62000002e-009        0.021
1.63000002e-009   0.01097656
1.64000002e-009   0.02040625
1.65000002e-009  0.009312501
1.66000002e-009        0.021
1.67000002e-009  0.009601563
1.68000002e-009       0.0195
1.69000002e-009  0.009351563
1.70000002e-009   0.02084375
1.71000002e-009    0.0101875
1.72000002e-009   0.02033594
1.73000002e-009   0.01017969
1.74000002e-009   0.01947656
1.75000002e-009  0.008093751
1.76000002e-009        0.021
1.77000002e-009  0.007000001
1.78000002e-009   0.01980469
1.79000002e-009  0.008804688
1.80000002e-009   0.01833594
1.81000002e-009  0.009054688
1.82000002e-009        0.019
1.83000002e-009  0.008906251
1.84000002e-009   0.01932813
1.85000002e-009  0.009000001
1.86000002e-009   0.01907031
1.87000002e-009  0.009000001
1.88000003e-009   0.02207813
1.89000003e-009    0.0101875
1.90000003e-009   0.02258594
1.91000003e-009   0.01073438
1.92000003e-009   0.02071094
1.93000003e-009   0.01036719
1.94000003e-009        0.021
1.95000003e-009  0.009476563
1.96000003e-009        0.019
1.97000003e-009  0.008726563
1.98000003e-009   0.01920313
1.99000003e-009  0.008500001
2.00000003e-009        0.019
2.01000003e-009  0.008640626
2.02000003e-009   0.01946875
2.03000003e-009  0.007937501
2.04000003e-009   0.01903125
2.05000003e-009  0.009000001
2.06000003e-009   0.01967969
2.07000003e-009  0.009000001
2.08000003e-009   0.01897656
2.09000003e-009  0.008562501
2.10000003e-009   0.02078906
2.11000003e-009  0.009328126
2.12000003e-009   0.02020313
2.13000003e-009   0.01053906
2.14000003e-009   0.01958594
2.15000003e-009   0.01066406
2.16000003e-009        0.021
2.17000003e-009   0.01003906
2.18000003e-009   0.02074219
2.19000003e-009  0.008632813
2.20000003e-009   0.01867969
2.21000003e-009  0.009000001
2.22000003e-009   0.01910156
2.23000003e-009  0.008773438
2.24000003e-009   0.01827344
2.25000003e-009   0.01063281
2.26000003e-009        0.019
2.27000003e-009  0.007000001
2.28000003e-009        0.019
2.29000003e-009  0.009281251
2.30000003e-009        0.019
2.31000003e-009  0.008757813
2.32000003e-009    0.0194375
2.33000003e-009  0.008203126
2.34000003e-009        0.019
2.35000003e-009  0.007000001
2.36000003e-009   0.01759375
2.37000003e-009  0.009000001
2.38000003e-009   0.01761719
2.39000003e-009  0.009000001
2.40000003e-009   0.01907031
2.41000003e-009  0.008617188
2.42000003e-009   0.01827344
2.43000003e-009  0.007250001
2.44000003e-009   0.01735938
2.45000003e-009  0.007656251
2.46000003e-009   0.01763281
2.47000003e-009  0.009000001
2.48000003e-009   0.01785156
2.49000003e-009  0.008476563
2.50000003e-009   0.01920313
