+3.00000000000E+005  -7.49893012597E+001
+7.79850000000E+006  -8.00076838084E+001
+1.52970000000E+007  -7.63343414206E+001
+2.27955000000E+007  -7.20718307943E+001
+3.02940000000E+007  -7.09209672241E+001
+3.77925000000E+007  -7.07573614695E+001
+4.52910000000E+007  -7.17991717622E+001
+5.27895000000E+007  -6.79226243963E+001
+6.02880000000E+007  -6.19536011476E+001
+6.77865000000E+007  -6.81759406921E+001
+7.52850000000E+007  -6.20727454571E+001
+8.27835000000E+007  -6.81844980376E+001
+9.02820000000E+007  -7.70943256277E+001
+9.77805000000E+007  -6.71070776970E+001
+1.05279000000E+008  -6.65359217616E+001
+1.12777500000E+008  -6.33537280336E+001
+1.20276000000E+008  -6.60300724934E+001
+1.27774500000E+008  -6.15301685382E+001
+1.35273000000E+008  -7.04180790541E+001
+1.42771500000E+008  -6.54116506014E+001
+1.50270000000E+008  -6.09381673459E+001
+1.57768500000E+008  -7.23754291110E+001
+1.65267000000E+008  -5.14261951247E+001
+1.72765500000E+008  -6.09731417841E+001
+1.80264000000E+008  -5.28774599227E+001
+1.87762500000E+008  -5.44403529807E+001
+1.95261000000E+008  -6.08745258918E+001
+2.02759500000E+008  -5.37783394330E+001
+2.10258000000E+008  -5.42268395070E+001
+2.17756500000E+008  -5.82316979786E+001
+2.25255000000E+008  -5.82126228127E+001
+2.32753500000E+008  -5.99561577258E+001
+2.40252000000E+008  -5.36792957528E+001
+2.47750500000E+008  -5.72118023334E+001
+2.55249000000E+008  -5.22858355365E+001
+2.62747500000E+008  -5.60966274052E+001
+2.70246000000E+008  -6.22532452266E+001
+2.77744500000E+008  -5.31132054919E+001
+2.85243000000E+008  -5.78771497105E+001
+2.92741500000E+008  -5.74032680875E+001
+3.00240000000E+008  -5.58058233732E+001
+3.07738500000E+008  -6.01872949983E+001
+3.15237000000E+008  -6.10626575082E+001
+3.22735500000E+008  -5.81937944858E+001
+3.30234000000E+008  -8.42675528686E+001
+3.37732500000E+008  -5.60458590301E+001
+3.45231000000E+008  -5.72496262784E+001
+3.52729500000E+008  -5.59384462396E+001
+3.60228000000E+008  -5.33129985532E+001
+3.67726500000E+008  -6.29244532665E+001
+3.75225000000E+008  -5.95245881564E+001
+3.82723500000E+008  -5.42650265249E+001
+3.90222000000E+008  -6.59769300415E+001
+3.97720500000E+008  -6.26921037961E+001
+4.05219000000E+008  -5.69549002815E+001
+4.12717500000E+008  -6.41467481966E+001
+4.20216000000E+008  -5.71491983509E+001
+4.27714500000E+008  -5.35161852798E+001
+4.35213000000E+008  -5.94814874371E+001
+4.42711500000E+008  -6.58298125126E+001
+4.50210000000E+008  -7.39696706614E+001
+4.57708500000E+008  -6.03918400800E+001
+4.65207000000E+008  -5.52285136342E+001
+4.72705500000E+008  -5.36075866838E+001
+4.80204000000E+008  -6.90331311511E+001
+4.87702500000E+008  -6.65159985567E+001
+4.95201000000E+008  -6.26534698065E+001
+5.02699500000E+008  -5.77831418122E+001
+5.10198000000E+008  -5.73028780398E+001
+5.17696500000E+008  -5.89876208327E+001
+5.25195000000E+008  -5.73276422680E+001
+5.32693500000E+008  -7.34981087755E+001
+5.40192000000E+008  -5.78433181611E+001
+5.47690500000E+008  -6.34395837933E+001
+5.55189000000E+008  -6.44463499088E+001
+5.62687500000E+008  -5.81985631090E+001
+5.70186000000E+008  -6.36217688140E+001
+5.77684500000E+008  -6.54181196796E+001
+5.85183000000E+008  -6.42181632929E+001
+5.92681500000E+008  -6.80863706938E+001
+6.00180000000E+008  -6.07680593538E+001
+6.07678500000E+008  -6.08859959792E+001
+6.15177000000E+008  -6.06803492783E+001
+6.22675500000E+008  -6.05316409284E+001
+6.30174000000E+008  -6.82456301096E+001
+6.37672500000E+008  -5.73495357293E+001
+6.45171000000E+008  -6.36730854611E+001
+6.52669500000E+008  -5.54992388085E+001
+6.60168000000E+008  -6.13155761685E+001
+6.67666500000E+008  -6.14865972967E+001
+6.75165000000E+008  -5.80647046093E+001
+6.82663500000E+008  -5.70186589258E+001
+6.90162000000E+008  -6.55929202765E+001
+6.97660500000E+008  -6.66337962411E+001
+7.05159000000E+008  -5.44928539754E+001
+7.12657500000E+008  -6.53230414989E+001
+7.20156000000E+008  -6.08533367696E+001
+7.27654500000E+008  -6.32737972096E+001
+7.35153000000E+008  -6.13589225969E+001
+7.42651500000E+008  -7.10968962176E+001
+7.50150000000E+008  -5.99411703753E+001
+7.57648500000E+008  -6.27251191629E+001
+7.65147000000E+008  -7.04915030301E+001
+7.72645500000E+008  -5.97367475951E+001
+7.80144000000E+008  -6.46686903910E+001
+7.87642500000E+008  -6.33650906840E+001
+7.95141000000E+008  -6.20018279888E+001
+8.02639500000E+008  -6.25222369552E+001
+8.10138000000E+008  -6.68894651733E+001
+8.17636500000E+008  -6.52647303556E+001
+8.25135000000E+008  -6.57448590120E+001
+8.32633500000E+008  -6.60527712557E+001
+8.40132000000E+008  -6.08835322853E+001
+8.47630500000E+008  -5.96367860402E+001
+8.55129000000E+008  -6.32757296038E+001
+8.62627500000E+008  -6.18429028934E+001
+8.70126000000E+008  -6.49234676691E+001
+8.77624500000E+008  -6.09043917895E+001
+8.85123000000E+008  -6.39975114842E+001
+8.92621500000E+008  -6.06520967450E+001
+9.00120000000E+008  -7.05252331867E+001
+9.07618500000E+008  -6.65077711115E+001
+9.15117000000E+008  -7.33825532599E+001
+9.22615500000E+008  -6.13762326852E+001
+9.30114000000E+008  -6.00574786095E+001
+9.37612500000E+008  -6.68342581599E+001
+9.45111000000E+008  -6.03345412239E+001
+9.52609500000E+008  -6.66834530331E+001
+9.60108000000E+008  -6.56152776698E+001
+9.67606500000E+008  -5.65822149604E+001
+9.75105000000E+008  -6.87893144741E+001
+9.82603500000E+008  -6.60299969353E+001
+9.90102000000E+008  -6.14421669567E+001
+9.97600500000E+008  -6.86989769852E+001
+1.00509900000E+009  -7.32756135264E+001
+1.01259750000E+009  -7.39261076850E+001
+1.02009600000E+009  -6.41516343728E+001
+1.02759450000E+009  -7.19557792720E+001
+1.03509300000E+009  -6.22289312421E+001
+1.04259150000E+009  -7.04238086995E+001
+1.05009000000E+009  -6.15624774445E+001
+1.05758850000E+009  -6.46735564192E+001
+1.06508700000E+009  -7.12815775964E+001
+1.07258550000E+009  -6.66004414899E+001
+1.08008400000E+009  -7.43181437517E+001
+1.08758250000E+009  -6.89757797518E+001
+1.09508100000E+009  -6.88732844455E+001
+1.10257950000E+009  -6.46979131578E+001
+1.11007800000E+009  -6.91008559706E+001
+1.11757650000E+009  -6.60169538350E+001
+1.12507500000E+009  -6.70936349922E+001
+1.13257350000E+009  -7.38967308844E+001
+1.14007200000E+009  -6.98586699405E+001
+1.14757050000E+009  -6.34870549709E+001
+1.15506900000E+009  -8.36723905427E+001
+1.16256750000E+009  -6.56543645041E+001
+1.17006600000E+009  -6.52812887737E+001
+1.17756450000E+009  -7.13294429395E+001
+1.18506300000E+009  -7.04301533994E+001
+1.19256150000E+009  -8.51224598032E+001
+1.20006000000E+009  -6.64229715471E+001
+1.20755850000E+009  -7.67282522553E+001
+1.21505700000E+009  -7.25907476221E+001
+1.22255550000E+009  -6.22928149233E+001
+1.23005400000E+009  -7.77457122885E+001
+1.23755250000E+009  -6.64421406117E+001
+1.24505100000E+009  -7.30158515268E+001
+1.25254950000E+009  -7.40210383353E+001
+1.26004800000E+009  -7.00962073745E+001
+1.26754650000E+009  -7.24753446339E+001
+1.27504500000E+009  -6.93295445332E+001
+1.28254350000E+009  -7.44157975201E+001
+1.29004200000E+009  -6.22561606001E+001
+1.29754050000E+009  -8.13389464081E+001
+1.30503900000E+009  -7.59531354090E+001
+1.31253750000E+009  -7.04693622255E+001
+1.32003600000E+009  -7.20842006784E+001
+1.32753450000E+009  -7.47893708962E+001
+1.33503300000E+009  -7.33892101349E+001
+1.34253150000E+009  -7.67198345479E+001
+1.35003000000E+009  -7.51699965919E+001
+1.35752850000E+009  -6.60461839746E+001
+1.36502700000E+009  -6.60904640076E+001
+1.37252550000E+009  -8.55978173821E+001
+1.38002400000E+009  -6.92011771908E+001
+1.38752250000E+009  -7.01764810894E+001
+1.39502100000E+009  -8.83940315128E+001
+1.40251950000E+009  -7.17253329903E+001
+1.41001800000E+009  -7.31249858285E+001
+1.41751650000E+009  -7.61773892829E+001
+1.42501500000E+009  -6.57422421655E+001
+1.43251350000E+009  -7.54969463504E+001
+1.44001200000E+009  -7.16497336156E+001
+1.44751050000E+009  -7.66107953278E+001
+1.45500900000E+009  -7.27747008241E+001
+1.46250750000E+009  -7.14437428928E+001
+1.47000600000E+009  -7.16016171345E+001
+1.47750450000E+009  -7.53732509681E+001
+1.48500300000E+009  -7.50478133561E+001
+1.49250150000E+009  -6.68640435075E+001
+1.50000000000E+009  -7.04956487340E+001
