-1.24500002e-009 -0.002523437
-1.24000002e-009 -0.002539062
-1.23500002e-009 -0.002515625
-1.23000002e-009 -0.002484375
-1.22500002e-009 -0.002429687
-1.22000002e-009 -0.002398437
-1.21500002e-009 -0.002359375
-1.21000002e-009  -0.00234375
-1.20500002e-009 -0.002265625
-1.20000002e-009 -0.002226562
-1.19500002e-009 -0.002164062
-1.19000002e-009 -0.002148437
-1.18500002e-009 -0.002101562
-1.18000002e-009  -0.00209375
-1.17500002e-009 -0.002070312
-1.17000002e-009 -0.002109375
-1.16500002e-009 -0.002101562
-1.16000002e-009    -0.002125
-1.15500002e-009  -0.00215625
-1.15000002e-009 -0.002226562
-1.14500002e-009 -0.002257812
-1.14000002e-009 -0.002320312
-1.13500002e-009    -0.002375
-1.13000002e-009 -0.002429687
-1.12500002e-009 -0.002453125
-1.12000001e-009  -0.00246875
-1.11500001e-009 -0.002460937
-1.11000001e-009 -0.002453125
-1.10500001e-009 -0.002453125
-1.10000001e-009 -0.002398437
-1.09500001e-009 -0.002367187
-1.09000001e-009 -0.002320312
-1.08500001e-009 -0.002289062
-1.08000001e-009     -0.00225
-1.07500001e-009 -0.002195312
-1.07000001e-009 -0.002179687
-1.06500001e-009 -0.002164062
-1.06000001e-009 -0.002171875
-1.05500001e-009 -0.002148437
-1.05000001e-009 -0.002179687
-1.04500001e-009 -0.002171875
-1.04000001e-009 -0.002234375
-1.03500001e-009  -0.00228125
-1.03000001e-009 -0.002335937
-1.02500001e-009  -0.00240625
-1.02000001e-009  -0.00246875
-1.01500001e-009  -0.00253125
-1.01000001e-009 -0.002570312
-1.00500001e-009 -0.002632812
-1.00000001e-009 -0.002703125
-9.95000013e-010 -0.002726562
-9.90000013e-010 -0.002773437
-9.85000013e-010     -0.00275
-9.80000013e-010 -0.002789062
-9.75000013e-010 -0.002835937
-9.70000013e-010  -0.00284375
-9.65000013e-010 -0.002851562
-9.60000013e-010 -0.002859375
-9.55000013e-010 -0.002851562
-9.50000013e-010 -0.002859375
-9.45000013e-010 -0.002851562
-9.40000013e-010  -0.00284375
-9.35000012e-010 -0.002828125
-9.30000012e-010 -0.002867187
-9.25000012e-010 -0.002851562
-9.20000012e-010 -0.002882812
-9.15000012e-010 -0.002890625
-9.10000012e-010   -0.0029375
-9.05000012e-010 -0.002976562
-9.00000012e-010 -0.003007812
-8.95000012e-010   -0.0030625
-8.90000012e-010 -0.003132812
-8.85000012e-010   -0.0031875
-8.80000012e-010  -0.00328125
-8.75000012e-010 -0.003367187
-8.70000012e-010 -0.003460937
-8.65000012e-010      -0.0035
-8.60000011e-010 -0.003578125
-8.55000011e-010 -0.003632812
-8.50000011e-010   -0.0036875
-8.45000011e-010  -0.00371875
-8.40000011e-010 -0.003734375
-8.35000011e-010 -0.003820312
-8.30000011e-010 -0.003828125
-8.25000011e-010    -0.003875
-8.20000011e-010 -0.003914062
-8.15000011e-010 -0.003945312
-8.10000011e-010 -0.003992187
-8.05000011e-010 -0.004070312
-8.00000011e-010 -0.004148437
-7.95000011e-010 -0.004195312
-7.90000011e-010 -0.004304687
-7.8500001e-010 -0.004429687
-7.8000001e-010   -0.0045625
-7.7500001e-010 -0.004742187
-7.7000001e-010 -0.004898437
-7.6500001e-010  -0.00503125
-7.6000001e-010 -0.005203125
-7.5500001e-010    -0.005375
-7.5000001e-010      -0.0055
-7.4500001e-010 -0.005664062
-7.4000001e-010 -0.005820312
-7.3500001e-010 -0.005976562
-7.3000001e-010 -0.006179687
-7.2500001e-010 -0.006421875
-7.2000001e-010 -0.006664062
-7.1500001e-010 -0.006882812
-7.10000009e-010 -0.007195312
-7.05000009e-010 -0.007484375
-7.00000009e-010 -0.007828125
-6.95000009e-010   -0.0081875
-6.90000009e-010 -0.008601563
-6.85000009e-010 -0.009101563
-6.80000009e-010   -0.0096875
-6.75000009e-010  -0.01027344
-6.70000009e-010  -0.01096094
-6.65000009e-010  -0.01171875
-6.60000009e-010  -0.01254688
-6.55000009e-010   -0.0134375
-6.50000009e-010  -0.01436719
-6.45000009e-010   -0.0154375
-6.40000009e-010  -0.01660156
-6.35000008e-010  -0.01791406
-6.30000008e-010  -0.01935938
-6.25000008e-010   -0.0209375
-6.20000008e-010  -0.02269531
-6.15000008e-010  -0.02451563
-6.10000008e-010  -0.02651563
-6.05000008e-010    -0.028625
-6.00000008e-010    -0.030875
-5.95000008e-010  -0.03328125
-5.90000008e-010  -0.03580469
-5.85000008e-010  -0.03848438
-5.80000008e-010  -0.04127344
-5.75000008e-010  -0.04420313
-5.70000008e-010     -0.04725
-5.65000008e-010  -0.05038281
-5.60000007e-010  -0.05361719
-5.55000007e-010  -0.05695313
-5.50000007e-010  -0.06038282
-5.45000007e-010  -0.06391407
-5.40000007e-010  -0.06754688
-5.35000007e-010  -0.07124219
-5.30000007e-010   -0.0750625
-5.25000007e-010   -0.0789375
-5.20000007e-010  -0.08288282
-5.15000007e-010  -0.08690625
-5.10000007e-010  -0.09096094
-5.05000007e-010  -0.09502344
-5.00000007e-010  -0.09907813
-4.95000007e-010   -0.1030781
-4.90000007e-010   -0.1070547
-4.85000006e-010   -0.1109453
-4.80000006e-010   -0.1146797
-4.75000006e-010   -0.1182891
-4.70000006e-010   -0.1217734
-4.65000006e-010   -0.1250781
-4.60000006e-010   -0.1282734
-4.55000006e-010   -0.1312031
-4.50000006e-010   -0.1339766
-4.45000006e-010   -0.1365547
-4.40000006e-010   -0.1388594
-4.35000006e-010       -0.141
-4.30000006e-010   -0.1428906
-4.25000006e-010   -0.1445938
-4.20000006e-010   -0.1461094
-4.15000006e-010   -0.1474766
-4.10000005e-010   -0.1487188
-4.05000005e-010   -0.1497422
-4.00000005e-010   -0.1506172
-3.95000005e-010   -0.1513359
-3.90000005e-010   -0.1518438
-3.85000005e-010   -0.1521641
-3.80000005e-010   -0.1523125
-3.75000005e-010   -0.1523125
-3.70000005e-010   -0.1522031
-3.65000005e-010   -0.1519688
-3.60000005e-010   -0.1516563
-3.55000005e-010   -0.1512266
-3.50000005e-010   -0.1507266
-3.45000005e-010   -0.1501172
-3.40000005e-010   -0.1494453
-3.35000004e-010   -0.1487031
-3.30000004e-010   -0.1478828
-3.25000004e-010   -0.1470625
-3.20000004e-010   -0.1462813
-3.15000004e-010   -0.1455313
-3.10000004e-010   -0.1448047
-3.05000004e-010   -0.1440781
-3.00000004e-010   -0.1434688
-2.95000004e-010   -0.1428125
-2.90000004e-010   -0.1421875
-2.85000004e-010   -0.1416016
-2.80000004e-010   -0.1409297
-2.75000004e-010   -0.1402969
-2.70000004e-010   -0.1396641
-2.65000004e-010   -0.1390234
-2.60000003e-010   -0.1383906
-2.55000003e-010   -0.1377266
-2.50000003e-010   -0.1370156
-2.45000003e-010   -0.1362734
-2.40000003e-010   -0.1354531
-2.35000003e-010   -0.1345703
-2.30000003e-010   -0.1335859
-2.25000003e-010   -0.1325156
-2.20000003e-010   -0.1314063
-2.15000003e-010   -0.1302344
-2.10000003e-010   -0.1290234
-2.05000003e-010   -0.1277344
-2.00000003e-010   -0.1263359
-1.95000003e-010   -0.1248594
-1.90000003e-010   -0.1233359
-1.85000002e-010   -0.1216563
-1.80000002e-010   -0.1198828
-1.75000002e-010   -0.1179766
-1.70000002e-010   -0.1159219
-1.65000002e-010   -0.1137969
-1.60000002e-010   -0.1115547
-1.55000002e-010   -0.1092188
-1.50000002e-010   -0.1067031
-1.45000002e-010   -0.1041016
-1.40000002e-010   -0.1013281
-1.35000002e-010  -0.09844532
-1.30000002e-010  -0.09544532
-1.25000002e-010  -0.09230469
-1.20000002e-010  -0.08905469
-1.15000002e-010  -0.08567969
-1.10000001e-010  -0.08226563
-1.05000001e-010  -0.07870313
-1.00000001e-010    -0.075125
-9.50000013e-011  -0.07142188
-9.00000012e-011  -0.06771094
-8.50000011e-011  -0.06392188
-8.00000011e-011  -0.06009375
-7.5000001e-011  -0.05626563
-7.00000009e-011  -0.05239063
-6.50000009e-011      -0.0485
-6.00000008e-011  -0.04460938
-5.50000007e-011  -0.04076563
-5.00000007e-011   -0.0369375
-4.50000006e-011  -0.03315625
-4.00000005e-011  -0.02945313
-3.50000005e-011  -0.02582031
-3.00000004e-011  -0.02228125
-2.50000003e-011   -0.0188125
-2.00000003e-011  -0.01544531
-1.50000002e-011  -0.01221875
-1.00000001e-011 -0.009078125
-5.00000007e-012 -0.006039062
           0 -0.003226562
5.00000007e-012 -0.0005156247
1.00000001e-011  0.002015625
1.50000002e-011  0.004343751
2.00000003e-011  0.006460938
2.50000003e-011  0.008468751
3.00000004e-011   0.01025781
3.50000005e-011   0.01191406
4.00000005e-011     0.013375
4.50000006e-011   0.01467188
5.00000007e-011   0.01580469
5.50000007e-011   0.01676563
6.00000008e-011   0.01755469
6.50000009e-011   0.01816406
7.00000009e-011   0.01864844
7.5000001e-011   0.01900781
8.00000011e-011   0.01926563
8.50000011e-011   0.01939844
9.00000012e-011   0.01947656
9.50000013e-011       0.0195
1.00000001e-010   0.01938281
1.05000001e-010   0.01922656
1.10000001e-010   0.01901563
1.15000002e-010   0.01870313
1.20000002e-010   0.01832031
1.25000002e-010   0.01790625
1.30000002e-010   0.01745313
1.35000002e-010   0.01703125
1.40000002e-010   0.01659375
1.45000002e-010   0.01614844
1.50000002e-010   0.01569531
1.55000002e-010   0.01521875
1.60000002e-010   0.01480469
1.65000002e-010   0.01439844
1.70000002e-010   0.01400781
1.75000002e-010   0.01363281
1.80000002e-010   0.01339844
1.85000002e-010   0.01314063
1.90000003e-010   0.01300781
1.95000003e-010    0.0129375
2.00000003e-010   0.01291406
2.05000003e-010   0.01292969
2.10000003e-010   0.01303125
2.15000003e-010   0.01321094
2.20000003e-010   0.01342969
2.25000003e-010   0.01373438
2.30000003e-010   0.01404688
2.35000003e-010   0.01446875
2.40000003e-010   0.01494531
2.45000003e-010   0.01548438
2.50000003e-010   0.01607031
2.55000003e-010    0.0166875
2.60000003e-010   0.01732031
2.65000004e-010   0.01802344
2.70000004e-010   0.01876563
2.75000004e-010   0.01950781
2.80000004e-010   0.02025781
2.85000004e-010   0.02102344
2.90000004e-010   0.02174219
2.95000004e-010   0.02246875
3.00000004e-010   0.02314844
3.05000004e-010   0.02374219
3.10000004e-010   0.02432031
3.15000004e-010   0.02478125
3.20000004e-010   0.02520313
3.25000004e-010   0.02548438
3.30000004e-010   0.02571875
3.35000004e-010   0.02584375
3.40000005e-010   0.02588281
3.45000005e-010   0.02589844
3.50000005e-010   0.02575781
3.55000005e-010   0.02564063
3.60000005e-010   0.02542188
3.65000005e-010    0.0251875
3.70000005e-010   0.02489844
3.75000005e-010   0.02458594
3.80000005e-010   0.02426563
3.85000005e-010   0.02391406
3.90000005e-010   0.02357031
3.95000005e-010   0.02326563
4.00000005e-010   0.02291406
4.05000005e-010   0.02255469
4.10000005e-010   0.02221094
4.15000006e-010   0.02182031
4.20000006e-010   0.02144531
4.25000006e-010   0.02107031
4.30000006e-010   0.02067188
4.35000006e-010   0.02030469
4.40000006e-010   0.01989063
4.45000006e-010   0.01949219
4.50000006e-010   0.01908594
4.55000006e-010   0.01867188
4.60000006e-010   0.01832031
4.65000006e-010   0.01796094
4.70000006e-010   0.01761719
4.75000006e-010   0.01728906
4.80000006e-010   0.01703906
4.85000006e-010   0.01682031
4.90000007e-010   0.01663281
4.95000007e-010    0.0164375
5.00000007e-010   0.01636719
5.05000007e-010   0.01628906
5.10000007e-010   0.01629688
5.15000007e-010   0.01629688
5.20000007e-010   0.01636719
5.25000007e-010   0.01640625
5.30000007e-010   0.01651563
5.35000007e-010   0.01659375
5.40000007e-010   0.01671094
5.45000007e-010   0.01679688
5.50000007e-010   0.01691406
5.55000007e-010   0.01698438
5.60000007e-010   0.01703906
5.65000008e-010   0.01707031
5.70000008e-010   0.01713281
5.75000008e-010   0.01711719
5.80000008e-010   0.01717969
5.85000008e-010   0.01719531
5.90000008e-010   0.01721094
5.95000008e-010   0.01721094
6.00000008e-010   0.01722656
6.05000008e-010   0.01725781
6.10000008e-010   0.01729688
6.15000008e-010   0.01732031
6.20000008e-010   0.01734375
6.25000008e-010   0.01740625
6.30000008e-010   0.01746875
6.35000008e-010   0.01752344
6.40000009e-010   0.01760938
6.45000009e-010   0.01765625
6.50000009e-010   0.01770313
6.55000009e-010   0.01774219
6.60000009e-010   0.01777344
6.65000009e-010    0.0178125
6.70000009e-010   0.01783594
6.75000009e-010   0.01780469
6.80000009e-010   0.01776563
6.85000009e-010    0.0176875
6.90000009e-010   0.01765625
6.95000009e-010   0.01754688
7.00000009e-010    0.0174375
7.05000009e-010   0.01733594
7.10000009e-010   0.01721094
7.1500001e-010   0.01707031
7.2000001e-010   0.01691406
7.2500001e-010   0.01675781
7.3000001e-010   0.01659375
7.3500001e-010   0.01641406
7.4000001e-010   0.01626563
7.4500001e-010    0.0160625
7.5000001e-010   0.01590625
7.5500001e-010   0.01578125
7.6000001e-010   0.01560156
7.6500001e-010   0.01547656
7.7000001e-010   0.01535156
7.7500001e-010   0.01524219
7.8000001e-010   0.01511719
7.8500001e-010   0.01501563
7.90000011e-010    0.0149375
7.95000011e-010   0.01489063
8.00000011e-010   0.01485938
8.05000011e-010   0.01483594
8.10000011e-010    0.0148125
8.15000011e-010   0.01483594
8.20000011e-010   0.01485156
8.25000011e-010     0.014875
8.30000011e-010   0.01491406
8.35000011e-010   0.01496094
8.40000011e-010   0.01502344
8.45000011e-010   0.01504688
8.50000011e-010   0.01510156
8.55000011e-010   0.01514844
8.60000011e-010   0.01523438
8.65000012e-010   0.01528906
8.70000012e-010   0.01535156
8.75000012e-010   0.01544531
8.80000012e-010       0.0155
8.85000012e-010    0.0155625
8.90000012e-010   0.01564844
8.95000012e-010      0.01575
9.00000012e-010   0.01585938
9.05000012e-010   0.01596875
9.10000012e-010   0.01611719
9.15000012e-010   0.01626563
9.20000012e-010   0.01642188
9.25000012e-010     0.016625
9.30000012e-010   0.01684375
9.35000012e-010   0.01701563
9.40000013e-010   0.01721094
9.45000013e-010   0.01742188
9.50000013e-010   0.01760156
9.55000013e-010   0.01774219
9.60000013e-010   0.01789844
9.65000013e-010   0.01798438
9.70000013e-010   0.01807031
9.75000013e-010     0.018125
9.80000013e-010   0.01814844
9.85000013e-010   0.01814844
9.90000013e-010   0.01811719
9.95000013e-010   0.01804688
1.00000001e-009        0.018
1.00500001e-009    0.0179375
1.01000001e-009     0.017875
1.01500001e-009    0.0178125
1.02000001e-009   0.01778125
1.02500001e-009   0.01778125
1.03000001e-009   0.01775781
1.03500001e-009   0.01778125
1.04000001e-009   0.01782031
1.04500001e-009     0.017875
1.05000001e-009   0.01795313
1.05500001e-009   0.01802344
1.06000001e-009   0.01807813
1.06500001e-009   0.01816406
1.07000001e-009   0.01821875
1.07500001e-009      0.01825
1.08000001e-009   0.01828906
1.08500001e-009   0.01830469
1.09000001e-009    0.0183125
1.09500001e-009   0.01829688
1.10000001e-009   0.01828906
1.10500001e-009   0.01825781
1.11000001e-009   0.01819531
1.11500001e-009   0.01819531
1.12000001e-009   0.01819531
1.12500002e-009   0.01820313
1.13000002e-009   0.01824219
1.13500002e-009   0.01832031
1.14000002e-009   0.01842969
1.14500002e-009   0.01854688
1.15000002e-009   0.01870313
1.15500002e-009     0.018875
1.16000002e-009   0.01904688
1.16500002e-009   0.01925781
1.17000002e-009   0.01944531
1.17500002e-009   0.01964063
1.18000002e-009   0.01982813
1.18500002e-009   0.02001563
1.19000002e-009   0.02017969
1.19500002e-009   0.02035156
1.20000002e-009   0.02046875
1.20500002e-009   0.02058594
1.21000002e-009    0.0206875
1.21500002e-009   0.02076563
1.22000002e-009   0.02085938
1.22500002e-009   0.02089844
1.23000002e-009    0.0209375
1.23500002e-009   0.02100781
1.24000002e-009   0.02101563
1.24500002e-009    0.0210625
1.25000002e-009   0.02108594
