-1.24500002e-009 -0.006054687
-1.24000002e-009  0.001867188
-1.23500002e-009 -0.006234375
-1.23000002e-009  0.001492188
-1.22500002e-009 -0.005992187
-1.22000002e-009   0.00109375
-1.21500002e-009 -0.006632812
-1.21000002e-009  0.001210938
-1.20500002e-009 -0.007234375
-1.20000002e-009    0.0018125
-1.19500002e-009 -0.008257813
-1.19000002e-009     0.002625
-1.18500002e-009 -0.008914063
-1.18000002e-009  0.003218751
-1.17500002e-009       -0.009
-1.17000002e-009  0.003390626
-1.16500002e-009    -0.008375
-1.16000002e-009  0.003085938
-1.15500002e-009  -0.00728125
-1.15000002e-009  0.003375001
-1.14500002e-009 -0.008171875
-1.14000002e-009  0.003296876
-1.13500002e-009 -0.008320313
-1.13000002e-009  0.003445313
-1.12500002e-009  -0.00853125
-1.12000001e-009  0.003335938
-1.11500001e-009 -0.008234375
-1.11000001e-009  0.003078125
-1.10500001e-009       -0.007
-1.10000001e-009  0.003085938
-1.09500001e-009  -0.00659375
-1.09000001e-009        0.003
-1.08500001e-009     -0.00625
-1.08000001e-009  0.003695313
-1.07500001e-009 -0.006914062
-1.07000001e-009  0.005000001
-1.06500001e-009 -0.007390625
-1.06000001e-009  0.005429688
-1.05500001e-009       -0.009
-1.05000001e-009  0.005070313
-1.04500001e-009    -0.009875
-1.04000001e-009  0.004054688
-1.03500001e-009 -0.009992188
-1.03000001e-009  0.002617188
-1.02500001e-009 -0.009414063
-1.02000001e-009  0.002195313
-1.01500001e-009 -0.008328125
-1.01000001e-009    0.0020625
-1.00500001e-009   -0.0079375
-1.00000001e-009  0.002960938
-9.95000013e-010 -0.007664063
-9.90000013e-010        0.003
-9.85000013e-010       -0.007
-9.80000013e-010    0.0020625
-9.75000013e-010       -0.007
-9.70000013e-010  0.001507813
-9.65000013e-010 -0.007289062
-9.60000013e-010   0.00103125
-9.55000013e-010 -0.006984375
-9.50000013e-010 0.0006328129
-9.45000013e-010 -0.007242187
-9.40000013e-010 0.0003593754
-9.35000012e-010  -0.00859375
-9.30000012e-010 0.0008125004
-9.25000012e-010       -0.009
-9.20000012e-010   0.00109375
-9.15000012e-010 -0.008234375
-9.10000012e-010  0.001101563
-9.05000012e-010 -0.007671875
-9.00000012e-010        0.001
-8.95000012e-010 -0.007632813
-8.90000012e-010  0.001140625
-8.85000012e-010 -0.007804688
-8.80000012e-010        0.001
-8.75000012e-010 -0.007398438
-8.70000012e-010    0.0010625
-8.65000012e-010 -0.007648438
-8.60000011e-010  0.001101563
-8.55000011e-010 -0.008070313
-8.50000011e-010  0.001453125
-8.45000011e-010 -0.008835938
-8.40000011e-010  0.001765625
-8.35000011e-010 -0.009109375
-8.30000011e-010    0.0024375
-8.25000011e-010       -0.009
-8.20000011e-010        0.003
-8.15000011e-010 -0.008984375
-8.10000011e-010  0.001890625
-8.05000011e-010 -0.009664063
-8.00000011e-010 0.0003359379
-7.95000011e-010 -0.009445313
-7.90000011e-010        0.001
-7.8500001e-010  -0.00934375
-7.8000001e-010 0.0001171879
-7.7500001e-010 -0.009398438
-7.7000001e-010  -0.00159375
-7.6500001e-010 -0.009617188
-7.6000001e-010 -0.002640625
-7.5500001e-010   -0.0104375
-7.5000001e-010 -0.002992187
-7.4500001e-010  -0.01110938
-7.4000001e-010       -0.003
-7.3500001e-010  -0.01167188
-7.3000001e-010 -0.002929687
-7.2500001e-010  -0.01222656
-7.2000001e-010 -0.003734375
-7.1500001e-010  -0.01311719
-7.10000009e-010   -0.0058125
-7.05000009e-010  -0.01439844
-7.00000009e-010 -0.006523437
-6.95000009e-010  -0.01569531
-6.90000009e-010       -0.007
-6.85000009e-010  -0.01795313
-6.80000009e-010 -0.008601563
-6.75000009e-010  -0.02040625
-6.70000009e-010   -0.0105625
-6.65000009e-010  -0.02227344
-6.60000009e-010  -0.01278906
-6.55000009e-010       -0.025
-6.50000009e-010  -0.01551563
-6.45000009e-010     -0.02925
-6.40000009e-010       -0.019
-6.35000008e-010  -0.03339063
-6.30000008e-010   -0.0236875
-6.25000008e-010  -0.03734375
-6.20000008e-010  -0.02764844
-6.15000008e-010  -0.04152344
-6.10000008e-010  -0.03209375
-6.05000008e-010  -0.04670313
-6.00000008e-010  -0.03686719
-5.95000008e-010  -0.05407813
-5.90000008e-010       -0.043
-5.85000008e-010       -0.061
-5.80000008e-010  -0.05000781
-5.75000008e-010  -0.06753907
-5.70000008e-010  -0.05785156
-5.65000008e-010  -0.07605469
-5.60000007e-010    -0.065625
-5.55000007e-010  -0.08485938
-5.50000007e-010  -0.07283594
-5.45000007e-010  -0.09305469
-5.40000007e-010       -0.081
-5.35000007e-010       -0.101
-5.30000007e-010  -0.08992969
-5.25000007e-010       -0.109
-5.20000007e-010  -0.09950782
-5.15000007e-010   -0.1155859
-5.10000007e-010    -0.107375
-5.05000007e-010   -0.1234375
-5.00000007e-010   -0.1142656
-4.95000007e-010     -0.13025
-4.90000007e-010       -0.121
-4.85000006e-010       -0.137
-4.80000006e-010   -0.1269453
-4.75000006e-010   -0.1417578
-4.70000006e-010   -0.1321484
-4.65000006e-010   -0.1457734
-4.60000006e-010   -0.1364531
-4.55000006e-010   -0.1506484
-4.50000006e-010    -0.140125
-4.45000006e-010   -0.1539688
-4.40000006e-010   -0.1425313
-4.35000006e-010       -0.155
-4.30000006e-010   -0.1440859
-4.25000006e-010   -0.1574063
-4.20000006e-010   -0.1455938
-4.15000006e-010   -0.1596094
-4.10000005e-010       -0.147
-4.05000005e-010   -0.1600703
-4.00000005e-010   -0.1459531
-3.95000005e-010   -0.1596016
-3.90000005e-010   -0.1453203
-3.85000005e-010   -0.1582969
-3.80000005e-010   -0.1442734
-3.75000005e-010   -0.1565234
-3.70000005e-010   -0.1434688
-3.65000005e-010   -0.1555547
-3.60000005e-010   -0.1421797
-3.55000005e-010       -0.155
-3.50000005e-010   -0.1417031
-3.45000005e-010   -0.1538984
-3.40000005e-010   -0.1399531
-3.35000004e-010   -0.1521719
-3.30000004e-010     -0.13775
-3.25000004e-010   -0.1499844
-3.20000004e-010   -0.1363047
-3.15000004e-010   -0.1492734
-3.10000004e-010       -0.135
-3.05000004e-010       -0.149
-3.00000004e-010   -0.1340234
-2.95000004e-010   -0.1462734
-2.90000004e-010   -0.1343906
-2.85000004e-010       -0.143
-2.80000004e-010     -0.13325
-2.75000004e-010    -0.141125
-2.70000004e-010   -0.1315234
-2.65000004e-010       -0.139
-2.60000003e-010   -0.1286406
-2.55000003e-010   -0.1367422
-2.50000003e-010   -0.1259922
-2.45000003e-010   -0.1355547
-2.40000003e-010   -0.1237109
-2.35000003e-010   -0.1338125
-2.30000003e-010   -0.1218281
-2.25000003e-010   -0.1314688
-2.20000003e-010   -0.1194375
-2.15000003e-010   -0.1286484
-2.10000003e-010   -0.1166641
-2.05000003e-010   -0.1251563
-2.00000003e-010   -0.1124531
-1.95000003e-010   -0.1225469
-1.90000003e-010   -0.1078672
-1.85000002e-010   -0.1187656
-1.80000002e-010   -0.1028516
-1.75000002e-010   -0.1134141
-1.70000002e-010  -0.09780469
-1.65000002e-010   -0.1070547
-1.60000002e-010  -0.09207032
-1.55000002e-010   -0.1000391
-1.50000002e-010  -0.08549219
-1.45000002e-010  -0.09355469
-1.40000002e-010  -0.07813282
-1.35000002e-010       -0.087
-1.30000002e-010  -0.07059375
-1.25000002e-010  -0.08061719
-1.20000002e-010  -0.06336719
-1.15000002e-010  -0.07322657
-1.10000001e-010  -0.05517969
-1.05000001e-010  -0.06496875
-1.00000001e-010  -0.04709375
-9.50000013e-011  -0.05611719
-9.00000012e-011   -0.0389375
-8.50000011e-011  -0.04798438
-8.00000011e-011   -0.0304375
-7.5000001e-011   -0.0398125
-7.00000009e-011       -0.023
-6.50000009e-011     -0.03175
-6.00000008e-011  -0.01557031
-5.50000007e-011  -0.02421875
-5.00000007e-011       -0.009
-4.50000006e-011  -0.01674219
-4.00000005e-011 -0.003226562
-3.50000005e-011   -0.0111875
-3.00000004e-011  0.003601563
-2.50000003e-011 -0.005695312
-2.00000003e-011  0.009242188
-1.50000002e-011 -0.0007187497
-1.00000001e-011   0.01345313
-5.00000007e-012  0.003023438
           0   0.01571875
5.00000007e-012  0.006062501
1.00000001e-011        0.017
1.50000002e-011  0.008171876
2.00000003e-011   0.01939844
2.50000003e-011  0.009687501
3.00000004e-011   0.02183594
3.50000005e-011   0.01142188
4.00000005e-011   0.02332031
4.50000006e-011   0.01326563
5.00000007e-011        0.025
5.50000007e-011   0.01432031
6.00000008e-011   0.02532813
6.50000009e-011   0.01540625
7.00000009e-011   0.02532813
7.5000001e-011   0.01420313
8.00000011e-011   0.02525781
8.50000011e-011   0.01222656
9.00000012e-011        0.025
9.50000013e-011   0.01053125
1.00000001e-010   0.02427344
1.05000001e-010  0.009351563
1.10000001e-010   0.02269531
1.15000002e-010  0.008570313
1.20000002e-010   0.02096094
1.25000002e-010  0.008421876
1.30000002e-010        0.021
1.35000002e-010  0.008828126
1.40000002e-010    0.0200625
1.45000002e-010  0.006484376
1.50000002e-010     0.019375
1.55000002e-010  0.005125001
1.60000002e-010   0.02058594
1.65000002e-010  0.005000001
1.70000002e-010   0.02104688
1.75000002e-010  0.005984376
1.80000002e-010   0.02076563
1.85000002e-010  0.006492188
1.90000003e-010   0.02014063
1.95000003e-010  0.006609376
2.00000003e-010   0.01946094
2.05000003e-010  0.007570313
2.10000003e-010   0.01938281
2.15000003e-010  0.009304688
2.20000003e-010    0.0213125
2.25000003e-010   0.01101563
2.30000003e-010        0.023
2.35000003e-010   0.01389063
2.40000003e-010   0.02410156
2.45000003e-010   0.01558594
2.50000003e-010   0.02569531
2.55000003e-010   0.01749219
2.60000003e-010        0.027
2.65000004e-010   0.01834375
2.70000004e-010   0.02922656
2.75000004e-010   0.01959375
2.80000004e-010   0.03082031
2.85000004e-010   0.02058594
2.90000004e-010   0.03164844
2.95000004e-010   0.02074219
3.00000004e-010    0.0316875
3.05000004e-010     0.020625
3.10000004e-010        0.031
3.15000004e-010   0.01992188
3.20000004e-010   0.03153906
3.25000004e-010   0.01950781
3.30000004e-010        0.031
3.35000004e-010   0.01961719
3.40000005e-010        0.031
3.45000005e-010     0.020375
3.50000005e-010    0.0300625
3.55000005e-010   0.02091406
3.60000005e-010   0.02921875
3.65000005e-010   0.01982813
3.70000005e-010        0.029
3.75000005e-010   0.01771094
3.80000005e-010   0.02803125
3.85000005e-010   0.01655469
3.90000005e-010   0.02689063
3.95000005e-010   0.01641406
4.00000005e-010        0.027
4.05000005e-010   0.01702344
4.10000005e-010   0.02602344
4.15000006e-010   0.01528125
4.20000006e-010   0.02503125
4.25000006e-010   0.01348438
4.30000006e-010   0.02473438
4.35000006e-010   0.01282031
4.40000006e-010   0.02474219
4.45000006e-010        0.013
4.50000006e-010   0.02384375
4.55000006e-010   0.01226563
4.60000006e-010   0.02253125
4.65000006e-010   0.01247656
4.70000006e-010   0.02201563
4.75000006e-010   0.01271875
4.80000006e-010   0.02278906
4.85000006e-010   0.01300781
4.90000007e-010        0.023
4.95000007e-010   0.01214844
5.00000007e-010   0.02245313
5.05000007e-010        0.011
5.10000007e-010    0.0213125
5.15000007e-010   0.01128906
5.20000007e-010    0.0216875
5.25000007e-010   0.01253906
5.30000007e-010        0.023
5.35000007e-010   0.01353906
5.40000007e-010   0.02307031
5.45000007e-010    0.0125625
5.50000007e-010        0.023
5.55000007e-010   0.01192188
5.60000007e-010   0.02446094
5.65000008e-010   0.01202344
5.70000008e-010   0.02494531
5.75000008e-010   0.01282031
5.80000008e-010    0.0244375
5.85000008e-010   0.01234375
5.90000008e-010   0.02303906
5.95000008e-010   0.01183594
6.00000008e-010   0.02328125
6.05000008e-010   0.01154688
6.10000008e-010   0.02340625
6.15000008e-010   0.01175781
6.20000008e-010   0.02289063
6.25000008e-010   0.01227344
6.30000008e-010   0.02292969
6.35000008e-010   0.01250781
6.40000009e-010   0.02296094
6.45000009e-010   0.01296094
6.50000009e-010        0.023
6.55000009e-010    0.0128125
6.60000009e-010   0.02332031
6.65000009e-010   0.01294531
6.70000009e-010   0.02330469
6.75000009e-010   0.01142188
6.80000009e-010   0.02246094
6.85000009e-010   0.01097656
6.90000009e-010   0.02134375
6.95000009e-010   0.01196875
7.00000009e-010        0.021
7.05000009e-010   0.01057031
7.10000009e-010   0.02114844
7.1500001e-010  0.009476563
7.2000001e-010   0.02100781
7.2500001e-010  0.009000001
7.3000001e-010   0.02144531
7.3500001e-010  0.009039063
7.4000001e-010   0.02161719
7.4500001e-010  0.009000001
7.5000001e-010        0.021
7.5500001e-010   0.01014063
7.6000001e-010   0.02105469
7.6500001e-010   0.01089063
7.7000001e-010   0.02046094
7.7500001e-010        0.011
7.8000001e-010   0.01940625
7.8500001e-010   0.01036719
7.90000011e-010   0.01967969
7.95000011e-010  0.008976563
8.00000011e-010   0.02011719
8.05000011e-010  0.008218751
8.10000011e-010   0.02063281
8.15000011e-010  0.008460938
8.20000011e-010   0.02108594
8.25000011e-010  0.009046876
8.30000011e-010   0.02054688
8.35000011e-010  0.009000001
8.40000011e-010    0.0196875
8.45000011e-010  0.009851563
8.50000011e-010   0.01989844
8.55000011e-010     0.010625
8.60000011e-010   0.02071875
8.65000012e-010        0.011
8.70000012e-010   0.02117969
8.75000012e-010   0.01110156
8.80000012e-010   0.02128125
8.85000012e-010   0.01111719
8.90000012e-010   0.02155469
8.95000012e-010    0.0110625
9.00000012e-010   0.02203906
9.05000012e-010   0.01109375
9.10000012e-010    0.0229375
9.15000012e-010   0.01092969
9.20000012e-010   0.02455469
9.25000012e-010   0.01110156
9.30000012e-010   0.02511719
9.35000012e-010   0.01114844
9.40000013e-010   0.02457813
9.45000013e-010   0.01200781
9.50000013e-010   0.02321094
9.55000013e-010   0.01341406
9.60000013e-010   0.02303906
9.65000013e-010   0.01417188
9.70000013e-010   0.02320313
9.75000013e-010   0.01347656
9.80000013e-010   0.02244531
9.85000013e-010   0.01269531
9.90000013e-010    0.0230625
9.95000013e-010   0.01249219
1.00000001e-009   0.02346094
1.00500001e-009   0.01280469
1.01000001e-009    0.0233125
1.01500001e-009   0.01278906
1.02000001e-009   0.02278125
1.02500001e-009   0.01286719
1.03000001e-009   0.02330469
1.03500001e-009   0.01303125
1.04000001e-009   0.02372656
1.04500001e-009   0.01367969
1.05000001e-009   0.02388281
1.05500001e-009   0.01469531
1.06000001e-009   0.02382031
1.06500001e-009        0.015
1.07000001e-009   0.02365625
1.07500001e-009   0.01503125
1.08000001e-009   0.02316406
1.08500001e-009   0.01458594
1.09000001e-009   0.02317969
1.09500001e-009   0.01424219
1.10000001e-009   0.02396094
1.10500001e-009   0.01363281
1.11000001e-009   0.02478906
1.11500001e-009   0.01317969
1.12000001e-009        0.025
1.12500002e-009   0.01333594
1.13000002e-009        0.025
1.13500002e-009      0.01425
1.14000002e-009   0.02624219
1.14500002e-009        0.015
1.15000002e-009   0.02735938
1.15500002e-009        0.015
1.16000002e-009   0.02709375
1.16500002e-009   0.01596094
1.17000002e-009   0.02575781
1.17500002e-009   0.01633594
1.18000002e-009    0.0250625
1.18500002e-009   0.01603125
1.19000002e-009   0.02542969
1.19500002e-009   0.01605469
1.20000002e-009   0.02596094
1.20500002e-009   0.01639844
1.21000002e-009   0.02675781
1.21500002e-009   0.01607031
1.22000002e-009        0.027
1.22500002e-009   0.01524219
1.23000002e-009   0.02654688
1.23500002e-009        0.015
1.24000002e-009   0.02560156
1.24500002e-009   0.01586719
1.25000002e-009   0.02539844
