-2.49000003e-009   -0.0163125
-2.48000003e-009 -0.003820312
-2.47000003e-009  -0.01579688
-2.46000003e-009 -0.003914062
-2.45000003e-009  -0.01389063
-2.44000003e-009 -0.004414062
-2.43000003e-009  -0.01621875
-2.42000003e-009       -0.005
-2.41000003e-009  -0.01641406
-2.40000003e-009   -0.0030625
-2.39000003e-009  -0.01302344
-2.38000003e-009 -0.002273437
-2.37000003e-009  -0.01442969
-2.36000003e-009 -0.004226562
-2.35000003e-009       -0.015
-2.34000003e-009 -0.003640625
-2.33000003e-009  -0.01317969
-2.32000003e-009       -0.005
-2.31000003e-009  -0.01422656
-2.30000003e-009 -0.003734375
-2.29000003e-009  -0.01530469
-2.28000003e-009 -0.003914062
-2.27000003e-009  -0.01372656
-2.26000003e-009 -0.003734375
-2.25000003e-009  -0.01315625
-2.24000003e-009 -0.003359375
-2.23000003e-009  -0.01444531
-2.22000003e-009 -0.004929687
-2.21000003e-009  -0.01432813
-2.20000003e-009       -0.005
-2.19000003e-009       -0.013
-2.18000003e-009 -0.004078125
-2.17000003e-009  -0.01292969
-2.16000003e-009       -0.003
-2.15000003e-009  -0.01246094
-2.14000003e-009       -0.003
-2.13000003e-009       -0.013
-2.12000003e-009 -0.002992187
-2.11000003e-009       -0.013
-2.10000003e-009 -0.002320312
-2.09000003e-009  -0.01233594
-2.08000003e-009  -0.00278125
-2.07000003e-009  -0.01345313
-2.06000003e-009       -0.003
-2.05000003e-009  -0.01374219
-2.04000003e-009 -0.002695312
-2.03000003e-009       -0.013
-2.02000003e-009       -0.003
-2.01000003e-009  -0.01186719
-2.00000003e-009 -0.002765625
-1.99000003e-009  -0.01317188
-1.98000003e-009 -0.0009999997
-1.97000003e-009       -0.013
-1.96000003e-009 -0.0004765622
-1.95000003e-009     -0.01125
-1.94000003e-009     -0.00175
-1.93000003e-009 -0.009890625
-1.92000003e-009  -0.00215625
-1.91000003e-009       -0.011
-1.90000003e-009 -0.0008124997
-1.89000003e-009  -0.00953125
-1.88000003e-009 -0.001578125
-1.87000002e-009 -0.009773438
-1.86000002e-009 -0.0008515622
-1.85000002e-009       -0.011
-1.84000002e-009 -0.001335937
-1.83000002e-009  -0.01047656
-1.82000002e-009 -0.0009999997
-1.81000002e-009 -0.009757813
-1.80000002e-009 -0.001273437
-1.79000002e-009 -0.008351563
-1.78000002e-009 -0.001320312
-1.77000002e-009 -0.009085938
-1.76000002e-009 -0.0009999997
-1.75000002e-009       -0.009
-1.74000002e-009 0.0005937504
-1.73000002e-009 -0.008421875
-1.72000002e-009  0.002421875
-1.71000002e-009 -0.008140625
-1.70000002e-009   0.00284375
-1.69000002e-009 -0.009257813
-1.68000002e-009  0.003046875
-1.67000002e-009       -0.009
-1.66000002e-009  0.001695313
-1.65000002e-009 -0.007007812
-1.64000002e-009  0.001164063
-1.63000002e-009       -0.009
-1.62000002e-009   0.00165625
-1.61000002e-009 -0.009671875
-1.60000002e-009  0.001148438
-1.59000002e-009  -0.00753125
-1.58000002e-009 0.0007578129
-1.57000002e-009       -0.007
-1.56000002e-009  0.002023438
-1.55000002e-009       -0.007
-1.54000002e-009  0.002367188
-1.53000002e-009 -0.008601563
-1.52000002e-009        0.003
-1.51000002e-009  -0.00878125
-1.50000002e-009  0.002046875
-1.49000002e-009    -0.007125
-1.48000002e-009        0.003
-1.47000002e-009 -0.007640625
-1.46000002e-009  0.001210938
-1.45000002e-009       -0.007
-1.44000002e-009  0.002679688
-1.43000002e-009 -0.006796875
-1.42000002e-009      0.00225
-1.41000002e-009       -0.007
-1.40000002e-009        0.003
-1.39000002e-009 -0.007601563
-1.38000002e-009        0.003
-1.37000002e-009       -0.007
-1.36000002e-009   0.00209375
-1.35000002e-009 -0.007304687
-1.34000002e-009  0.003531251
-1.33000002e-009 -0.007265625
-1.32000002e-009  0.003203126
-1.31000002e-009 -0.007492188
-1.30000002e-009  0.004210938
-1.29000002e-009 -0.007820313
-1.28000002e-009  0.004054688
-1.27000002e-009  -0.00740625
-1.26000002e-009        0.003
-1.25000002e-009 -0.007054687
-1.24000002e-009        0.003
-1.23000002e-009       -0.007
-1.22000002e-009  0.003804688
-1.21000002e-009 -0.005671875
-1.20000002e-009  0.002007813
-1.19000002e-009 -0.005617187
-1.18000002e-009        0.003
-1.17000002e-009 -0.005453125
-1.16000002e-009  0.002367188
-1.15000002e-009       -0.007
-1.14000002e-009  0.002914063
-1.13000002e-009 -0.006257812
-1.12000001e-009   0.00296875
-1.11000001e-009       -0.007
-1.10000001e-009    0.0025625
-1.09000001e-009 -0.007734375
-1.08000001e-009  0.002414063
-1.07000001e-009 -0.009734375
-1.06000001e-009  0.004046876
-1.05000001e-009 -0.009445313
-1.04000001e-009        0.003
-1.03000001e-009 -0.007742188
-1.02000001e-009    0.0015625
-1.01000001e-009 -0.007429688
-1.00000001e-009        0.003
-9.90000013e-010 -0.007929688
-9.80000013e-010   0.00190625
-9.70000013e-010 -0.007601563
-9.60000013e-010  0.002054688
-9.50000013e-010    -0.007625
-9.40000013e-010        0.001
-9.30000012e-010  -0.00846875
-9.20000012e-010  0.001210938
-9.10000012e-010       -0.009
-9.00000012e-010 0.0001406254
-8.90000012e-010 -0.007109375
-8.80000012e-010        0.001
-8.70000012e-010 -0.008648438
-8.60000011e-010 0.0002187504
-8.50000011e-010       -0.009
-8.40000011e-010        0.001
-8.30000011e-010 -0.008445313
-8.20000011e-010 0.0007968754
-8.10000011e-010 -0.008960938
-8.00000011e-010        0.001
-7.90000011e-010       -0.009
-7.8000001e-010 -0.0006718747
-7.7000001e-010 -0.009742188
-7.6000001e-010 -0.0009999997
-7.5000001e-010  -0.01192188
-7.4000001e-010   -0.0026875
-7.3000001e-010  -0.01175781
-7.2000001e-010       -0.003
-7.10000009e-010       -0.013
-7.00000009e-010 -0.004546875
-6.90000009e-010  -0.01627344
-6.80000009e-010 -0.008796875
-6.70000009e-010       -0.021
-6.60000009e-010  -0.01277344
-6.50000009e-010  -0.02566406
-6.40000009e-010  -0.01789844
-6.30000008e-010  -0.03145313
-6.20000008e-010  -0.02559375
-6.10000008e-010  -0.04207031
-6.00000008e-010       -0.035
-5.90000008e-010  -0.05539063
-5.80000008e-010    -0.048125
-5.70000008e-010       -0.071
-5.60000007e-010    -0.060875
-5.50000007e-010  -0.08673438
-5.40000007e-010  -0.07710938
-5.30000007e-010   -0.1018828
-5.20000007e-010       -0.091
-5.10000007e-010   -0.1157188
-5.00000007e-010   -0.1071016
-4.90000007e-010       -0.129
-4.80000006e-010   -0.1210781
-4.70000006e-010   -0.1392422
-4.60000006e-010   -0.1324375
-4.50000006e-010   -0.1479375
-4.40000006e-010       -0.141
-4.30000006e-010   -0.1548047
-4.20000006e-010   -0.1446328
-4.10000005e-010       -0.159
-4.00000005e-010   -0.1447656
-3.90000005e-010   -0.1598359
-3.80000005e-010   -0.1449219
-3.70000005e-010   -0.1583125
-3.60000005e-010       -0.143
-3.50000005e-010   -0.1540313
-3.40000005e-010   -0.1408516
-3.30000004e-010   -0.1496094
-3.20000004e-010   -0.1389063
-3.10000004e-010   -0.1473438
-3.00000004e-010   -0.1373984
-2.90000004e-010       -0.147
-2.80000004e-010       -0.133
-2.70000004e-010     -0.14225
-2.60000003e-010   -0.1302031
-2.50000003e-010       -0.139
-2.40000003e-010   -0.1251719
-2.30000003e-010   -0.1337891
-2.20000003e-010   -0.1176875
-2.10000003e-010   -0.1287891
-2.00000003e-010   -0.1121172
-1.90000003e-010       -0.123
-1.80000002e-010   -0.1028672
-1.70000002e-010   -0.1129141
-1.60000002e-010  -0.09161719
-1.50000002e-010   -0.1015469
-1.40000002e-010  -0.07888282
-1.30000002e-010   -0.0890625
-1.20000002e-010  -0.06734375
-1.10000001e-010   -0.0773125
-1.00000001e-010  -0.05217969
-9.00000012e-011  -0.06185938
-8.00000011e-011  -0.03620313
-7.00000009e-011  -0.04379688
-6.00000008e-011   -0.0228125
-5.00000007e-011  -0.02811719
-4.00000005e-011 -0.007039062
-3.00000004e-011  -0.01532031
-2.00000003e-011        0.003
-1.00000001e-011 -0.003421875
           0   0.01341406
1.00000001e-011  0.006179688
2.00000003e-011        0.019
3.00000004e-011   0.01028125
4.00000005e-011        0.023
5.00000007e-011   0.01394531
6.00000008e-011    0.0244375
7.00000009e-011   0.01596875
8.00000011e-011        0.025
9.00000012e-011   0.01559375
1.00000001e-010   0.02360938
1.10000001e-010   0.01113281
1.20000002e-010   0.02167188
1.30000002e-010  0.009000001
1.40000002e-010   0.01911719
1.50000002e-010  0.008523438
1.60000002e-010   0.01767188
1.70000002e-010  0.007921876
1.80000002e-010   0.01708594
1.90000003e-010  0.007976563
2.00000003e-010        0.019
2.10000003e-010  0.009000001
2.20000003e-010   0.01971094
2.30000003e-010   0.01182813
2.40000003e-010   0.02120313
2.50000003e-010   0.01480469
2.60000003e-010   0.02648438
2.70000004e-010   0.01639063
2.80000004e-010   0.03003906
2.90000004e-010   0.01803125
3.00000004e-010   0.03019531
3.10000004e-010   0.01999219
3.20000004e-010        0.031
3.30000004e-010        0.019
3.40000005e-010   0.03027344
3.50000005e-010        0.019
3.60000005e-010   0.02992969
3.70000005e-010   0.01895313
3.80000005e-010   0.02832031
3.90000005e-010   0.01659375
4.00000005e-010        0.027
4.10000005e-010   0.01490625
4.20000006e-010   0.02575781
4.30000006e-010    0.0144375
4.40000006e-010   0.02416406
4.50000006e-010        0.011
4.60000006e-010        0.023
4.70000006e-010   0.01178125
4.80000006e-010     0.021375
4.90000007e-010   0.01244531
5.00000007e-010        0.023
5.10000007e-010   0.01083594
5.20000007e-010   0.02194531
5.30000007e-010  0.009859376
5.40000007e-010   0.02358594
5.50000007e-010   0.01028125
5.60000007e-010      0.02225
5.70000008e-010   0.01265625
5.80000008e-010   0.02307813
5.90000008e-010    0.0126875
6.00000008e-010        0.023
6.10000008e-010   0.01258594
6.20000008e-010   0.02239844
6.30000008e-010   0.01248438
6.40000009e-010        0.023
6.50000009e-010        0.013
6.60000009e-010        0.023
6.70000009e-010   0.01278125
6.80000009e-010   0.02267188
6.90000009e-010   0.01163281
7.00000009e-010        0.021
7.10000009e-010   0.01216406
7.2000001e-010   0.02097656
7.3000001e-010   0.01190625
7.4000001e-010   0.02191406
7.5000001e-010   0.01007813
7.6000001e-010        0.021
7.7000001e-010   0.01066406
7.8000001e-010    0.0203125
7.90000011e-010  0.009156251
8.00000011e-010   0.02139063
8.10000011e-010  0.009500001
8.20000011e-010   0.02151563
8.30000011e-010  0.009164063
8.40000011e-010        0.021
8.50000011e-010  0.009585938
8.60000011e-010   0.02102344
8.70000012e-010   0.01001563
8.80000012e-010        0.021
8.90000012e-010        0.011
9.00000012e-010   0.02167969
9.10000012e-010   0.01248438
9.20000012e-010   0.02095313
9.30000012e-010   0.01216406
9.40000013e-010   0.02171094
9.50000013e-010        0.011
9.60000013e-010   0.02328125
9.70000013e-010   0.01217969
9.80000013e-010   0.02346875
9.90000013e-010        0.013
1.00000001e-009   0.02341406
1.01000001e-009        0.013
1.02000001e-009   0.02310938
1.03000001e-009   0.01403125
1.04000001e-009   0.02267969
1.05000001e-009   0.01427344
1.06000001e-009    0.0226875
1.07000001e-009   0.01311719
1.08000001e-009   0.02467969
1.09000001e-009     0.013625
1.10000001e-009    0.0243125
1.11000001e-009     0.014875
1.12000001e-009   0.02352344
1.13000002e-009   0.01433594
1.14000002e-009   0.02570313
1.15000002e-009    0.0139375
1.16000002e-009        0.027
1.17000002e-009   0.01646875
1.18000002e-009        0.025
1.19000002e-009        0.017
1.20000002e-009        0.025
1.21000002e-009    0.0160625
1.22000002e-009   0.02607813
1.23000002e-009   0.01539063
1.24000002e-009        0.027
1.25000002e-009        0.015
1.26000002e-009        0.027
1.27000002e-009   0.01565625
1.28000002e-009   0.02660156
1.29000002e-009   0.01664844
1.30000002e-009   0.02557813
1.31000002e-009   0.01632813
1.32000002e-009   0.02739063
1.33000002e-009   0.01657031
1.34000002e-009        0.027
1.35000002e-009   0.01616406
1.36000002e-009   0.02745313
1.37000002e-009   0.01689063
1.38000002e-009   0.02679688
1.39000002e-009      0.01625
1.40000002e-009   0.02694531
1.41000002e-009   0.01630469
1.42000002e-009   0.02542188
1.43000002e-009        0.015
1.44000002e-009   0.02491406
1.45000002e-009   0.01452344
1.46000002e-009        0.025
1.47000002e-009        0.015
1.48000002e-009   0.02496094
1.49000002e-009   0.01252344
1.50000002e-009   0.02359375
1.51000002e-009   0.01425781
1.52000002e-009   0.02448438
1.53000002e-009   0.01535938
1.54000002e-009        0.024
1.55000002e-009   0.01330469
1.56000002e-009        0.023
1.57000002e-009   0.01085156
1.58000002e-009   0.02329688
1.59000002e-009   0.01230469
1.60000002e-009   0.02272656
1.61000002e-009   0.01254688
1.62000002e-009   0.02120313
1.63000002e-009   0.01205469
1.64000002e-009   0.02185156
1.65000002e-009        0.011
1.66000002e-009   0.02109375
1.67000002e-009   0.01171094
1.68000002e-009        0.021
1.69000002e-009   0.01267188
1.70000002e-009   0.02141406
1.71000002e-009   0.01116406
1.72000002e-009   0.02182813
1.73000002e-009   0.01144531
1.74000002e-009   0.02135156
1.75000002e-009   0.01085156
1.76000002e-009       0.0215
1.77000002e-009   0.01157031
1.78000002e-009        0.023
1.79000002e-009   0.01096094
1.80000002e-009   0.02157813
1.81000002e-009  0.009906251
1.82000002e-009        0.023
1.83000002e-009        0.011
1.84000002e-009   0.02252344
1.85000002e-009   0.01096875
1.86000002e-009   0.02115625
1.87000002e-009   0.01197656
1.88000003e-009   0.02227344
1.89000003e-009   0.01059375
1.90000003e-009   0.02155469
1.91000003e-009        0.011
1.92000003e-009   0.02291406
1.93000003e-009    0.0120625
1.94000003e-009   0.02260938
1.95000003e-009   0.01244531
1.96000003e-009   0.02234375
1.97000003e-009        0.011
1.98000003e-009   0.02169531
1.99000003e-009    0.0116875
2.00000003e-009   0.02125781
2.01000003e-009    0.0121875
2.02000003e-009   0.02135156
2.03000003e-009    0.0123125
2.04000003e-009        0.021
2.05000003e-009   0.01251563
2.06000003e-009   0.02175781
2.07000003e-009   0.01246875
2.08000003e-009        0.021
2.09000003e-009        0.011
2.10000003e-009   0.02098438
2.11000003e-009   0.01110156
2.12000003e-009   0.02041406
2.13000003e-009   0.01204688
2.14000003e-009        0.021
2.15000003e-009   0.01251563
2.16000003e-009   0.02158594
2.17000003e-009   0.01164844
2.18000003e-009        0.021
2.19000003e-009    0.0108125
2.20000003e-009        0.021
2.21000003e-009  0.008679688
2.22000003e-009   0.02133594
2.23000003e-009   0.01028906
2.24000003e-009        0.021
2.25000003e-009   0.01107813
2.26000003e-009   0.02070313
2.27000003e-009   0.01085938
2.28000003e-009   0.02067188
2.29000003e-009  0.009570313
2.30000003e-009   0.02069531
2.31000003e-009  0.009000001
2.32000003e-009   0.01949219
2.33000003e-009   0.01060938
2.34000003e-009   0.01916406
2.35000003e-009   0.01046094
2.36000003e-009        0.019
2.37000003e-009  0.009289063
2.38000003e-009   0.01933594
2.39000003e-009  0.009890626
2.40000003e-009   0.01982813
2.41000003e-009        0.011
2.42000003e-009   0.01951563
2.43000003e-009   0.01028906
2.44000003e-009   0.01934375
2.45000003e-009  0.009000001
2.46000003e-009   0.01910156
2.47000003e-009    0.0100625
2.48000003e-009        0.019
2.49000003e-009  0.008750001
2.50000003e-009        0.021
