+3.00000000000E+005  -7.53859645782E+001
+7.79850000000E+006  -8.96890160844E+001
+1.52970000000E+007  -9.36410392627E+001
+2.27955000000E+007  -7.58282560051E+001
+3.02940000000E+007  -7.78457936995E+001
+3.77925000000E+007  -8.91335747696E+001
+4.52910000000E+007  -7.18655700191E+001
+5.27895000000E+007  -7.42894659680E+001
+6.02880000000E+007  -7.91236893481E+001
+6.77865000000E+007  -6.83736697284E+001
+7.52850000000E+007  -6.72445294992E+001
+8.27835000000E+007  -6.66410761492E+001
+9.02820000000E+007  -7.48768288094E+001
+9.77805000000E+007  -6.60178961410E+001
+1.05279000000E+008  -6.65122877977E+001
+1.12777500000E+008  -6.31918809017E+001
+1.20276000000E+008  -7.40464242721E+001
+1.27774500000E+008  -6.50371236199E+001
+1.35273000000E+008  -6.75217361375E+001
+1.42771500000E+008  -7.17262776759E+001
+1.50270000000E+008  -6.69304921851E+001
+1.57768500000E+008  -6.18765061751E+001
+1.65267000000E+008  -7.71220437718E+001
+1.72765500000E+008  -5.72550383560E+001
+1.80264000000E+008  -6.34978984444E+001
+1.87762500000E+008  -5.54266848356E+001
+1.95261000000E+008  -5.44555602808E+001
+2.02759500000E+008  -5.88072283426E+001
+2.10258000000E+008  -6.09623199101E+001
+2.17756500000E+008  -6.23424967883E+001
+2.25255000000E+008  -5.57965841018E+001
+2.32753500000E+008  -5.71144693587E+001
+2.40252000000E+008  -6.42366328661E+001
+2.47750500000E+008  -6.67919189999E+001
+2.55249000000E+008  -6.28465411613E+001
+2.62747500000E+008  -6.01681468398E+001
+2.70246000000E+008  -6.29742207975E+001
+2.77744500000E+008  -5.56434701766E+001
+2.85243000000E+008  -6.40408808154E+001
+2.92741500000E+008  -5.77453960342E+001
+3.00240000000E+008  -6.07074238891E+001
+3.07738500000E+008  -5.78797916502E+001
+3.15237000000E+008  -6.27593647522E+001
+3.22735500000E+008  -5.44368327415E+001
+3.30234000000E+008  -5.90229860378E+001
+3.37732500000E+008  -5.74807521521E+001
+3.45231000000E+008  -6.13712901599E+001
+3.52729500000E+008  -7.28154182350E+001
+3.60228000000E+008  -5.57781962977E+001
+3.67726500000E+008  -6.37301886425E+001
+3.75225000000E+008  -5.61600590983E+001
+3.82723500000E+008  -6.63115474694E+001
+3.90222000000E+008  -5.62290908646E+001
+3.97720500000E+008  -6.20522900509E+001
+4.05219000000E+008  -5.75897763846E+001
+4.12717500000E+008  -5.83734379740E+001
+4.20216000000E+008  -5.95971381393E+001
+4.27714500000E+008  -5.53867513815E+001
+4.35213000000E+008  -4.97367879840E+001
+4.42711500000E+008  -6.92829697608E+001
+4.50210000000E+008  -5.56973400921E+001
+4.57708500000E+008  -5.67509446582E+001
+4.65207000000E+008  -5.86258578692E+001
+4.72705500000E+008  -5.37765186270E+001
+4.80204000000E+008  -5.71408643827E+001
+4.87702500000E+008  -5.43509216749E+001
+4.95201000000E+008  -6.07723134398E+001
+5.02699500000E+008  -5.68082674759E+001
+5.10198000000E+008  -6.37254908483E+001
+5.17696500000E+008  -6.05539113956E+001
+5.25195000000E+008  -5.45699353282E+001
+5.32693500000E+008  -5.59446078471E+001
+5.40192000000E+008  -5.80472335766E+001
+5.47690500000E+008  -6.92816067793E+001
+5.55189000000E+008  -6.02059934511E+001
+5.62687500000E+008  -5.56031335271E+001
+5.70186000000E+008  -6.46840275528E+001
+5.77684500000E+008  -5.95714731198E+001
+5.85183000000E+008  -5.65731985475E+001
+5.92681500000E+008  -6.92551123477E+001
+6.00180000000E+008  -5.88264812246E+001
+6.07678500000E+008  -6.60776092254E+001
+6.15177000000E+008  -6.02203070963E+001
+6.22675500000E+008  -6.49860767659E+001
+6.30174000000E+008  -6.37324997294E+001
+6.37672500000E+008  -7.61522912282E+001
+6.45171000000E+008  -6.83972504401E+001
+6.52669500000E+008  -6.48110451812E+001
+6.60168000000E+008  -6.11200305889E+001
+6.67666500000E+008  -6.61955736365E+001
+6.75165000000E+008  -7.23628809861E+001
+6.82663500000E+008  -6.00616578789E+001
+6.90162000000E+008  -6.49003100384E+001
+6.97660500000E+008  -5.73646619027E+001
+7.05159000000E+008  -5.81738175993E+001
+7.12657500000E+008  -6.08583802724E+001
+7.20156000000E+008  -6.50510749265E+001
+7.27654500000E+008  -5.96606603159E+001
+7.35153000000E+008  -6.36045310243E+001
+7.42651500000E+008  -6.28641693704E+001
+7.50150000000E+008  -6.92008392452E+001
+7.57648500000E+008  -7.01575830471E+001
+7.65147000000E+008  -6.26256705943E+001
+7.72645500000E+008  -6.02768228609E+001
+7.80144000000E+008  -7.75617450798E+001
+7.87642500000E+008  -6.45031291481E+001
+7.95141000000E+008  -7.00675705888E+001
+8.02639500000E+008  -5.96925547844E+001
+8.10138000000E+008  -6.87448572236E+001
+8.17636500000E+008  -6.32863639968E+001
+8.25135000000E+008  -6.55135844434E+001
+8.32633500000E+008  -7.02316837786E+001
+8.40132000000E+008  -6.59097707547E+001
+8.47630500000E+008  -6.03960917969E+001
+8.55129000000E+008  -6.53343135796E+001
+8.62627500000E+008  -6.69886125634E+001
+8.70126000000E+008  -6.64608539350E+001
+8.77624500000E+008  -5.70679706197E+001
+8.85123000000E+008  -6.59619525748E+001
+8.92621500000E+008  -6.44274075229E+001
+9.00120000000E+008  -6.41222853050E+001
+9.07618500000E+008  -6.45627475935E+001
+9.15117000000E+008  -6.34582739271E+001
+9.22615500000E+008  -5.52262942191E+001
+9.30114000000E+008  -6.95383725626E+001
+9.37612500000E+008  -7.62688829233E+001
+9.45111000000E+008  -6.62299209735E+001
+9.52609500000E+008  -1.04810269766E+002
+9.60108000000E+008  -6.58038235003E+001
+9.67606500000E+008  -6.57909102642E+001
+9.75105000000E+008  -6.46572512448E+001
+9.82603500000E+008  -5.70305417963E+001
+9.90102000000E+008  -6.81791386996E+001
+9.97600500000E+008  -7.01076807993E+001
+1.00509900000E+009  -7.28838505947E+001
+1.01259750000E+009  -7.82196843624E+001
+1.02009600000E+009  -6.80405514621E+001
+1.02759450000E+009  -6.21510627729E+001
+1.03509300000E+009  -5.89654303910E+001
+1.04259150000E+009  -7.08452741256E+001
+1.05009000000E+009  -6.51092065206E+001
+1.05758850000E+009  -7.43008297319E+001
+1.06508700000E+009  -7.03087806373E+001
+1.07258550000E+009  -6.99133324835E+001
+1.08008400000E+009  -7.20689649161E+001
+1.08758250000E+009  -6.69395173411E+001
+1.09508100000E+009  -7.12238349167E+001
+1.10257950000E+009  -7.41963858727E+001
+1.11007800000E+009  -6.38795307575E+001
+1.11757650000E+009  -6.74846202482E+001
+1.12507500000E+009  -6.97403829374E+001
+1.13257350000E+009  -6.47768681158E+001
+1.14007200000E+009  -7.19250670621E+001
+1.14757050000E+009  -6.52680888045E+001
+1.15506900000E+009  -6.91819204055E+001
+1.16256750000E+009  -6.73033707417E+001
+1.17006600000E+009  -6.32558784521E+001
+1.17756450000E+009  -6.43409933489E+001
+1.18506300000E+009  -7.34657143666E+001
+1.19256150000E+009  -7.41357614243E+001
+1.20006000000E+009  -6.43526894897E+001
+1.20755850000E+009  -6.21925209752E+001
+1.21505700000E+009  -7.02601069492E+001
+1.22255550000E+009  -7.16622248219E+001
+1.23005400000E+009  -7.03651100765E+001
+1.23755250000E+009  -7.65081797728E+001
+1.24505100000E+009  -6.50331842227E+001
+1.25254950000E+009  -6.26749236425E+001
+1.26004800000E+009  -6.93690047754E+001
+1.26754650000E+009  -7.11767357831E+001
+1.27504500000E+009  -7.49366047474E+001
+1.28254350000E+009  -6.43083095695E+001
+1.29004200000E+009  -7.19460884672E+001
+1.29754050000E+009  -6.97796693408E+001
+1.30503900000E+009  -6.96694372256E+001
+1.31253750000E+009  -7.02733951873E+001
+1.32003600000E+009  -7.30015455125E+001
+1.32753450000E+009  -7.66964966366E+001
+1.33503300000E+009  -8.08611939988E+001
+1.34253150000E+009  -7.79088147851E+001
+1.35003000000E+009  -7.31077172329E+001
+1.35752850000E+009  -7.30332281713E+001
+1.36502700000E+009  -7.07553394536E+001
+1.37252550000E+009  -7.41492292227E+001
+1.38002400000E+009  -7.29381914643E+001
+1.38752250000E+009  -7.99133168453E+001
+1.39502100000E+009  -6.65665931132E+001
+1.40251950000E+009  -7.12996106286E+001
+1.41001800000E+009  -7.72217100894E+001
+1.41751650000E+009  -7.28533371849E+001
+1.42501500000E+009  -6.78243883723E+001
+1.43251350000E+009  -7.48121737648E+001
+1.44001200000E+009  -6.71404301249E+001
+1.44751050000E+009  -7.87886777454E+001
+1.45500900000E+009  -7.39093037739E+001
+1.46250750000E+009  -7.11578628870E+001
+1.47000600000E+009  -7.48994247636E+001
+1.47750450000E+009  -7.38745650477E+001
+1.48500300000E+009  -7.15062225483E+001
+1.49250150000E+009  -7.71498940780E+001
+1.50000000000E+009  -7.69704784628E+001
