-1.24500002e-009 -0.007109375
-1.24000002e-009  0.005000001
-1.23500002e-009 -0.007117187
-1.23000002e-009  0.004781251
-1.22500002e-009  -0.00678125
-1.22000002e-009  0.003882813
-1.21500002e-009    -0.007625
-1.21000002e-009    0.0028125
-1.20500002e-009 -0.007945313
-1.20000002e-009  0.003023438
-1.19500002e-009 -0.007515625
-1.19000002e-009  0.002648438
-1.18500002e-009 -0.006273437
-1.18000002e-009  0.002234375
-1.17500002e-009 -0.005742187
-1.17000002e-009     0.002875
-1.16500002e-009 -0.006617187
-1.16000002e-009  0.003515626
-1.15500002e-009    -0.007125
-1.15000002e-009  0.004648438
-1.14500002e-009 -0.006789062
-1.14000002e-009  0.005000001
-1.13500002e-009 -0.006328125
-1.13000002e-009  0.004312501
-1.12500002e-009      -0.0065
-1.12000001e-009  0.002820313
-1.11500001e-009  -0.00615625
-1.11000001e-009  0.001820313
-1.10500001e-009 -0.005945312
-1.10000001e-009  0.002148438
-1.09500001e-009 -0.006289062
-1.09000001e-009  0.002273438
-1.08500001e-009 -0.006890625
-1.08000001e-009  0.001898438
-1.07500001e-009 -0.007109375
-1.07000001e-009  0.001421875
-1.06500001e-009 -0.006710937
-1.06000001e-009  0.001601563
-1.05500001e-009 -0.006539062
-1.05000001e-009  0.002453125
-1.04500001e-009       -0.007
-1.04000001e-009  0.003015625
-1.03500001e-009       -0.007
-1.03000001e-009   0.00271875
-1.02500001e-009   -0.0075625
-1.02000001e-009  0.003218751
-1.01500001e-009   -0.0081875
-1.01000001e-009        0.003
-1.00500001e-009   -0.0080625
-1.00000001e-009  0.002171875
-9.95000013e-010 -0.007234375
-9.90000013e-010  0.001601563
-9.85000013e-010 -0.007171875
-9.80000013e-010  0.001960938
-9.75000013e-010 -0.008320313
-9.70000013e-010  0.001601563
-9.65000013e-010 -0.008929688
-9.60000013e-010  0.001703125
-9.55000013e-010 -0.008882813
-9.50000013e-010  0.002351563
-9.45000013e-010 -0.009140625
-9.40000013e-010        0.003
-9.35000012e-010 -0.008640625
-9.30000012e-010  0.002484375
-9.25000012e-010 -0.007429688
-9.20000012e-010  0.001289063
-9.15000012e-010 -0.007632813
-9.10000012e-010        0.001
-9.05000012e-010 -0.008507813
-9.00000012e-010 0.0002265629
-8.95000012e-010  -0.00903125
-8.90000012e-010        0.001
-8.85000012e-010       -0.009
-8.80000012e-010     0.002125
-8.75000012e-010  -0.00853125
-8.70000012e-010   0.00278125
-8.65000012e-010 -0.007710938
-8.60000011e-010  0.002835938
-8.55000011e-010 -0.007804688
-8.50000011e-010  0.002226563
-8.45000011e-010 -0.008179688
-8.40000011e-010        0.001
-8.35000011e-010 -0.008101563
-8.30000011e-010 0.0009531254
-8.25000011e-010 -0.008640625
-8.20000011e-010 0.0006015629
-8.15000011e-010 -0.009320313
-8.10000011e-010 0.0009218754
-8.05000011e-010 -0.009476563
-8.00000011e-010        0.001
-7.95000011e-010 -0.009734375
-7.90000011e-010 -0.0005078122
-7.8500001e-010 -0.009640625
-7.8000001e-010 -0.0009999997
-7.7500001e-010 -0.009664063
-7.7000001e-010 -0.0009999997
-7.6500001e-010  -0.01047656
-7.6000001e-010 -0.001242187
-7.5500001e-010  -0.01072656
-7.5000001e-010 -0.0009609372
-7.4500001e-010  -0.01036719
-7.4000001e-010 -0.0009999997
-7.3500001e-010  -0.01147656
-7.3000001e-010 -0.002515625
-7.2500001e-010  -0.01349219
-7.2000001e-010 -0.003867187
-7.1500001e-010  -0.01554688
-7.10000009e-010       -0.005
-7.05000009e-010    -0.016875
-7.00000009e-010     -0.00675
-6.95000009e-010  -0.01732813
-6.90000009e-010 -0.007789063
-6.85000009e-010  -0.01758594
-6.80000009e-010       -0.009
-6.75000009e-010  -0.01986719
-6.70000009e-010  -0.01176563
-6.65000009e-010  -0.02346094
-6.60000009e-010  -0.01491406
-6.55000009e-010  -0.02684375
-6.50000009e-010  -0.01819531
-6.45000009e-010  -0.03030469
-6.40000009e-010  -0.02035938
-6.35000008e-010  -0.03346875
-6.30000008e-010   -0.0231875
-6.25000008e-010  -0.03734375
-6.20000008e-010  -0.02746875
-6.15000008e-010  -0.04235156
-6.10000008e-010  -0.03340625
-6.05000008e-010  -0.04914063
-6.00000008e-010  -0.04035938
-5.95000008e-010   -0.0559375
-5.90000008e-010  -0.04724219
-5.85000008e-010  -0.06272657
-5.80000008e-010   -0.0535625
-5.75000008e-010  -0.06954688
-5.70000008e-010       -0.059
-5.65000008e-010  -0.07651563
-5.60000007e-010  -0.06539063
-5.55000007e-010  -0.08383594
-5.50000007e-010  -0.07272657
-5.45000007e-010  -0.09267969
-5.40000007e-010   -0.0809375
-5.35000007e-010   -0.1008359
-5.30000007e-010  -0.08978907
-5.25000007e-010       -0.109
-5.20000007e-010  -0.09832813
-5.15000007e-010     -0.11675
-5.10000007e-010   -0.1063125
-5.05000007e-010   -0.1237891
-5.00000007e-010   -0.1133594
-4.95000007e-010   -0.1305703
-4.90000007e-010   -0.1198047
-4.85000006e-010   -0.1377734
-4.80000006e-010   -0.1259375
-4.75000006e-010   -0.1434453
-4.70000006e-010   -0.1317891
-4.65000006e-010   -0.1480313
-4.60000006e-010   -0.1361797
-4.55000006e-010   -0.1517266
-4.50000006e-010   -0.1406094
-4.45000006e-010    -0.153375
-4.40000006e-010   -0.1424922
-4.35000006e-010       -0.155
-4.30000006e-010   -0.1440156
-4.25000006e-010   -0.1563125
-4.20000006e-010   -0.1455313
-4.15000006e-010   -0.1568047
-4.10000005e-010   -0.1466797
-4.05000005e-010   -0.1577109
-4.00000005e-010   -0.1465391
-3.95000005e-010   -0.1578047
-3.90000005e-010   -0.1465938
-3.85000005e-010       -0.157
-3.80000005e-010   -0.1453359
-3.75000005e-010   -0.1565781
-3.70000005e-010   -0.1435313
-3.65000005e-010   -0.1553594
-3.60000005e-010   -0.1422422
-3.55000005e-010       -0.155
-3.50000005e-010   -0.1403672
-3.45000005e-010   -0.1526797
-3.40000005e-010   -0.1393438
-3.35000004e-010   -0.1501016
-3.30000004e-010     -0.13775
-3.25000004e-010   -0.1477578
-3.20000004e-010   -0.1367188
-3.15000004e-010   -0.1472734
-3.10000004e-010   -0.1345078
-3.05000004e-010   -0.1459219
-3.00000004e-010   -0.1332656
-2.95000004e-010   -0.1434844
-2.90000004e-010   -0.1320156
-2.85000004e-010       -0.141
-2.80000004e-010       -0.131
-2.75000004e-010   -0.1396875
-2.70000004e-010   -0.1298438
-2.65000004e-010       -0.139
-2.60000003e-010   -0.1290391
-2.55000003e-010    -0.136625
-2.50000003e-010   -0.1263047
-2.45000003e-010   -0.1343203
-2.40000003e-010       -0.124
-2.35000003e-010   -0.1328594
-2.30000003e-010   -0.1215625
-2.25000003e-010   -0.1312734
-2.20000003e-010    -0.118625
-2.15000003e-010       -0.129
-2.10000003e-010   -0.1155469
-2.05000003e-010   -0.1245938
-2.00000003e-010    -0.110125
-1.95000003e-010   -0.1198203
-1.90000003e-010       -0.105
-1.85000002e-010       -0.117
-1.80000002e-010  -0.09971094
-1.75000002e-010       -0.113
-1.70000002e-010  -0.09486719
-1.65000002e-010   -0.1076484
-1.60000002e-010  -0.08947657
-1.55000002e-010   -0.1011953
-1.50000002e-010   -0.0836875
-1.45000002e-010  -0.09436719
-1.40000002e-010       -0.077
-1.35000002e-010  -0.08798438
-1.30000002e-010  -0.07024219
-1.25000002e-010  -0.08085157
-1.20000002e-010  -0.06354688
-1.15000002e-010       -0.073
-1.10000001e-010  -0.05677344
-1.05000001e-010      -0.0655
-1.00000001e-010       -0.049
-9.50000013e-011  -0.05764063
-9.00000012e-011  -0.04061719
-8.50000011e-011  -0.05003906
-8.00000011e-011  -0.03245313
-7.5000001e-011       -0.043
-7.00000009e-011  -0.02467969
-6.50000009e-011  -0.03603125
-6.00000008e-011  -0.01747656
-5.50000007e-011  -0.02860938
-5.00000007e-011       -0.011
-4.50000006e-011  -0.02078906
-4.00000005e-011 -0.004742187
-3.50000005e-011   -0.0128125
-3.00000004e-011        0.001
-2.50000003e-011 -0.006203125
-2.00000003e-011  0.005500001
-1.50000002e-011 -0.0006953122
-1.00000001e-011      0.01075
-5.00000007e-012  0.003812501
           0        0.015
5.00000007e-012  0.007304688
1.00000001e-011   0.01728906
1.50000002e-011  0.009734376
2.00000003e-011        0.019
2.50000003e-011   0.01190625
3.00000004e-011      0.02125
3.50000005e-011   0.01320313
4.00000005e-011   0.02248438
4.50000006e-011   0.01436719
5.00000007e-011   0.02484375
5.50000007e-011   0.01527344
6.00000008e-011   0.02653125
6.50000009e-011   0.01614844
7.00000009e-011   0.02674219
7.5000001e-011   0.01597656
8.00000011e-011   0.02573438
8.50000011e-011   0.01380469
9.00000012e-011        0.025
9.50000013e-011   0.01111719
1.00000001e-010   0.02363281
1.05000001e-010  0.009390626
1.10000001e-010   0.02155469
1.15000002e-010  0.008710938
1.20000002e-010   0.01977344
1.25000002e-010  0.009257813
1.30000002e-010        0.019
1.35000002e-010  0.009804688
1.40000002e-010   0.01780469
1.45000002e-010  0.008968751
1.50000002e-010   0.01747656
1.55000002e-010  0.008710938
1.60000002e-010   0.01867969
1.65000002e-010  0.008203126
1.70000002e-010   0.01963281
1.75000002e-010  0.008507813
1.80000002e-010   0.01951563
1.85000002e-010  0.007843751
1.90000003e-010        0.019
1.95000003e-010  0.008304688
2.00000003e-010   0.02024219
2.05000003e-010  0.009945313
2.10000003e-010   0.02126563
2.15000003e-010   0.01005469
2.20000003e-010   0.02205469
2.25000003e-010    0.0106875
2.30000003e-010     0.022625
2.35000003e-010        0.011
2.40000003e-010   0.02357031
2.45000003e-010    0.0130625
2.50000003e-010        0.025
2.55000003e-010   0.01597656
2.60000003e-010   0.02553125
2.65000004e-010   0.01607813
2.70000004e-010   0.02761719
2.75000004e-010   0.01648438
2.80000004e-010   0.02988281
2.85000004e-010   0.01772656
2.90000004e-010   0.03045313
2.95000004e-010   0.01932031
3.00000004e-010   0.03067188
3.05000004e-010   0.02057031
3.10000004e-010   0.03130469
3.15000004e-010   0.02077344
3.20000004e-010        0.031
3.25000004e-010   0.02046875
3.30000004e-010   0.02959375
3.35000004e-010   0.02039063
3.40000005e-010   0.02945313
3.45000005e-010   0.02046094
3.50000005e-010   0.02936719
3.55000005e-010   0.02019531
3.60000005e-010   0.02948438
3.65000005e-010   0.01799219
3.70000005e-010   0.02920313
3.75000005e-010   0.01670313
3.80000005e-010   0.02840625
3.85000005e-010    0.0164375
3.90000005e-010        0.027
3.95000005e-010   0.01635938
4.00000005e-010   0.02650781
4.05000005e-010    0.0154375
4.10000005e-010       0.0255
4.15000006e-010   0.01505469
4.20000006e-010    0.0241875
4.25000006e-010   0.01335938
4.30000006e-010   0.02358594
4.35000006e-010   0.01188281
4.40000006e-010   0.02321875
4.45000006e-010   0.01110156
4.50000006e-010   0.02289844
4.55000006e-010   0.01109375
4.60000006e-010   0.02215625
4.65000006e-010   0.01171875
4.70000006e-010   0.02239844
4.75000006e-010   0.01252344
4.80000006e-010   0.02298438
4.85000006e-010   0.01263281
4.90000007e-010   0.02302344
4.95000007e-010   0.01274219
5.00000007e-010   0.02239063
5.05000007e-010   0.01247656
5.10000007e-010   0.02169531
5.15000007e-010   0.01201563
5.20000007e-010   0.02189063
5.25000007e-010   0.01228906
5.30000007e-010   0.02186719
5.35000007e-010   0.01201563
5.40000007e-010   0.02208594
5.45000007e-010   0.01176563
5.50000007e-010   0.02240625
5.55000007e-010   0.01192969
5.60000007e-010   0.02290625
5.65000008e-010   0.01253906
5.70000008e-010   0.02294531
5.75000008e-010        0.013
5.80000008e-010    0.0224375
5.85000008e-010        0.013
5.90000008e-010   0.02215625
5.95000008e-010   0.01310156
6.00000008e-010   0.02290625
6.05000008e-010   0.01239063
6.10000008e-010    0.0230625
6.15000008e-010   0.01185938
6.20000008e-010   0.02397656
6.25000008e-010   0.01217188
6.30000008e-010   0.02492188
6.35000008e-010   0.01103125
6.40000009e-010   0.02528906
6.45000009e-010   0.01027344
6.50000009e-010        0.025
6.55000009e-010  0.009234376
6.60000009e-010   0.02397656
6.65000009e-010  0.009062501
6.70000009e-010   0.02261719
6.75000009e-010  0.009812501
6.80000009e-010        0.022
6.85000009e-010   0.01119531
6.90000009e-010   0.02142969
6.95000009e-010   0.01192188
7.00000009e-010   0.02164844
7.05000009e-010      0.01125
7.10000009e-010   0.02223438
7.1500001e-010        0.011
7.2000001e-010        0.023
7.2500001e-010   0.01129688
7.3000001e-010   0.02298438
7.3500001e-010   0.01200781
7.4000001e-010   0.02223438
7.4500001e-010   0.01224219
7.5000001e-010   0.02085938
7.5500001e-010   0.01151563
7.6000001e-010   0.01974219
7.6500001e-010   0.01070313
7.7000001e-010   0.02075781
7.7500001e-010   0.01044531
7.8000001e-010        0.021
7.8500001e-010  0.009289063
7.90000011e-010   0.02032813
7.95000011e-010  0.008835938
8.00000011e-010    0.0203125
8.05000011e-010  0.009367188
8.10000011e-010        0.021
8.15000011e-010   0.01066406
8.20000011e-010   0.02119531
8.25000011e-010        0.011
8.30000011e-010        0.021
8.35000011e-010   0.01119531
8.40000011e-010   0.02048438
8.45000011e-010        0.011
8.50000011e-010   0.01977344
8.55000011e-010   0.01082031
8.60000011e-010        0.021
8.65000012e-010   0.01110156
8.70000012e-010   0.02188281
8.75000012e-010   0.01088281
8.80000012e-010   0.02335156
8.85000012e-010   0.01123438
8.90000012e-010   0.02446875
8.95000012e-010        0.011
9.00000012e-010        0.025
9.05000012e-010   0.01123438
9.10000012e-010   0.02472656
9.15000012e-010   0.01241406
9.20000012e-010   0.02379688
9.25000012e-010   0.01222656
9.30000012e-010   0.02236719
9.35000012e-010   0.01255469
9.40000013e-010   0.02222656
9.45000013e-010   0.01275781
9.50000013e-010   0.02290625
9.55000013e-010   0.01239063
9.60000013e-010   0.02309375
9.65000013e-010   0.01234375
9.70000013e-010   0.02307031
9.75000013e-010   0.01286719
9.80000013e-010   0.02276563
9.85000013e-010        0.013
9.90000013e-010   0.02272656
9.95000013e-010    0.0133125
1.00000001e-009        0.023
1.00500001e-009   0.01425781
1.01000001e-009       0.0225
1.01500001e-009   0.01345313
1.02000001e-009   0.02188281
1.02500001e-009   0.01300781
1.03000001e-009    0.0231875
1.03500001e-009   0.01317969
1.04000001e-009   0.02464844
1.04500001e-009   0.01385156
1.05000001e-009   0.02500781
1.05500001e-009   0.01338281
1.06000001e-009        0.025
1.06500001e-009        0.013
1.07000001e-009   0.02471094
1.07500001e-009        0.013
1.08000001e-009    0.0235625
1.08500001e-009    0.0126875
1.09000001e-009   0.02325781
1.09500001e-009   0.01245313
1.10000001e-009   0.02360156
1.10500001e-009   0.01109375
1.11000001e-009   0.02450781
1.11500001e-009     0.010375
1.12000001e-009        0.025
1.12500002e-009   0.01053906
1.13000002e-009        0.025
1.13500002e-009   0.01175781
1.14000002e-009    0.0253125
1.14500002e-009   0.01389844
1.15000002e-009   0.02551563
1.15500002e-009   0.01524219
1.16000002e-009   0.02555469
1.16500002e-009   0.01490625
1.17000002e-009   0.02539063
1.17500002e-009   0.01530469
1.18000002e-009        0.027
1.18500002e-009   0.01639844
1.19000002e-009   0.02848438
1.19500002e-009   0.01695313
1.20000002e-009   0.02879688
1.20500002e-009   0.01678906
1.21000002e-009   0.02809375
1.21500002e-009   0.01641406
1.22000002e-009   0.02669531
1.22500002e-009    0.0153125
1.23000002e-009   0.02510156
1.23500002e-009   0.01490625
1.24000002e-009   0.02630469
1.24500002e-009   0.01526563
1.25000002e-009   0.02724219
