-2.49000003e-009   -0.0096875
-2.48000003e-009   -0.0096875
-2.47000003e-009 -0.009703125
-2.46000003e-009 -0.009671875
-2.45000003e-009 -0.009632813
-2.44000003e-009 -0.009570313
-2.43000003e-009 -0.009578125
-2.42000003e-009 -0.009570313
-2.41000003e-009   -0.0095625
-2.40000003e-009  -0.00953125
-2.39000003e-009 -0.009523438
-2.38000003e-009 -0.009390625
-2.37000003e-009 -0.009273438
-2.36000003e-009 -0.009140625
-2.35000003e-009  -0.00903125
-2.34000003e-009   -0.0089375
-2.33000003e-009 -0.008859375
-2.32000003e-009 -0.008773438
-2.31000003e-009 -0.008765625
-2.30000003e-009     -0.00875
-2.29000003e-009 -0.008765625
-2.28000003e-009 -0.008757813
-2.27000003e-009 -0.008789063
-2.26000003e-009 -0.008710938
-2.25000003e-009 -0.008664063
-2.24000003e-009  -0.00859375
-2.23000003e-009 -0.008523438
-2.22000003e-009 -0.008445313
-2.21000003e-009 -0.008359375
-2.20000003e-009   -0.0083125
-2.19000003e-009 -0.008257813
-2.18000003e-009  -0.00815625
-2.17000003e-009 -0.008132813
-2.16000003e-009   -0.0080625
-2.15000003e-009 -0.008023438
-2.14000003e-009 -0.007984375
-2.13000003e-009   -0.0079375
-2.12000003e-009 -0.007921875
-2.11000003e-009  -0.00790625
-2.10000003e-009 -0.007859375
-2.09000003e-009 -0.007828125
-2.08000003e-009 -0.007773438
-2.07000003e-009   -0.0076875
-2.06000003e-009 -0.007578125
-2.05000003e-009 -0.007492188
-2.04000003e-009    -0.007375
-2.03000003e-009 -0.007234375
-2.02000003e-009  -0.00715625
-2.01000003e-009 -0.007070312
-2.00000003e-009  -0.00703125
-1.99000003e-009 -0.006984375
-1.98000003e-009   -0.0069375
-1.97000003e-009 -0.006835937
-1.96000003e-009 -0.006773437
-1.95000003e-009    -0.006625
-1.94000003e-009 -0.006476562
-1.93000003e-009 -0.006359375
-1.92000003e-009     -0.00625
-1.91000003e-009   -0.0061875
-1.90000003e-009    -0.006125
-1.89000003e-009 -0.006109375
-1.88000003e-009 -0.006046875
-1.87000002e-009 -0.005960937
-1.86000002e-009 -0.005929687
-1.85000002e-009 -0.005796875
-1.84000002e-009 -0.005671875
-1.83000002e-009 -0.005523437
-1.82000002e-009 -0.005414062
-1.81000002e-009 -0.005296875
-1.80000002e-009 -0.005171875
-1.79000002e-009 -0.005078125
-1.78000002e-009 -0.004945312
-1.77000002e-009  -0.00484375
-1.76000002e-009 -0.004726562
-1.75000002e-009 -0.004632812
-1.74000002e-009 -0.004570312
-1.73000002e-009 -0.004523437
-1.72000002e-009  -0.00446875
-1.71000002e-009 -0.004445312
-1.70000002e-009 -0.004382812
-1.69000002e-009 -0.004273437
-1.68000002e-009 -0.004164062
-1.67000002e-009 -0.003984375
-1.66000002e-009 -0.003820312
-1.65000002e-009 -0.003632812
-1.64000002e-009 -0.003507812
-1.63000002e-009 -0.003445312
-1.62000002e-009 -0.003421875
-1.61000002e-009  -0.00340625
-1.60000002e-009 -0.003414062
-1.59000002e-009  -0.00340625
-1.58000002e-009  -0.00340625
-1.57000002e-009 -0.003359375
-1.56000002e-009 -0.003296875
-1.55000002e-009 -0.003226562
-1.54000002e-009  -0.00315625
-1.53000002e-009 -0.003117187
-1.52000002e-009 -0.003085937
-1.51000002e-009 -0.003054687
-1.50000002e-009   -0.0030625
-1.49000002e-009 -0.003039062
-1.48000002e-009 -0.002984375
-1.47000002e-009 -0.002898437
-1.46000002e-009   -0.0028125
-1.45000002e-009   -0.0026875
-1.44000002e-009 -0.002546875
-1.43000002e-009   -0.0024375
-1.42000002e-009 -0.002382812
-1.41000002e-009  -0.00234375
-1.40000002e-009  -0.00234375
-1.39000002e-009  -0.00240625
-1.38000002e-009 -0.002492187
-1.37000002e-009  -0.00253125
-1.36000002e-009 -0.002570312
-1.35000002e-009 -0.002578125
-1.34000002e-009  -0.00253125
-1.33000002e-009 -0.002484375
-1.32000002e-009 -0.002429687
-1.31000002e-009 -0.002429687
-1.30000002e-009   -0.0024375
-1.29000002e-009 -0.002484375
-1.28000002e-009 -0.002585937
-1.27000002e-009 -0.002671875
-1.26000002e-009     -0.00275
-1.25000002e-009 -0.002757812
-1.24000002e-009 -0.002734375
-1.23000002e-009 -0.002679687
-1.22000002e-009 -0.002585937
-1.21000002e-009 -0.002453125
-1.20000002e-009 -0.002367187
-1.19000002e-009  -0.00228125
-1.18000002e-009  -0.00221875
-1.17000002e-009   -0.0021875
-1.16000002e-009 -0.002171875
-1.15000002e-009 -0.002179687
-1.14000002e-009   -0.0021875
-1.13000002e-009   -0.0021875
-1.12000001e-009 -0.002210937
-1.11000001e-009 -0.002234375
-1.10000001e-009     -0.00225
-1.09000001e-009 -0.002234375
-1.08000001e-009     -0.00225
-1.07000001e-009 -0.002265625
-1.06000001e-009 -0.002289062
-1.05000001e-009 -0.002367187
-1.04000001e-009 -0.002421875
-1.03000001e-009  -0.00259375
-1.02000001e-009 -0.002734375
-1.01000001e-009 -0.002914062
-1.00000001e-009 -0.003085937
-9.90000013e-010 -0.003226562
-9.80000013e-010  -0.00328125
-9.70000013e-010 -0.003265625
-9.60000013e-010  -0.00315625
-9.50000013e-010 -0.003015625
-9.40000013e-010  -0.00284375
-9.30000012e-010 -0.002710937
-9.20000012e-010  -0.00265625
-9.10000012e-010 -0.002648437
-9.00000012e-010 -0.002765625
-8.90000012e-010   -0.0029375
-8.80000012e-010 -0.003171875
-8.70000012e-010 -0.003414062
-8.60000011e-010 -0.003648437
-8.50000011e-010 -0.003804687
-8.40000011e-010 -0.003914062
-8.30000011e-010 -0.003960937
-8.20000011e-010 -0.003960937
-8.10000011e-010 -0.003976562
-8.00000011e-010 -0.003992187
-7.90000011e-010 -0.004023437
-7.8000001e-010 -0.004140625
-7.7000001e-010 -0.004304687
-7.6000001e-010 -0.004492187
-7.5000001e-010 -0.004757812
-7.4000001e-010 -0.005054687
-7.3000001e-010   -0.0054375
-7.2000001e-010   -0.0059375
-7.10000009e-010      -0.0065
-7.00000009e-010  -0.00715625
-6.90000009e-010 -0.007921875
-6.80000009e-010 -0.008835938
-6.70000009e-010 -0.009890625
-6.60000009e-010  -0.01114063
-6.50000009e-010  -0.01264844
-6.40000009e-010      -0.0145
-6.30000008e-010  -0.01682031
-6.20000008e-010  -0.01967969
-6.10000008e-010  -0.02311719
-6.00000008e-010  -0.02715625
-5.90000008e-010  -0.03175781
-5.80000008e-010  -0.03686719
-5.70000008e-010  -0.04251563
-5.60000007e-010  -0.04853906
-5.50000007e-010  -0.05492188
-5.40000007e-010  -0.06171875
-5.30000007e-010  -0.06890625
-5.20000007e-010  -0.07646875
-5.10000007e-010   -0.0844375
-5.00000007e-010  -0.09253125
-4.90000007e-010   -0.1007109
-4.80000006e-010   -0.1087188
-4.70000006e-010   -0.1162891
-4.60000006e-010   -0.1233828
-4.50000006e-010   -0.1296797
-4.40000006e-010   -0.1351953
-4.30000006e-010   -0.1398594
-4.20000006e-010   -0.1436719
-4.10000005e-010   -0.1467891
-4.00000005e-010   -0.1491172
-3.90000005e-010   -0.1507891
-3.80000005e-010   -0.1516719
-3.70000005e-010   -0.1519609
-3.60000005e-010   -0.1517188
-3.50000005e-010   -0.1510703
-3.40000005e-010   -0.1501563
-3.30000004e-010   -0.1489688
-3.20000004e-010   -0.1476875
-3.10000004e-010   -0.1464141
-3.00000004e-010   -0.1451484
-2.90000004e-010   -0.1438828
-2.80000004e-010   -0.1424297
-2.70000004e-010   -0.1409688
-2.60000003e-010   -0.1393828
-2.50000003e-010   -0.1377109
-2.40000003e-010   -0.1359453
-2.30000003e-010   -0.1340625
-2.20000003e-010   -0.1321016
-2.10000003e-010   -0.1300469
-2.00000003e-010   -0.1278281
-1.90000003e-010   -0.1253359
-1.80000002e-010   -0.1223984
-1.70000002e-010   -0.1189297
-1.60000002e-010   -0.1149297
-1.50000002e-010   -0.1103359
-1.40000002e-010   -0.1051875
-1.30000002e-010  -0.09950782
-1.20000002e-010  -0.09335157
-1.10000001e-010  -0.08689063
-1.00000001e-010  -0.08013282
-9.00000012e-011    -0.073125
-8.00000011e-011  -0.06589063
-7.00000009e-011  -0.05838281
-6.00000008e-011  -0.05071094
-5.00000007e-011   -0.0429375
-4.00000005e-011  -0.03517969
-3.00000004e-011   -0.0275625
-2.00000003e-011  -0.02026563
-1.00000001e-011  -0.01335156
           0 -0.007007812
1.00000001e-011 -0.001367187
2.00000003e-011  0.003562501
3.00000004e-011  0.007757813
4.00000005e-011   0.01122656
5.00000007e-011   0.01404688
6.00000008e-011   0.01623438
7.00000009e-011   0.01779688
8.00000011e-011   0.01886719
9.00000012e-011   0.01948438
1.00000001e-010      0.01975
1.10000001e-010   0.01959375
1.20000002e-010     0.019125
1.30000002e-010     0.018375
1.40000002e-010   0.01749219
1.50000002e-010   0.01653125
1.60000002e-010    0.0155625
1.70000002e-010     0.014625
1.80000002e-010    0.0138125
1.90000003e-010   0.01325781
2.00000003e-010   0.01294531
2.10000003e-010   0.01291406
2.20000003e-010   0.01310938
2.30000003e-010   0.01352344
2.40000003e-010      0.01425
2.50000003e-010   0.01510156
2.60000003e-010   0.01620313
2.70000004e-010    0.0174375
2.80000004e-010   0.01883594
2.90000004e-010   0.02026563
3.00000004e-010   0.02163281
3.10000004e-010   0.02292969
3.20000004e-010   0.02402344
3.30000004e-010   0.02485156
3.40000005e-010     0.025375
3.50000005e-010   0.02564063
3.60000005e-010   0.02560156
3.70000005e-010   0.02532031
3.80000005e-010   0.02486719
3.90000005e-010   0.02428125
4.00000005e-010   0.02360938
4.10000005e-010   0.02285938
4.20000006e-010   0.02208594
4.30000006e-010   0.02132813
4.40000006e-010    0.0205625
4.50000006e-010   0.01982813
4.60000006e-010   0.01916406
4.70000006e-010   0.01857813
4.80000006e-010   0.01810156
4.90000007e-010   0.01769531
5.00000007e-010   0.01739063
5.10000007e-010   0.01716406
5.20000007e-010        0.017
5.30000007e-010   0.01692188
5.40000007e-010   0.01690625
5.50000007e-010    0.0169375
5.60000007e-010   0.01705469
5.70000008e-010   0.01713281
5.80000008e-010   0.01726563
5.90000008e-010   0.01735156
6.00000008e-010   0.01749219
6.10000008e-010   0.01757813
6.20000008e-010    0.0176875
6.30000008e-010   0.01771875
6.40000009e-010   0.01778906
6.50000009e-010   0.01777344
6.60000009e-010   0.01777344
6.70000009e-010   0.01767188
6.80000009e-010   0.01757031
6.90000009e-010   0.01741406
7.00000009e-010   0.01720313
7.10000009e-010   0.01696875
7.2000001e-010   0.01671875
7.3000001e-010   0.01646094
7.4000001e-010   0.01622656
7.5000001e-010   0.01600781
7.6000001e-010    0.0158125
7.7000001e-010   0.01564844
7.8000001e-010   0.01548438
7.90000011e-010   0.01534375
8.00000011e-010   0.01521875
8.10000011e-010   0.01508594
8.20000011e-010   0.01497656
8.30000011e-010   0.01489063
8.40000011e-010     0.014875
8.50000011e-010    0.0149375
8.60000011e-010   0.01502344
8.70000012e-010   0.01517969
8.80000012e-010   0.01534375
8.90000012e-010    0.0155625
9.00000012e-010      0.01575
9.10000012e-010   0.01597656
9.20000012e-010   0.01617969
9.30000012e-010   0.01640625
9.40000013e-010   0.01664063
9.50000013e-010   0.01685938
9.60000013e-010   0.01710938
9.70000013e-010   0.01735156
9.80000013e-010   0.01758594
9.90000013e-010   0.01778906
1.00000001e-009    0.0179375
1.01000001e-009   0.01805469
1.02000001e-009   0.01803906
1.03000001e-009   0.01801563
1.04000001e-009     0.017875
1.05000001e-009   0.01777344
1.06000001e-009   0.01765625
1.07000001e-009    0.0175625
1.08000001e-009   0.01753906
1.09000001e-009    0.0175625
1.10000001e-009    0.0176875
1.11000001e-009   0.01785156
1.12000001e-009   0.01803906
1.13000002e-009   0.01828906
1.14000002e-009   0.01854688
1.15000002e-009   0.01879688
1.16000002e-009   0.01907031
1.17000002e-009   0.01932813
1.18000002e-009   0.01961719
1.19000002e-009   0.01985156
1.20000002e-009   0.02013281
1.21000002e-009   0.02035938
1.22000002e-009   0.02052344
1.23000002e-009   0.02071094
1.24000002e-009   0.02085938
1.25000002e-009   0.02097656
1.26000002e-009   0.02107031
1.27000002e-009   0.02107813
1.28000002e-009   0.02107813
1.29000002e-009   0.02103906
1.30000002e-009   0.02096875
1.31000002e-009   0.02090625
1.32000002e-009   0.02082031
1.33000002e-009   0.02088281
1.34000002e-009   0.02090625
1.35000002e-009   0.02096094
1.36000002e-009   0.02102344
1.37000002e-009   0.02111719
1.38000002e-009   0.02115625
1.39000002e-009   0.02120313
1.40000002e-009   0.02119531
1.41000002e-009   0.02117969
1.42000002e-009   0.02116406
1.43000002e-009   0.02114844
1.44000002e-009   0.02110156
1.45000002e-009   0.02101563
1.46000002e-009   0.02090625
1.47000002e-009   0.02070313
1.48000002e-009   0.02042969
1.49000002e-009   0.02010938
1.50000002e-009   0.01975781
1.51000002e-009    0.0194375
1.52000002e-009   0.01914844
1.53000002e-009   0.01889063
1.54000002e-009   0.01874219
1.55000002e-009   0.01869531
1.56000002e-009    0.0186875
1.57000002e-009   0.01870313
1.58000002e-009   0.01869531
1.59000002e-009   0.01867188
1.60000002e-009   0.01866406
1.61000002e-009   0.01854688
1.62000002e-009   0.01839844
1.63000002e-009   0.01817188
1.64000002e-009   0.01794531
1.65000002e-009   0.01769531
1.66000002e-009   0.01745313
1.67000002e-009   0.01722656
1.68000002e-009   0.01705469
1.69000002e-009   0.01690625
1.70000002e-009   0.01682813
1.71000002e-009   0.01675781
1.72000002e-009   0.01673438
1.73000002e-009   0.01667188
1.74000002e-009   0.01663281
1.75000002e-009   0.01657031
1.76000002e-009   0.01653906
1.77000002e-009   0.01652344
1.78000002e-009   0.01648438
1.79000002e-009   0.01648438
1.80000002e-009   0.01652344
1.81000002e-009   0.01652344
1.82000002e-009   0.01652344
1.83000002e-009   0.01652344
1.84000002e-009   0.01652344
1.85000002e-009   0.01649219
1.86000002e-009   0.01645313
1.87000002e-009   0.01642969
1.88000003e-009   0.01634375
1.89000003e-009      0.01625
1.90000003e-009   0.01617188
1.91000003e-009   0.01610938
1.92000003e-009    0.0160625
1.93000003e-009   0.01605469
1.94000003e-009   0.01607813
1.95000003e-009   0.01613281
1.96000003e-009   0.01620313
1.97000003e-009   0.01628125
1.98000003e-009   0.01635156
1.99000003e-009     0.016375
2.00000003e-009   0.01632813
2.01000003e-009   0.01629688
2.02000003e-009    0.0161875
2.03000003e-009   0.01617188
2.04000003e-009   0.01617188
2.05000003e-009   0.01620313
2.06000003e-009    0.0163125
2.07000003e-009   0.01646094
2.08000003e-009   0.01652344
2.09000003e-009   0.01660938
2.10000003e-009   0.01664063
2.11000003e-009     0.016625
2.12000003e-009   0.01653125
2.13000003e-009   0.01646094
2.14000003e-009   0.01635938
2.15000003e-009   0.01630469
2.16000003e-009   0.01626563
2.17000003e-009   0.01621875
2.18000003e-009    0.0161875
2.19000003e-009   0.01610938
2.20000003e-009   0.01604688
2.21000003e-009   0.01594531
2.22000003e-009   0.01588281
2.23000003e-009   0.01578125
2.24000003e-009   0.01576563
2.25000003e-009   0.01580469
2.26000003e-009   0.01588281
2.27000003e-009   0.01596094
2.28000003e-009   0.01600781
2.29000003e-009   0.01603906
2.30000003e-009        0.016
2.31000003e-009   0.01588281
2.32000003e-009   0.01570313
2.33000003e-009   0.01547656
2.34000003e-009   0.01528125
2.35000003e-009   0.01511719
2.36000003e-009   0.01502344
2.37000003e-009   0.01499219
2.38000003e-009   0.01503906
2.39000003e-009   0.01510938
2.40000003e-009   0.01517969
2.41000003e-009   0.01520313
2.42000003e-009   0.01520313
2.43000003e-009   0.01514063
2.44000003e-009   0.01504688
2.45000003e-009   0.01494531
2.46000003e-009   0.01485156
2.47000003e-009   0.01479688
2.48000003e-009    0.0148125
2.49000003e-009   0.01476563
2.50000003e-009   0.01480469
