-4.98000007e-009    -0.005375
-4.96000007e-009  0.005171876
-4.94000007e-009 -0.003359375
-4.92000007e-009  0.005000001
-4.90000007e-009       -0.005
-4.88000007e-009  0.004015626
-4.86000006e-009  -0.00621875
-4.84000006e-009  0.004804688
-4.82000006e-009     -0.00575
-4.80000006e-009  0.005000001
-4.78000006e-009  -0.00634375
-4.76000006e-009  0.003867188
-4.74000006e-009 -0.007023437
-4.72000006e-009  0.005929688
-4.70000006e-009   -0.0045625
-4.68000006e-009  0.004242188
-4.66000006e-009 -0.005382812
-4.64000006e-009  0.004429688
-4.62000006e-009       -0.007
-4.60000006e-009  0.005484376
-4.58000006e-009 -0.005585937
-4.56000006e-009  0.005203126
-4.54000006e-009       -0.005
-4.52000006e-009  0.003296876
-4.50000006e-009 -0.005398437
-4.48000006e-009  0.004296876
-4.46000006e-009 -0.005257812
-4.44000006e-009  0.004289063
-4.42000006e-009   -0.0050625
-4.40000006e-009  0.005000001
-4.38000006e-009 -0.005515625
-4.36000006e-009  0.005031251
-4.34000006e-009 -0.005921875
-4.32000006e-009  0.005000001
-4.30000006e-009   -0.0050625
-4.28000006e-009  0.002773438
-4.26000006e-009 -0.006273437
-4.24000006e-009  0.005000001
-4.22000006e-009  -0.00528125
-4.20000006e-009  0.005000001
-4.18000006e-009 -0.006953125
-4.16000006e-009  0.005406251
-4.14000006e-009       -0.005
-4.12000006e-009  0.005000001
-4.10000005e-009       -0.005
-4.08000005e-009  0.003445313
-4.06000005e-009 -0.003984375
-4.04000005e-009  0.003546876
-4.02000005e-009 -0.005164062
-4.00000005e-009  0.005000001
-3.98000005e-009 -0.005695312
-3.96000005e-009  0.005195313
-3.94000005e-009       -0.005
-3.92000005e-009  0.005000001
-3.90000005e-009       -0.005
-3.88000005e-009  0.007351563
-3.86000005e-009  -0.00559375
-3.84000005e-009  0.004406251
-3.82000005e-009       -0.005
-3.80000005e-009  0.005000001
-3.78000005e-009 -0.007671875
-3.76000005e-009  0.004554688
-3.74000005e-009 -0.005492187
-3.72000005e-009  0.005000001
-3.70000005e-009       -0.006
-3.68000005e-009  0.004507813
-3.66000005e-009 -0.005367187
-3.64000005e-009        0.003
-3.62000005e-009       -0.005
-3.60000005e-009  0.004023438
-3.58000005e-009  -0.00471875
-3.56000005e-009  0.005796876
-3.54000005e-009 -0.005804687
-3.52000005e-009        0.003
-3.50000005e-009 -0.005171875
-3.48000005e-009  0.003218751
-3.46000005e-009  -0.00678125
-3.44000005e-009        0.003
-3.42000005e-009       -0.007
-3.40000005e-009        0.003
-3.38000005e-009 -0.007046875
-3.36000004e-009    0.0028125
-3.34000004e-009  -0.00715625
-3.32000004e-009   0.00171875
-3.30000004e-009  -0.00828125
-3.28000004e-009  0.001921875
-3.26000004e-009 -0.008078125
-3.24000004e-009   0.00121875
-3.22000004e-009       -0.009
-3.20000004e-009   0.00109375
-3.18000004e-009  -0.01008594
-3.16000004e-009  0.001203125
-3.14000004e-009       -0.011
-3.12000004e-009  -0.00259375
-3.10000004e-009       -0.011
-3.08000004e-009 -0.001695312
-3.06000004e-009  -0.01142969
-3.04000004e-009 -0.002984375
-3.02000004e-009       -0.013
-3.00000004e-009       -0.003
-2.98000004e-009  -0.01180469
-2.96000004e-009 -0.003648437
-2.94000004e-009       -0.013
-2.92000004e-009  -0.00484375
-2.90000004e-009  -0.01388281
-2.88000004e-009    -0.004375
-2.86000004e-009   -0.0134375
-2.84000004e-009 -0.004445312
-2.82000004e-009  -0.01564063
-2.80000004e-009       -0.005
-2.78000004e-009  -0.01385938
-2.76000004e-009  -0.00578125
-2.74000004e-009       -0.015
-2.72000004e-009       -0.005
-2.70000004e-009  -0.01364844
-2.68000004e-009 -0.002460937
-2.66000004e-009  -0.01339844
-2.64000004e-009 -0.004898437
-2.62000003e-009  -0.01422656
-2.60000003e-009 -0.002304687
-2.58000003e-009  -0.01579688
-2.56000003e-009 -0.005179687
-2.54000003e-009  -0.01449219
-2.52000003e-009       -0.005
-2.50000003e-009     -0.01375
-2.48000003e-009 -0.004304687
-2.46000003e-009  -0.01399219
-2.44000003e-009 -0.004648437
-2.42000003e-009  -0.01340625
-2.40000003e-009       -0.003
-2.38000003e-009  -0.01463281
-2.36000003e-009 -0.004882812
-2.34000003e-009  -0.01311719
-2.32000003e-009 -0.004898437
-2.30000003e-009       -0.013
-2.28000003e-009 -0.004578125
-2.26000003e-009  -0.01321875
-2.24000003e-009       -0.003
-2.22000003e-009       -0.013
-2.20000003e-009 -0.002039062
-2.18000003e-009  -0.01223438
-2.16000003e-009 -0.003539062
-2.14000003e-009  -0.01515625
-2.12000003e-009  -0.00215625
-2.10000003e-009    -0.011375
-2.08000003e-009 -0.001742187
-2.06000003e-009  -0.01121094
-2.04000003e-009 -0.0002578122
-2.02000003e-009 -0.009773438
-2.00000003e-009 -0.0009999997
-1.98000003e-009 -0.009765625
-1.96000003e-009 -0.001546875
-1.94000003e-009       -0.013
-1.92000003e-009 -0.0009999997
-1.90000003e-009       -0.011
-1.88000003e-009  0.001398438
-1.86000002e-009  -0.01041406
-1.84000002e-009 7.81285e-006
-1.82000002e-009 -0.009382813
-1.80000002e-009 0.0004921879
-1.78000002e-009 -0.007921875
-1.76000002e-009 0.0007109379
-1.74000002e-009     -0.00925
-1.72000002e-009        0.001
-1.70000002e-009   -0.0083125
-1.68000002e-009  0.003164063
-1.66000002e-009 -0.008835938
-1.64000002e-009  0.001960938
-1.62000002e-009 -0.007570313
-1.60000002e-009        0.001
-1.58000002e-009 -0.008085938
-1.56000002e-009  0.001484375
-1.54000002e-009 -0.007757813
-1.52000002e-009        0.001
-1.50000002e-009  -0.00715625
-1.48000002e-009  0.003140625
-1.46000002e-009 -0.007195312
-1.44000002e-009  0.001242188
-1.42000002e-009 -0.007304687
-1.40000002e-009  0.004781251
-1.38000002e-009   -0.0068125
-1.36000002e-009  0.002851563
-1.34000002e-009   -0.0088125
-1.32000002e-009  0.005023438
-1.30000002e-009       -0.009
-1.28000002e-009  0.005125001
-1.26000002e-009   -0.0071875
-1.24000002e-009  0.003132813
-1.22000002e-009 -0.006914062
-1.20000002e-009  0.003304688
-1.18000002e-009 -0.006890625
-1.16000002e-009  0.003773438
-1.14000002e-009 -0.006289062
-1.12000001e-009        0.003
-1.10000001e-009 -0.007140625
-1.08000001e-009  0.004296876
-1.06000001e-009 -0.006515625
-1.04000001e-009        0.003
-1.02000001e-009   -0.0079375
-1.00000001e-009        0.003
-9.80000013e-010 -0.007789063
-9.60000013e-010  0.001171875
-9.40000013e-010      -0.0085
-9.20000012e-010    0.0015625
-9.00000012e-010 -0.007867188
-8.80000012e-010     0.002875
-8.60000011e-010 -0.009695313
-8.40000011e-010  0.001664063
-8.20000011e-010       -0.009
-8.00000011e-010        0.001
-7.8000001e-010 -0.008757813
-7.6000001e-010 -3.124965e-005
-7.4000001e-010  -0.01077344
-7.2000001e-010 -0.0009999997
-7.00000009e-010  -0.01389063
-6.80000009e-010 -0.004226562
-6.60000009e-010  -0.01864063
-6.40000009e-010  -0.01108594
-6.20000008e-010       -0.031
-6.00000008e-010       -0.023
-5.80000008e-010  -0.05467188
-5.60000007e-010  -0.04847656
-5.40000007e-010       -0.081
-5.20000007e-010       -0.077
-5.00000007e-010    -0.113375
-4.80000006e-010   -0.1069766
-4.60000006e-010   -0.1402813
-4.40000006e-010   -0.1338203
-4.20000006e-010   -0.1547344
-4.00000005e-010   -0.1455078
-3.80000005e-010   -0.1574219
-3.60000005e-010   -0.1434766
-3.40000005e-010   -0.1552031
-3.20000004e-010       -0.139
-3.00000004e-010       -0.149
-2.80000004e-010   -0.1346094
-2.60000003e-010   -0.1416563
-2.40000003e-010   -0.1260703
-2.20000003e-010   -0.1350391
-2.00000003e-010     -0.11675
-1.80000002e-010   -0.1237109
-1.60000002e-010  -0.09978907
-1.40000002e-010   -0.1064609
-1.20000002e-010   -0.0738125
-1.00000001e-010       -0.083
-8.00000011e-011     -0.04225
-6.00000008e-011  -0.05171875
-4.00000005e-011  -0.01501563
-2.00000003e-011       -0.019
           0  0.007000001
2.00000003e-011  0.003851563
4.00000005e-011   0.01974219
6.00000008e-011   0.01242188
8.00000011e-011        0.027
1.00000001e-010   0.01395313
1.20000002e-010   0.02211719
1.40000002e-010   0.01109375
1.60000002e-010   0.01839844
1.80000002e-010  0.007367188
2.00000003e-010   0.01765625
2.20000003e-010  0.008914063
2.40000003e-010   0.02127344
2.60000003e-010   0.01421875
2.80000004e-010   0.02753125
3.00000004e-010   0.01883594
3.20000004e-010   0.03239063
3.40000005e-010   0.02246875
3.60000005e-010   0.03100781
3.80000005e-010   0.02010938
4.00000005e-010   0.02736719
4.20000006e-010   0.01707031
4.40000006e-010   0.02565625
4.60000006e-010   0.01283594
4.80000006e-010   0.02220313
5.00000007e-010   0.01269531
5.20000007e-010   0.02229688
5.40000007e-010   0.01289063
5.60000007e-010   0.02315625
5.80000008e-010      0.01125
6.00000008e-010   0.02157031
6.20000008e-010   0.01285156
6.40000009e-010    0.0233125
6.60000009e-010   0.01223438
6.80000009e-010        0.023
7.00000009e-010   0.01233594
7.2000001e-010   0.02457031
7.4000001e-010   0.01229688
7.6000001e-010        0.021
7.8000001e-010    0.0109375
8.00000011e-010   0.02020313
8.20000011e-010   0.01034375
8.40000011e-010   0.01960156
8.60000011e-010  0.008921876
8.80000012e-010   0.02088281
9.00000012e-010   0.01147656
9.20000012e-010   0.02082813
9.40000013e-010   0.01049219
9.60000013e-010        0.023
9.80000013e-010        0.011
1.00000001e-009        0.023
1.02000001e-009   0.01273438
1.04000001e-009   0.02361719
1.06000001e-009        0.013
1.08000001e-009        0.023
1.10000001e-009        0.013
1.12000001e-009   0.02345313
1.14000002e-009   0.01517188
1.16000002e-009   0.02548438
1.18000002e-009   0.01558594
1.20000002e-009   0.02729688
1.22000002e-009       0.0165
1.24000002e-009   0.02582031
1.26000002e-009        0.017
1.28000002e-009        0.029
1.30000002e-009        0.017
1.32000002e-009   0.02510156
1.34000002e-009   0.01653906
1.36000002e-009        0.027
1.38000002e-009   0.01646875
1.40000002e-009   0.02603906
1.42000002e-009   0.01685156
1.44000002e-009   0.02592188
1.46000002e-009   0.01679688
1.48000002e-009        0.027
1.50000002e-009   0.01577344
1.52000002e-009   0.02503125
1.54000002e-009    0.0134375
1.56000002e-009   0.02380469
1.58000002e-009   0.01376563
1.60000002e-009        0.025
1.62000002e-009   0.01421875
1.64000002e-009   0.02350781
1.66000002e-009        0.013
1.68000002e-009   0.02272656
1.70000002e-009   0.01247656
1.72000002e-009   0.02145313
1.74000002e-009   0.01057031
1.76000002e-009        0.023
1.78000002e-009   0.01142188
1.80000002e-009   0.02224219
1.82000002e-009   0.01196875
1.84000002e-009   0.02315625
1.86000002e-009   0.01209375
1.88000003e-009       0.0215
1.90000003e-009        0.011
1.92000003e-009   0.02042188
1.94000003e-009   0.01027344
1.96000003e-009   0.02128125
1.98000003e-009   0.01167969
2.00000003e-009        0.021
2.02000003e-009   0.01050781
2.04000003e-009   0.02346094
2.06000003e-009   0.01182031
2.08000003e-009   0.02128125
2.10000003e-009        0.011
2.12000003e-009   0.02154688
2.14000003e-009     0.011875
2.16000003e-009        0.021
2.18000003e-009  0.009203126
2.20000003e-009        0.021
2.22000003e-009  0.009070313
2.24000003e-009   0.02088281
2.26000003e-009   0.01102344
2.28000003e-009     0.020625
2.30000003e-009        0.011
2.32000003e-009   0.02120313
2.34000003e-009   0.01247656
2.36000003e-009        0.021
2.38000003e-009        0.011
2.40000003e-009        0.021
2.42000003e-009   0.01035938
2.44000003e-009   0.01936719
2.46000003e-009  0.009234376
2.48000003e-009        0.021
2.50000003e-009  0.007648438
2.52000003e-009        0.019
2.54000003e-009  0.009726563
2.56000003e-009        0.021
2.58000003e-009  0.009000001
2.60000003e-009    0.0186875
2.62000003e-009  0.006429688
2.64000004e-009   0.01992188
2.66000004e-009  0.007875001
2.68000004e-009        0.019
2.70000004e-009  0.008632813
2.72000004e-009   0.01905469
2.74000004e-009  0.009015626
2.76000004e-009        0.019
2.78000004e-009  0.007656251
2.80000004e-009   0.01840625
2.82000004e-009  0.006601563
2.84000004e-009   0.01757813
2.86000004e-009  0.007000001
2.88000004e-009        0.019
2.90000004e-009  0.007000001
2.92000004e-009     0.017875
2.94000004e-009  0.007609376
2.96000004e-009        0.019
2.98000004e-009  0.007179688
3.00000004e-009        0.017
3.02000004e-009  0.008093751
3.04000004e-009   0.01733594
3.06000004e-009  0.005992188
3.08000004e-009   0.01769531
3.10000004e-009  0.007328126
3.12000004e-009   0.01903125
3.14000004e-009  0.007062501
3.16000004e-009   0.01594531
3.18000004e-009  0.007000001
3.20000004e-009        0.017
3.22000004e-009  0.006875001
3.24000004e-009   0.01660156
3.26000004e-009  0.005835938
3.28000004e-009        0.019
3.30000004e-009  0.007000001
3.32000004e-009   0.01723438
3.34000004e-009  0.006945313
3.36000004e-009   0.01647656
3.38000005e-009  0.006867188
3.40000005e-009   0.01557813
3.42000005e-009  0.005859376
3.44000005e-009   0.01505469
3.46000005e-009  0.005859376
3.48000005e-009   0.01490625
3.50000005e-009        0.003
3.52000005e-009   0.01477344
3.54000005e-009  0.003289063
3.56000005e-009   0.01438281
3.58000005e-009  0.005000001
3.60000005e-009        0.015
3.62000005e-009  0.004796876
3.64000005e-009   0.01571094
3.66000005e-009  0.004046876
3.68000005e-009   0.01319531
3.70000005e-009  0.003867188
3.72000005e-009   0.01500781
3.74000005e-009  0.005000001
3.76000005e-009   0.01342188
3.78000005e-009  0.003742188
3.80000005e-009        0.015
3.82000005e-009  0.003601563
3.84000005e-009   0.01392969
3.86000005e-009  0.003679688
3.88000005e-009     0.014375
3.90000005e-009  0.004867188
3.92000005e-009   0.01509375
3.94000005e-009  0.004710938
3.96000005e-009   0.01524219
3.98000005e-009  0.005000001
4.00000005e-009        0.015
4.02000005e-009  0.004664063
4.04000005e-009    0.0131875
4.06000005e-009  0.003875001
4.08000005e-009        0.013
4.10000005e-009  0.005000001
4.12000006e-009   0.01357813
4.14000006e-009  0.003937501
4.16000006e-009   0.01433594
4.18000006e-009  0.004390626
4.20000006e-009   0.01486719
4.22000006e-009  0.002484375
4.24000006e-009   0.01358594
4.26000006e-009  0.002398438
4.28000006e-009        0.013
4.30000006e-009  0.002921875
4.32000006e-009   0.01250781
4.34000006e-009    0.0015625
4.36000006e-009   0.01199219
4.38000006e-009        0.003
4.40000006e-009        0.017
4.42000006e-009   0.00196875
4.44000006e-009   0.01249219
4.46000006e-009  0.002070313
4.48000006e-009   0.01303906
4.50000006e-009        0.003
4.52000006e-009   0.01310156
4.54000006e-009  0.003906251
4.56000006e-009   0.01304688
4.58000006e-009  0.002117188
4.60000006e-009        0.013
4.62000006e-009  0.004570313
4.64000006e-009   0.01498438
4.66000006e-009  0.003648438
4.68000006e-009   0.01405469
4.70000006e-009  0.004890626
4.72000006e-009   0.01377344
4.74000006e-009     0.003125
4.76000006e-009    0.0138125
4.78000006e-009  0.003132813
4.80000006e-009        0.013
4.82000006e-009  0.003406251
4.84000006e-009   0.01301563
4.86000006e-009  0.001171875
4.88000007e-009        0.013
4.90000007e-009  0.004421876
4.92000007e-009   0.01408594
4.94000007e-009  0.005203126
4.96000007e-009        0.015
4.98000007e-009  0.006914063
5.00000007e-009        0.017
