-4.98000007e-009 -0.005101562
-4.96000007e-009  0.005523438
-4.94000007e-009 -0.005617187
-4.92000007e-009  0.005000001
-4.90000007e-009       -0.005
-4.88000007e-009  0.004890626
-4.86000006e-009 -0.005835937
-4.84000006e-009  0.003914063
-4.82000006e-009 -0.004609375
-4.80000006e-009  0.005867188
-4.78000006e-009   -0.0050625
-4.76000006e-009  0.005179688
-4.74000006e-009 -0.004617187
-4.72000006e-009  0.005000001
-4.70000006e-009 -0.005507812
-4.68000006e-009  0.004671876
-4.66000006e-009 -0.005070312
-4.64000006e-009  0.004539063
-4.62000006e-009 -0.003828125
-4.60000006e-009  0.004640626
-4.58000006e-009 -0.005398437
-4.56000006e-009  0.003070313
-4.54000006e-009 -0.005648437
-4.52000006e-009  0.005000001
-4.50000006e-009 -0.005359375
-4.48000006e-009  0.005445313
-4.46000006e-009 -0.005164062
-4.44000006e-009  0.005296876
-4.42000006e-009       -0.005
-4.40000006e-009        0.003
-4.38000006e-009 -0.004851562
-4.36000006e-009  0.003820313
-4.34000006e-009 -0.005257812
-4.32000006e-009  0.005000001
-4.30000006e-009   -0.0056875
-4.28000006e-009  0.006664063
-4.26000006e-009 -0.005101562
-4.24000006e-009  0.004031251
-4.22000006e-009 -0.006945312
-4.20000006e-009  0.004031251
-4.18000006e-009 -0.005445312
-4.16000006e-009  0.005453126
-4.14000006e-009       -0.005
-4.12000006e-009  0.005078126
-4.10000005e-009 -0.005523437
-4.08000005e-009  0.004773438
-4.06000005e-009 -0.005117187
-4.04000005e-009  0.003687501
-4.02000005e-009 -0.005304687
-4.00000005e-009  0.005000001
-3.98000005e-009 -0.007828125
-3.96000005e-009  0.005804688
-3.94000005e-009 -0.004265625
-3.92000005e-009  0.003593751
-3.90000005e-009 -0.004960937
-3.88000005e-009   0.00315625
-3.86000005e-009  -0.00596875
-3.84000005e-009  0.005804688
-3.82000005e-009  -0.00496875
-3.80000005e-009  0.004453126
-3.78000005e-009 -0.004664062
-3.76000005e-009  0.004875001
-3.74000005e-009 -0.005367187
-3.72000005e-009  0.005414063
-3.70000005e-009 -0.005289062
-3.68000005e-009  0.002914063
-3.66000005e-009 -0.004304687
-3.64000005e-009  0.004601563
-3.62000005e-009       -0.005
-3.60000005e-009  0.004445313
-3.58000005e-009  -0.00565625
-3.56000005e-009  0.005164063
-3.54000005e-009       -0.005
-3.52000005e-009  0.004960938
-3.50000005e-009 -0.005367187
-3.48000005e-009   0.00315625
-3.46000005e-009 -0.005023437
-3.44000005e-009        0.003
-3.42000005e-009       -0.007
-3.40000005e-009        0.003
-3.38000005e-009 -0.007203125
-3.36000004e-009  0.002617188
-3.34000004e-009 -0.006132812
-3.32000004e-009  0.002367188
-3.30000004e-009     -0.00825
-3.28000004e-009      0.00175
-3.26000004e-009  -0.00959375
-3.24000004e-009  0.001109375
-3.22000004e-009       -0.009
-3.20000004e-009 -0.0009453122
-3.18000004e-009  -0.01008594
-3.16000004e-009 -0.0008984372
-3.14000004e-009  -0.01067969
-3.12000004e-009 -0.002734375
-3.10000004e-009    -0.010875
-3.08000004e-009 -0.002710937
-3.06000004e-009  -0.01179688
-3.04000004e-009 -0.0009999997
-3.02000004e-009  -0.01198438
-3.00000004e-009 -0.003859375
-2.98000004e-009  -0.01430469
-2.96000004e-009 -0.002820312
-2.94000004e-009  -0.01378125
-2.92000004e-009  -0.00453125
-2.90000004e-009  -0.01360938
-2.88000004e-009 -0.004835937
-2.86000004e-009  -0.01469531
-2.84000004e-009 -0.004664062
-2.82000004e-009  -0.01391406
-2.80000004e-009 -0.005835937
-2.78000004e-009  -0.01671094
-2.76000004e-009 -0.005765625
-2.74000004e-009  -0.01400781
-2.72000004e-009       -0.007
-2.70000004e-009  -0.01696875
-2.68000004e-009 -0.005929687
-2.66000004e-009  -0.01539844
-2.64000004e-009 -0.005109375
-2.62000003e-009       -0.015
-2.60000003e-009 -0.005492187
-2.58000003e-009  -0.01571094
-2.56000003e-009 -0.006695312
-2.54000003e-009       -0.015
-2.52000003e-009 -0.006085937
-2.50000003e-009  -0.01364063
-2.48000003e-009 -0.004789062
-2.46000003e-009   -0.0154375
-2.44000003e-009 -0.004648437
-2.42000003e-009  -0.01419531
-2.40000003e-009  -0.00403125
-2.38000003e-009  -0.01516406
-2.36000003e-009  -0.00528125
-2.34000003e-009  -0.01424219
-2.32000003e-009       -0.005
-2.30000003e-009       -0.013
-2.28000003e-009 -0.002773437
-2.26000003e-009  -0.01501563
-2.24000003e-009 -0.004929687
-2.22000003e-009       -0.013
-2.20000003e-009       -0.003
-2.18000003e-009    -0.015875
-2.16000003e-009  -0.00296875
-2.14000003e-009   -0.0138125
-2.12000003e-009 -0.003070312
-2.10000003e-009   -0.0130625
-2.08000003e-009 -0.001398437
-2.06000003e-009  -0.01257031
-2.04000003e-009  -0.00328125
-2.02000003e-009       -0.013
-2.00000003e-009       -0.003
-1.98000003e-009  -0.01205469
-1.96000003e-009 -0.002117187
-1.94000003e-009  -0.01310938
-1.92000003e-009 -0.002367187
-1.90000003e-009       -0.011
-1.88000003e-009  -0.00159375
-1.86000002e-009  -0.01103125
-1.84000002e-009 -0.0009843747
-1.82000002e-009  -0.00984375
-1.80000002e-009 -0.0005859372
-1.78000002e-009 -0.009484375
-1.76000002e-009 -0.0005859372
-1.74000002e-009       -0.009
-1.72000002e-009        0.001
-1.70000002e-009  -0.01011719
-1.68000002e-009 0.0001015629
-1.66000002e-009 -0.008390625
-1.64000002e-009  0.001132813
-1.62000002e-009       -0.009
-1.60000002e-009  0.002039063
-1.58000002e-009 -0.008695313
-1.56000002e-009 0.0009218754
-1.54000002e-009 -0.007804688
-1.52000002e-009        0.001
-1.50000002e-009       -0.009
-1.48000002e-009  0.001351563
-1.46000002e-009 -0.008070313
-1.44000002e-009  0.001351563
-1.42000002e-009       -0.009
-1.40000002e-009        0.001
-1.38000002e-009 -0.007382813
-1.36000002e-009  0.003015625
-1.34000002e-009  -0.00746875
-1.32000002e-009        0.003
-1.30000002e-009     -0.00775
-1.28000002e-009  0.003531251
-1.26000002e-009 -0.008414063
-1.24000002e-009  0.003039063
-1.22000002e-009   -0.0074375
-1.20000002e-009        0.001
-1.18000002e-009 -0.006789062
-1.16000002e-009   0.00228125
-1.14000002e-009 -0.006984375
-1.12000001e-009        0.003
-1.10000001e-009 -0.007257812
-1.08000001e-009  0.003492188
-1.06000001e-009 -0.006726562
-1.04000001e-009        0.003
-1.02000001e-009       -0.007
-1.00000001e-009        0.001
-9.80000013e-010 -0.008828125
-9.60000013e-010 0.0001484379
-9.40000013e-010 -0.009351563
-9.20000012e-010        0.001
-9.00000012e-010 -0.007695313
-8.80000012e-010  0.002960938
-8.60000011e-010   -0.0095625
-8.40000011e-010 0.0009140629
-8.20000011e-010       -0.009
-8.00000011e-010 -0.0001328122
-7.8000001e-010 -0.009304688
-7.6000001e-010  0.001335938
-7.4000001e-010 -0.008539063
-7.2000001e-010 -0.0009999997
-7.00000009e-010  -0.01030469
-6.80000009e-010 -0.0005937497
-6.60000009e-010  -0.01211719
-6.40000009e-010       -0.003
-6.20000008e-010  -0.01464844
-6.00000008e-010 -0.007882813
-5.80000008e-010  -0.02283594
-5.60000007e-010  -0.01784375
-5.40000007e-010  -0.03624219
-5.20000007e-010       -0.033
-5.00000007e-010  -0.06172657
-4.80000006e-010  -0.05378125
-4.60000006e-010   -0.0971875
-4.40000006e-010  -0.08935938
-4.20000006e-010       -0.133
-4.00000005e-010   -0.1217344
-3.80000005e-010   -0.1503125
-3.60000005e-010   -0.1465078
-3.40000005e-010   -0.1655703
-3.20000004e-010   -0.1504297
-3.00000004e-010   -0.1646797
-2.80000004e-010   -0.1501875
-2.60000003e-010   -0.1580703
-2.40000003e-010   -0.1426328
-2.20000003e-010       -0.149
-2.00000003e-010   -0.1254922
-1.80000002e-010   -0.1348203
-1.60000002e-010   -0.1065625
-1.40000002e-010    -0.114125
-1.20000002e-010  -0.07658594
-1.00000001e-010       -0.083
-8.00000011e-011  -0.04088281
-6.00000008e-011  -0.04882813
-4.00000005e-011  -0.01084375
-2.00000003e-011  -0.01719531
           0  0.009000001
2.00000003e-011 0.0007812504
4.00000005e-011   0.01765625
6.00000008e-011  0.009000001
8.00000011e-011        0.021
1.00000001e-010  0.008734376
1.20000002e-010   0.01763281
1.40000002e-010  0.005460938
1.60000002e-010        0.015
1.80000002e-010  0.005953126
2.00000003e-010   0.01591406
2.20000003e-010  0.006250001
2.40000003e-010   0.01967188
2.60000003e-010   0.01321094
2.80000004e-010   0.02409375
3.00000004e-010        0.015
3.20000004e-010   0.02741406
3.40000005e-010   0.01413281
3.60000005e-010   0.02469531
3.80000005e-010   0.01464844
4.00000005e-010        0.023
4.20000006e-010   0.01089063
4.40000006e-010   0.02128906
4.60000006e-010    0.0104375
4.80000006e-010   0.01874219
5.00000007e-010  0.008156251
5.20000007e-010   0.01898438
5.40000007e-010  0.008851563
5.60000007e-010        0.019
5.80000008e-010  0.005125001
6.00000008e-010   0.01925781
6.20000008e-010  0.009148438
6.40000009e-010   0.01778125
6.60000009e-010  0.007156251
6.80000009e-010      0.01575
7.00000009e-010  0.006820313
7.2000001e-010   0.01650781
7.4000001e-010  0.007507813
7.6000001e-010   0.01860156
7.8000001e-010  0.007000001
8.00000011e-010   0.01792969
8.20000011e-010  0.007070313
8.40000011e-010     0.018125
8.60000011e-010  0.009601563
8.80000012e-010        0.019
9.00000012e-010   0.01021875
9.20000012e-010      0.02075
9.40000013e-010      0.01125
9.60000013e-010   0.02117969
9.80000013e-010        0.011
1.00000001e-009        0.021
1.02000001e-009   0.01055469
1.04000001e-009   0.02245313
1.06000001e-009   0.01065625
1.08000001e-009        0.021
1.10000001e-009        0.011
1.12000001e-009   0.02039063
1.14000002e-009   0.01083594
1.16000002e-009   0.02227344
1.18000002e-009        0.013
1.20000002e-009    0.0241875
1.22000002e-009   0.01320313
1.24000002e-009   0.02349219
1.26000002e-009   0.01465625
1.28000002e-009        0.025
1.30000002e-009   0.01189063
1.32000002e-009    0.0230625
1.34000002e-009   0.01451563
1.36000002e-009        0.023
1.38000002e-009     0.014875
1.40000002e-009   0.02411719
1.42000002e-009     0.012625
1.44000002e-009   0.02294531
1.46000002e-009        0.015
1.48000002e-009   0.02265625
1.50000002e-009   0.01167188
1.52000002e-009   0.02284375
1.54000002e-009   0.01066406
1.56000002e-009   0.02161719
1.58000002e-009        0.011
1.60000002e-009   0.02216406
1.62000002e-009   0.01192188
1.64000002e-009   0.01990625
1.66000002e-009  0.009093751
1.68000002e-009   0.01944531
1.70000002e-009    0.0103125
1.72000002e-009   0.02141406
1.74000002e-009   0.01026563
1.76000002e-009        0.021
1.78000002e-009  0.009398438
1.80000002e-009   0.01957031
1.82000002e-009   0.01095313
1.84000002e-009   0.01903125
1.86000002e-009  0.009070313
1.88000003e-009        0.021
1.90000003e-009  0.009617188
1.92000003e-009   0.02028906
1.94000003e-009  0.009398438
1.96000003e-009        0.019
1.98000003e-009  0.009000001
2.00000003e-009   0.01748438
2.02000003e-009  0.008242188
2.04000003e-009   0.01927344
2.06000003e-009   0.01035938
2.08000003e-009   0.02042969
2.10000003e-009   0.01071094
2.12000003e-009   0.01992188
2.14000003e-009  0.009664063
2.16000003e-009   0.01902344
2.18000003e-009        0.011
2.20000003e-009   0.01964844
2.22000003e-009  0.009695313
2.24000003e-009   0.02044531
2.26000003e-009   0.01055469
2.28000003e-009   0.02019531
2.30000003e-009  0.009000001
2.32000003e-009   0.02108594
2.34000003e-009  0.009757813
2.36000003e-009   0.01932031
2.38000003e-009  0.009226563
2.40000003e-009   0.01726563
2.42000003e-009  0.009015626
2.44000003e-009   0.01722656
2.46000003e-009  0.007742188
2.48000003e-009    0.0181875
2.50000003e-009  0.008562501
2.52000003e-009   0.01921094
2.54000003e-009  0.007257813
2.56000003e-009        0.019
2.58000003e-009  0.007000001
2.60000003e-009        0.019
2.62000003e-009  0.007375001
2.64000004e-009    0.0168125
2.66000004e-009  0.007000001
2.68000004e-009     0.016625
2.70000004e-009  0.007000001
2.72000004e-009   0.01714063
2.74000004e-009  0.006132813
2.76000004e-009   0.01782813
2.78000004e-009  0.005953126
2.80000004e-009        0.017
2.82000004e-009  0.007265626
2.84000004e-009   0.01874219
2.86000004e-009  0.006640626
2.88000004e-009        0.017
2.90000004e-009  0.005984376
2.92000004e-009   0.01585156
2.94000004e-009  0.006093751
2.96000004e-009   0.01534375
2.98000004e-009  0.006289063
3.00000004e-009        0.015
3.02000004e-009  0.005984376
3.04000004e-009   0.01516406
3.06000004e-009  0.007000001
3.08000004e-009   0.01664063
3.10000004e-009  0.006125001
3.12000004e-009   0.01535938
3.14000004e-009  0.007023438
3.16000004e-009        0.015
3.18000004e-009  0.006343751
3.20000004e-009        0.015
3.22000004e-009  0.006234376
3.24000004e-009   0.01428906
3.26000004e-009  0.005000001
3.28000004e-009        0.015
3.30000004e-009  0.004250001
3.32000004e-009     0.015625
3.34000004e-009  0.004640626
3.36000004e-009   0.01583594
3.38000005e-009  0.005000001
3.40000005e-009        0.015
3.42000005e-009  0.002234375
3.44000005e-009   0.01386719
3.46000005e-009  0.004187501
3.48000005e-009   0.01346875
3.50000005e-009  0.003375001
3.52000005e-009   0.01435156
3.54000005e-009  0.004929688
3.56000005e-009   0.01367969
3.58000005e-009  0.003546876
3.60000005e-009        0.015
3.62000005e-009  0.004562501
3.64000005e-009    0.0149375
3.66000005e-009  0.005000001
3.68000005e-009        0.013
3.70000005e-009   0.00246875
3.72000005e-009   0.01214844
3.74000005e-009  0.002796875
3.76000005e-009   0.01432031
3.78000005e-009        0.003
3.80000005e-009        0.013
3.82000005e-009  0.002367188
3.84000005e-009   0.01244531
3.86000005e-009        0.003
3.88000005e-009        0.013
3.90000005e-009  0.005000001
3.92000005e-009   0.01314063
3.94000005e-009  0.003921876
3.96000005e-009   0.01360156
3.98000005e-009  0.003929688
4.00000005e-009   0.01167969
4.02000005e-009  0.003570313
4.04000005e-009   0.01349219
4.06000005e-009 0.0005312504
4.08000005e-009   0.01216406
4.10000005e-009        0.003
4.12000006e-009   0.01242969
4.14000006e-009  0.002203125
4.16000006e-009    0.0133125
4.18000006e-009        0.001
4.20000006e-009        0.011
4.22000006e-009  0.002296875
4.24000006e-009   0.01438281
4.26000006e-009  0.002851563
4.28000006e-009   0.01202344
4.30000006e-009        0.001
4.32000006e-009   0.01313281
4.34000006e-009 0.0009843754
4.36000006e-009        0.011
4.38000006e-009   0.00196875
4.40000006e-009        0.011
4.42000006e-009  0.002132813
4.44000006e-009   0.01170313
4.46000006e-009  0.001929688
4.48000006e-009   0.01113281
4.50000006e-009  0.002265625
4.52000006e-009   0.01138281
4.54000006e-009 0.0003437504
4.56000006e-009    0.0114375
4.58000006e-009        0.001
4.60000006e-009   0.01232031
4.62000006e-009  0.002773438
4.64000006e-009   0.01270313
4.66000006e-009  0.001445313
4.68000006e-009    0.0113125
4.70000006e-009  0.002664063
4.72000006e-009        0.012
4.74000006e-009  0.002398438
4.76000006e-009        0.013
4.78000006e-009  0.002210938
4.80000006e-009        0.013
4.82000006e-009   0.00240625
4.84000006e-009   0.01138281
4.86000006e-009        0.001
4.88000007e-009   0.01179688
4.90000007e-009     0.001125
4.92000007e-009   0.01327344
4.94000007e-009  0.001101563
4.96000007e-009        0.013
4.98000007e-009  0.002585938
5.00000007e-009        0.011
