-2.49000003e-009  -0.01678906
-2.48000003e-009 -0.004734375
-2.47000003e-009  -0.01496094
-2.46000003e-009   -0.0063125
-2.45000003e-009  -0.01408594
-2.44000003e-009 -0.005648437
-2.43000003e-009       -0.015
-2.42000003e-009       -0.005
-2.41000003e-009  -0.01530469
-2.40000003e-009   -0.0049375
-2.39000003e-009  -0.01422656
-2.38000003e-009       -0.005
-2.37000003e-009  -0.01492969
-2.36000003e-009 -0.004453125
-2.35000003e-009  -0.01439063
-2.34000003e-009   -0.0038125
-2.33000003e-009       -0.013
-2.32000003e-009 -0.003140625
-2.31000003e-009  -0.01279688
-2.30000003e-009       -0.005
-2.29000003e-009  -0.01364844
-2.28000003e-009 -0.004359375
-2.27000003e-009  -0.01353125
-2.26000003e-009       -0.005
-2.25000003e-009       -0.013
-2.24000003e-009 -0.004921875
-2.23000003e-009   -0.0131875
-2.22000003e-009 -0.004953125
-2.21000003e-009  -0.01340625
-2.20000003e-009       -0.005
-2.19000003e-009  -0.01321094
-2.18000003e-009 -0.003507812
-2.17000003e-009  -0.01363281
-2.16000003e-009 -0.004046875
-2.15000003e-009  -0.01371875
-2.14000003e-009       -0.005
-2.13000003e-009  -0.01228906
-2.12000003e-009       -0.005
-2.11000003e-009  -0.01182031
-2.10000003e-009       -0.003
-2.09000003e-009  -0.01350781
-2.08000003e-009 -0.0009999997
-2.07000003e-009  -0.01532813
-2.06000003e-009 -0.001585937
-2.05000003e-009   -0.0129375
-2.04000003e-009 -0.003070312
-2.03000003e-009  -0.01263281
-2.02000003e-009 -0.003101562
-2.01000003e-009  -0.01299219
-2.00000003e-009       -0.003
-1.99000003e-009  -0.01267188
-1.98000003e-009 -0.002828125
-1.97000003e-009   -0.0120625
-1.96000003e-009 -0.002171875
-1.95000003e-009       -0.011
-1.94000003e-009 -0.0008828122
-1.93000003e-009  -0.01133594
-1.92000003e-009 -0.002335937
-1.91000003e-009  -0.01139063
-1.90000003e-009 -0.002046875
-1.89000003e-009  -0.01254688
-1.88000003e-009 -0.0006953122
-1.87000002e-009       -0.013
-1.86000002e-009 -0.0008124997
-1.85000002e-009       -0.011
-1.84000002e-009 -0.0009999997
-1.83000002e-009  -0.01085938
-1.82000002e-009 -0.0009999997
-1.81000002e-009       -0.009
-1.80000002e-009 0.0005703129
-1.79000002e-009 -0.009734375
-1.78000002e-009        0.001
-1.77000002e-009       -0.009
-1.76000002e-009 0.0004375004
-1.75000002e-009  -0.00965625
-1.74000002e-009 0.0002890629
-1.73000002e-009 -0.009304688
-1.72000002e-009 0.0001953129
-1.71000002e-009 -0.009164063
-1.70000002e-009 -0.0004609372
-1.69000002e-009   -0.0086875
-1.68000002e-009 -0.0008437497
-1.67000002e-009     -0.00875
-1.66000002e-009 0.0005000004
-1.65000002e-009 -0.008773438
-1.64000002e-009        0.001
-1.63000002e-009 -0.009117188
-1.62000002e-009  0.001945313
-1.61000002e-009 -0.009671875
-1.60000002e-009   0.00146875
-1.59000002e-009       -0.009
-1.58000002e-009        0.001
-1.57000002e-009       -0.009
-1.56000002e-009        0.001
-1.55000002e-009 -0.009054688
-1.54000002e-009  0.001132813
-1.53000002e-009 -0.008773438
-1.52000002e-009 0.0005546879
-1.51000002e-009 -0.008585938
-1.50000002e-009   0.00159375
-1.49000002e-009       -0.007
-1.48000002e-009  0.002640625
-1.47000002e-009 -0.007867188
-1.46000002e-009  0.002390625
-1.45000002e-009       -0.007
-1.44000002e-009        0.001
-1.43000002e-009 -0.007148437
-1.42000002e-009  0.002078125
-1.41000002e-009 -0.007898438
-1.40000002e-009   0.00153125
-1.39000002e-009 -0.009140625
-1.38000002e-009  0.003046875
-1.37000002e-009 -0.007328125
-1.36000002e-009  0.002570313
-1.35000002e-009 -0.009609375
-1.34000002e-009 0.0009921879
-1.33000002e-009  -0.01127344
-1.32000002e-009        0.001
-1.31000002e-009 -0.009023438
-1.30000002e-009   0.00134375
-1.29000002e-009 -0.007460938
-1.28000002e-009  0.001671875
-1.27000002e-009 -0.007195312
-1.26000002e-009        0.001
-1.25000002e-009       -0.007
-1.24000002e-009  0.001109375
-1.23000002e-009 -0.007492188
-1.22000002e-009 0.0006562504
-1.21000002e-009 -0.007265625
-1.20000002e-009  0.001070313
-1.19000002e-009       -0.007
-1.18000002e-009 0.0006171879
-1.17000002e-009 -0.007390625
-1.16000002e-009  0.001070313
-1.15000002e-009      -0.0075
-1.14000002e-009        0.001
-1.13000002e-009       -0.007
-1.12000001e-009  0.002078125
-1.11000001e-009       -0.007
-1.10000001e-009  0.003085938
-1.09000001e-009 -0.007484375
-1.08000001e-009        0.003
-1.07000001e-009 -0.007695313
-1.06000001e-009  0.001171875
-1.05000001e-009       -0.007
-1.04000001e-009  0.002640625
-1.03000001e-009  -0.00753125
-1.02000001e-009   0.00240625
-1.01000001e-009       -0.009
-1.00000001e-009        0.003
-9.90000013e-010 -0.008789063
-9.80000013e-010  0.001617188
-9.70000013e-010 -0.007367188
-9.60000013e-010 0.0007968754
-9.50000013e-010       -0.007
-9.40000013e-010        0.001
-9.30000012e-010 -0.009007813
-9.20000012e-010        0.001
-9.10000012e-010  -0.00990625
-9.00000012e-010 0.0006093754
-8.90000012e-010 -0.008242188
-8.80000012e-010        0.001
-8.70000012e-010 -0.008453125
-8.60000011e-010 0.0006171879
-8.50000011e-010       -0.009
-8.40000011e-010 0.0007265629
-8.30000011e-010    -0.009375
-8.20000011e-010        0.001
-8.10000011e-010   -0.0093125
-8.00000011e-010  0.002117188
-7.90000011e-010 -0.009585938
-7.8000001e-010  0.002828125
-7.7000001e-010 -0.009054688
-7.6000001e-010 0.0004765629
-7.5000001e-010 -0.009421875
-7.4000001e-010 -0.0006015622
-7.3000001e-010  -0.01052344
-7.2000001e-010 -0.002015625
-7.10000009e-010  -0.01079688
-7.00000009e-010       -0.003
-6.90000009e-010  -0.01145313
-6.80000009e-010 -0.004914062
-6.70000009e-010  -0.01304688
-6.60000009e-010 -0.003796875
-6.50000009e-010  -0.01539063
-6.40000009e-010    -0.003875
-6.30000008e-010  -0.01614844
-6.20000008e-010 -0.008179688
-6.10000008e-010  -0.02034375
-6.00000008e-010  -0.01242188
-5.90000008e-010  -0.02395313
-5.80000008e-010  -0.01671094
-5.70000008e-010  -0.03146094
-5.60000007e-010  -0.02289063
-5.50000007e-010       -0.041
-5.40000007e-010       -0.031
-5.30000007e-010  -0.05164844
-5.20000007e-010   -0.0429375
-5.10000007e-010    -0.065375
-5.00000007e-010  -0.05599219
-4.90000007e-010  -0.08036719
-4.80000006e-010       -0.071
-4.70000006e-010  -0.09836719
-4.60000006e-010  -0.08869532
-4.50000006e-010   -0.1150625
-4.40000006e-010   -0.1067734
-4.30000006e-010   -0.1296563
-4.20000006e-010   -0.1216953
-4.10000005e-010    -0.145125
-4.00000005e-010   -0.1336328
-3.90000005e-010    -0.153875
-3.80000005e-010   -0.1425078
-3.70000005e-010       -0.159
-3.60000005e-010       -0.149
-3.50000005e-010       -0.163
-3.40000005e-010   -0.1529219
-3.30000004e-010       -0.165
-3.20000004e-010   -0.1537109
-3.10000004e-010       -0.165
-3.00000004e-010   -0.1514141
-2.90000004e-010       -0.161
-2.80000004e-010   -0.1471406
-2.70000004e-010   -0.1555625
-2.60000003e-010   -0.1423438
-2.50000003e-010       -0.151
-2.40000003e-010   -0.1373672
-2.30000003e-010   -0.1457266
-2.20000003e-010    -0.131125
-2.10000003e-010   -0.1374688
-2.00000003e-010   -0.1202031
-1.90000003e-010   -0.1291563
-1.80000002e-010   -0.1094844
-1.70000002e-010      -0.1195
-1.60000002e-010   -0.0965625
-1.50000002e-010       -0.107
-1.40000002e-010  -0.08308594
-1.30000002e-010  -0.09336719
-1.20000002e-010  -0.06694532
-1.10000001e-010    -0.076375
-1.00000001e-010  -0.04817969
-9.00000012e-011  -0.05728125
-8.00000011e-011  -0.03125781
-7.00000009e-011  -0.03779688
-6.00000008e-011  -0.01708594
-5.00000007e-011  -0.02438281
-4.00000005e-011       -0.005
-3.00000004e-011  -0.01247656
-2.00000003e-011  0.005648438
-1.00000001e-011 -0.003109375
           0        0.013
1.00000001e-011  0.003843751
2.00000003e-011   0.01640625
3.00000004e-011  0.007460938
4.00000005e-011    0.0189375
5.00000007e-011  0.008976563
6.00000008e-011   0.01846094
7.00000009e-011  0.009414063
8.00000011e-011   0.01926563
9.00000012e-011  0.008812501
1.00000001e-010   0.01878906
1.10000001e-010  0.007000001
1.20000002e-010     0.017625
1.30000002e-010  0.005523438
1.40000002e-010   0.01700781
1.50000002e-010  0.005734376
1.60000002e-010   0.01555469
1.70000002e-010  0.005468751
1.80000002e-010   0.01708594
1.90000003e-010  0.007000001
2.00000003e-010        0.019
2.10000003e-010  0.008960938
2.20000003e-010   0.02057813
2.30000003e-010   0.01092188
2.40000003e-010   0.02280469
2.50000003e-010   0.01367969
2.60000003e-010   0.02309375
2.70000004e-010   0.01480469
2.80000004e-010   0.02571094
2.90000004e-010   0.01529688
3.00000004e-010   0.02464844
3.10000004e-010   0.01516406
3.20000004e-010   0.02679688
3.30000004e-010        0.015
3.40000005e-010   0.02608594
3.50000005e-010   0.01389844
3.60000005e-010   0.02305469
3.70000005e-010   0.01357031
3.80000005e-010   0.02239844
3.90000005e-010   0.01190625
4.00000005e-010   0.02139063
4.10000005e-010   0.01059375
4.20000006e-010   0.01984375
4.30000006e-010   0.01073438
4.40000006e-010        0.019
4.50000006e-010  0.009000001
4.60000006e-010    0.0186875
4.70000006e-010  0.008398438
4.80000006e-010   0.01915625
4.90000007e-010  0.007328126
5.00000007e-010   0.01819531
5.10000007e-010  0.007703126
5.20000007e-010    0.0183125
5.30000007e-010  0.005578126
5.40000007e-010        0.017
5.50000007e-010  0.007000001
5.60000007e-010   0.01579688
5.70000008e-010  0.006882813
5.80000008e-010   0.01705469
5.90000008e-010  0.006421876
6.00000008e-010   0.01915625
6.10000008e-010  0.007375001
6.20000008e-010        0.019
6.30000008e-010  0.007289063
6.40000009e-010   0.01839844
6.50000009e-010  0.008187501
6.60000009e-010   0.01864844
6.70000009e-010  0.007015626
6.80000009e-010   0.01796875
6.90000009e-010  0.007984376
7.00000009e-010        0.019
7.10000009e-010  0.006804688
7.2000001e-010   0.01788281
7.3000001e-010  0.006617188
7.4000001e-010        0.019
7.5000001e-010  0.007000001
7.6000001e-010   0.01923438
7.7000001e-010  0.007000001
7.8000001e-010        0.017
7.90000011e-010  0.005851563
8.00000011e-010   0.01741406
8.10000011e-010  0.006429688
8.20000011e-010        0.019
8.30000011e-010  0.006859376
8.40000011e-010        0.019
8.50000011e-010  0.009000001
8.60000011e-010   0.01909375
8.70000012e-010   0.01045313
8.80000012e-010    0.0201875
8.90000012e-010   0.01069531
9.00000012e-010   0.02133594
9.10000012e-010        0.011
9.20000012e-010   0.01984375
9.30000012e-010   0.01120313
9.40000013e-010        0.023
9.50000013e-010        0.011
9.60000013e-010   0.02321094
9.70000013e-010   0.01135938
9.80000013e-010   0.02192969
9.90000013e-010     0.010875
1.00000001e-009        0.021
1.01000001e-009        0.011
1.02000001e-009   0.02085938
1.03000001e-009   0.01090625
1.04000001e-009   0.01967188
1.05000001e-009        0.011
1.06000001e-009   0.01971094
1.07000001e-009   0.01096094
1.08000001e-009     0.020125
1.09000001e-009   0.01153906
1.10000001e-009   0.02125781
1.11000001e-009   0.01127344
1.12000001e-009   0.02361719
1.13000002e-009   0.01261719
1.14000002e-009   0.02379688
1.15000002e-009        0.013
1.16000002e-009   0.02302344
1.17000002e-009   0.01310938
1.18000002e-009   0.02175781
1.19000002e-009   0.01257031
1.20000002e-009        0.023
1.21000002e-009        0.011
1.22000002e-009   0.02317969
1.23000002e-009   0.01185156
1.24000002e-009        0.023
1.25000002e-009        0.013
1.26000002e-009   0.02300781
1.27000002e-009        0.013
1.28000002e-009   0.02309375
1.29000002e-009   0.01201563
1.30000002e-009   0.02267188
1.31000002e-009   0.01205469
1.32000002e-009   0.02367188
1.33000002e-009   0.01357031
1.34000002e-009        0.023
1.35000002e-009   0.01266406
1.36000002e-009   0.02258594
1.37000002e-009   0.01340625
1.38000002e-009   0.02392188
1.39000002e-009    0.0125625
1.40000002e-009        0.023
1.41000002e-009   0.01003125
1.42000002e-009   0.02340625
1.43000002e-009   0.01015625
1.44000002e-009   0.02317969
1.45000002e-009        0.013
1.46000002e-009   0.02327344
1.47000002e-009   0.01344531
1.48000002e-009   0.02348438
1.49000002e-009   0.01396875
1.50000002e-009        0.025
1.51000002e-009   0.01269531
1.52000002e-009   0.02349219
1.53000002e-009   0.01349219
1.54000002e-009        0.023
1.55000002e-009   0.01271875
1.56000002e-009   0.02153125
1.57000002e-009   0.01144531
1.58000002e-009        0.021
1.59000002e-009   0.01027344
1.60000002e-009        0.021
1.61000002e-009   0.01075781
1.62000002e-009   0.02096875
1.63000002e-009  0.009789063
1.64000002e-009   0.02174219
1.65000002e-009  0.009125001
1.66000002e-009   0.02007031
1.67000002e-009        0.011
1.68000002e-009   0.01948438
1.69000002e-009   0.01055469
1.70000002e-009        0.021
1.71000002e-009  0.008781251
1.72000002e-009        0.021
1.73000002e-009   0.01029688
1.74000002e-009   0.01938281
1.75000002e-009  0.009000001
1.76000002e-009     0.019375
1.77000002e-009  0.009781251
1.78000002e-009   0.01778906
1.79000002e-009   0.01003125
1.80000002e-009        0.019
1.81000002e-009   0.01049219
1.82000002e-009   0.01891406
1.83000002e-009  0.008726563
1.84000002e-009    0.0189375
1.85000002e-009  0.009000001
1.86000002e-009        0.021
1.87000002e-009  0.007453126
1.88000003e-009   0.02053906
1.89000003e-009  0.009140626
1.90000003e-009   0.02030469
1.91000003e-009   0.01077344
1.92000003e-009   0.01989063
1.93000003e-009  0.009000001
1.94000003e-009   0.02067188
1.95000003e-009  0.009000001
1.96000003e-009   0.01961719
1.97000003e-009  0.008601563
1.98000003e-009       0.0215
1.99000003e-009  0.009429688
2.00000003e-009        0.023
2.01000003e-009   0.01003125
2.02000003e-009   0.02325781
2.03000003e-009   0.01030469
2.04000003e-009   0.02219531
2.05000003e-009        0.011
2.06000003e-009   0.01932031
2.07000003e-009    0.0100625
2.08000003e-009        0.019
2.09000003e-009        0.011
2.10000003e-009        0.019
2.11000003e-009     0.010875
2.12000003e-009   0.01958594
2.13000003e-009   0.01088281
2.14000003e-009        0.021
2.15000003e-009        0.011
2.16000003e-009   0.01991406
2.17000003e-009   0.01038281
2.18000003e-009     0.019625
2.19000003e-009   0.01007813
2.20000003e-009    0.0195625
2.21000003e-009   0.01007031
2.22000003e-009   0.01973438
2.23000003e-009   0.01003125
2.24000003e-009        0.021
2.25000003e-009  0.009000001
2.26000003e-009   0.01983594
2.27000003e-009  0.009140626
2.28000003e-009   0.01840625
2.29000003e-009  0.009000001
2.30000003e-009   0.01935156
2.31000003e-009  0.009843751
2.32000003e-009        0.019
2.33000003e-009  0.009164063
2.34000003e-009   0.01871875
2.35000003e-009  0.009000001
2.36000003e-009   0.01926563
2.37000003e-009  0.009375001
2.38000003e-009   0.01926563
2.39000003e-009  0.008867188
2.40000003e-009        0.019
2.41000003e-009  0.009000001
2.42000003e-009    0.0189375
2.43000003e-009  0.009000001
2.44000003e-009   0.01846094
2.45000003e-009  0.009000001
2.46000003e-009   0.01888281
2.47000003e-009  0.009000001
2.48000003e-009   0.01840625
2.49000003e-009  0.008234376
2.50000003e-009        0.019
