-2.49000003e-009 -0.009929688
-2.48000003e-009 -0.009929688
-2.47000003e-009   -0.0099375
-2.46000003e-009 -0.009945313
-2.45000003e-009 -0.009960938
-2.44000003e-009 -0.009960938
-2.43000003e-009   -0.0099375
-2.42000003e-009 -0.009890625
-2.41000003e-009 -0.009890625
-2.40000003e-009  -0.00984375
-2.39000003e-009 -0.009828125
-2.38000003e-009     -0.00975
-2.37000003e-009 -0.009703125
-2.36000003e-009 -0.009609375
-2.35000003e-009   -0.0095625
-2.34000003e-009 -0.009539063
-2.33000003e-009 -0.009476563
-2.32000003e-009 -0.009453125
-2.31000003e-009 -0.009429688
-2.30000003e-009    -0.009375
-2.29000003e-009 -0.009304688
-2.28000003e-009  -0.00921875
-2.27000003e-009 -0.009140625
-2.26000003e-009 -0.009078125
-2.25000003e-009  -0.00903125
-2.24000003e-009 -0.009039063
-2.23000003e-009 -0.009054688
-2.22000003e-009 -0.009078125
-2.21000003e-009 -0.009078125
-2.20000003e-009 -0.009078125
-2.19000003e-009       -0.009
-2.18000003e-009 -0.008914063
-2.17000003e-009 -0.008703125
-2.16000003e-009 -0.008523438
-2.15000003e-009 -0.008335938
-2.14000003e-009 -0.008148438
-2.13000003e-009 -0.008023438
-2.12000003e-009 -0.007921875
-2.11000003e-009 -0.007867188
-2.10000003e-009 -0.007859375
-2.09000003e-009 -0.007867188
-2.08000003e-009 -0.007859375
-2.07000003e-009 -0.007867188
-2.06000003e-009 -0.007804688
-2.05000003e-009 -0.007804688
-2.04000003e-009     -0.00775
-2.03000003e-009 -0.007664063
-2.02000003e-009 -0.007617188
-2.01000003e-009 -0.007523438
-2.00000003e-009 -0.007414063
-1.99000003e-009 -0.007351562
-1.98000003e-009 -0.007242187
-1.97000003e-009    -0.007125
-1.96000003e-009 -0.006992187
-1.95000003e-009 -0.006851562
-1.94000003e-009 -0.006726562
-1.93000003e-009 -0.006609375
-1.92000003e-009 -0.006523437
-1.91000003e-009 -0.006429687
-1.90000003e-009    -0.006375
-1.89000003e-009 -0.006328125
-1.88000003e-009 -0.006304687
-1.87000002e-009  -0.00628125
-1.86000002e-009 -0.006195312
-1.85000002e-009 -0.006109375
-1.84000002e-009 -0.005953125
-1.83000002e-009  -0.00578125
-1.82000002e-009 -0.005570312
-1.81000002e-009 -0.005382812
-1.80000002e-009   -0.0051875
-1.79000002e-009 -0.005078125
-1.78000002e-009 -0.005015625
-1.77000002e-009       -0.005
-1.76000002e-009 -0.005007812
-1.75000002e-009 -0.004984375
-1.74000002e-009 -0.004953125
-1.73000002e-009 -0.004851562
-1.72000002e-009  -0.00471875
-1.71000002e-009 -0.004523437
-1.70000002e-009  -0.00434375
-1.69000002e-009 -0.004164062
-1.68000002e-009 -0.004054687
-1.67000002e-009 -0.004007812
-1.66000002e-009 -0.004039062
-1.65000002e-009  -0.00409375
-1.64000002e-009 -0.004164062
-1.63000002e-009 -0.004195312
-1.62000002e-009 -0.004179687
-1.61000002e-009    -0.004125
-1.60000002e-009 -0.003992187
-1.59000002e-009 -0.003828125
-1.58000002e-009 -0.003664062
-1.57000002e-009  -0.00353125
-1.56000002e-009 -0.003453125
-1.55000002e-009 -0.003453125
-1.54000002e-009  -0.00346875
-1.53000002e-009 -0.003578125
-1.52000002e-009 -0.003664062
-1.51000002e-009 -0.003742187
-1.50000002e-009 -0.003742187
-1.49000002e-009 -0.003710937
-1.48000002e-009 -0.003632812
-1.47000002e-009 -0.003484375
-1.46000002e-009 -0.003335937
-1.45000002e-009 -0.003203125
-1.44000002e-009  -0.00309375
-1.43000002e-009 -0.003054687
-1.42000002e-009   -0.0030625
-1.41000002e-009 -0.003085937
-1.40000002e-009 -0.003109375
-1.39000002e-009 -0.003132812
-1.38000002e-009  -0.00315625
-1.37000002e-009 -0.003109375
-1.36000002e-009 -0.003039062
-1.35000002e-009 -0.002960937
-1.34000002e-009 -0.002867187
-1.33000002e-009 -0.002789062
-1.32000002e-009 -0.002710937
-1.31000002e-009 -0.002671875
-1.30000002e-009 -0.002648437
-1.29000002e-009    -0.002625
-1.28000002e-009 -0.002632812
-1.27000002e-009 -0.002664062
-1.26000002e-009 -0.002734375
-1.25000002e-009 -0.002789062
-1.24000002e-009 -0.002882812
-1.23000002e-009 -0.002984375
-1.22000002e-009 -0.003054687
-1.21000002e-009 -0.003070312
-1.20000002e-009  -0.00303125
-1.19000002e-009   -0.0029375
-1.18000002e-009    -0.002875
-1.17000002e-009 -0.002765625
-1.16000002e-009   -0.0026875
-1.15000002e-009 -0.002710937
-1.14000002e-009  -0.00271875
-1.13000002e-009   -0.0028125
-1.12000001e-009  -0.00290625
-1.11000001e-009 -0.002953125
-1.10000001e-009 -0.002976562
-1.09000001e-009 -0.002953125
-1.08000001e-009 -0.002921875
-1.07000001e-009 -0.002882812
-1.06000001e-009 -0.002898437
-1.05000001e-009 -0.002921875
-1.04000001e-009  -0.00296875
-1.03000001e-009   -0.0030625
-1.02000001e-009 -0.003085937
-1.01000001e-009 -0.003109375
-1.00000001e-009 -0.003070312
-9.90000013e-010 -0.002976562
-9.80000013e-010 -0.002898437
-9.70000013e-010  -0.00284375
-9.60000013e-010  -0.00284375
-9.50000013e-010 -0.002921875
-9.40000013e-010 -0.003015625
-9.30000012e-010 -0.003171875
-9.20000012e-010  -0.00328125
-9.10000012e-010 -0.003304687
-9.00000012e-010 -0.003242187
-8.90000012e-010 -0.003179687
-8.80000012e-010 -0.003132812
-8.70000012e-010   -0.0030625
-8.60000011e-010 -0.003101562
-8.50000011e-010 -0.003234375
-8.40000011e-010 -0.003429687
-8.30000011e-010 -0.003695312
-8.20000011e-010   -0.0039375
-8.10000011e-010 -0.004054687
-8.00000011e-010 -0.004117187
-7.90000011e-010 -0.004085937
-7.8000001e-010  -0.00403125
-7.7000001e-010 -0.003992187
-7.6000001e-010 -0.003921875
-7.5000001e-010 -0.004007812
-7.4000001e-010 -0.004132812
-7.3000001e-010 -0.004367187
-7.2000001e-010 -0.004671875
-7.10000009e-010 -0.004992187
-7.00000009e-010 -0.005242187
-6.90000009e-010 -0.005460937
-6.80000009e-010 -0.005695312
-6.70000009e-010 -0.005953125
-6.60000009e-010  -0.00621875
-6.50000009e-010 -0.006601562
-6.40000009e-010 -0.007101562
-6.30000008e-010   -0.0078125
-6.20000008e-010 -0.008796875
-6.10000008e-010  -0.00990625
-6.00000008e-010  -0.01119531
-5.90000008e-010  -0.01265625
-5.80000008e-010  -0.01435938
-5.70000008e-010  -0.01645313
-5.60000007e-010  -0.01882031
-5.50000007e-010  -0.02160156
-5.40000007e-010  -0.02489844
-5.30000007e-010  -0.02877344
-5.20000007e-010  -0.03333594
-5.10000007e-010  -0.03846094
-5.00000007e-010  -0.04422656
-4.90000007e-010  -0.05047656
-4.80000006e-010  -0.05725781
-4.70000006e-010  -0.06463282
-4.60000006e-010  -0.07239063
-4.50000006e-010   -0.0805625
-4.40000006e-010  -0.08896094
-4.30000006e-010  -0.09751563
-4.20000006e-010       -0.106
-4.10000005e-010   -0.1143125
-4.00000005e-010   -0.1221641
-3.90000005e-010   -0.1294844
-3.80000005e-010   -0.1359844
-3.70000005e-010   -0.1416406
-3.60000005e-010   -0.1465078
-3.50000005e-010   -0.1506094
-3.40000005e-010   -0.1538203
-3.30000004e-010   -0.1561875
-3.20000004e-010   -0.1576875
-3.10000004e-010   -0.1585156
-3.00000004e-010   -0.1587266
-2.90000004e-010   -0.1582031
-2.80000004e-010   -0.1571016
-2.70000004e-010   -0.1554688
-2.60000003e-010   -0.1536094
-2.50000003e-010   -0.1516094
-2.40000003e-010   -0.1495156
-2.30000003e-010   -0.1472578
-2.20000003e-010   -0.1448125
-2.10000003e-010   -0.1423047
-2.00000003e-010   -0.1395781
-1.90000003e-010   -0.1364219
-1.80000002e-010   -0.1326328
-1.70000002e-010   -0.1281953
-1.60000002e-010   -0.1231641
-1.50000002e-010   -0.1175156
-1.40000002e-010   -0.1112813
-1.30000002e-010   -0.1044297
-1.20000002e-010  -0.09704688
-1.10000001e-010  -0.08926563
-1.00000001e-010  -0.08116407
-9.00000012e-011  -0.07278907
-8.00000011e-011  -0.06416407
-7.00000009e-011  -0.05546094
-6.00000008e-011     -0.04675
-5.00000007e-011  -0.03824219
-4.00000005e-011  -0.03014063
-3.00000004e-011  -0.02260156
-2.00000003e-011  -0.01573438
-1.00000001e-011 -0.009546875
           0 -0.004140625
1.00000001e-011 0.0005390629
2.00000003e-011  0.004460938
3.00000004e-011  0.007750001
4.00000005e-011   0.01046875
5.00000007e-011   0.01267188
6.00000008e-011   0.01423438
7.00000009e-011   0.01519531
8.00000011e-011   0.01553906
9.00000012e-011   0.01546875
1.00000001e-010   0.01503125
1.10000001e-010   0.01424219
1.20000002e-010   0.01323438
1.30000002e-010    0.0121875
1.40000002e-010   0.01125781
1.50000002e-010       0.0105
1.60000002e-010  0.009945313
1.70000002e-010  0.009562501
1.80000002e-010  0.009375001
1.90000003e-010  0.009414063
2.00000003e-010  0.009671876
2.10000003e-010   0.01013281
2.20000003e-010   0.01077344
2.30000003e-010   0.01161719
2.40000003e-010   0.01267188
2.50000003e-010   0.01384375
2.60000003e-010   0.01511719
2.70000004e-010   0.01636719
2.80000004e-010   0.01753906
2.90000004e-010   0.01858594
3.00000004e-010   0.01942188
3.10000004e-010   0.02004688
3.20000004e-010    0.0204375
3.30000004e-010   0.02061719
3.40000005e-010   0.02059375
3.50000005e-010   0.02045313
3.60000005e-010     0.020125
3.70000005e-010   0.01964063
3.80000005e-010   0.01916406
3.90000005e-010   0.01858594
4.00000005e-010   0.01799219
4.10000005e-010   0.01739844
4.20000006e-010   0.01690625
4.30000006e-010   0.01645313
4.40000006e-010   0.01604688
4.50000006e-010   0.01567188
4.60000006e-010   0.01534375
4.70000006e-010   0.01500781
4.80000006e-010    0.0146875
4.90000007e-010   0.01439844
5.00000007e-010   0.01413281
5.10000007e-010   0.01389844
5.20000007e-010   0.01369531
5.30000007e-010   0.01353125
5.40000007e-010   0.01340625
5.50000007e-010   0.01328906
5.60000007e-010      0.01325
5.70000008e-010   0.01321875
5.80000008e-010   0.01323438
5.90000008e-010   0.01335938
6.00000008e-010   0.01342188
6.10000008e-010   0.01352344
6.20000008e-010     0.013625
6.30000008e-010   0.01363281
6.40000009e-010   0.01357031
6.50000009e-010   0.01339063
6.60000009e-010   0.01313281
6.70000009e-010    0.0128125
6.80000009e-010   0.01248438
6.90000009e-010    0.0121875
7.00000009e-010   0.01198438
7.10000009e-010   0.01189063
7.2000001e-010   0.01189844
7.3000001e-010   0.01195313
7.4000001e-010   0.01208594
7.5000001e-010    0.0121875
7.6000001e-010   0.01223438
7.7000001e-010   0.01222656
7.8000001e-010   0.01221875
7.90000011e-010   0.01220313
8.00000011e-010   0.01226563
8.10000011e-010   0.01241406
8.20000011e-010   0.01267969
8.30000011e-010   0.01303906
8.40000011e-010   0.01350781
8.50000011e-010    0.0139375
8.60000011e-010   0.01434375
8.70000012e-010   0.01460938
8.80000012e-010   0.01476563
8.90000012e-010   0.01489063
9.00000012e-010   0.01495313
9.10000012e-010   0.01505469
9.20000012e-010   0.01520313
9.30000012e-010   0.01542188
9.40000013e-010   0.01571875
9.50000013e-010   0.01603906
9.60000013e-010   0.01628906
9.70000013e-010   0.01649219
9.80000013e-010   0.01657031
9.90000013e-010   0.01654688
1.00000001e-009   0.01646094
1.01000001e-009   0.01634375
1.02000001e-009   0.01622656
1.03000001e-009   0.01614063
1.04000001e-009   0.01611719
1.05000001e-009   0.01611719
1.06000001e-009   0.01614844
1.07000001e-009   0.01622656
1.08000001e-009   0.01625781
1.09000001e-009   0.01626563
1.10000001e-009   0.01625781
1.11000001e-009   0.01621875
1.12000001e-009   0.01616406
1.13000002e-009    0.0161875
1.14000002e-009      0.01625
1.15000002e-009   0.01636719
1.16000002e-009   0.01655469
1.17000002e-009   0.01682813
1.18000002e-009    0.0170625
1.19000002e-009   0.01732031
1.20000002e-009   0.01753125
1.21000002e-009   0.01771094
1.22000002e-009   0.01782031
1.23000002e-009   0.01791406
1.24000002e-009   0.01801563
1.25000002e-009     0.018125
1.26000002e-009   0.01829688
1.27000002e-009       0.0185
1.28000002e-009   0.01867969
1.29000002e-009   0.01885938
1.30000002e-009   0.01898438
1.31000002e-009   0.01903906
1.32000002e-009   0.01901563
1.33000002e-009   0.01892188
1.34000002e-009   0.01884375
1.35000002e-009   0.01873438
1.36000002e-009   0.01867188
1.37000002e-009   0.01865625
1.38000002e-009   0.01864063
1.39000002e-009   0.01858594
1.40000002e-009    0.0185625
1.41000002e-009   0.01853906
1.42000002e-009   0.01848438
1.43000002e-009   0.01845313
1.44000002e-009   0.01842188
1.45000002e-009   0.01846094
1.46000002e-009   0.01846875
1.47000002e-009   0.01844531
1.48000002e-009   0.01840625
1.49000002e-009   0.01830469
1.50000002e-009   0.01810938
1.51000002e-009   0.01789844
1.52000002e-009     0.017625
1.53000002e-009     0.017375
1.54000002e-009   0.01715625
1.55000002e-009   0.01701563
1.56000002e-009     0.016875
1.57000002e-009   0.01678906
1.58000002e-009   0.01666406
1.59000002e-009   0.01647656
1.60000002e-009   0.01626563
1.61000002e-009   0.01600781
1.62000002e-009   0.01578125
1.63000002e-009   0.01558594
1.64000002e-009   0.01548438
1.65000002e-009   0.01542969
1.66000002e-009   0.01544531
1.67000002e-009   0.01550781
1.68000002e-009   0.01551563
1.69000002e-009   0.01548438
1.70000002e-009   0.01540625
1.71000002e-009   0.01526563
1.72000002e-009   0.01514844
1.73000002e-009   0.01500781
1.74000002e-009    0.0149375
1.75000002e-009   0.01488281
1.76000002e-009   0.01491406
1.77000002e-009        0.015
1.78000002e-009   0.01501563
1.79000002e-009   0.01507031
1.80000002e-009   0.01503906
1.81000002e-009   0.01499219
1.82000002e-009    0.0149375
1.83000002e-009   0.01482813
1.84000002e-009   0.01478125
1.85000002e-009   0.01476563
1.86000002e-009      0.01475
1.87000002e-009   0.01480469
1.88000003e-009   0.01482813
1.89000003e-009   0.01489063
1.90000003e-009     0.014875
1.91000003e-009   0.01484375
1.92000003e-009   0.01483594
1.93000003e-009   0.01480469
1.94000003e-009   0.01477344
1.95000003e-009   0.01477344
1.96000003e-009   0.01478906
1.97000003e-009   0.01476563
1.98000003e-009   0.01471094
1.99000003e-009   0.01459375
2.00000003e-009       0.0145
2.01000003e-009   0.01442188
2.02000003e-009   0.01436719
2.03000003e-009     0.014375
2.04000003e-009   0.01445313
2.05000003e-009   0.01454688
2.06000003e-009   0.01465625
2.07000003e-009   0.01473438
2.08000003e-009   0.01476563
2.09000003e-009   0.01477344
2.10000003e-009   0.01478125
2.11000003e-009   0.01478906
2.12000003e-009   0.01483594
2.13000003e-009   0.01492969
2.14000003e-009   0.01503125
2.15000003e-009   0.01519531
2.16000003e-009   0.01528125
2.17000003e-009    0.0153125
2.18000003e-009    0.0153125
2.19000003e-009   0.01524219
2.20000003e-009   0.01511719
2.21000003e-009   0.01503906
2.22000003e-009   0.01492188
2.23000003e-009   0.01485156
2.24000003e-009    0.0148125
2.25000003e-009   0.01477344
2.26000003e-009   0.01476563
2.27000003e-009   0.01472656
2.28000003e-009   0.01470313
2.29000003e-009    0.0146875
2.30000003e-009   0.01470313
2.31000003e-009    0.0146875
2.32000003e-009   0.01466406
2.33000003e-009   0.01464844
2.34000003e-009   0.01460156
2.35000003e-009   0.01451563
2.36000003e-009   0.01440625
2.37000003e-009   0.01428906
2.38000003e-009   0.01417188
2.39000003e-009   0.01403125
2.40000003e-009    0.0139375
2.41000003e-009   0.01385938
2.42000003e-009   0.01375781
2.43000003e-009   0.01365625
2.44000003e-009   0.01357031
2.45000003e-009   0.01342188
2.46000003e-009      0.01325
2.47000003e-009   0.01314063
2.48000003e-009   0.01307813
2.49000003e-009   0.01303906
2.50000003e-009    0.0130625
