-2.49000003e-009       -0.017
-2.48000003e-009       -0.005
-2.47000003e-009  -0.01508594
-2.46000003e-009  -0.00440625
-2.45000003e-009  -0.01610156
-2.44000003e-009 -0.003578125
-2.43000003e-009  -0.01644531
-2.42000003e-009 -0.003609375
-2.41000003e-009       -0.013
-2.40000003e-009       -0.005
-2.39000003e-009   -0.0136875
-2.38000003e-009 -0.004171875
-2.37000003e-009  -0.01529688
-2.36000003e-009 -0.004648437
-2.35000003e-009  -0.01494531
-2.34000003e-009  -0.00321875
-2.33000003e-009  -0.01341406
-2.32000003e-009 -0.003820312
-2.31000003e-009  -0.01463281
-2.30000003e-009 -0.004585937
-2.29000003e-009   -0.0140625
-2.28000003e-009 -0.004859375
-2.27000003e-009       -0.015
-2.26000003e-009    -0.004375
-2.25000003e-009       -0.013
-2.24000003e-009       -0.005
-2.23000003e-009  -0.01336719
-2.22000003e-009 -0.003515625
-2.21000003e-009     -0.01325
-2.20000003e-009 -0.004070312
-2.19000003e-009       -0.013
-2.18000003e-009       -0.005
-2.17000003e-009    -0.014125
-2.16000003e-009 -0.004226562
-2.15000003e-009       -0.015
-2.14000003e-009       -0.003
-2.13000003e-009  -0.01371875
-2.12000003e-009 -0.003453125
-2.11000003e-009  -0.01329688
-2.10000003e-009  -0.00271875
-2.09000003e-009  -0.01196875
-2.08000003e-009   -0.0031875
-2.07000003e-009  -0.01323438
-2.06000003e-009 -0.004382812
-2.05000003e-009  -0.01332813
-2.04000003e-009 -0.004140625
-2.03000003e-009       -0.013
-2.02000003e-009       -0.003
-2.01000003e-009  -0.01153906
-2.00000003e-009       -0.003
-1.99000003e-009  -0.01142188
-1.98000003e-009 -0.002117187
-1.97000003e-009    -0.011375
-1.96000003e-009 -0.002523437
-1.95000003e-009  -0.01114844
-1.94000003e-009 -0.003164062
-1.93000003e-009  -0.01104688
-1.92000003e-009       -0.003
-1.91000003e-009  -0.01128906
-1.90000003e-009   -0.0025625
-1.89000003e-009   -0.0109375
-1.88000003e-009 -0.002640625
-1.87000002e-009  -0.01064063
-1.86000002e-009 -0.001992187
-1.85000002e-009  -0.01028125
-1.84000002e-009 -0.0009999997
-1.83000002e-009  -0.00971875
-1.82000002e-009 -0.0002968747
-1.81000002e-009       -0.009
-1.80000002e-009 -0.0007734372
-1.79000002e-009 -0.009164063
-1.78000002e-009 -0.002539062
-1.77000002e-009       -0.009
-1.76000002e-009 -0.0007343747
-1.75000002e-009    -0.009375
-1.74000002e-009  0.001210938
-1.73000002e-009 -0.009132813
-1.72000002e-009        0.001
-1.71000002e-009 -0.009351563
-1.70000002e-009 0.0001562504
-1.69000002e-009  -0.01010938
-1.68000002e-009        0.001
-1.67000002e-009   -0.0093125
-1.66000002e-009    0.0011875
-1.65000002e-009       -0.009
-1.64000002e-009 3.125035e-005
-1.63000002e-009  -0.00853125
-1.62000002e-009        0.001
-1.61000002e-009 -0.008554688
-1.60000002e-009  0.001570313
-1.59000002e-009 -0.008835938
-1.58000002e-009    0.0015625
-1.57000002e-009 -0.008539063
-1.56000002e-009 0.0008984379
-1.55000002e-009       -0.009
-1.54000002e-009        0.001
-1.53000002e-009    -0.007375
-1.52000002e-009        0.001
-1.51000002e-009 -0.007585938
-1.50000002e-009  0.001015625
-1.49000002e-009 -0.007289062
-1.48000002e-009  0.001164063
-1.47000002e-009 -0.006257812
-1.46000002e-009        0.001
-1.45000002e-009   -0.0068125
-1.44000002e-009   0.00259375
-1.43000002e-009       -0.007
-1.42000002e-009  0.003867188
-1.41000002e-009 -0.006859375
-1.40000002e-009  0.005000001
-1.39000002e-009 -0.007617188
-1.38000002e-009     0.003125
-1.37000002e-009 -0.007632813
-1.36000002e-009  0.001695313
-1.35000002e-009 -0.007484375
-1.34000002e-009  0.001085938
-1.33000002e-009 -0.006195312
-1.32000002e-009  0.002164063
-1.31000002e-009 -0.007445313
-1.30000002e-009   0.00278125
-1.29000002e-009  -0.00859375
-1.28000002e-009   0.00153125
-1.27000002e-009  -0.00853125
-1.26000002e-009  0.001359375
-1.25000002e-009 -0.008835938
-1.24000002e-009    0.0016875
-1.23000002e-009 -0.008273438
-1.22000002e-009  0.001554688
-1.21000002e-009       -0.007
-1.20000002e-009  0.001976563
-1.19000002e-009 -0.007132812
-1.18000002e-009        0.003
-1.17000002e-009 -0.007515625
-1.16000002e-009  0.001070313
-1.15000002e-009       -0.009
-1.14000002e-009  0.001835938
-1.13000002e-009    -0.008125
-1.12000001e-009  0.001945313
-1.11000001e-009 -0.007679688
-1.10000001e-009       0.0015
-1.09000001e-009 -0.008078125
-1.08000001e-009  0.001953125
-1.07000001e-009 -0.007257812
-1.06000001e-009        0.003
-1.05000001e-009       -0.007
-1.04000001e-009   0.00253125
-1.03000001e-009 -0.007054687
-1.02000001e-009     0.003125
-1.01000001e-009 -0.008226563
-1.00000001e-009  0.002695313
-9.90000013e-010 -0.008953125
-9.80000013e-010        0.001
-9.70000013e-010 -0.008648438
-9.60000013e-010        0.001
-9.50000013e-010 -0.006296875
-9.40000013e-010  0.002648438
-9.30000012e-010 -0.007304687
-9.20000012e-010  0.003656251
-9.10000012e-010 -0.007492188
-9.00000012e-010   0.00159375
-8.90000012e-010       -0.009
-8.80000012e-010  0.001007813
-8.70000012e-010 -0.008195313
-8.60000011e-010 0.0003125004
-8.50000011e-010 -0.007804688
-8.40000011e-010  0.001304688
-8.30000011e-010   -0.0090625
-8.20000011e-010       0.0015
-8.10000011e-010       -0.009
-8.00000011e-010  0.001007813
-7.90000011e-010 -0.007414063
-7.8000001e-010 0.0001406254
-7.7000001e-010       -0.009
-7.6000001e-010 0.0001171879
-7.5000001e-010 -0.009914063
-7.4000001e-010 -0.0009999997
-7.3000001e-010    -0.009625
-7.2000001e-010 -0.0009999997
-7.10000009e-010  -0.01122656
-7.00000009e-010 -0.0005156247
-6.90000009e-010  -0.01057813
-6.80000009e-010 -0.002554687
-6.70000009e-010  -0.01226563
-6.60000009e-010       -0.003
-6.50000009e-010     -0.01425
-6.40000009e-010 -0.005203125
-6.30000008e-010    -0.015875
-6.20000008e-010 -0.006210937
-6.10000008e-010  -0.01884375
-6.00000008e-010  -0.01069531
-5.90000008e-010  -0.02241406
-5.80000008e-010  -0.01483594
-5.70000008e-010  -0.02901563
-5.60000007e-010  -0.02161719
-5.50000007e-010  -0.03822656
-5.40000007e-010       -0.029
-5.30000007e-010  -0.04778125
-5.20000007e-010  -0.04076563
-5.10000007e-010  -0.06276563
-5.00000007e-010  -0.05535156
-4.90000007e-010  -0.07923438
-4.80000006e-010  -0.07059375
-4.70000006e-010  -0.09589844
-4.60000006e-010       -0.085
-4.50000006e-010   -0.1158203
-4.40000006e-010   -0.1054922
-4.30000006e-010   -0.1320547
-4.20000006e-010   -0.1212891
-4.10000005e-010    -0.143375
-4.00000005e-010   -0.1320859
-3.90000005e-010   -0.1533203
-3.80000005e-010   -0.1436719
-3.70000005e-010       -0.161
-3.60000005e-010   -0.1494922
-3.50000005e-010       -0.163
-3.40000005e-010   -0.1523047
-3.30000004e-010       -0.167
-3.20000004e-010   -0.1522188
-3.10000004e-010       -0.163
-3.00000004e-010   -0.1521797
-2.90000004e-010       -0.161
-2.80000004e-010   -0.1480156
-2.70000004e-010       -0.157
-2.60000003e-010   -0.1428906
-2.50000003e-010    -0.152375
-2.40000003e-010   -0.1380234
-2.30000003e-010   -0.1464141
-2.20000003e-010   -0.1316406
-2.10000003e-010       -0.141
-2.00000003e-010   -0.1218984
-1.90000003e-010       -0.131
-1.80000002e-010   -0.1120547
-1.70000002e-010   -0.1204375
-1.60000002e-010  -0.09917969
-1.50000002e-010   -0.1068047
-1.40000002e-010  -0.08371875
-1.30000002e-010  -0.09146875
-1.20000002e-010  -0.06665625
-1.10000001e-010  -0.07404688
-1.00000001e-010  -0.04923438
-9.00000012e-011  -0.05599219
-8.00000011e-011       -0.031
-7.00000009e-011  -0.04004688
-6.00000008e-011  -0.01716406
-5.00000007e-011    -0.026125
-4.00000005e-011       -0.005
-3.00000004e-011  -0.01182031
-2.00000003e-011  0.004796876
-1.00000001e-011 -0.002179687
           0   0.01413281
1.00000001e-011  0.005601563
2.00000003e-011        0.019
3.00000004e-011  0.009882813
4.00000005e-011   0.02054688
5.00000007e-011   0.01067188
6.00000008e-011   0.01997656
7.00000009e-011  0.009445313
8.00000011e-011    0.0211875
9.00000012e-011  0.007757813
1.00000001e-010        0.019
1.10000001e-010  0.007078126
1.20000002e-010        0.015
1.30000002e-010  0.006531251
1.40000002e-010        0.013
1.50000002e-010  0.004312501
1.60000002e-010   0.01379688
1.70000002e-010  0.005601563
1.80000002e-010   0.01528906
1.90000003e-010  0.005789063
2.00000003e-010   0.01608594
2.10000003e-010  0.009000001
2.20000003e-010        0.019
2.30000003e-010   0.01080469
2.40000003e-010   0.02145313
2.50000003e-010   0.01353906
2.60000003e-010   0.02309375
2.70000004e-010   0.01477344
2.80000004e-010        0.027
2.90000004e-010        0.015
3.00000004e-010     0.025375
3.10000004e-010   0.01719531
3.20000004e-010   0.02469531
3.30000004e-010   0.01542188
3.40000005e-010   0.02394531
3.50000005e-010   0.01160156
3.60000005e-010   0.02491406
3.70000005e-010   0.01165625
3.80000005e-010   0.02197656
3.90000005e-010   0.01203906
4.00000005e-010        0.021
4.10000005e-010   0.01169531
4.20000006e-010   0.01945313
4.30000006e-010   0.01042969
4.40000006e-010   0.01905469
4.50000006e-010  0.009390626
4.60000006e-010   0.01914844
4.70000006e-010  0.008765626
4.80000006e-010   0.01858594
4.90000007e-010  0.009398438
5.00000007e-010       0.0195
5.10000007e-010  0.007304688
5.20000007e-010     0.019125
5.30000007e-010  0.006828126
5.40000007e-010        0.019
5.50000007e-010  0.007906251
5.60000007e-010   0.01872656
5.70000008e-010  0.008320313
5.80000008e-010   0.01860156
5.90000008e-010  0.009000001
6.00000008e-010   0.01799219
6.10000008e-010  0.009000001
6.20000008e-010   0.01795313
6.30000008e-010  0.008375001
6.40000009e-010    0.0186875
6.50000009e-010  0.007468751
6.60000009e-010   0.01802344
6.70000009e-010  0.005562501
6.80000009e-010   0.01827344
6.90000009e-010  0.005523438
7.00000009e-010   0.01874219
7.10000009e-010  0.006500001
7.2000001e-010        0.017
7.3000001e-010  0.007000001
7.4000001e-010       0.0175
7.5000001e-010  0.008453126
7.6000001e-010        0.017
7.7000001e-010  0.009000001
7.8000001e-010        0.017
7.90000011e-010  0.008859376
8.00000011e-010   0.01757031
8.10000011e-010  0.008796876
8.20000011e-010   0.01985156
8.30000011e-010  0.009882813
8.40000011e-010   0.01998438
8.50000011e-010  0.009796876
8.60000011e-010   0.01966406
8.70000012e-010  0.008984376
8.80000012e-010   0.01908594
8.90000012e-010   0.01070313
9.00000012e-010        0.019
9.10000012e-010       0.0115
9.20000012e-010     0.020625
9.30000012e-010   0.01002344
9.40000013e-010        0.021
9.50000013e-010        0.011
9.60000013e-010   0.02189063
9.70000013e-010   0.01217969
9.80000013e-010      0.02325
9.90000013e-010        0.011
1.00000001e-009   0.02173438
1.01000001e-009   0.01109375
1.02000001e-009        0.023
1.03000001e-009    0.0101875
1.04000001e-009   0.02172656
1.05000001e-009   0.01072656
1.06000001e-009   0.02145313
1.07000001e-009  0.009523438
1.08000001e-009        0.021
1.09000001e-009  0.009562501
1.10000001e-009        0.023
1.11000001e-009     0.010875
1.12000001e-009   0.02215625
1.13000002e-009   0.01203125
1.14000002e-009   0.02135938
1.15000002e-009   0.01282813
1.16000002e-009   0.02147656
1.17000002e-009   0.01267188
1.18000002e-009   0.02265625
1.19000002e-009   0.01284375
1.20000002e-009        0.023
1.21000002e-009   0.01364063
1.22000002e-009    0.0233125
1.23000002e-009   0.01425781
1.24000002e-009        0.023
1.25000002e-009        0.013
1.26000002e-009        0.025
1.27000002e-009        0.013
1.28000002e-009   0.02514844
1.29000002e-009   0.01360938
1.30000002e-009        0.023
1.31000002e-009   0.01335156
1.32000002e-009   0.02380469
1.33000002e-009   0.01439063
1.34000002e-009        0.025
1.35000002e-009        0.013
1.36000002e-009   0.02409375
1.37000002e-009   0.01307031
1.38000002e-009   0.02482031
1.39000002e-009   0.01454688
1.40000002e-009      0.02325
1.41000002e-009   0.01430469
1.42000002e-009        0.023
1.43000002e-009   0.01254688
1.44000002e-009   0.02280469
1.45000002e-009   0.01296875
1.46000002e-009   0.02245313
1.47000002e-009   0.01367188
1.48000002e-009   0.02482813
1.49000002e-009   0.01278125
1.50000002e-009   0.02422656
1.51000002e-009   0.01240625
1.52000002e-009   0.02105469
1.53000002e-009        0.011
1.54000002e-009   0.02107813
1.55000002e-009        0.011
1.56000002e-009   0.02166406
1.57000002e-009        0.011
1.58000002e-009   0.02019531
1.59000002e-009   0.01108594
1.60000002e-009        0.023
1.61000002e-009   0.01141406
1.62000002e-009    0.0219375
1.63000002e-009        0.011
1.64000002e-009   0.01983594
1.65000002e-009  0.009695313
1.66000002e-009        0.021
1.67000002e-009     0.010625
1.68000002e-009   0.02104688
1.69000002e-009   0.01017188
1.70000002e-009   0.01995313
1.71000002e-009    0.0108125
1.72000002e-009   0.01864063
1.73000002e-009  0.009851563
1.74000002e-009   0.01927344
1.75000002e-009   0.01020313
1.76000002e-009        0.019
1.77000002e-009  0.009953126
1.78000002e-009   0.01877344
1.79000002e-009  0.009000001
1.80000002e-009   0.01909375
1.81000002e-009  0.008789063
1.82000002e-009   0.01953125
1.83000002e-009   0.01023438
1.84000002e-009        0.021
1.85000002e-009   0.01114844
1.86000002e-009       0.0205
1.87000002e-009   0.01092188
1.88000003e-009   0.01903906
1.89000003e-009   0.01040625
1.90000003e-009   0.01908594
1.91000003e-009  0.009992188
1.92000003e-009   0.01850781
1.93000003e-009  0.009187501
1.94000003e-009   0.01935156
1.95000003e-009  0.008156251
1.96000003e-009   0.01940625
1.97000003e-009  0.009132813
1.98000003e-009   0.01880469
1.99000003e-009  0.009828126
2.00000003e-009        0.021
2.01000003e-009  0.009000001
2.02000003e-009   0.01979688
2.03000003e-009  0.009992188
2.04000003e-009        0.019
2.05000003e-009  0.008851563
2.06000003e-009        0.021
2.07000003e-009  0.009000001
2.08000003e-009   0.01967969
2.09000003e-009   0.01007813
2.10000003e-009   0.01969531
2.11000003e-009  0.008710938
2.12000003e-009   0.01939063
2.13000003e-009  0.008804688
2.14000003e-009   0.02067188
2.15000003e-009   0.01095313
2.16000003e-009   0.02135938
2.17000003e-009  0.009265626
2.18000003e-009   0.02349219
2.19000003e-009  0.008125001
2.20000003e-009   0.02028906
2.21000003e-009  0.009203126
2.22000003e-009   0.02041406
2.23000003e-009  0.009757813
2.24000003e-009   0.02182031
2.25000003e-009  0.009867188
2.26000003e-009        0.021
2.27000003e-009  0.009078126
2.28000003e-009   0.01871094
2.29000003e-009   0.01007031
2.30000003e-009   0.01964063
2.31000003e-009   0.01078125
2.32000003e-009   0.01928125
2.33000003e-009   0.01017188
2.34000003e-009     0.018875
2.35000003e-009  0.009898438
2.36000003e-009   0.01920313
2.37000003e-009  0.009000001
2.38000003e-009        0.019
2.39000003e-009  0.008062501
2.40000003e-009   0.01715625
2.41000003e-009  0.007265626
2.42000003e-009   0.01764063
2.43000003e-009  0.007968751
2.44000003e-009        0.017
2.45000003e-009  0.007882813
2.46000003e-009   0.01836719
2.47000003e-009  0.007429688
2.48000003e-009   0.01880469
2.49000003e-009  0.007000001
2.50000003e-009    0.0175625
