-2.49000003e-009 -0.007976563
-2.48000003e-009 -0.007945313
-2.47000003e-009 -0.007945313
-2.46000003e-009  -0.00796875
-2.45000003e-009       -0.008
-2.44000003e-009 -0.008039063
-2.43000003e-009 -0.008039063
-2.42000003e-009 -0.007984375
-2.41000003e-009  -0.00796875
-2.40000003e-009 -0.007898438
-2.39000003e-009 -0.007882813
-2.38000003e-009 -0.007789063
-2.37000003e-009 -0.007765625
-2.36000003e-009 -0.007757813
-2.35000003e-009 -0.007765625
-2.34000003e-009 -0.007773438
-2.33000003e-009 -0.007757813
-2.32000003e-009 -0.007765625
-2.31000003e-009 -0.007765625
-2.30000003e-009  -0.00771875
-2.29000003e-009 -0.007671875
-2.28000003e-009 -0.007648438
-2.27000003e-009 -0.007570313
-2.26000003e-009 -0.007539063
-2.25000003e-009 -0.007453125
-2.24000003e-009 -0.007367188
-2.23000003e-009 -0.007304687
-2.22000003e-009 -0.007226562
-2.21000003e-009 -0.007171875
-2.20000003e-009 -0.007148437
-2.19000003e-009 -0.007085937
-2.18000003e-009  -0.00709375
-2.17000003e-009 -0.007101562
-2.16000003e-009 -0.007117187
-2.15000003e-009 -0.007132812
-2.14000003e-009 -0.007164062
-2.13000003e-009  -0.00715625
-2.12000003e-009 -0.007171875
-2.11000003e-009 -0.007164062
-2.10000003e-009 -0.007132812
-2.09000003e-009 -0.007078125
-2.08000003e-009 -0.007007812
-2.07000003e-009 -0.006921875
-2.06000003e-009  -0.00684375
-2.05000003e-009 -0.006765625
-2.04000003e-009 -0.006703125
-2.03000003e-009 -0.006679687
-2.02000003e-009 -0.006734375
-2.01000003e-009 -0.006820312
-2.00000003e-009 -0.006882812
-1.99000003e-009 -0.006921875
-1.98000003e-009   -0.0069375
-1.97000003e-009 -0.006890625
-1.96000003e-009 -0.006820312
-1.95000003e-009 -0.006671875
-1.94000003e-009 -0.006523437
-1.93000003e-009 -0.006351562
-1.92000003e-009 -0.006242187
-1.91000003e-009 -0.006179687
-1.90000003e-009 -0.006109375
-1.89000003e-009   -0.0060625
-1.88000003e-009 -0.006085937
-1.87000002e-009 -0.006046875
-1.86000002e-009 -0.006039062
-1.85000002e-009 -0.006007812
-1.84000002e-009 -0.006023437
-1.83000002e-009 -0.006007812
-1.82000002e-009 -0.005953125
-1.81000002e-009 -0.005945312
-1.80000002e-009 -0.005859375
-1.79000002e-009 -0.005742187
-1.78000002e-009 -0.005632812
-1.77000002e-009 -0.005484375
-1.76000002e-009 -0.005398437
-1.75000002e-009 -0.005304687
-1.74000002e-009     -0.00525
-1.73000002e-009 -0.005234375
-1.72000002e-009 -0.005242187
-1.71000002e-009  -0.00521875
-1.70000002e-009 -0.005164062
-1.69000002e-009  -0.00503125
-1.68000002e-009  -0.00484375
-1.67000002e-009 -0.004640625
-1.66000002e-009    -0.004375
-1.65000002e-009 -0.004203125
-1.64000002e-009 -0.004054687
-1.63000002e-009 -0.003976562
-1.62000002e-009   -0.0039375
-1.61000002e-009  -0.00396875
-1.60000002e-009 -0.004023437
-1.59000002e-009 -0.003992187
-1.58000002e-009 -0.003960937
-1.57000002e-009 -0.003851562
-1.56000002e-009 -0.003773437
-1.55000002e-009 -0.003671875
-1.54000002e-009 -0.003539062
-1.53000002e-009 -0.003476562
-1.52000002e-009   -0.0034375
-1.51000002e-009  -0.00340625
-1.50000002e-009 -0.003390625
-1.49000002e-009 -0.003398437
-1.48000002e-009 -0.003359375
-1.47000002e-009    -0.003375
-1.46000002e-009 -0.003328125
-1.45000002e-009 -0.003296875
-1.44000002e-009     -0.00325
-1.43000002e-009 -0.003140625
-1.42000002e-009  -0.00303125
-1.41000002e-009   -0.0029375
-1.40000002e-009 -0.002820312
-1.39000002e-009 -0.002710937
-1.38000002e-009 -0.002648437
-1.37000002e-009 -0.002585937
-1.36000002e-009 -0.002539062
-1.35000002e-009 -0.002546875
-1.34000002e-009 -0.002578125
-1.33000002e-009 -0.002578125
-1.32000002e-009 -0.002554687
-1.31000002e-009 -0.002523437
-1.30000002e-009   -0.0024375
-1.29000002e-009 -0.002328125
-1.28000002e-009 -0.002289062
-1.27000002e-009 -0.002265625
-1.26000002e-009 -0.002289062
-1.25000002e-009 -0.002335937
-1.24000002e-009 -0.002429687
-1.23000002e-009 -0.002523437
-1.22000002e-009 -0.002609375
-1.21000002e-009 -0.002648437
-1.20000002e-009 -0.002640625
-1.19000002e-009 -0.002648437
-1.18000002e-009 -0.002632812
-1.17000002e-009   -0.0025625
-1.16000002e-009 -0.002515625
-1.15000002e-009  -0.00246875
-1.14000002e-009 -0.002453125
-1.13000002e-009 -0.002414062
-1.12000001e-009 -0.002390625
-1.11000001e-009    -0.002375
-1.10000001e-009 -0.002398437
-1.09000001e-009 -0.002453125
-1.08000001e-009 -0.002507812
-1.07000001e-009 -0.002617187
-1.06000001e-009 -0.002695312
-1.05000001e-009 -0.002773437
-1.04000001e-009 -0.002804687
-1.03000001e-009 -0.002796875
-1.02000001e-009 -0.002695312
-1.01000001e-009 -0.002617187
-1.00000001e-009  -0.00253125
-9.90000013e-010  -0.00246875
-9.80000013e-010 -0.002453125
-9.70000013e-010   -0.0024375
-9.60000013e-010   -0.0024375
-9.50000013e-010  -0.00246875
-9.40000013e-010      -0.0025
-9.30000012e-010 -0.002476562
-9.20000012e-010   -0.0024375
-9.10000012e-010 -0.002421875
-9.00000012e-010 -0.002414062
-8.90000012e-010 -0.002429687
-8.80000012e-010 -0.002484375
-8.70000012e-010 -0.002601562
-8.60000011e-010  -0.00271875
-8.50000011e-010 -0.002890625
-8.40000011e-010 -0.003007812
-8.30000011e-010 -0.003171875
-8.20000011e-010  -0.00321875
-8.10000011e-010 -0.003273437
-8.00000011e-010 -0.003328125
-7.90000011e-010 -0.003382812
-7.8000001e-010 -0.003367187
-7.7000001e-010  -0.00340625
-7.6000001e-010 -0.003453125
-7.5000001e-010 -0.003523437
-7.4000001e-010 -0.003609375
-7.3000001e-010 -0.003671875
-7.2000001e-010 -0.003773437
-7.10000009e-010 -0.003882812
-7.00000009e-010 -0.004007812
-6.90000009e-010 -0.004164062
-6.80000009e-010 -0.004335937
-6.70000009e-010 -0.004578125
-6.60000009e-010 -0.004914062
-6.50000009e-010 -0.005273437
-6.40000009e-010 -0.005742187
-6.30000008e-010  -0.00621875
-6.20000008e-010 -0.006742187
-6.10000008e-010   -0.0073125
-6.00000008e-010 -0.007976563
-5.90000008e-010 -0.008789063
-5.80000008e-010  -0.00971875
-5.70000008e-010  -0.01091406
-5.60000007e-010  -0.01240625
-5.50000007e-010  -0.01428906
-5.40000007e-010  -0.01654688
-5.30000007e-010  -0.01923438
-5.20000007e-010  -0.02239063
-5.10000007e-010  -0.02595313
-5.00000007e-010  -0.03003906
-4.90000007e-010  -0.03457813
-4.80000006e-010   -0.0395625
-4.70000006e-010  -0.04496094
-4.60000006e-010  -0.05064844
-4.50000006e-010  -0.05664844
-4.40000006e-010  -0.06291407
-4.30000006e-010   -0.0693125
-4.20000006e-010  -0.07575782
-4.10000005e-010  -0.08221094
-4.00000005e-010  -0.08853125
-3.90000005e-010  -0.09464063
-3.80000005e-010   -0.1004453
-3.70000005e-010   -0.1058281
-3.60000005e-010   -0.1106641
-3.50000005e-010   -0.1148359
-3.40000005e-010   -0.1182656
-3.30000004e-010       -0.121
-3.20000004e-010   -0.1230078
-3.10000004e-010   -0.1243516
-3.00000004e-010   -0.1250547
-2.90000004e-010   -0.1252266
-2.80000004e-010    -0.125125
-2.70000004e-010   -0.1246094
-2.60000003e-010   -0.1238906
-2.50000003e-010   -0.1229375
-2.40000003e-010     -0.12175
-2.30000003e-010   -0.1204922
-2.20000003e-010   -0.1189844
-2.10000003e-010   -0.1173359
-2.00000003e-010   -0.1154766
-1.90000003e-010   -0.1132188
-1.80000002e-010    -0.110875
-1.70000002e-010   -0.1081953
-1.60000002e-010   -0.1051719
-1.50000002e-010   -0.1017969
-1.40000002e-010  -0.09798438
-1.30000002e-010  -0.09382032
-1.20000002e-010  -0.08929688
-1.10000001e-010  -0.08436719
-1.00000001e-010  -0.07904688
-9.00000012e-011  -0.07334375
-8.00000011e-011  -0.06734375
-7.00000009e-011  -0.06113282
-6.00000008e-011  -0.05464063
-5.00000007e-011  -0.04808594
-4.00000005e-011  -0.04144531
-3.00000004e-011  -0.03488281
-2.00000003e-011  -0.02851563
-1.00000001e-011  -0.02242969
           0   -0.0166875
1.00000001e-011  -0.01139063
2.00000003e-011 -0.006523437
3.00000004e-011 -0.002203125
4.00000005e-011  0.001546875
5.00000007e-011  0.004742188
6.00000008e-011  0.007289063
7.00000009e-011  0.009414063
8.00000011e-011   0.01095313
9.00000012e-011   0.01207031
1.00000001e-010   0.01274219
1.10000001e-010   0.01307813
1.20000002e-010   0.01320313
1.30000002e-010   0.01307031
1.40000002e-010   0.01278125
1.50000002e-010   0.01232813
1.60000002e-010   0.01177344
1.70000002e-010    0.0113125
1.80000002e-010   0.01082031
1.90000003e-010   0.01047656
2.00000003e-010   0.01022656
2.10000003e-010   0.01014844
2.20000003e-010   0.01028906
2.30000003e-010   0.01055469
2.40000003e-010   0.01092188
2.50000003e-010   0.01140625
2.60000003e-010   0.01194531
2.70000004e-010   0.01253125
2.80000004e-010   0.01317969
2.90000004e-010   0.01382031
3.00000004e-010   0.01449219
3.10000004e-010   0.01510938
3.20000004e-010   0.01571875
3.30000004e-010   0.01624219
3.40000005e-010   0.01661719
3.50000005e-010   0.01686719
3.60000005e-010   0.01697656
3.70000005e-010   0.01697656
3.80000005e-010     0.016875
3.90000005e-010   0.01674219
4.00000005e-010   0.01653906
4.10000005e-010   0.01636719
4.20000006e-010   0.01617969
4.30000006e-010   0.01599219
4.40000006e-010      0.01575
4.50000006e-010   0.01546094
4.60000006e-010   0.01517188
4.70000006e-010   0.01485156
4.80000006e-010   0.01452344
4.90000007e-010   0.01425781
5.00000007e-010   0.01403125
5.10000007e-010   0.01385938
5.20000007e-010   0.01376563
5.30000007e-010   0.01364844
5.40000007e-010   0.01358594
5.50000007e-010   0.01350781
5.60000007e-010   0.01336719
5.70000008e-010   0.01326563
5.80000008e-010   0.01314844
5.90000008e-010   0.01301563
6.00000008e-010   0.01292188
6.10000008e-010   0.01285156
6.20000008e-010   0.01286719
6.30000008e-010     0.012875
6.40000009e-010   0.01289844
6.50000009e-010   0.01292969
6.60000009e-010   0.01295313
6.70000009e-010   0.01292969
6.80000009e-010     0.012875
6.90000009e-010   0.01276563
7.00000009e-010   0.01271094
7.10000009e-010   0.01259375
7.2000001e-010   0.01253125
7.3000001e-010   0.01246094
7.4000001e-010   0.01241406
7.5000001e-010   0.01239844
7.6000001e-010   0.01235938
7.7000001e-010   0.01233594
7.8000001e-010   0.01230469
7.90000011e-010    0.0123125
8.00000011e-010   0.01225781
8.10000011e-010   0.01223438
8.20000011e-010   0.01221094
8.30000011e-010      0.01225
8.40000011e-010   0.01229688
8.50000011e-010   0.01234375
8.60000011e-010    0.0124375
8.70000012e-010       0.0125
8.80000012e-010   0.01253906
8.90000012e-010   0.01249219
9.00000012e-010   0.01246875
9.10000012e-010   0.01240625
9.20000012e-010   0.01235156
9.30000012e-010   0.01232813
9.40000013e-010   0.01235156
9.50000013e-010   0.01245313
9.60000013e-010   0.01258594
9.70000013e-010   0.01283594
9.80000013e-010   0.01308594
9.90000013e-010   0.01332031
1.00000001e-009   0.01348438
1.01000001e-009   0.01364063
1.02000001e-009    0.0136875
1.03000001e-009   0.01371094
1.04000001e-009   0.01367188
1.05000001e-009   0.01367188
1.06000001e-009   0.01366406
1.07000001e-009   0.01371875
1.08000001e-009   0.01377344
1.09000001e-009   0.01388281
1.10000001e-009   0.01396094
1.11000001e-009   0.01398438
1.12000001e-009   0.01403125
1.13000002e-009   0.01400781
1.14000002e-009   0.01401563
1.15000002e-009   0.01400781
1.16000002e-009    0.0140625
1.17000002e-009   0.01416406
1.18000002e-009    0.0143125
1.19000002e-009   0.01446094
1.20000002e-009   0.01463281
1.21000002e-009   0.01482813
1.22000002e-009   0.01497656
1.23000002e-009   0.01513281
1.24000002e-009   0.01529688
1.25000002e-009    0.0154375
1.26000002e-009   0.01560938
1.27000002e-009   0.01577344
1.28000002e-009   0.01588281
1.29000002e-009   0.01595313
1.30000002e-009   0.01599219
1.31000002e-009    0.0159375
1.32000002e-009   0.01583594
1.33000002e-009   0.01567969
1.34000002e-009    0.0155625
1.35000002e-009   0.01548438
1.36000002e-009    0.0154375
1.37000002e-009   0.01541406
1.38000002e-009   0.01549219
1.39000002e-009   0.01553906
1.40000002e-009     0.015625
1.41000002e-009   0.01571094
1.42000002e-009   0.01573438
1.43000002e-009   0.01577344
1.44000002e-009   0.01582031
1.45000002e-009   0.01582813
1.46000002e-009   0.01580469
1.47000002e-009      0.01575
1.48000002e-009   0.01572656
1.49000002e-009   0.01569531
1.50000002e-009   0.01560938
1.51000002e-009   0.01550781
1.52000002e-009   0.01539844
1.53000002e-009   0.01528906
1.54000002e-009   0.01514844
1.55000002e-009   0.01496875
1.56000002e-009   0.01476563
1.57000002e-009    0.0145625
1.58000002e-009   0.01432813
1.59000002e-009   0.01413281
1.60000002e-009   0.01392188
1.61000002e-009   0.01376563
1.62000002e-009   0.01366406
1.63000002e-009   0.01360156
1.64000002e-009   0.01355469
1.65000002e-009   0.01351563
1.66000002e-009   0.01348438
1.67000002e-009   0.01344531
1.68000002e-009   0.01336719
1.69000002e-009   0.01327344
1.70000002e-009     0.013125
1.71000002e-009   0.01298438
1.72000002e-009   0.01285156
1.73000002e-009   0.01267188
1.74000002e-009   0.01253906
1.75000002e-009   0.01245313
1.76000002e-009   0.01234375
1.77000002e-009   0.01224219
1.78000002e-009   0.01217969
1.79000002e-009   0.01210938
1.80000002e-009   0.01203125
1.81000002e-009   0.01203125
1.82000002e-009   0.01198438
1.83000002e-009   0.01200781
1.84000002e-009   0.01202344
1.85000002e-009   0.01207031
1.86000002e-009   0.01213281
1.87000002e-009   0.01219531
1.88000003e-009   0.01224219
1.89000003e-009   0.01224219
1.90000003e-009   0.01220313
1.91000003e-009     0.012125
1.92000003e-009        0.012
1.93000003e-009   0.01192188
1.94000003e-009   0.01180469
1.95000003e-009   0.01179688
1.96000003e-009   0.01182813
1.97000003e-009   0.01192188
1.98000003e-009   0.01213281
1.99000003e-009   0.01232031
2.00000003e-009   0.01253125
2.01000003e-009    0.0126875
2.02000003e-009   0.01278125
2.03000003e-009   0.01286719
2.04000003e-009     0.012875
2.05000003e-009   0.01285156
2.06000003e-009   0.01277344
2.07000003e-009   0.01273438
2.08000003e-009   0.01267188
2.09000003e-009     0.012625
2.10000003e-009   0.01250781
2.11000003e-009   0.01236719
2.12000003e-009   0.01225781
2.13000003e-009   0.01207813
2.14000003e-009   0.01197656
2.15000003e-009   0.01185156
2.16000003e-009   0.01184375
2.17000003e-009     0.011875
2.18000003e-009   0.01196094
2.19000003e-009   0.01209375
2.20000003e-009   0.01224219
2.21000003e-009   0.01234375
2.22000003e-009     0.012375
2.23000003e-009   0.01233594
2.24000003e-009   0.01228906
2.25000003e-009   0.01219531
2.26000003e-009   0.01207813
2.27000003e-009   0.01201563
2.28000003e-009   0.01200781
2.29000003e-009   0.01200781
2.30000003e-009   0.01204688
2.31000003e-009   0.01208594
2.32000003e-009   0.01210156
2.33000003e-009   0.01207813
2.34000003e-009   0.01204688
2.35000003e-009   0.01196875
2.36000003e-009   0.01184375
2.37000003e-009   0.01174219
2.38000003e-009   0.01165625
2.39000003e-009   0.01154688
2.40000003e-009    0.0114375
2.41000003e-009   0.01130469
2.42000003e-009   0.01123438
2.43000003e-009   0.01111719
2.44000003e-009        0.011
2.45000003e-009   0.01091406
2.46000003e-009   0.01085156
2.47000003e-009   0.01082813
2.48000003e-009   0.01086719
2.49000003e-009   0.01092969
2.50000003e-009   0.01097656
