-2.49000003e-009  -0.01223438
-2.48000003e-009       -0.003
-2.47000003e-009  -0.01302344
-2.46000003e-009 -0.002953125
-2.45000003e-009  -0.01305469
-2.44000003e-009 -0.002859375
-2.43000003e-009  -0.01360938
-2.42000003e-009       -0.003
-2.41000003e-009  -0.01360938
-2.40000003e-009 -0.003554687
-2.39000003e-009  -0.01245313
-2.38000003e-009 -0.003109375
-2.37000003e-009  -0.01332813
-2.36000003e-009       -0.003
-2.35000003e-009  -0.01235156
-2.34000003e-009       -0.003
-2.33000003e-009  -0.01325781
-2.32000003e-009 -0.003609375
-2.31000003e-009  -0.01196094
-2.30000003e-009 -0.003617187
-2.29000003e-009   -0.0130625
-2.28000003e-009 -0.001429687
-2.27000003e-009  -0.01222656
-2.26000003e-009 -0.0009999997
-2.25000003e-009  -0.01292188
-2.24000003e-009       -0.003
-2.23000003e-009  -0.01332031
-2.22000003e-009 -0.003984375
-2.21000003e-009  -0.01300781
-2.20000003e-009       -0.003
-2.19000003e-009  -0.01250781
-2.18000003e-009 -0.001429687
-2.17000003e-009  -0.01107813
-2.16000003e-009 -0.0009999997
-2.15000003e-009  -0.01157813
-2.14000003e-009   -0.0013125
-2.13000003e-009       -0.013
-2.12000003e-009 -0.002914062
-2.11000003e-009  -0.01159375
-2.10000003e-009 -0.002742187
-2.09000003e-009    -0.011125
-2.08000003e-009 -0.0009999997
-2.07000003e-009  -0.01252344
-2.06000003e-009 -0.002773437
-2.05000003e-009  -0.01185938
-2.04000003e-009       -0.003
-2.03000003e-009  -0.01117969
-2.02000003e-009    -0.002875
-2.01000003e-009       -0.011
-2.00000003e-009 -0.001398437
-1.99000003e-009  -0.01133594
-1.98000003e-009 -0.001398437
-1.97000003e-009  -0.01124219
-1.96000003e-009 -0.0009999997
-1.95000003e-009       -0.011
-1.94000003e-009  -0.00246875
-1.93000003e-009  -0.01014063
-1.92000003e-009 -0.0009999997
-1.91000003e-009       -0.011
-1.90000003e-009 -0.002039062
-1.89000003e-009  -0.01010156
-1.88000003e-009 -0.0009999997
-1.87000002e-009      -0.0095
-1.86000002e-009 -0.0008593747
-1.85000002e-009 -0.009398438
-1.84000002e-009 -0.0009999997
-1.83000002e-009 -0.009453125
-1.82000002e-009 0.0001250004
-1.81000002e-009  -0.01011719
-1.80000002e-009 -0.0004609372
-1.79000002e-009 -0.009296875
-1.78000002e-009 -0.0003515622
-1.77000002e-009  -0.01088281
-1.76000002e-009 -0.0009999997
-1.75000002e-009  -0.01007813
-1.74000002e-009 -0.0009999997
-1.73000002e-009 -0.009070313
-1.72000002e-009 -0.0004843747
-1.71000002e-009       -0.009
-1.70000002e-009 0.0007343754
-1.69000002e-009 -0.009710938
-1.68000002e-009  0.001234375
-1.67000002e-009  -0.00959375
-1.66000002e-009 0.0003828129
-1.65000002e-009       -0.009
-1.64000002e-009        0.001
-1.63000002e-009  -0.00971875
-1.62000002e-009  0.001710938
-1.61000002e-009       -0.009
-1.60000002e-009  0.001367188
-1.59000002e-009   -0.0071875
-1.58000002e-009        0.001
-1.57000002e-009 -0.007039062
-1.56000002e-009   0.00284375
-1.55000002e-009 -0.008890625
-1.54000002e-009     0.002625
-1.53000002e-009       -0.009
-1.52000002e-009        0.001
-1.51000002e-009 -0.007492188
-1.50000002e-009        0.001
-1.49000002e-009 -0.007273437
-1.48000002e-009    0.0020625
-1.47000002e-009 -0.007460938
-1.46000002e-009  0.002882813
-1.45000002e-009 -0.007828125
-1.44000002e-009   0.00221875
-1.43000002e-009       -0.009
-1.42000002e-009   0.00146875
-1.41000002e-009 -0.007515625
-1.40000002e-009 0.0007890629
-1.39000002e-009       -0.007
-1.38000002e-009 0.0002109379
-1.37000002e-009   -0.0075625
-1.36000002e-009    0.0023125
-1.35000002e-009       -0.007
-1.34000002e-009        0.003
-1.33000002e-009       -0.007
-1.32000002e-009        0.003
-1.31000002e-009  -0.00740625
-1.30000002e-009        0.003
-1.29000002e-009       -0.007
-1.28000002e-009        0.003
-1.27000002e-009       -0.009
-1.26000002e-009        0.003
-1.25000002e-009 -0.008273438
-1.24000002e-009  0.002453125
-1.23000002e-009       -0.007
-1.22000002e-009  0.002835938
-1.21000002e-009   -0.0065625
-1.20000002e-009  0.002960938
-1.19000002e-009 -0.007296875
-1.18000002e-009  0.001179688
-1.17000002e-009 -0.007695313
-1.16000002e-009  0.001648438
-1.15000002e-009       -0.007
-1.14000002e-009  0.001164063
-1.13000002e-009  -0.00728125
-1.12000001e-009  0.001609375
-1.11000001e-009       -0.007
-1.10000001e-009  0.001351563
-1.09000001e-009       -0.007
-1.08000001e-009  0.002460938
-1.07000001e-009       -0.007
-1.06000001e-009        0.003
-1.05000001e-009 -0.006890625
-1.04000001e-009   0.00134375
-1.03000001e-009       -0.007
-1.02000001e-009  0.001109375
-1.01000001e-009 -0.007164062
-1.00000001e-009    0.0016875
-9.90000013e-010       -0.007
-9.80000013e-010  0.001171875
-9.70000013e-010       -0.007
-9.60000013e-010  0.001179688
-9.50000013e-010       -0.007
-9.40000013e-010  0.001796875
-9.30000012e-010 -0.006445312
-9.20000012e-010  0.001265625
-9.10000012e-010  -0.00734375
-9.00000012e-010   0.00171875
-8.90000012e-010       -0.009
-8.80000012e-010        0.003
-8.70000012e-010 -0.007109375
-8.60000011e-010        0.001
-8.50000011e-010       -0.007
-8.40000011e-010 0.0008906254
-8.30000011e-010 -0.007554688
-8.20000011e-010  0.001148438
-8.10000011e-010 -0.008445313
-8.00000011e-010 0.0005937504
-7.90000011e-010 -0.007984375
-7.8000001e-010  0.001289063
-7.7000001e-010       -0.007
-7.6000001e-010        0.001
-7.5000001e-010 -0.008609375
-7.4000001e-010 0.0008515629
-7.3000001e-010  -0.01013281
-7.2000001e-010 -0.0006249997
-7.10000009e-010       -0.009
-7.00000009e-010 0.0003671879
-6.90000009e-010       -0.009
-6.80000009e-010 0.0002187504
-6.70000009e-010  -0.00903125
-6.60000009e-010 -0.0009999997
-6.50000009e-010  -0.01063281
-6.40000009e-010 -0.002679687
-6.30000008e-010  -0.01278906
-6.20000008e-010       -0.003
-6.10000008e-010  -0.01561719
-6.00000008e-010  -0.00540625
-5.90000008e-010       -0.017
-5.80000008e-010       -0.009
-5.70000008e-010       -0.021
-5.60000007e-010  -0.01385156
-5.50000007e-010  -0.02650781
-5.40000007e-010  -0.01907031
-5.30000007e-010  -0.03550781
-5.20000007e-010  -0.02510938
-5.10000007e-010  -0.04663281
-5.00000007e-010  -0.03478906
-4.90000007e-010     -0.05725
-4.80000006e-010  -0.04639844
-4.70000006e-010       -0.071
-4.60000006e-010  -0.05928125
-4.50000006e-010  -0.08364844
-4.40000006e-010  -0.07367969
-4.30000006e-010  -0.09434375
-4.20000006e-010  -0.08698438
-4.10000005e-010       -0.105
-4.00000005e-010  -0.09860938
-3.90000005e-010       -0.115
-3.80000005e-010   -0.1087734
-3.70000005e-010       -0.123
-3.60000005e-010   -0.1162891
-3.50000005e-010      -0.1275
-3.40000005e-010   -0.1189453
-3.30000004e-010       -0.131
-3.20000004e-010   -0.1177891
-3.10000004e-010       -0.131
-3.00000004e-010   -0.1179375
-2.90000004e-010   -0.1290938
-2.80000004e-010   -0.1171641
-2.70000004e-010   -0.1269688
-2.60000003e-010       -0.115
-2.50000003e-010   -0.1237344
-2.40000003e-010   -0.1110703
-2.30000003e-010       -0.121
-2.20000003e-010   -0.1059844
-2.10000003e-010   -0.1172188
-2.00000003e-010   -0.1019922
-1.90000003e-010       -0.111
-1.80000002e-010       -0.095
-1.70000002e-010       -0.105
-1.60000002e-010  -0.08778125
-1.50000002e-010  -0.09694532
-1.40000002e-010  -0.07771875
-1.30000002e-010  -0.08711719
-1.20000002e-010  -0.06661719
-1.10000001e-010  -0.07691407
-1.00000001e-010  -0.05560938
-9.00000012e-011  -0.06401563
-8.00000011e-011  -0.04200781
-7.00000009e-011  -0.05096094
-6.00000008e-011  -0.02760938
-5.00000007e-011    -0.037125
-4.00000005e-011  -0.01627344
-3.00000004e-011  -0.02483594
-2.00000003e-011 -0.005726562
-1.00000001e-011   -0.0145625
           0  0.003218751
1.00000001e-011 -0.006984375
2.00000003e-011  0.009203126
3.00000004e-011 0.0006328129
4.00000005e-011        0.015
5.00000007e-011  0.005070313
6.00000008e-011      0.01725
7.00000009e-011  0.007070313
8.00000011e-011    0.0176875
9.00000012e-011  0.008609376
1.00000001e-010   0.01714844
1.10000001e-010  0.008257813
1.20000002e-010   0.01700781
1.30000002e-010  0.007585938
1.40000002e-010        0.019
1.50000002e-010  0.005890626
1.60000002e-010   0.01703125
1.70000002e-010  0.004781251
1.80000002e-010        0.017
1.90000003e-010  0.004687501
2.00000003e-010   0.01467969
2.10000003e-010  0.005000001
2.20000003e-010   0.01619531
2.30000003e-010  0.007398438
2.40000003e-010   0.01610156
2.50000003e-010  0.009304688
2.60000003e-010   0.01785156
2.70000004e-010    0.0103125
2.80000004e-010        0.021
2.90000004e-010   0.01015625
3.00000004e-010        0.023
3.10000004e-010   0.01166406
3.20000004e-010     0.021625
3.30000004e-010   0.01236719
3.40000005e-010   0.02150781
3.50000005e-010   0.01210938
3.60000005e-010        0.023
3.70000005e-010   0.01223438
3.80000005e-010     0.022125
3.90000005e-010        0.011
4.00000005e-010   0.02294531
4.10000005e-010  0.008351563
4.20000006e-010        0.021
4.30000006e-010  0.009000001
4.40000006e-010      0.02075
4.50000006e-010  0.009765626
4.60000006e-010    0.0205625
4.70000006e-010  0.009117188
4.80000006e-010        0.019
4.90000007e-010  0.009414063
5.00000007e-010        0.019
5.10000007e-010  0.008796876
5.20000007e-010    0.0193125
5.30000007e-010  0.007804688
5.40000007e-010     0.019375
5.50000007e-010  0.006242188
5.60000007e-010        0.019
5.70000008e-010  0.008703126
5.80000008e-010        0.019
5.90000008e-010  0.008078126
6.00000008e-010   0.01989063
6.10000008e-010  0.007000001
6.20000008e-010   0.01936719
6.30000008e-010  0.008023438
6.40000009e-010        0.019
6.50000009e-010  0.007000001
6.60000009e-010        0.017
6.70000009e-010  0.007437501
6.80000009e-010        0.017
6.90000009e-010  0.007000001
7.00000009e-010   0.01757813
7.10000009e-010  0.007148438
7.2000001e-010   0.01683594
7.3000001e-010  0.007765626
7.4000001e-010     0.016625
7.5000001e-010  0.008093751
7.6000001e-010   0.01723438
7.7000001e-010  0.006960938
7.8000001e-010   0.01838281
7.90000011e-010  0.005000001
8.00000011e-010   0.01854688
8.10000011e-010  0.007171876
8.20000011e-010        0.019
8.30000011e-010  0.008554688
8.40000011e-010   0.01746094
8.50000011e-010  0.008226563
8.60000011e-010   0.01707813
8.70000012e-010  0.007851563
8.80000012e-010        0.019
8.90000012e-010  0.008640626
9.00000012e-010   0.01961719
9.10000012e-010  0.008742188
9.20000012e-010    0.0183125
9.30000012e-010  0.007757813
9.40000013e-010        0.017
9.50000013e-010  0.008148438
9.60000013e-010        0.019
9.70000013e-010  0.008507813
9.80000013e-010   0.01866406
9.90000013e-010  0.009109376
1.00000001e-009   0.01899219
1.01000001e-009  0.009000001
1.02000001e-009   0.01932813
1.03000001e-009   0.01045313
1.04000001e-009        0.019
1.05000001e-009  0.009828126
1.06000001e-009   0.02007031
1.07000001e-009  0.008679688
1.08000001e-009   0.01960156
1.09000001e-009  0.009000001
1.10000001e-009   0.02064063
1.11000001e-009  0.008492188
1.12000001e-009   0.02041406
1.13000002e-009  0.008843751
1.14000002e-009   0.01932813
1.15000002e-009   0.01055469
1.16000002e-009        0.021
1.17000002e-009  0.009992188
1.18000002e-009   0.01972656
1.19000002e-009     0.010625
1.20000002e-009   0.01963281
1.21000002e-009  0.009492188
1.22000002e-009   0.01985156
1.23000002e-009  0.009234376
1.24000002e-009   0.01988281
1.25000002e-009  0.009000001
1.26000002e-009   0.02120313
1.27000002e-009  0.009953126
1.28000002e-009        0.023
1.29000002e-009   0.01035156
1.30000002e-009   0.02299219
1.31000002e-009        0.011
1.32000002e-009   0.02189063
1.33000002e-009   0.01014063
1.34000002e-009        0.021
1.35000002e-009   0.01013281
1.36000002e-009   0.02141406
1.37000002e-009   0.01135938
1.38000002e-009        0.021
1.39000002e-009    0.0113125
1.40000002e-009        0.021
1.41000002e-009   0.01233594
1.42000002e-009   0.02042969
1.43000002e-009   0.01192969
1.44000002e-009   0.01944531
1.45000002e-009   0.01208594
1.46000002e-009        0.021
1.47000002e-009        0.011
1.48000002e-009   0.01977344
1.49000002e-009   0.01085938
1.50000002e-009    0.0210625
1.51000002e-009   0.01013281
1.52000002e-009   0.02167188
1.53000002e-009  0.009000001
1.54000002e-009   0.01960938
1.55000002e-009  0.008492188
1.56000002e-009   0.01882813
1.57000002e-009  0.006507813
1.58000002e-009   0.01885156
1.59000002e-009  0.008093751
1.60000002e-009   0.01753125
1.61000002e-009  0.009000001
1.62000002e-009   0.01857031
1.63000002e-009  0.008796876
1.64000002e-009   0.01827344
1.65000002e-009  0.009000001
1.66000002e-009     0.018625
1.67000002e-009  0.007476563
1.68000002e-009   0.01786719
1.69000002e-009  0.007218751
1.70000002e-009   0.01694531
1.71000002e-009  0.008242188
1.72000002e-009   0.01710938
1.73000002e-009  0.007820313
1.74000002e-009        0.017
1.75000002e-009  0.008062501
1.76000002e-009   0.01782031
1.77000002e-009  0.008101563
1.78000002e-009   0.01683594
1.79000002e-009  0.006414063
1.80000002e-009   0.01710156
1.81000002e-009  0.005000001
1.82000002e-009     0.017375
1.83000002e-009  0.007523438
1.84000002e-009        0.017
1.85000002e-009  0.006437501
1.86000002e-009    0.0166875
1.87000002e-009  0.007234376
1.88000003e-009        0.016
1.89000003e-009  0.006757813
1.90000003e-009   0.01695313
1.91000003e-009  0.006507813
1.92000003e-009   0.01721875
1.93000003e-009  0.006718751
1.94000003e-009        0.017
1.95000003e-009  0.007000001
1.96000003e-009   0.01757031
1.97000003e-009  0.004890626
1.98000003e-009   0.01641406
1.99000003e-009  0.004476563
2.00000003e-009   0.01760156
2.01000003e-009  0.006031251
2.02000003e-009   0.01782813
2.03000003e-009  0.007234376
2.04000003e-009   0.01792969
2.05000003e-009  0.007000001
2.06000003e-009        0.019
2.07000003e-009  0.007328126
2.08000003e-009   0.01791406
2.09000003e-009  0.008085938
2.10000003e-009   0.01705469
2.11000003e-009  0.007062501
2.12000003e-009        0.019
2.13000003e-009  0.007000001
2.14000003e-009   0.01864844
2.15000003e-009  0.006929688
2.16000003e-009   0.01957031
2.17000003e-009  0.007890626
2.18000003e-009        0.019
2.19000003e-009  0.005000001
2.20000003e-009   0.01629688
2.21000003e-009  0.006789063
2.22000003e-009   0.01714844
2.23000003e-009  0.007867188
2.24000003e-009   0.01704688
2.25000003e-009  0.008250001
2.26000003e-009   0.01864844
2.27000003e-009  0.008000001
2.28000003e-009   0.01828125
2.29000003e-009  0.007585938
2.30000003e-009        0.017
2.31000003e-009  0.006867188
2.32000003e-009   0.01517969
2.33000003e-009  0.007125001
2.34000003e-009   0.01575781
2.35000003e-009  0.006750001
2.36000003e-009   0.01751563
2.37000003e-009  0.006390626
2.38000003e-009   0.01677344
2.39000003e-009  0.006265626
2.40000003e-009        0.017
2.41000003e-009  0.006640626
2.42000003e-009   0.01667188
2.43000003e-009  0.005039063
2.44000003e-009   0.01517969
2.45000003e-009  0.004273438
2.46000003e-009   0.01646875
2.47000003e-009  0.005601563
2.48000003e-009   0.01692188
2.49000003e-009  0.003671876
2.50000003e-009   0.01585156
