-1.24500002e-009 -0.007210937
-1.24000002e-009 0.0008828129
-1.23500002e-009 -0.007109375
-1.23000002e-009        0.001
-1.22500002e-009       -0.007
-1.22000002e-009  0.002046875
-1.21500002e-009  -0.00759375
-1.21000002e-009  0.002734375
-1.20500002e-009 -0.007945313
-1.20000002e-009  0.002851563
-1.19500002e-009 -0.007523438
-1.19000002e-009  0.002273438
-1.18500002e-009       -0.007
-1.18000002e-009  0.001507813
-1.17500002e-009 -0.006515625
-1.17000002e-009  0.001609375
-1.16500002e-009 -0.007671875
-1.16000002e-009  0.001210938
-1.15500002e-009 -0.008664063
-1.15000002e-009  0.001445313
-1.14500002e-009    -0.009125
-1.14000002e-009   0.00140625
-1.13500002e-009 -0.008992188
-1.13000002e-009  0.001664063
-1.12500002e-009 -0.008757813
-1.12000001e-009     0.002625
-1.11500001e-009 -0.007796875
-1.11000001e-009  0.002976563
-1.10500001e-009 -0.007226562
-1.10000001e-009  0.002648438
-1.09500001e-009  -0.00721875
-1.09000001e-009  0.001945313
-1.08500001e-009 -0.006890625
-1.08000001e-009        0.003
-1.07500001e-009 -0.006867187
-1.07000001e-009  0.002976563
-1.06500001e-009 -0.007460938
-1.06000001e-009        0.003
-1.05500001e-009     -0.00775
-1.05000001e-009  0.002804688
-1.04500001e-009 -0.007414063
-1.04000001e-009  0.001742188
-1.03500001e-009 -0.006414062
-1.03000001e-009   0.00240625
-1.02500001e-009 -0.005898437
-1.02000001e-009        0.003
-1.01500001e-009      -0.0055
-1.01000001e-009  0.002976563
-1.00500001e-009 -0.007054687
-1.00000001e-009  0.003632813
-9.95000013e-010 -0.008585938
-9.90000013e-010  0.003429688
-9.85000013e-010 -0.009117188
-9.80000013e-010  0.002359375
-9.75000013e-010 -0.008921875
-9.70000013e-010      0.00175
-9.65000013e-010 -0.008859375
-9.60000013e-010  0.001945313
-9.55000013e-010 -0.008078125
-9.50000013e-010       0.0025
-9.45000013e-010  -0.00678125
-9.40000013e-010  0.002546875
-9.35000012e-010  -0.00715625
-9.30000012e-010   0.00203125
-9.25000012e-010 -0.007523438
-9.20000012e-010  0.001773438
-9.15000012e-010 -0.007328125
-9.10000012e-010    0.0020625
-9.05000012e-010 -0.007421875
-9.00000012e-010  0.002976563
-8.95000012e-010 -0.007695313
-8.90000012e-010        0.003
-8.85000012e-010 -0.007382813
-8.80000012e-010     0.001875
-8.75000012e-010 -0.006492187
-8.70000012e-010  0.001414063
-8.65000012e-010 -0.006578125
-8.60000011e-010 0.0009140629
-8.55000011e-010       -0.007
-8.50000011e-010 0.0009218754
-8.45000011e-010      -0.0085
-8.40000011e-010  0.001335938
-8.35000011e-010 -0.009242188
-8.30000011e-010  0.001617188
-8.25000011e-010 -0.008960938
-8.20000011e-010  0.002445313
-8.15000011e-010     -0.00775
-8.10000011e-010  0.002921875
-8.05000011e-010 -0.007148437
-8.00000011e-010  0.002835938
-7.95000011e-010 -0.007367188
-7.90000011e-010    0.0021875
-7.8500001e-010 -0.008148438
-7.8000001e-010      0.00125
-7.7500001e-010 -0.008890625
-7.7000001e-010 0.0008750004
-7.6500001e-010       -0.009
-7.6000001e-010  0.001085938
-7.5500001e-010 -0.008976563
-7.5000001e-010  0.001109375
-7.4500001e-010       -0.009
-7.4000001e-010 0.0005859379
-7.3500001e-010 -0.009460938
-7.3000001e-010 -0.0003515622
-7.2500001e-010 -0.009945313
-7.2000001e-010 -0.0003984372
-7.1500001e-010 -0.009789063
-7.10000009e-010 -0.0009999997
-7.05000009e-010       -0.009
-7.00000009e-010 -0.001070312
-6.95000009e-010 -0.009726563
-6.90000009e-010 -0.001023437
-6.85000009e-010  -0.01071875
-6.80000009e-010 -0.0009999997
-6.75000009e-010  -0.01139844
-6.70000009e-010    -0.001125
-6.65000009e-010  -0.01178906
-6.60000009e-010 -0.0009999997
-6.55000009e-010  -0.01159375
-6.50000009e-010 -0.002429687
-6.45000009e-010  -0.01199219
-6.40000009e-010 -0.002914062
-6.35000008e-010  -0.01299219
-6.30000008e-010       -0.003
-6.25000008e-010  -0.01426563
-6.20000008e-010 -0.004734375
-6.15000008e-010  -0.01559375
-6.10000008e-010  -0.00584375
-6.05000008e-010      -0.0165
-6.00000008e-010 -0.005039062
-5.95000008e-010  -0.01860156
-5.90000008e-010 -0.005710937
-5.85000008e-010       -0.021
-5.80000008e-010   -0.0083125
-5.75000008e-010  -0.02355469
-5.70000008e-010  -0.01210938
-5.65000008e-010  -0.02585938
-5.60000007e-010  -0.01510156
-5.55000007e-010  -0.02805469
-5.50000007e-010  -0.01771875
-5.45000007e-010  -0.03225781
-5.40000007e-010       -0.021
-5.35000007e-010       -0.037
-5.30000007e-010  -0.02510156
-5.25000007e-010  -0.04134375
-5.20000007e-010  -0.03035938
-5.15000007e-010   -0.0459375
-5.10000007e-010   -0.0361875
-5.05000007e-010  -0.05110156
-5.00000007e-010  -0.04189844
-4.95000007e-010  -0.05615625
-4.90000007e-010  -0.04655469
-4.85000006e-010  -0.06177344
-4.80000006e-010  -0.05224219
-4.75000006e-010  -0.06777344
-4.70000006e-010       -0.059
-4.65000006e-010   -0.0741875
-4.60000006e-010  -0.06669532
-4.55000006e-010   -0.0813125
-4.50000006e-010  -0.07424219
-4.45000006e-010   -0.0881875
-4.40000006e-010  -0.08067188
-4.35000006e-010       -0.095
-4.30000006e-010  -0.08625782
-4.25000006e-010   -0.1011484
-4.20000006e-010  -0.09203907
-4.15000006e-010       -0.107
-4.10000005e-010  -0.09746094
-4.05000005e-010   -0.1116406
-4.00000005e-010   -0.1024609
-3.95000005e-010   -0.1158672
-3.90000005e-010       -0.107
-3.85000005e-010   -0.1190938
-3.80000005e-010     -0.10975
-3.75000005e-010       -0.123
-3.70000005e-010   -0.1125156
-3.65000005e-010   -0.1261484
-3.60000005e-010   -0.1149063
-3.55000005e-010   -0.1273828
-3.50000005e-010   -0.1164609
-3.45000005e-010       -0.129
-3.40000005e-010   -0.1181484
-3.35000004e-010   -0.1294531
-3.30000004e-010   -0.1192422
-3.25000004e-010   -0.1295078
-3.20000004e-010   -0.1187266
-3.15000004e-010   -0.1306641
-3.10000004e-010   -0.1185781
-3.05000004e-010   -0.1304141
-3.00000004e-010   -0.1186406
-2.95000004e-010       -0.129
-2.90000004e-010   -0.1172734
-2.85000004e-010       -0.129
-2.80000004e-010   -0.1163438
-2.75000004e-010   -0.1272969
-2.70000004e-010   -0.1158047
-2.65000004e-010   -0.1251406
-2.60000003e-010   -0.1126016
-2.55000003e-010   -0.1235547
-2.50000003e-010   -0.1099297
-2.45000003e-010       -0.123
-2.40000003e-010   -0.1077656
-2.35000003e-010   -0.1206563
-2.30000003e-010   -0.1061094
-2.25000003e-010   -0.1181641
-2.20000003e-010   -0.1053828
-2.15000003e-010   -0.1174531
-2.10000003e-010   -0.1028594
-2.05000003e-010     -0.11575
-2.00000003e-010  -0.09900782
-1.95000003e-010   -0.1126016
-1.90000003e-010  -0.09547657
-1.85000002e-010   -0.1087188
-1.80000002e-010  -0.09219532
-1.75000002e-010   -0.1042891
-1.70000002e-010  -0.08892188
-1.65000002e-010  -0.09949219
-1.60000002e-010  -0.08457032
-1.55000002e-010  -0.09403907
-1.50000002e-010  -0.08057813
-1.45000002e-010  -0.08889844
-1.40000002e-010  -0.07565625
-1.35000002e-010  -0.08427344
-1.30000002e-010  -0.06977344
-1.25000002e-010  -0.07902344
-1.20000002e-010  -0.06357032
-1.15000002e-010       -0.073
-1.10000001e-010  -0.05778906
-1.05000001e-010  -0.06603125
-1.00000001e-010   -0.0524375
-9.50000013e-011  -0.06066407
-9.00000012e-011       -0.047
-8.50000011e-011       -0.055
-8.00000011e-011  -0.03880469
-7.5000001e-011  -0.04828125
-7.00000009e-011   -0.0305625
-6.50000009e-011  -0.04165625
-6.00000008e-011  -0.02278125
-5.50000007e-011  -0.03464063
-5.00000007e-011  -0.01594531
-4.50000006e-011  -0.02745313
-4.00000005e-011  -0.01065625
-3.50000005e-011  -0.02041406
-3.00000004e-011  -0.00678125
-2.50000003e-011       -0.015
-2.00000003e-011       -0.003
-1.50000002e-011  -0.01090625
-1.00000001e-011 0.0007500004
-5.00000007e-012       -0.007
           0  0.005164063
5.00000007e-012 -0.004570312
1.00000001e-011  0.008187501
1.50000002e-011   -0.0018125
2.00000003e-011  0.009984376
2.50000003e-011  0.001203125
3.00000004e-011   0.01253906
3.50000005e-011  0.004234376
4.00000005e-011        0.015
4.50000006e-011  0.006703126
5.00000007e-011    0.0156875
5.50000007e-011  0.008679688
6.00000008e-011   0.01614844
6.50000009e-011  0.008726563
7.00000009e-011     0.017625
7.5000001e-011  0.007578126
8.00000011e-011   0.01874219
8.50000011e-011  0.007000001
9.00000012e-011   0.01864063
9.50000013e-011  0.006757813
1.00000001e-010   0.01757031
1.05000001e-010  0.007484376
1.10000001e-010   0.01696094
1.15000002e-010  0.006460938
1.20000002e-010        0.017
1.25000002e-010  0.006210938
1.30000002e-010   0.01746875
1.35000002e-010  0.006265626
1.40000002e-010   0.01739063
1.45000002e-010  0.005507813
1.50000002e-010   0.01614063
1.55000002e-010  0.005710938
1.60000002e-010    0.0151875
1.65000002e-010  0.005203126
1.70000002e-010        0.015
1.75000002e-010  0.004859376
1.80000002e-010   0.01450781
1.85000002e-010  0.005187501
1.90000003e-010      0.01525
1.95000003e-010  0.006148438
2.00000003e-010   0.01505469
2.05000003e-010  0.006890626
2.10000003e-010    0.0148125
2.15000003e-010  0.006968751
2.20000003e-010   0.01525781
2.25000003e-010  0.007242188
2.30000003e-010   0.01624219
2.35000003e-010  0.008539063
2.40000003e-010        0.017
2.45000003e-010  0.009265626
2.50000003e-010   0.01826563
2.55000003e-010  0.009617188
2.60000003e-010        0.019
2.65000004e-010  0.009140626
2.70000004e-010   0.01947656
2.75000004e-010  0.008968751
2.80000004e-010   0.01973438
2.85000004e-010  0.009226563
2.90000004e-010   0.02080469
2.95000004e-010  0.009921876
3.00000004e-010   0.02120313
3.05000004e-010   0.01097656
3.10000004e-010   0.02125781
3.15000004e-010   0.01169531
3.20000004e-010   0.02167969
3.25000004e-010   0.01217969
3.30000004e-010   0.02189844
3.35000004e-010   0.01172656
3.40000005e-010   0.02182031
3.45000005e-010        0.011
3.50000005e-010   0.02148438
3.55000005e-010    0.0109375
3.60000005e-010   0.02155469
3.65000005e-010   0.01148438
3.70000005e-010   0.02157031
3.75000005e-010   0.01105469
3.80000005e-010        0.021
3.85000005e-010         0.01
3.90000005e-010   0.02096094
3.95000005e-010  0.009953126
4.00000005e-010   0.02133594
4.05000005e-010  0.009515626
4.10000005e-010        0.021
4.15000006e-010  0.009000001
4.20000006e-010   0.01978906
4.25000006e-010  0.008406251
4.30000006e-010   0.01947656
4.35000006e-010  0.007921876
4.40000006e-010   0.01904688
4.45000006e-010  0.008117188
4.50000006e-010   0.02060938
4.55000006e-010  0.008898438
4.60000006e-010   0.02102344
4.65000006e-010  0.008695313
4.70000006e-010   0.02046875
4.75000006e-010  0.007929688
4.80000006e-010   0.02105469
4.85000006e-010  0.007125001
4.90000007e-010   0.02061719
4.95000007e-010  0.007109376
5.00000007e-010   0.01916406
5.05000007e-010  0.007890626
5.10000007e-010   0.01732813
5.15000007e-010  0.008609376
5.20000007e-010   0.01815625
5.25000007e-010  0.008812501
5.30000007e-010   0.01917188
5.35000007e-010  0.009171876
5.40000007e-010   0.02069531
5.45000007e-010  0.008085938
5.50000007e-010   0.02092188
5.55000007e-010  0.007179688
5.60000007e-010   0.01983594
5.65000008e-010  0.006867188
5.70000008e-010    0.0190625
5.75000008e-010  0.007359376
5.80000008e-010        0.019
5.85000008e-010  0.008546876
5.90000008e-010   0.01792188
5.95000008e-010  0.008562501
6.00000008e-010   0.01799219
6.05000008e-010  0.007453126
6.10000008e-010    0.0185625
6.15000008e-010  0.007000001
6.20000008e-010    0.0190625
6.25000008e-010  0.006875001
6.30000008e-010    0.0186875
6.35000008e-010  0.007031251
6.40000009e-010    0.0179375
6.45000009e-010  0.006945313
6.50000009e-010   0.01880469
6.55000009e-010  0.006625001
6.60000009e-010   0.01910156
6.65000009e-010  0.007000001
6.70000009e-010    0.0186875
6.75000009e-010  0.007000001
6.80000009e-010   0.01926563
6.85000009e-010  0.007398438
6.90000009e-010   0.01949219
6.95000009e-010  0.008164063
7.00000009e-010   0.01927344
7.05000009e-010  0.008078126
7.10000009e-010   0.01859375
7.1500001e-010  0.008289063
7.2000001e-010   0.01753906
7.2500001e-010  0.008718751
7.3000001e-010   0.01707031
7.3500001e-010  0.008531251
7.4000001e-010   0.01772656
7.4500001e-010  0.008695313
7.5000001e-010   0.01807031
7.5500001e-010  0.008351563
7.6000001e-010   0.01848438
7.6500001e-010  0.007500001
7.7000001e-010        0.019
7.7500001e-010  0.007046876
7.8000001e-010   0.01832813
7.8500001e-010  0.007000001
7.90000011e-010     0.019375
7.95000011e-010  0.007070313
8.00000011e-010   0.02067188
8.05000011e-010  0.007765626
8.10000011e-010        0.021
8.15000011e-010  0.007000001
8.20000011e-010   0.02022656
8.25000011e-010  0.006664063
8.30000011e-010   0.01861719
8.35000011e-010  0.007062501
8.40000011e-010   0.01707031
8.45000011e-010  0.008078126
8.50000011e-010   0.01701563
8.55000011e-010  0.008398438
8.60000011e-010   0.01734375
8.65000012e-010  0.007648438
8.70000012e-010   0.01745313
8.75000012e-010  0.007140626
8.80000012e-010   0.01732031
8.85000012e-010  0.006914063
8.90000012e-010     0.017375
8.95000012e-010  0.006773438
9.00000012e-010   0.01859375
9.05000012e-010  0.006859376
9.10000012e-010   0.01919531
9.15000012e-010  0.007226563
9.20000012e-010   0.01910156
9.25000012e-010  0.007812501
9.30000012e-010   0.01853906
9.35000012e-010  0.008406251
9.40000013e-010   0.01901563
9.45000013e-010  0.008851563
9.50000013e-010   0.01863281
9.55000013e-010  0.009000001
9.60000013e-010   0.01730469
9.65000013e-010  0.008640626
9.70000013e-010      0.01775
9.75000013e-010  0.008851563
9.80000013e-010   0.01874219
9.85000013e-010  0.008882813
9.90000013e-010   0.01897656
9.95000013e-010  0.008953126
1.00000001e-009   0.01878906
1.00500001e-009  0.009000001
1.01000001e-009        0.019
1.01500001e-009  0.009000001
1.02000001e-009   0.01925781
1.02500001e-009  0.009406251
1.03000001e-009   0.01922656
1.03500001e-009  0.008859376
1.04000001e-009   0.01885156
1.04500001e-009  0.008789063
1.05000001e-009   0.01809375
1.05500001e-009  0.008804688
1.06000001e-009   0.01719531
1.06500001e-009  0.008875001
1.07000001e-009   0.01785156
1.07500001e-009  0.009046876
1.08000001e-009   0.01864063
1.08500001e-009  0.009000001
1.09000001e-009   0.01915625
1.09500001e-009  0.009976563
1.10000001e-009   0.01909375
1.10500001e-009  0.009335938
1.11000001e-009   0.01927344
1.11500001e-009  0.008882813
1.12000001e-009   0.01955469
1.12500002e-009  0.009375001
1.13000002e-009   0.01942188
1.13500002e-009   0.01005469
1.14000002e-009   0.01964063
1.14500002e-009  0.009875001
1.15000002e-009    0.0205625
1.15500002e-009   0.01007813
1.16000002e-009   0.02125781
1.16500002e-009  0.009992188
1.17000002e-009        0.021
1.17500002e-009   0.01046094
1.18000002e-009   0.01971875
1.18500002e-009   0.01064063
1.19000002e-009   0.01924219
1.19500002e-009   0.01039063
1.20000002e-009   0.01948438
1.20500002e-009  0.009921876
1.21000002e-009   0.01946875
1.21500002e-009  0.009812501
1.22000002e-009   0.02167969
1.22500002e-009   0.01039063
1.23000002e-009   0.02289063
1.23500002e-009    0.0115625
1.24000002e-009   0.02269531
1.24500002e-009   0.01195313
1.25000002e-009   0.02116406
