-2.49000003e-009  -0.00834375
-2.48000003e-009 -0.008414063
-2.47000003e-009 -0.008492188
-2.46000003e-009 -0.008507813
-2.45000003e-009 -0.008492188
-2.44000003e-009  -0.00840625
-2.43000003e-009 -0.008351563
-2.42000003e-009 -0.008265625
-2.41000003e-009 -0.008179688
-2.40000003e-009  -0.00815625
-2.39000003e-009  -0.00809375
-2.38000003e-009 -0.008054688
-2.37000003e-009 -0.008023438
-2.36000003e-009 -0.008015625
-2.35000003e-009 -0.007960938
-2.34000003e-009 -0.007914063
-2.33000003e-009 -0.007867188
-2.32000003e-009    -0.007875
-2.31000003e-009    -0.007875
-2.30000003e-009 -0.007867188
-2.29000003e-009 -0.007898438
-2.28000003e-009 -0.007945313
-2.27000003e-009       -0.008
-2.26000003e-009  -0.00803125
-2.25000003e-009 -0.008070313
-2.24000003e-009   -0.0080625
-2.23000003e-009   -0.0080625
-2.22000003e-009 -0.007984375
-2.21000003e-009    -0.007875
-2.20000003e-009 -0.007726563
-2.19000003e-009 -0.007578125
-2.18000003e-009 -0.007429688
-2.17000003e-009 -0.007320312
-2.16000003e-009 -0.007210937
-2.15000003e-009   -0.0071875
-2.14000003e-009  -0.00721875
-2.13000003e-009 -0.007296875
-2.12000003e-009 -0.007429688
-2.11000003e-009 -0.007453125
-2.10000003e-009      -0.0075
-2.09000003e-009 -0.007453125
-2.08000003e-009 -0.007359375
-2.07000003e-009     -0.00725
-2.06000003e-009 -0.007132812
-2.05000003e-009       -0.007
-2.04000003e-009 -0.006945312
-2.03000003e-009 -0.006921875
-2.02000003e-009 -0.006929687
-2.01000003e-009 -0.006953125
-2.00000003e-009 -0.006984375
-1.99000003e-009 -0.006976562
-1.98000003e-009 -0.006921875
-1.97000003e-009 -0.006859375
-1.96000003e-009     -0.00675
-1.95000003e-009 -0.006640625
-1.94000003e-009 -0.006523437
-1.93000003e-009 -0.006476562
-1.92000003e-009 -0.006414062
-1.91000003e-009  -0.00640625
-1.90000003e-009 -0.006445312
-1.89000003e-009 -0.006460937
-1.88000003e-009 -0.006507812
-1.87000002e-009 -0.006546875
-1.86000002e-009 -0.006539062
-1.85000002e-009 -0.006515625
-1.84000002e-009   -0.0064375
-1.83000002e-009   -0.0063125
-1.82000002e-009 -0.006132812
-1.81000002e-009 -0.006007812
-1.80000002e-009 -0.005796875
-1.79000002e-009 -0.005617187
-1.78000002e-009  -0.00546875
-1.77000002e-009 -0.005359375
-1.76000002e-009 -0.005242187
-1.75000002e-009 -0.005210937
-1.74000002e-009 -0.005164062
-1.73000002e-009 -0.005132812
-1.72000002e-009    -0.005125
-1.71000002e-009 -0.005132812
-1.70000002e-009 -0.005148437
-1.69000002e-009  -0.00509375
-1.68000002e-009   -0.0050625
-1.67000002e-009 -0.005015625
-1.66000002e-009 -0.004929687
-1.65000002e-009 -0.004828125
-1.64000002e-009 -0.004734375
-1.63000002e-009 -0.004632812
-1.62000002e-009 -0.004585937
-1.61000002e-009 -0.004546875
-1.60000002e-009 -0.004523437
-1.59000002e-009 -0.004492187
-1.58000002e-009 -0.004492187
-1.57000002e-009 -0.004414062
-1.56000002e-009 -0.004304687
-1.55000002e-009   -0.0041875
-1.54000002e-009 -0.004007812
-1.53000002e-009     -0.00375
-1.52000002e-009 -0.003554687
-1.51000002e-009 -0.003429687
-1.50000002e-009 -0.003359375
-1.49000002e-009 -0.003367187
-1.48000002e-009   -0.0034375
-1.47000002e-009 -0.003539062
-1.46000002e-009    -0.003625
-1.45000002e-009  -0.00371875
-1.44000002e-009 -0.003671875
-1.43000002e-009 -0.003617187
-1.42000002e-009 -0.003453125
-1.41000002e-009 -0.003289062
-1.40000002e-009 -0.003046875
-1.39000002e-009 -0.002859375
-1.38000002e-009 -0.002695312
-1.37000002e-009 -0.002585937
-1.36000002e-009 -0.002570312
-1.35000002e-009 -0.002585937
-1.34000002e-009 -0.002640625
-1.33000002e-009 -0.002773437
-1.32000002e-009 -0.002898437
-1.31000002e-009 -0.003007812
-1.30000002e-009 -0.003085937
-1.29000002e-009 -0.003132812
-1.28000002e-009 -0.003117187
-1.27000002e-009 -0.003085937
-1.26000002e-009  -0.00296875
-1.25000002e-009 -0.002882812
-1.24000002e-009 -0.002796875
-1.23000002e-009  -0.00271875
-1.22000002e-009 -0.002671875
-1.21000002e-009 -0.002726562
-1.20000002e-009 -0.002757812
-1.19000002e-009 -0.002796875
-1.18000002e-009  -0.00284375
-1.17000002e-009 -0.002890625
-1.16000002e-009   -0.0028125
-1.15000002e-009 -0.002734375
-1.14000002e-009 -0.002585937
-1.13000002e-009  -0.00240625
-1.12000001e-009  -0.00221875
-1.11000001e-009 -0.002109375
-1.10000001e-009 -0.002039062
-1.09000001e-009 -0.002078125
-1.08000001e-009 -0.002242187
-1.07000001e-009 -0.002453125
-1.06000001e-009  -0.00271875
-1.05000001e-009 -0.002914062
-1.04000001e-009   -0.0030625
-1.03000001e-009   -0.0030625
-1.02000001e-009 -0.002984375
-1.01000001e-009 -0.002820312
-1.00000001e-009 -0.002648437
-9.90000013e-010  -0.00246875
-9.80000013e-010 -0.002351562
-9.70000013e-010 -0.002304687
-9.60000013e-010 -0.002320312
-9.50000013e-010 -0.002445312
-9.40000013e-010  -0.00253125
-9.30000012e-010 -0.002640625
-9.20000012e-010 -0.002679687
-9.10000012e-010 -0.002710937
-9.00000012e-010 -0.002695312
-8.90000012e-010 -0.002695312
-8.80000012e-010 -0.002726562
-8.70000012e-010 -0.002773437
-8.60000011e-010 -0.002765625
-8.50000011e-010 -0.002796875
-8.40000011e-010 -0.002859375
-8.30000011e-010 -0.002914062
-8.20000011e-010 -0.002976562
-8.10000011e-010 -0.003015625
-8.00000011e-010 -0.003039062
-7.90000011e-010 -0.003132812
-7.8000001e-010 -0.003195312
-7.7000001e-010 -0.003328125
-7.6000001e-010   -0.0034375
-7.5000001e-010 -0.003539062
-7.4000001e-010 -0.003632812
-7.3000001e-010 -0.003703125
-7.2000001e-010  -0.00378125
-7.10000009e-010 -0.003820312
-7.00000009e-010 -0.003929687
-6.90000009e-010 -0.004054687
-6.80000009e-010     -0.00425
-6.70000009e-010 -0.004515625
-6.60000009e-010 -0.004835937
-6.50000009e-010 -0.005164062
-6.40000009e-010 -0.005609375
-6.30000008e-010 -0.006046875
-6.20000008e-010 -0.006546875
-6.10000008e-010  -0.00703125
-6.00000008e-010   -0.0076875
-5.90000008e-010  -0.00846875
-5.80000008e-010 -0.009476563
-5.70000008e-010  -0.01071094
-5.60000007e-010  -0.01221875
-5.50000007e-010  -0.01417188
-5.40000007e-010  -0.01650781
-5.30000007e-010  -0.01923438
-5.20000007e-010  -0.02242969
-5.10000007e-010  -0.02600781
-5.00000007e-010  -0.03003906
-4.90000007e-010  -0.03446875
-4.80000006e-010   -0.0393125
-4.70000006e-010  -0.04453125
-4.60000006e-010  -0.05017188
-4.50000006e-010  -0.05617188
-4.40000006e-010  -0.06253125
-4.30000006e-010  -0.06913282
-4.20000006e-010  -0.07595313
-4.10000005e-010  -0.08286719
-4.00000005e-010  -0.08967969
-3.90000005e-010  -0.09624219
-3.80000005e-010    -0.102375
-3.70000005e-010   -0.1078906
-3.60000005e-010   -0.1127266
-3.50000005e-010   -0.1167109
-3.40000005e-010   -0.1198828
-3.30000004e-010   -0.1222656
-3.20000004e-010   -0.1239063
-3.10000004e-010   -0.1249766
-3.00000004e-010   -0.1254688
-2.90000004e-010   -0.1255781
-2.80000004e-010   -0.1253203
-2.70000004e-010   -0.1246875
-2.60000003e-010   -0.1238906
-2.50000003e-010   -0.1228438
-2.40000003e-010   -0.1215938
-2.30000003e-010   -0.1202188
-2.20000003e-010   -0.1186641
-2.10000003e-010   -0.1170938
-2.00000003e-010   -0.1153516
-1.90000003e-010   -0.1133828
-1.80000002e-010   -0.1112969
-1.70000002e-010   -0.1088281
-1.60000002e-010   -0.1061172
-1.50000002e-010   -0.1029844
-1.40000002e-010  -0.09936719
-1.30000002e-010    -0.095375
-1.20000002e-010  -0.09088282
-1.10000001e-010  -0.08600782
-1.00000001e-010  -0.08064063
-9.00000012e-011  -0.07491407
-8.00000011e-011  -0.06878907
-7.00000009e-011  -0.06224219
-6.00000008e-011  -0.05542969
-5.00000007e-011  -0.04848438
-4.00000005e-011  -0.04146094
-3.00000004e-011  -0.03449219
-2.00000003e-011  -0.02785156
-1.00000001e-011  -0.02153125
           0     -0.01575
1.00000001e-011      -0.0105
2.00000003e-011 -0.005820312
3.00000004e-011  -0.00171875
4.00000005e-011     0.001875
5.00000007e-011  0.004968751
6.00000008e-011  0.007484376
7.00000009e-011  0.009554688
8.00000011e-011   0.01110938
9.00000012e-011   0.01221875
1.00000001e-010   0.01284375
1.10000001e-010   0.01303906
1.20000002e-010   0.01289844
1.30000002e-010   0.01253906
1.40000002e-010   0.01207813
1.50000002e-010   0.01155469
1.60000002e-010   0.01100781
1.70000002e-010   0.01055469
1.80000002e-010   0.01015625
1.90000003e-010  0.009906251
2.00000003e-010  0.009718751
2.10000003e-010  0.009664063
2.20000003e-010  0.009750001
2.30000003e-010         0.01
2.40000003e-010   0.01036719
2.50000003e-010   0.01092188
2.60000003e-010   0.01158594
2.70000004e-010   0.01236719
2.80000004e-010   0.01317969
2.90000004e-010    0.0140625
3.00000004e-010   0.01491406
3.10000004e-010   0.01567188
3.20000004e-010   0.01638281
3.30000004e-010   0.01692188
3.40000005e-010   0.01728906
3.50000005e-010   0.01748438
3.60000005e-010   0.01755469
3.70000005e-010   0.01742969
3.80000005e-010   0.01717969
3.90000005e-010   0.01684375
4.00000005e-010       0.0165
4.10000005e-010   0.01614844
4.20000006e-010   0.01582813
4.30000006e-010   0.01559375
4.40000006e-010   0.01539063
4.50000006e-010   0.01524219
4.60000006e-010   0.01510938
4.70000006e-010   0.01501563
4.80000006e-010     0.014875
4.90000007e-010   0.01466406
5.00000007e-010    0.0144375
5.10000007e-010   0.01415625
5.20000007e-010   0.01389844
5.30000007e-010   0.01364844
5.40000007e-010   0.01346875
5.50000007e-010   0.01336719
5.60000007e-010   0.01336719
5.70000008e-010    0.0134375
5.80000008e-010   0.01357031
5.90000008e-010   0.01373438
6.00000008e-010   0.01385938
6.10000008e-010        0.014
6.20000008e-010   0.01403906
6.30000008e-010        0.014
6.40000009e-010   0.01384375
6.50000009e-010     0.013625
6.60000009e-010   0.01328125
6.70000009e-010   0.01288281
6.80000009e-010   0.01246094
6.90000009e-010   0.01207031
7.00000009e-010   0.01173438
7.10000009e-010   0.01150781
7.2000001e-010   0.01139063
7.3000001e-010   0.01138281
7.4000001e-010   0.01139063
7.5000001e-010   0.01145313
7.6000001e-010   0.01153906
7.7000001e-010   0.01160156
7.8000001e-010   0.01159375
7.90000011e-010     0.011625
8.00000011e-010   0.01165625
8.10000011e-010   0.01174219
8.20000011e-010     0.011875
8.30000011e-010   0.01201563
8.40000011e-010   0.01216406
8.50000011e-010   0.01235156
8.60000011e-010   0.01255469
8.70000012e-010   0.01273438
8.80000012e-010   0.01289063
8.90000012e-010   0.01303125
9.00000012e-010   0.01314063
9.10000012e-010      0.01325
9.20000012e-010   0.01326563
9.30000012e-010   0.01324219
9.40000013e-010   0.01316406
9.50000013e-010   0.01304688
9.60000013e-010   0.01291406
9.70000013e-010   0.01282813
9.80000013e-010   0.01277344
9.90000013e-010   0.01285156
1.00000001e-009   0.01298438
1.01000001e-009   0.01320313
1.02000001e-009   0.01341406
1.03000001e-009   0.01359375
1.04000001e-009   0.01371094
1.05000001e-009   0.01371094
1.06000001e-009   0.01363281
1.07000001e-009   0.01354688
1.08000001e-009   0.01346094
1.09000001e-009   0.01342188
1.10000001e-009   0.01342969
1.11000001e-009   0.01353906
1.12000001e-009   0.01364844
1.13000002e-009    0.0138125
1.14000002e-009   0.01396875
1.15000002e-009   0.01411719
1.16000002e-009   0.01425781
1.17000002e-009    0.0144375
1.18000002e-009     0.014625
1.19000002e-009   0.01485938
1.20000002e-009   0.01509375
1.21000002e-009   0.01528125
1.22000002e-009   0.01547656
1.23000002e-009   0.01551563
1.24000002e-009   0.01553125
1.25000002e-009   0.01547656
1.26000002e-009   0.01539844
1.27000002e-009   0.01532813
1.28000002e-009   0.01532813
1.29000002e-009     0.015375
1.30000002e-009   0.01541406
1.31000002e-009       0.0155
1.32000002e-009   0.01553125
1.33000002e-009   0.01553906
1.34000002e-009   0.01546094
1.35000002e-009     0.015375
1.36000002e-009   0.01528125
1.37000002e-009   0.01522656
1.38000002e-009   0.01526563
1.39000002e-009   0.01544531
1.40000002e-009   0.01565625
1.41000002e-009   0.01586719
1.42000002e-009   0.01607813
1.43000002e-009   0.01621875
1.44000002e-009   0.01624219
1.45000002e-009   0.01617969
1.46000002e-009   0.01604688
1.47000002e-009   0.01592969
1.48000002e-009   0.01582031
1.49000002e-009   0.01572656
1.50000002e-009     0.015625
1.51000002e-009   0.01554688
1.52000002e-009   0.01545313
1.53000002e-009   0.01532813
1.54000002e-009     0.015125
1.55000002e-009   0.01491406
1.56000002e-009   0.01467188
1.57000002e-009   0.01441406
1.58000002e-009   0.01417969
1.59000002e-009   0.01396094
1.60000002e-009   0.01377344
1.61000002e-009   0.01355469
1.62000002e-009   0.01340625
1.63000002e-009      0.01325
1.64000002e-009   0.01314844
1.65000002e-009   0.01308594
1.66000002e-009   0.01307031
1.67000002e-009     0.013125
1.68000002e-009   0.01323438
1.69000002e-009   0.01329688
1.70000002e-009   0.01334375
1.71000002e-009   0.01332031
1.72000002e-009   0.01324219
1.73000002e-009   0.01305469
1.74000002e-009   0.01286719
1.75000002e-009   0.01267969
1.76000002e-009       0.0125
1.77000002e-009   0.01242188
1.78000002e-009   0.01244531
1.79000002e-009   0.01253125
1.80000002e-009    0.0126875
1.81000002e-009   0.01277344
1.82000002e-009   0.01284375
1.83000002e-009   0.01279688
1.84000002e-009    0.0126875
1.85000002e-009   0.01249219
1.86000002e-009   0.01228125
1.87000002e-009   0.01207031
1.88000003e-009   0.01192969
1.89000003e-009     0.011875
1.90000003e-009   0.01189844
1.91000003e-009   0.01197656
1.92000003e-009   0.01217969
1.93000003e-009   0.01241406
1.94000003e-009   0.01254688
1.95000003e-009   0.01271094
1.96000003e-009   0.01275781
1.97000003e-009   0.01277344
1.98000003e-009   0.01265625
1.99000003e-009   0.01253906
2.00000003e-009   0.01239063
2.01000003e-009   0.01223438
2.02000003e-009     0.012125
2.03000003e-009   0.01208594
2.04000003e-009   0.01210156
2.05000003e-009     0.012125
2.06000003e-009   0.01220313
2.07000003e-009   0.01228906
2.08000003e-009   0.01232813
2.09000003e-009   0.01235938
2.10000003e-009   0.01235938
2.11000003e-009   0.01225781
2.12000003e-009   0.01221094
2.13000003e-009   0.01211719
2.14000003e-009   0.01203906
2.15000003e-009   0.01196094
2.16000003e-009   0.01196094
2.17000003e-009   0.01198438
2.18000003e-009   0.01203906
2.19000003e-009   0.01217969
2.20000003e-009   0.01227344
2.21000003e-009   0.01246094
2.22000003e-009   0.01261719
2.23000003e-009   0.01274219
2.24000003e-009   0.01277344
2.25000003e-009   0.01271094
2.26000003e-009   0.01257813
2.27000003e-009   0.01235938
2.28000003e-009   0.01211719
2.29000003e-009   0.01185938
2.30000003e-009   0.01167969
2.31000003e-009   0.01157031
2.32000003e-009    0.0115625
2.33000003e-009   0.01164844
2.34000003e-009      0.01175
2.35000003e-009   0.01188281
2.36000003e-009   0.01195313
2.37000003e-009   0.01195313
2.38000003e-009   0.01184375
2.39000003e-009   0.01173438
2.40000003e-009    0.0115625
2.41000003e-009   0.01135938
2.42000003e-009   0.01121875
2.43000003e-009     0.011125
2.44000003e-009   0.01104688
2.45000003e-009   0.01099219
2.46000003e-009   0.01091406
2.47000003e-009   0.01082031
2.48000003e-009   0.01069531
2.49000003e-009   0.01058594
2.50000003e-009   0.01046094
