-1.24500002e-009     -0.00275
-1.24000002e-009 -0.002710937
-1.23500002e-009 -0.002664062
-1.23000002e-009 -0.002632812
-1.22500002e-009 -0.002609375
-1.22000002e-009 -0.002585937
-1.21500002e-009   -0.0025625
-1.21000002e-009 -0.002554687
-1.20500002e-009  -0.00253125
-1.20000002e-009 -0.002523437
-1.19500002e-009      -0.0025
-1.19000002e-009 -0.002515625
-1.18500002e-009 -0.002539062
-1.18000002e-009 -0.002539062
-1.17500002e-009 -0.002546875
-1.17000002e-009 -0.002585937
-1.16500002e-009 -0.002601562
-1.16000002e-009 -0.002609375
-1.15500002e-009 -0.002632812
-1.15000002e-009   -0.0026875
-1.14500002e-009   -0.0026875
-1.14000002e-009 -0.002726562
-1.13500002e-009 -0.002757812
-1.13000002e-009 -0.002828125
-1.12500002e-009    -0.002875
-1.12000001e-009 -0.002898437
-1.11500001e-009 -0.002945312
-1.11000001e-009 -0.002953125
-1.10500001e-009       -0.003
-1.10000001e-009  -0.00303125
-1.09500001e-009 -0.003007812
-1.09000001e-009 -0.003015625
-1.08500001e-009 -0.002976562
-1.08000001e-009 -0.002953125
-1.07500001e-009 -0.002921875
-1.07000001e-009 -0.002867187
-1.06500001e-009 -0.002789062
-1.06000001e-009 -0.002804687
-1.05500001e-009     -0.00275
-1.05000001e-009 -0.002695312
-1.04500001e-009 -0.002632812
-1.04000001e-009 -0.002632812
-1.03500001e-009 -0.002632812
-1.03000001e-009 -0.002609375
-1.02500001e-009  -0.00265625
-1.02000001e-009   -0.0026875
-1.01500001e-009  -0.00271875
-1.01000001e-009 -0.002796875
-1.00500001e-009 -0.002867187
-1.00000001e-009 -0.002898437
-9.95000013e-010 -0.002976562
-9.90000013e-010       -0.003
-9.85000013e-010  -0.00303125
-9.80000013e-010 -0.003054687
-9.75000013e-010 -0.003085937
-9.70000013e-010   -0.0030625
-9.65000013e-010   -0.0030625
-9.60000013e-010 -0.003007812
-9.55000013e-010       -0.003
-9.50000013e-010 -0.002953125
-9.45000013e-010 -0.002929687
-9.40000013e-010 -0.002898437
-9.35000012e-010  -0.00284375
-9.30000012e-010 -0.002851562
-9.25000012e-010  -0.00284375
-9.20000012e-010 -0.002828125
-9.15000012e-010 -0.002882812
-9.10000012e-010  -0.00290625
-9.05000012e-010 -0.002953125
-9.00000012e-010  -0.00303125
-8.95000012e-010  -0.00309375
-8.90000012e-010   -0.0031875
-8.85000012e-010  -0.00328125
-8.80000012e-010 -0.003382812
-8.75000012e-010 -0.003492187
-8.70000012e-010 -0.003585937
-8.65000012e-010   -0.0036875
-8.60000011e-010 -0.003789062
-8.55000011e-010 -0.003898437
-8.50000011e-010 -0.003976562
-8.45000011e-010   -0.0040625
-8.40000011e-010 -0.004132812
-8.35000011e-010 -0.004195312
-8.30000011e-010 -0.004265625
-8.25000011e-010 -0.004335937
-8.20000011e-010  -0.00440625
-8.15000011e-010 -0.004429687
-8.10000011e-010      -0.0045
-8.05000011e-010 -0.004554687
-8.00000011e-010 -0.004578125
-7.95000011e-010 -0.004609375
-7.90000011e-010  -0.00465625
-7.8500001e-010 -0.004703125
-7.8000001e-010 -0.004765625
-7.7500001e-010 -0.004828125
-7.7000001e-010 -0.004882812
-7.6500001e-010 -0.004976562
-7.6000001e-010   -0.0050625
-7.5500001e-010 -0.005171875
-7.5000001e-010 -0.005296875
-7.4500001e-010 -0.005414062
-7.4000001e-010  -0.00553125
-7.3500001e-010 -0.005695312
-7.3000001e-010 -0.005828125
-7.2500001e-010  -0.00596875
-7.2000001e-010 -0.006171875
-7.1500001e-010    -0.006375
-7.10000009e-010 -0.006585937
-7.05000009e-010 -0.006796875
-7.00000009e-010 -0.007015625
-6.95000009e-010 -0.007289062
-6.90000009e-010   -0.0075625
-6.85000009e-010 -0.007851563
-6.80000009e-010 -0.008171875
-6.75000009e-010 -0.008570313
-6.70000009e-010 -0.008929688
-6.65000009e-010 -0.009414063
-6.60000009e-010 -0.009921875
-6.55000009e-010  -0.01049219
-6.50000009e-010  -0.01111719
-6.45000009e-010  -0.01178906
-6.40000009e-010  -0.01255469
-6.35000008e-010  -0.01333594
-6.30000008e-010  -0.01420313
-6.25000008e-010  -0.01516406
-6.20000008e-010  -0.01623438
-6.15000008e-010  -0.01733594
-6.10000008e-010  -0.01861719
-6.05000008e-010  -0.01996094
-6.00000008e-010  -0.02140625
-5.95000008e-010  -0.02292969
-5.90000008e-010  -0.02461719
-5.85000008e-010  -0.02640625
-5.80000008e-010  -0.02829688
-5.75000008e-010  -0.03034375
-5.70000008e-010  -0.03253125
-5.65000008e-010  -0.03484375
-5.60000007e-010  -0.03730469
-5.55000007e-010  -0.03986719
-5.50000007e-010  -0.04259375
-5.45000007e-010  -0.04542969
-5.40000007e-010  -0.04839844
-5.35000007e-010      -0.0515
-5.30000007e-010  -0.05469531
-5.25000007e-010  -0.05803906
-5.20000007e-010  -0.06145313
-5.15000007e-010       -0.065
-5.10000007e-010  -0.06860938
-5.05000007e-010  -0.07234375
-5.00000007e-010  -0.07610938
-4.95000007e-010  -0.07995313
-4.90000007e-010  -0.08389844
-4.85000006e-010  -0.08782813
-4.80000006e-010  -0.09186719
-4.75000006e-010  -0.09583594
-4.70000006e-010  -0.09985157
-4.65000006e-010   -0.1038359
-4.60000006e-010   -0.1077656
-4.55000006e-010   -0.1116328
-4.50000006e-010   -0.1154531
-4.45000006e-010   -0.1191484
-4.40000006e-010   -0.1227188
-4.35000006e-010   -0.1261719
-4.30000006e-010   -0.1294375
-4.25000006e-010   -0.1325234
-4.20000006e-010   -0.1353984
-4.15000006e-010   -0.1380859
-4.10000005e-010   -0.1405156
-4.05000005e-010   -0.1427891
-4.00000005e-010   -0.1448125
-3.95000005e-010   -0.1466875
-3.90000005e-010   -0.1483203
-3.85000005e-010   -0.1497422
-3.80000005e-010   -0.1509844
-3.75000005e-010   -0.1520469
-3.70000005e-010   -0.1529063
-3.65000005e-010   -0.1536641
-3.60000005e-010   -0.1542109
-3.55000005e-010   -0.1546094
-3.50000005e-010   -0.1549531
-3.45000005e-010   -0.1551953
-3.40000005e-010   -0.1553203
-3.35000004e-010   -0.1553516
-3.30000004e-010   -0.1553203
-3.25000004e-010   -0.1552109
-3.20000004e-010   -0.1549844
-3.15000004e-010   -0.1547344
-3.10000004e-010   -0.1543359
-3.05000004e-010   -0.1539453
-3.00000004e-010   -0.1535156
-2.95000004e-010   -0.1530391
-2.90000004e-010   -0.1525234
-2.85000004e-010   -0.1519297
-2.80000004e-010   -0.1513359
-2.75000004e-010   -0.1506641
-2.70000004e-010   -0.1499531
-2.65000004e-010   -0.1492266
-2.60000003e-010   -0.1483672
-2.55000003e-010   -0.1475547
-2.50000003e-010   -0.1467031
-2.45000003e-010   -0.1458516
-2.40000003e-010   -0.1449531
-2.35000003e-010   -0.1439766
-2.30000003e-010   -0.1429844
-2.25000003e-010   -0.1419766
-2.20000003e-010   -0.1408828
-2.15000003e-010   -0.1397109
-2.10000003e-010   -0.1384453
-2.05000003e-010   -0.1371563
-2.00000003e-010   -0.1357422
-1.95000003e-010   -0.1342422
-1.90000003e-010   -0.1326641
-1.85000002e-010   -0.1309531
-1.80000002e-010   -0.1291172
-1.75000002e-010   -0.1271172
-1.70000002e-010   -0.1249688
-1.65000002e-010   -0.1226797
-1.60000002e-010   -0.1202109
-1.55000002e-010    -0.117625
-1.50000002e-010   -0.1148672
-1.45000002e-010   -0.1120234
-1.40000002e-010   -0.1090234
-1.35000002e-010   -0.1058984
-1.30000002e-010   -0.1026953
-1.25000002e-010    -0.099375
-1.20000002e-010  -0.09598438
-1.15000002e-010      -0.0925
-1.10000001e-010  -0.08894532
-1.05000001e-010  -0.08533594
-1.00000001e-010  -0.08165625
-9.50000013e-011  -0.07792969
-9.00000012e-011  -0.07416407
-8.50000011e-011  -0.07033594
-8.00000011e-011  -0.06646094
-7.5000001e-011  -0.06252344
-7.00000009e-011  -0.05855469
-6.50000009e-011  -0.05453125
-6.00000008e-011      -0.0505
-5.50000007e-011  -0.04640625
-5.00000007e-011  -0.04235938
-4.50000006e-011   -0.0383125
-4.00000005e-011  -0.03430469
-3.50000005e-011  -0.03036719
-3.00000004e-011  -0.02646875
-2.50000003e-011  -0.02270313
-2.00000003e-011  -0.01910156
-1.50000002e-011  -0.01560156
-1.00000001e-011  -0.01228125
-5.00000007e-012 -0.009140625
           0 -0.006179687
5.00000007e-012  -0.00340625
1.00000001e-011 -0.0008281247
1.50000002e-011  0.001554688
2.00000003e-011  0.003750001
2.50000003e-011  0.005757813
3.00000004e-011  0.007570313
3.50000005e-011  0.009210938
4.00000005e-011   0.01065625
4.50000006e-011   0.01199219
5.00000007e-011   0.01317188
5.50000007e-011   0.01423438
6.00000008e-011   0.01515625
6.50000009e-011   0.01596875
7.00000009e-011   0.01660156
7.5000001e-011   0.01715625
8.00000011e-011   0.01759375
8.50000011e-011   0.01790625
9.00000012e-011   0.01805469
9.50000013e-011   0.01815625
1.00000001e-010   0.01817969
1.05000001e-010   0.01807031
1.10000001e-010   0.01792188
1.15000002e-010   0.01767969
1.20000002e-010   0.01739063
1.25000002e-010   0.01707813
1.30000002e-010   0.01664844
1.35000002e-010   0.01626563
1.40000002e-010    0.0158125
1.45000002e-010   0.01541406
1.50000002e-010   0.01504688
1.55000002e-010   0.01472656
1.60000002e-010   0.01440625
1.65000002e-010   0.01411719
1.70000002e-010   0.01391406
1.75000002e-010   0.01373438
1.80000002e-010   0.01364063
1.85000002e-010   0.01354688
1.90000003e-010   0.01350781
1.95000003e-010    0.0135625
2.00000003e-010   0.01363281
2.05000003e-010    0.0138125
2.10000003e-010   0.01399219
2.15000003e-010   0.01422656
2.20000003e-010   0.01450781
2.25000003e-010   0.01478906
2.30000003e-010   0.01509375
2.35000003e-010   0.01548438
2.40000003e-010   0.01589063
2.45000003e-010   0.01633594
2.50000003e-010   0.01678125
2.55000003e-010      0.01725
2.60000003e-010   0.01774219
2.65000004e-010   0.01823438
2.70000004e-010   0.01871875
2.75000004e-010   0.01919531
2.80000004e-010    0.0196875
2.85000004e-010   0.02015625
2.90000004e-010   0.02055469
2.95000004e-010   0.02095313
3.00000004e-010   0.02132813
3.05000004e-010   0.02161719
3.10000004e-010   0.02192188
3.15000004e-010   0.02216406
3.20000004e-010   0.02239063
3.25000004e-010   0.02253906
3.30000004e-010   0.02264844
3.35000004e-010   0.02276563
3.40000005e-010   0.02282813
3.45000005e-010   0.02283594
3.50000005e-010   0.02280469
3.55000005e-010   0.02278125
3.60000005e-010   0.02272656
3.65000005e-010   0.02264844
3.70000005e-010   0.02251563
3.75000005e-010   0.02241406
3.80000005e-010   0.02222656
3.85000005e-010   0.02203125
3.90000005e-010   0.02179688
3.95000005e-010   0.02159375
4.00000005e-010   0.02133594
4.05000005e-010   0.02104688
4.10000005e-010      0.02075
4.15000006e-010   0.02045313
4.20000006e-010     0.020125
4.25000006e-010   0.01984375
4.30000006e-010   0.01957031
4.35000006e-010   0.01925781
4.40000006e-010   0.01897656
4.45000006e-010   0.01874219
4.50000006e-010   0.01848438
4.55000006e-010   0.01829688
4.60000006e-010   0.01811719
4.65000006e-010   0.01795313
4.70000006e-010   0.01778125
4.75000006e-010   0.01764063
4.80000006e-010   0.01752344
4.85000006e-010   0.01739844
4.90000007e-010   0.01728906
4.95000007e-010   0.01719531
5.00000007e-010   0.01710938
5.05000007e-010   0.01703906
5.10000007e-010   0.01692969
5.15000007e-010   0.01685156
5.20000007e-010      0.01675
5.25000007e-010   0.01670313
5.30000007e-010   0.01663281
5.35000007e-010    0.0165625
5.40000007e-010   0.01651563
5.45000007e-010   0.01647656
5.50000007e-010   0.01642969
5.55000007e-010   0.01639844
5.60000007e-010   0.01635938
5.65000008e-010   0.01632031
5.70000008e-010   0.01629688
5.75000008e-010      0.01625
5.80000008e-010   0.01621094
5.85000008e-010   0.01617188
5.90000008e-010   0.01611719
5.95000008e-010   0.01604688
6.00000008e-010   0.01598438
6.05000008e-010   0.01592188
6.10000008e-010   0.01586719
6.15000008e-010   0.01585156
6.20000008e-010   0.01583594
6.25000008e-010   0.01577344
6.30000008e-010      0.01575
6.35000008e-010      0.01575
6.40000009e-010      0.01575
6.45000009e-010   0.01575781
6.50000009e-010   0.01578125
6.55000009e-010   0.01580469
6.60000009e-010   0.01583594
6.65000009e-010   0.01585938
6.70000009e-010   0.01591406
6.75000009e-010   0.01597656
6.80000009e-010   0.01597656
6.85000009e-010   0.01603125
6.90000009e-010   0.01607813
6.95000009e-010   0.01609375
7.00000009e-010   0.01607813
7.05000009e-010     0.016125
7.10000009e-010   0.01610938
7.1500001e-010   0.01611719
7.2000001e-010   0.01610156
7.2500001e-010   0.01607813
7.3000001e-010   0.01603906
7.3500001e-010   0.01601563
7.4000001e-010   0.01595313
7.4500001e-010   0.01589844
7.5000001e-010   0.01586719
7.5500001e-010   0.01583594
7.6000001e-010   0.01576563
7.6500001e-010   0.01572656
7.7000001e-010   0.01567188
7.7500001e-010   0.01560938
7.8000001e-010   0.01555469
7.8500001e-010   0.01553125
7.90000011e-010   0.01549219
7.95000011e-010   0.01548438
8.00000011e-010   0.01548438
8.05000011e-010    0.0154375
8.10000011e-010   0.01546875
8.15000011e-010   0.01546094
8.20000011e-010   0.01546875
8.25000011e-010   0.01550781
8.30000011e-010   0.01553906
8.35000011e-010   0.01554688
8.40000011e-010   0.01561719
8.45000011e-010     0.015625
8.50000011e-010   0.01566406
8.55000011e-010   0.01565625
8.60000011e-010   0.01573438
8.65000012e-010   0.01575781
8.70000012e-010   0.01580469
8.75000012e-010   0.01582031
8.80000012e-010   0.01585938
8.85000012e-010   0.01591406
8.90000012e-010   0.01594531
8.95000012e-010   0.01596875
9.00000012e-010   0.01603906
9.05000012e-010   0.01609375
9.10000012e-010     0.016125
9.15000012e-010   0.01620313
9.20000012e-010   0.01626563
9.25000012e-010   0.01630469
9.30000012e-010     0.016375
9.35000012e-010   0.01644531
9.40000013e-010   0.01653125
9.45000013e-010    0.0165625
9.50000013e-010   0.01663281
9.55000013e-010   0.01669531
9.60000013e-010   0.01673438
9.65000013e-010   0.01678125
9.70000013e-010   0.01683594
9.75000013e-010   0.01686719
9.80000013e-010     0.016875
9.85000013e-010   0.01689063
9.90000013e-010   0.01691406
9.95000013e-010   0.01692969
1.00000001e-009    0.0169375
1.00500001e-009   0.01692969
1.01000001e-009    0.0169375
1.01500001e-009   0.01692188
1.02000001e-009   0.01688281
1.02500001e-009   0.01686719
1.03000001e-009   0.01682813
1.03500001e-009   0.01682813
1.04000001e-009   0.01683594
1.04500001e-009   0.01684375
1.05000001e-009     0.016875
1.05500001e-009   0.01689063
1.06000001e-009   0.01689844
1.06500001e-009   0.01697656
1.07000001e-009   0.01701563
1.07500001e-009   0.01710938
1.08000001e-009   0.01717969
1.08500001e-009   0.01729688
1.09000001e-009   0.01740625
1.09500001e-009   0.01754688
1.10000001e-009   0.01764844
1.10500001e-009   0.01778906
1.11000001e-009     0.017875
1.11500001e-009   0.01796875
1.12000001e-009   0.01810938
1.12500002e-009   0.01817969
1.13000002e-009   0.01827344
1.13500002e-009   0.01832813
1.14000002e-009   0.01839844
1.14500002e-009   0.01846875
1.15000002e-009   0.01857031
1.15500002e-009   0.01864063
1.16000002e-009   0.01870313
1.16500002e-009   0.01878906
1.17000002e-009   0.01888281
1.17500002e-009   0.01899219
1.18000002e-009   0.01908594
1.18500002e-009   0.01917969
1.19000002e-009   0.01932031
1.19500002e-009    0.0194375
1.20000002e-009   0.01953906
1.20500002e-009   0.01961719
1.21000002e-009   0.01970313
1.21500002e-009   0.01978906
1.22000002e-009   0.01985938
1.22500002e-009   0.01989844
1.23000002e-009    0.0199375
1.23500002e-009   0.01994531
1.24000002e-009   0.01991406
1.24500002e-009   0.01991406
1.25000002e-009   0.01985938
