-1.24500002e-009   -0.0066875
-1.24000002e-009   0.00215625
-1.23500002e-009 -0.006234375
-1.23000002e-009        0.003
-1.22500002e-009  -0.00640625
-1.22000002e-009  0.003210938
-1.21500002e-009    -0.007375
-1.21000002e-009  0.002804688
-1.20500002e-009 -0.007546875
-1.20000002e-009  0.001859375
-1.19500002e-009 -0.007070312
-1.19000002e-009  0.001265625
-1.18500002e-009 -0.006804687
-1.18000002e-009  0.001070313
-1.17500002e-009 -0.006992187
-1.17000002e-009   0.00109375
-1.16500002e-009  -0.00734375
-1.16000002e-009     0.001875
-1.15500002e-009 -0.007664063
-1.15000002e-009  0.002820313
-1.14500002e-009 -0.007382813
-1.14000002e-009   0.00290625
-1.13500002e-009    -0.007125
-1.13000002e-009  0.002109375
-1.12500002e-009 -0.007171875
-1.12000001e-009  0.001242188
-1.11500001e-009       -0.007
-1.11000001e-009        0.001
-1.10500001e-009   -0.0074375
-1.10000001e-009  0.001632813
-1.09500001e-009 -0.007429688
-1.09000001e-009  0.001726563
-1.08500001e-009  -0.00696875
-1.08000001e-009  0.001257813
-1.07500001e-009       -0.007
-1.07000001e-009        0.001
-1.06500001e-009 -0.006867187
-1.06000001e-009  0.001109375
-1.05500001e-009 -0.006796875
-1.05000001e-009  0.001710938
-1.04500001e-009 -0.007585938
-1.04000001e-009  0.001960938
-1.03500001e-009       -0.009
-1.03000001e-009  0.001828125
-1.02500001e-009  -0.00946875
-1.02000001e-009    0.0016875
-1.01500001e-009  -0.00903125
-1.01000001e-009  0.002015625
-1.00500001e-009 -0.007914063
-1.00000001e-009  0.002554688
-9.95000013e-010   -0.0068125
-9.90000013e-010  0.003140625
-9.85000013e-010       -0.007
-9.80000013e-010  0.002648438
-9.75000013e-010 -0.008257813
-9.70000013e-010  0.001304688
-9.65000013e-010 -0.008953125
-9.60000013e-010        0.001
-9.55000013e-010  -0.00878125
-9.50000013e-010  0.001398438
-9.45000013e-010 -0.007804688
-9.40000013e-010  0.001726563
-9.35000012e-010    -0.007375
-9.30000012e-010  0.001507813
-9.25000012e-010 -0.007265625
-9.20000012e-010  0.001492188
-9.15000012e-010  -0.00765625
-9.10000012e-010        0.001
-9.05000012e-010 -0.007859375
-9.00000012e-010  0.001164063
-8.95000012e-010 -0.007703125
-8.90000012e-010   0.00121875
-8.85000012e-010 -0.007351562
-8.80000012e-010  0.001234375
-8.75000012e-010 -0.007414063
-8.70000012e-010  0.001570313
-8.65000012e-010 -0.007039062
-8.60000011e-010        0.001
-8.55000011e-010 -0.007054687
-8.50000011e-010 -0.0004999997
-8.45000011e-010 -0.008351563
-8.40000011e-010 -0.0009999997
-8.35000011e-010       -0.009
-8.30000011e-010 -0.0003359372
-8.25000011e-010 -0.008945313
-8.20000011e-010 0.0004296879
-8.15000011e-010    -0.008875
-8.10000011e-010        0.001
-8.05000011e-010 -0.009226563
-8.00000011e-010 0.0004921879
-7.95000011e-010 -0.009171875
-7.90000011e-010 -0.0006640622
-7.8500001e-010 -0.009859375
-7.8000001e-010 -0.001179687
-7.7500001e-010 -0.009734375
-7.7000001e-010 -0.001304687
-7.6500001e-010     -0.01075
-7.6000001e-010 -0.001046875
-7.5500001e-010      -0.0125
-7.5000001e-010 -0.0009999997
-7.4500001e-010      -0.0135
-7.4000001e-010 -0.001070312
-7.3500001e-010  -0.01375781
-7.3000001e-010 -0.0009999997
-7.2500001e-010  -0.01307813
-7.2000001e-010    -0.002625
-7.1500001e-010  -0.01277344
-7.10000009e-010 -0.004023437
-7.05000009e-010  -0.01339844
-7.00000009e-010    -0.004625
-6.95000009e-010   -0.0144375
-6.90000009e-010 -0.004890625
-6.85000009e-010  -0.01558594
-6.80000009e-010  -0.00578125
-6.75000009e-010  -0.01810938
-6.70000009e-010 -0.007554688
-6.65000009e-010    -0.019875
-6.60000009e-010       -0.009
-6.55000009e-010  -0.02079688
-6.50000009e-010  -0.01170313
-6.45000009e-010  -0.02213281
-6.40000009e-010  -0.01380469
-6.35000008e-010  -0.02416406
-6.30000008e-010  -0.01626563
-6.25000008e-010  -0.02664844
-6.20000008e-010       -0.019
-6.15000008e-010  -0.03067188
-6.10000008e-010       -0.023
-6.05000008e-010  -0.03536719
-6.00000008e-010    -0.025875
-5.95000008e-010     -0.04075
-5.90000008e-010       -0.029
-5.85000008e-010  -0.04598438
-5.80000008e-010  -0.03377344
-5.75000008e-010  -0.05153906
-5.70000008e-010  -0.03973438
-5.65000008e-010   -0.0581875
-5.60000007e-010  -0.04674219
-5.55000007e-010  -0.06552344
-5.50000007e-010  -0.05457813
-5.45000007e-010  -0.07265625
-5.40000007e-010       -0.063
-5.35000007e-010  -0.07958594
-5.30000007e-010  -0.07002344
-5.25000007e-010  -0.08783594
-5.20000007e-010       -0.077
-5.15000007e-010  -0.09755469
-5.10000007e-010      -0.0845
-5.05000007e-010   -0.1067813
-5.00000007e-010   -0.0926875
-4.95000007e-010       -0.115
-4.90000007e-010   -0.1013828
-4.85000006e-010   -0.1214375
-4.80000006e-010   -0.1083984
-4.75000006e-010   -0.1268359
-4.70000006e-010   -0.1158906
-4.65000006e-010       -0.133
-4.60000006e-010   -0.1240156
-4.55000006e-010       -0.139
-4.50000006e-010   -0.1301953
-4.45000006e-010   -0.1458125
-4.40000006e-010   -0.1352578
-4.35000006e-010       -0.151
-4.30000006e-010   -0.1399453
-4.25000006e-010   -0.1531484
-4.20000006e-010   -0.1430859
-4.15000006e-010   -0.1557813
-4.10000005e-010   -0.1461172
-4.05000005e-010   -0.1574531
-4.00000005e-010   -0.1475547
-3.95000005e-010   -0.1600547
-3.90000005e-010   -0.1479844
-3.85000005e-010   -0.1608047
-3.80000005e-010   -0.1488047
-3.75000005e-010   -0.1595234
-3.70000005e-010   -0.1491172
-3.65000005e-010   -0.1599375
-3.60000005e-010     -0.14775
-3.55000005e-010       -0.161
-3.50000005e-010   -0.1468516
-3.45000005e-010   -0.1599375
-3.40000005e-010   -0.1467344
-3.35000004e-010   -0.1590234
-3.30000004e-010   -0.1467266
-3.25000004e-010   -0.1591797
-3.20000004e-010   -0.1460078
-3.15000004e-010       -0.159
-3.10000004e-010   -0.1447266
-3.05000004e-010   -0.1567578
-3.00000004e-010    -0.144375
-2.95000004e-010       -0.155
-2.90000004e-010       -0.143
-2.85000004e-010   -0.1540391
-2.80000004e-010   -0.1410938
-2.75000004e-010       -0.153
-2.70000004e-010   -0.1396484
-2.65000004e-010   -0.1520703
-2.60000003e-010   -0.1376016
-2.55000003e-010   -0.1497188
-2.50000003e-010   -0.1358594
-2.45000003e-010    -0.146875
-2.40000003e-010   -0.1332188
-2.35000003e-010       -0.145
-2.30000003e-010       -0.131
-2.25000003e-010   -0.1414531
-2.20000003e-010   -0.1278906
-2.15000003e-010   -0.1367344
-2.10000003e-010   -0.1248125
-2.05000003e-010       -0.133
-2.00000003e-010       -0.121
-1.95000003e-010   -0.1290703
-1.90000003e-010   -0.1156328
-1.85000002e-010       -0.125
-1.80000002e-010   -0.1104766
-1.75000002e-010   -0.1202813
-1.70000002e-010   -0.1045313
-1.65000002e-010   -0.1136719
-1.60000002e-010    -0.097875
-1.55000002e-010   -0.1059297
-1.50000002e-010  -0.09039844
-1.45000002e-010  -0.09932032
-1.40000002e-010  -0.08339063
-1.35000002e-010  -0.09257813
-1.30000002e-010  -0.07523438
-1.25000002e-010  -0.08538282
-1.20000002e-010       -0.067
-1.15000002e-010   -0.0786875
-1.10000001e-010    -0.059125
-1.05000001e-010  -0.07099219
-1.00000001e-010  -0.05152344
-9.50000013e-011  -0.06208594
-9.00000012e-011  -0.04414063
-8.50000011e-011  -0.05224219
-8.00000011e-011  -0.03648438
-7.5000001e-011  -0.04328906
-7.00000009e-011  -0.02744531
-6.50000009e-011  -0.03527344
-6.00000008e-011  -0.01903125
-5.50000007e-011  -0.02749219
-5.00000007e-011  -0.01071094
-4.50000006e-011  -0.02104688
-4.00000005e-011 -0.004007812
-3.50000005e-011  -0.01507031
-3.00000004e-011  0.001179688
-2.50000003e-011   -0.0099375
-2.00000003e-011  0.006531251
-1.50000002e-011 -0.004773437
-1.00000001e-011   0.01050781
-5.00000007e-012 -0.0002421872
           0   0.01352344
5.00000007e-012  0.003296876
1.00000001e-011   0.01667969
1.50000002e-011  0.006257813
2.00000003e-011   0.01899219
2.50000003e-011  0.008929688
3.00000004e-011   0.02050781
3.50000005e-011    0.0116875
4.00000005e-011        0.021
4.50000006e-011   0.01266406
5.00000007e-011   0.02157031
5.50000007e-011   0.01246875
6.00000008e-011    0.0228125
6.50000009e-011   0.01238281
7.00000009e-011        0.023
7.5000001e-011   0.01234375
8.00000011e-011     0.022375
8.50000011e-011   0.01178906
9.00000012e-011   0.02271094
9.50000013e-011   0.01122656
1.00000001e-010   0.02233594
1.05000001e-010   0.01053906
1.10000001e-010        0.021
1.15000002e-010  0.009585938
1.20000002e-010        0.019
1.25000002e-010  0.007710938
1.30000002e-010    0.0180625
1.35000002e-010  0.006875001
1.40000002e-010   0.01685156
1.45000002e-010  0.006703126
1.50000002e-010   0.01671094
1.55000002e-010  0.006726563
1.60000002e-010   0.01684375
1.65000002e-010  0.007500001
1.70000002e-010   0.01741406
1.75000002e-010  0.008406251
1.80000002e-010   0.01838281
1.85000002e-010  0.009023438
1.90000003e-010       0.0195
1.95000003e-010  0.009164063
2.00000003e-010   0.02067188
2.05000003e-010   0.01011719
2.10000003e-010   0.02185156
2.15000003e-010    0.0108125
2.20000003e-010   0.02274219
2.25000003e-010      0.01075
2.30000003e-010   0.02307813
2.35000003e-010   0.01123438
2.40000003e-010   0.02372656
2.45000003e-010        0.013
2.50000003e-010   0.02322656
2.55000003e-010   0.01600781
2.60000003e-010   0.02508594
2.65000004e-010   0.01625781
2.70000004e-010        0.027
2.75000004e-010   0.01639063
2.80000004e-010   0.02773438
2.85000004e-010        0.017
2.90000004e-010   0.02829688
2.95000004e-010   0.01797656
3.00000004e-010   0.02925781
3.05000004e-010   0.01814063
3.10000004e-010    0.0285625
3.15000004e-010        0.019
3.20000004e-010   0.02794531
3.25000004e-010        0.019
3.30000004e-010   0.02763281
3.35000004e-010    0.0196875
3.40000005e-010   0.02857813
3.45000005e-010      0.01925
3.50000005e-010    0.0294375
3.55000005e-010       0.0185
3.60000005e-010        0.029
3.65000005e-010   0.01740625
3.70000005e-010   0.02703906
3.75000005e-010   0.01667969
3.80000005e-010   0.02667969
3.85000005e-010     0.016125
3.90000005e-010   0.02551563
3.95000005e-010        0.015
4.00000005e-010   0.02388281
4.05000005e-010   0.01317969
4.10000005e-010   0.02342188
4.15000006e-010   0.01228906
4.20000006e-010   0.02370313
4.25000006e-010   0.01235938
4.30000006e-010   0.02375781
4.35000006e-010        0.013
4.40000006e-010   0.02353125
4.45000006e-010   0.01211719
4.50000006e-010   0.02319531
4.55000006e-010   0.01207813
4.60000006e-010   0.02358594
4.65000006e-010   0.01273438
4.70000006e-010   0.02336719
4.75000006e-010   0.01264844
4.80000006e-010   0.02244531
4.85000006e-010   0.01139844
4.90000007e-010   0.02277344
4.95000007e-010    0.0108125
5.00000007e-010   0.02298438
5.05000007e-010   0.01045313
5.10000007e-010   0.02241406
5.15000007e-010  0.009328126
5.20000007e-010   0.02167969
5.25000007e-010  0.008757813
5.30000007e-010   0.02274219
5.35000007e-010  0.008781251
5.40000007e-010   0.02301563
5.45000007e-010  0.009398438
5.50000007e-010   0.02240625
5.55000007e-010   0.01046875
5.60000007e-010   0.02129688
5.65000008e-010   0.01078125
5.70000008e-010   0.02242188
5.75000008e-010  0.009421876
5.80000008e-010   0.02314844
5.85000008e-010  0.008859376
5.90000008e-010   0.02226563
5.95000008e-010  0.009195313
6.00000008e-010        0.021
6.05000008e-010   0.01028125
6.10000008e-010   0.02032031
6.15000008e-010   0.01194531
6.20000008e-010   0.02010156
6.25000008e-010   0.01183594
6.30000008e-010   0.02014844
6.35000008e-010   0.01121094
6.40000009e-010   0.01977344
6.45000009e-010   0.01049219
6.50000009e-010    0.0190625
6.55000009e-010   0.01075781
6.60000009e-010   0.02059375
6.65000009e-010   0.01171875
6.70000009e-010   0.02149219
6.75000009e-010   0.01230469
6.80000009e-010   0.02209375
6.85000009e-010   0.01226563
6.90000009e-010    0.0220625
6.95000009e-010   0.01217969
7.00000009e-010   0.02250781
7.05000009e-010   0.01117188
7.10000009e-010    0.0233125
7.1500001e-010        0.011
7.2000001e-010   0.02332813
7.2500001e-010   0.01153125
7.3000001e-010   0.02239844
7.3500001e-010   0.01052344
7.4000001e-010        0.021
7.4500001e-010   0.01032813
7.5000001e-010   0.02017188
7.5500001e-010   0.01028906
7.6000001e-010   0.01949219
7.6500001e-010  0.009000001
7.7000001e-010   0.01980469
7.7500001e-010  0.008562501
7.8000001e-010   0.02010156
7.8500001e-010  0.008898438
7.90000011e-010   0.02003125
7.95000011e-010  0.009890626
8.00000011e-010   0.01946875
8.05000011e-010  0.009320313
8.10000011e-010   0.01860156
8.15000011e-010  0.008515626
8.20000011e-010   0.01899219
8.25000011e-010  0.008203126
8.30000011e-010        0.019
8.35000011e-010  0.008554688
8.40000011e-010   0.01919531
8.45000011e-010  0.009640626
8.50000011e-010   0.01892969
8.55000011e-010  0.009960938
8.60000011e-010   0.01964063
8.65000012e-010  0.009375001
8.70000012e-010   0.02046875
8.75000012e-010  0.009351563
8.80000012e-010   0.02064844
8.85000012e-010  0.009789063
8.90000012e-010   0.02110938
8.95000012e-010  0.008976563
9.00000012e-010   0.02058594
9.05000012e-010  0.008796876
9.10000012e-010     0.019375
9.15000012e-010  0.009468751
9.20000012e-010   0.02102344
9.25000012e-010   0.01095313
9.30000012e-010   0.02253125
9.35000012e-010   0.01269531
9.40000013e-010   0.02320313
9.45000013e-010    0.0124375
9.50000013e-010   0.02288281
9.55000013e-010        0.011
9.60000013e-010   0.02170313
9.65000013e-010   0.01030469
9.70000013e-010   0.02135938
9.75000013e-010   0.01032813
9.80000013e-010   0.02205469
9.85000013e-010    0.0109375
9.90000013e-010   0.02242969
9.95000013e-010   0.01190625
1.00000001e-009   0.02203125
1.00500001e-009        0.013
1.01000001e-009   0.02114844
1.01500001e-009        0.013
1.02000001e-009   0.02071875
1.02500001e-009   0.01259375
1.03000001e-009   0.02110156
1.03500001e-009   0.01239063
1.04000001e-009   0.02150781
1.04500001e-009   0.01280469
1.05000001e-009   0.02144531
1.05500001e-009   0.01270313
1.06000001e-009   0.02113281
1.06500001e-009   0.01217188
1.07000001e-009   0.02121875
1.07500001e-009      0.01125
1.08000001e-009        0.021
1.08500001e-009   0.01083594
1.09000001e-009   0.02142969
1.09500001e-009   0.01115625
1.10000001e-009   0.02299219
1.10500001e-009   0.01221875
1.11000001e-009   0.02421875
1.11500001e-009        0.013
1.12000001e-009   0.02489844
1.12500002e-009   0.01352344
1.13000002e-009     0.024875
1.13500002e-009   0.01310156
1.14000002e-009   0.02424219
1.14500002e-009   0.01301563
1.15000002e-009   0.02326563
1.15500002e-009   0.01332813
1.16000002e-009   0.02333594
1.16500002e-009   0.01399219
1.17000002e-009   0.02444531
1.17500002e-009   0.01439844
1.18000002e-009   0.02528125
1.18500002e-009      0.01475
1.19000002e-009   0.02517188
1.19500002e-009   0.01495313
1.20000002e-009   0.02432031
1.20500002e-009   0.01515625
1.21000002e-009   0.02301563
1.21500002e-009   0.01565625
1.22000002e-009   0.02371875
1.22500002e-009     0.014625
1.23000002e-009   0.02467188
1.23500002e-009   0.01365625
1.24000002e-009   0.02517188
1.24500002e-009   0.01349219
1.25000002e-009   0.02532813
