-1.24500002e-009 -0.007203125
-1.24000002e-009  0.002367188
-1.23500002e-009       -0.007
-1.23000002e-009  0.003437501
-1.22500002e-009 -0.006929687
-1.22000002e-009  0.003812501
-1.21500002e-009  -0.00671875
-1.21000002e-009  0.003539063
-1.20500002e-009 -0.006984375
-1.20000002e-009  0.002929688
-1.19500002e-009    -0.007125
-1.19000002e-009  0.003179688
-1.18500002e-009       -0.007
-1.18000002e-009  0.004359376
-1.17500002e-009       -0.007
-1.17000002e-009  0.004953126
-1.16500002e-009 -0.006789062
-1.16000002e-009  0.004835938
-1.15500002e-009   -0.0060625
-1.15000002e-009  0.004125001
-1.14500002e-009 -0.005640625
-1.14000002e-009  0.003109375
-1.13500002e-009 -0.005554687
-1.13000002e-009        0.003
-1.12500002e-009 -0.006492187
-1.12000001e-009    0.0024375
-1.11500001e-009 -0.006992187
-1.11000001e-009  0.001578125
-1.10500001e-009       -0.007
-1.10000001e-009  0.002320313
-1.09500001e-009 -0.006710937
-1.09000001e-009        0.003
-1.08500001e-009 -0.007015625
-1.08000001e-009  0.003523438
-1.07500001e-009 -0.007101562
-1.07000001e-009  0.004242188
-1.06500001e-009 -0.006703125
-1.06000001e-009  0.004460938
-1.05500001e-009 -0.007304687
-1.05000001e-009  0.004187501
-1.04500001e-009  -0.00765625
-1.04000001e-009  0.004507813
-1.03500001e-009 -0.007023437
-1.03000001e-009  0.005164063
-1.02500001e-009 -0.007039062
-1.02000001e-009  0.004703126
-1.01500001e-009       -0.007
-1.01000001e-009  0.003382813
-1.00500001e-009 -0.006203125
-1.00000001e-009   0.00159375
-9.95000013e-010 -0.005789062
-9.90000013e-010  0.001242188
-9.85000013e-010       -0.007
-9.80000013e-010    0.0014375
-9.75000013e-010 -0.007289062
-9.70000013e-010  0.001648438
-9.65000013e-010 -0.007398438
-9.60000013e-010   0.00153125
-9.55000013e-010 -0.007085937
-9.50000013e-010   0.00184375
-9.45000013e-010    -0.006875
-9.40000013e-010   0.00146875
-9.35000012e-010   -0.0074375
-9.30000012e-010    0.0025625
-9.25000012e-010 -0.007976563
-9.20000012e-010  0.003078125
-9.15000012e-010 -0.008070313
-9.10000012e-010  0.002617188
-9.05000012e-010   -0.0078125
-9.00000012e-010  0.001257813
-8.95000012e-010 -0.007304687
-8.90000012e-010  0.001382813
-8.85000012e-010 -0.007007812
-8.80000012e-010  0.002492188
-8.75000012e-010 -0.007054687
-8.70000012e-010        0.003
-8.65000012e-010       -0.007
-8.60000011e-010  0.002632813
-8.55000011e-010 -0.007203125
-8.50000011e-010   0.00159375
-8.45000011e-010 -0.006976562
-8.40000011e-010   0.00115625
-8.35000011e-010 -0.007695313
-8.30000011e-010    0.0010625
-8.25000011e-010 -0.009828125
-8.20000011e-010  0.001359375
-8.15000011e-010  -0.01105469
-8.10000011e-010  0.001726563
-8.05000011e-010       -0.011
-8.00000011e-010  0.001953125
-7.95000011e-010 -0.009710938
-7.90000011e-010  0.001851563
-7.8500001e-010 -0.007484375
-7.8000001e-010     0.001375
-7.7500001e-010 -0.007257812
-7.7000001e-010 0.0009453129
-7.6500001e-010 -0.007179687
-7.6000001e-010  0.001070313
-7.5500001e-010 -0.007398438
-7.5000001e-010 0.0007109379
-7.4500001e-010 -0.007414063
-7.4000001e-010 0.0009218754
-7.3500001e-010  -0.00771875
-7.3000001e-010        0.001
-7.2500001e-010 -0.008664063
-7.2000001e-010 0.0007187504
-7.1500001e-010   -0.0095625
-7.10000009e-010 0.0007734379
-7.05000009e-010  -0.01033594
-7.00000009e-010 -0.0001328122
-6.95000009e-010       -0.011
-6.90000009e-010        0.001
-6.85000009e-010   -0.0120625
-6.80000009e-010 0.0004609379
-6.75000009e-010  -0.01285938
-6.70000009e-010 -0.001085937
-6.65000009e-010  -0.01329688
-6.60000009e-010 -0.003265625
-6.55000009e-010  -0.01332031
-6.50000009e-010 -0.004203125
-6.45000009e-010  -0.01308594
-6.40000009e-010       -0.005
-6.35000008e-010  -0.01439063
-6.30000008e-010 -0.005476562
-6.25000008e-010  -0.01572656
-6.20000008e-010       -0.007
-6.15000008e-010  -0.01769531
-6.10000008e-010 -0.009023438
-6.05000008e-010  -0.02030469
-6.00000008e-010  -0.01039844
-5.95000008e-010  -0.02224219
-5.90000008e-010  -0.01189063
-5.85000008e-010  -0.02425781
-5.80000008e-010  -0.01486719
-5.75000008e-010  -0.02679688
-5.70000008e-010  -0.01899219
-5.65000008e-010  -0.03164063
-5.60000007e-010  -0.02279688
-5.55000007e-010  -0.03652344
-5.50000007e-010  -0.02727344
-5.45000007e-010       -0.041
-5.40000007e-010  -0.03277344
-5.35000007e-010  -0.04571875
-5.30000007e-010  -0.03850781
-5.25000007e-010  -0.05048438
-5.20000007e-010       -0.043
-5.15000007e-010  -0.05655469
-5.10000007e-010  -0.04947656
-5.05000007e-010  -0.06365625
-5.00000007e-010  -0.05720313
-4.95000007e-010  -0.07122657
-4.90000007e-010  -0.06298438
-4.85000006e-010  -0.07935157
-4.80000006e-010  -0.06946094
-4.75000006e-010       -0.087
-4.70000006e-010  -0.07674219
-4.65000006e-010  -0.09532813
-4.60000006e-010   -0.0849375
-4.55000006e-010   -0.1033047
-4.50000006e-010   -0.0918125
-4.45000006e-010   -0.1101875
-4.40000006e-010  -0.09794532
-4.35000006e-010   -0.1184922
-4.30000006e-010   -0.1044531
-4.25000006e-010   -0.1270781
-4.20000006e-010   -0.1113828
-4.15000006e-010   -0.1341016
-4.10000005e-010   -0.1183125
-4.05000005e-010   -0.1394609
-4.00000005e-010   -0.1252266
-3.95000005e-010   -0.1437734
-3.90000005e-010   -0.1323672
-3.85000005e-010   -0.1475859
-3.80000005e-010   -0.1361719
-3.75000005e-010   -0.1515625
-3.70000005e-010   -0.1391563
-3.65000005e-010       -0.155
-3.60000005e-010       -0.143
-3.55000005e-010    -0.155875
-3.50000005e-010   -0.1461406
-3.45000005e-010   -0.1577031
-3.40000005e-010   -0.1473516
-3.35000004e-010   -0.1603125
-3.30000004e-010   -0.1470234
-3.25000004e-010   -0.1603359
-3.20000004e-010   -0.1462578
-3.15000004e-010       -0.159
-3.10000004e-010   -0.1452969
-3.05000004e-010   -0.1580313
-3.00000004e-010   -0.1451328
-2.95000004e-010   -0.1571953
-2.90000004e-010   -0.1456563
-2.85000004e-010   -0.1571563
-2.80000004e-010   -0.1449375
-2.75000004e-010   -0.1556172
-2.70000004e-010   -0.1431328
-2.65000004e-010       -0.153
-2.60000003e-010   -0.1406641
-2.55000003e-010       -0.151
-2.50000003e-010   -0.1373984
-2.45000003e-010   -0.1478047
-2.40000003e-010       -0.135
-2.35000003e-010       -0.145
-2.30000003e-010   -0.1320156
-2.25000003e-010       -0.143
-2.20000003e-010   -0.1287813
-2.15000003e-010       -0.139
-2.10000003e-010   -0.1251719
-2.05000003e-010   -0.1346875
-2.00000003e-010   -0.1202969
-1.95000003e-010   -0.1298359
-1.90000003e-010   -0.1149219
-1.85000002e-010   -0.1252891
-1.80000002e-010   -0.1091172
-1.75000002e-010       -0.121
-1.70000002e-010    -0.103125
-1.65000002e-010   -0.1146406
-1.60000002e-010  -0.09553907
-1.55000002e-010   -0.1072891
-1.50000002e-010  -0.08815625
-1.45000002e-010  -0.09930469
-1.40000002e-010  -0.08109375
-1.35000002e-010   -0.0913125
-1.30000002e-010   -0.0743125
-1.25000002e-010  -0.08453125
-1.20000002e-010  -0.06607813
-1.15000002e-010      -0.0775
-1.10000001e-010  -0.05673438
-1.05000001e-010  -0.06985938
-1.00000001e-010  -0.04822656
-9.50000013e-011  -0.06164844
-9.00000012e-011  -0.04065625
-8.50000011e-011       -0.053
-8.00000011e-011  -0.03401563
-7.5000001e-011  -0.04496875
-7.00000009e-011    -0.026625
-6.50000009e-011  -0.03722656
-6.00000008e-011  -0.01957031
-5.50000007e-011  -0.02964063
-5.00000007e-011  -0.01365625
-4.50000006e-011  -0.02289844
-4.00000005e-011       -0.007
-3.50000005e-011  -0.01667969
-3.00000004e-011 -0.001679687
-2.50000003e-011  -0.01114063
-2.00000003e-011   0.00265625
-1.50000002e-011   -0.0075625
-1.00000001e-011  0.006695313
-5.00000007e-012       -0.004
           0  0.009265626
5.00000007e-012 -0.0003828122
1.00000001e-011        0.011
1.50000002e-011  0.003226563
2.00000003e-011   0.01380469
2.50000003e-011  0.005265626
3.00000004e-011   0.01558594
3.50000005e-011  0.007375001
4.00000005e-011   0.01642188
4.50000006e-011  0.007812501
5.00000007e-011   0.01771875
5.50000007e-011  0.008500001
6.00000008e-011        0.019
6.50000009e-011  0.009226563
7.00000009e-011   0.01885938
7.5000001e-011   0.01028125
8.00000011e-011   0.01905469
8.50000011e-011   0.01071875
9.00000012e-011    0.0206875
9.50000013e-011   0.01010156
1.00000001e-010   0.02054688
1.05000001e-010  0.009304688
1.10000001e-010        0.019
1.15000002e-010  0.009000001
1.20000002e-010   0.01942188
1.25000002e-010  0.008820313
1.30000002e-010   0.02079688
1.35000002e-010  0.008406251
1.40000002e-010   0.02054688
1.45000002e-010  0.007367188
1.50000002e-010   0.01882031
1.55000002e-010  0.006953126
1.60000002e-010    0.0190625
1.65000002e-010  0.007070313
1.70000002e-010   0.01942188
1.75000002e-010  0.007851563
1.80000002e-010   0.01951563
1.85000002e-010  0.009382813
1.90000003e-010   0.01903906
1.95000003e-010   0.01041406
2.00000003e-010   0.01994531
2.05000003e-010   0.01000781
2.10000003e-010     0.020625
2.15000003e-010  0.008984376
2.20000003e-010   0.02142969
2.25000003e-010  0.008726563
2.30000003e-010        0.023
2.35000003e-010  0.009531251
2.40000003e-010   0.02340625
2.45000003e-010   0.01142188
2.50000003e-010   0.02371875
2.55000003e-010   0.01410156
2.60000003e-010        0.025
2.65000004e-010   0.01471875
2.70000004e-010   0.02527344
2.75000004e-010   0.01477344
2.80000004e-010   0.02479688
2.85000004e-010        0.015
2.90000004e-010   0.02375781
2.95000004e-010   0.01499219
3.00000004e-010   0.02451563
3.05000004e-010   0.01486719
3.10000004e-010   0.02510156
3.15000004e-010   0.01528906
3.20000004e-010   0.02529688
3.25000004e-010   0.01625781
3.30000004e-010   0.02542188
3.35000004e-010   0.01639063
3.40000005e-010   0.02516406
3.45000005e-010    0.0156875
3.50000005e-010   0.02532813
3.55000005e-010   0.01460156
3.60000005e-010   0.02566406
3.65000005e-010   0.01378906
3.70000005e-010   0.02540625
3.75000005e-010   0.01325781
3.80000005e-010   0.02502344
3.85000005e-010        0.013
3.90000005e-010   0.02515625
3.95000005e-010   0.01298438
4.00000005e-010     0.024625
4.05000005e-010   0.01321094
4.10000005e-010   0.02340625
4.15000006e-010   0.01365625
4.20000006e-010   0.02292188
4.25000006e-010   0.01347656
4.30000006e-010        0.023
4.35000006e-010   0.01363281
4.40000006e-010   0.02304688
4.45000006e-010   0.01283594
4.50000006e-010    0.0228125
4.55000006e-010    0.0119375
4.60000006e-010   0.02299219
4.65000006e-010        0.011
4.70000006e-010   0.02283594
4.75000006e-010   0.01022656
4.80000006e-010   0.02217969
4.85000006e-010  0.009710938
4.90000007e-010   0.02150781
4.95000007e-010  0.009601563
5.00000007e-010   0.02178125
5.05000007e-010  0.009000001
5.10000007e-010        0.021
5.15000007e-010  0.007687501
5.20000007e-010   0.01919531
5.25000007e-010  0.007468751
5.30000007e-010   0.01896094
5.35000007e-010  0.008164063
5.40000007e-010   0.01998438
5.45000007e-010  0.008718751
5.50000007e-010        0.021
5.55000007e-010  0.008828126
5.60000007e-010   0.02055469
5.65000008e-010  0.009070313
5.70000008e-010   0.01938281
5.75000008e-010  0.009046876
5.80000008e-010   0.01957031
5.85000008e-010  0.009000001
5.90000008e-010   0.02069531
5.95000008e-010  0.009031251
6.00000008e-010   0.02089063
6.05000008e-010  0.008781251
6.10000008e-010   0.01963281
6.15000008e-010  0.008546876
6.20000008e-010   0.01927344
6.25000008e-010  0.009117188
6.30000008e-010   0.01942188
6.35000008e-010  0.009000001
6.40000009e-010    0.0190625
6.45000009e-010  0.009000001
6.50000009e-010   0.01834375
6.55000009e-010  0.008210938
6.60000009e-010   0.01747656
6.65000009e-010  0.007695313
6.70000009e-010    0.0173125
6.75000009e-010  0.007601563
6.80000009e-010   0.01711719
6.85000009e-010  0.007054688
6.90000009e-010   0.01769531
6.95000009e-010  0.006328126
7.00000009e-010   0.01852344
7.05000009e-010  0.006164063
7.10000009e-010   0.01867188
7.1500001e-010  0.006578126
7.2000001e-010   0.01910156
7.2500001e-010  0.007601563
7.3000001e-010   0.01920313
7.3500001e-010  0.008492188
7.4000001e-010   0.01995313
7.4500001e-010  0.008929688
7.5000001e-010   0.02097656
7.5500001e-010  0.009671876
7.6000001e-010   0.02136719
7.6500001e-010  0.009554688
7.7000001e-010        0.021
7.7500001e-010  0.008851563
7.8000001e-010        0.021
7.8500001e-010  0.009000001
7.90000011e-010   0.02121094
7.95000011e-010  0.008710938
8.00000011e-010   0.02064063
8.05000011e-010  0.008000001
8.10000011e-010   0.02035156
8.15000011e-010  0.008367188
8.20000011e-010   0.02092188
8.25000011e-010  0.008828126
8.30000011e-010        0.021
8.35000011e-010  0.009000001
8.40000011e-010       0.0205
8.45000011e-010   0.01046875
8.50000011e-010   0.01965625
8.55000011e-010   0.01097656
8.60000011e-010   0.02011719
8.65000012e-010        0.011
8.70000012e-010        0.021
8.75000012e-010   0.01107813
8.80000012e-010   0.02119531
8.85000012e-010   0.01182813
8.90000012e-010   0.02069531
8.95000012e-010   0.01222656
9.00000012e-010   0.02048438
9.05000012e-010   0.01141406
9.10000012e-010   0.02164063
9.15000012e-010   0.01078906
9.20000012e-010        0.023
9.25000012e-010   0.01059375
9.30000012e-010   0.02320313
9.35000012e-010        0.011
9.40000013e-010     0.022375
9.45000013e-010   0.01210156
9.50000013e-010   0.02188281
9.55000013e-010   0.01214844
9.60000013e-010        0.023
9.65000013e-010   0.01120313
9.70000013e-010   0.02341406
9.75000013e-010        0.011
9.80000013e-010   0.02326563
9.85000013e-010   0.01166406
9.90000013e-010   0.02280469
9.95000013e-010   0.01250781
1.00000001e-009   0.02313281
1.00500001e-009   0.01260156
1.01000001e-009   0.02313281
1.01500001e-009        0.013
1.02000001e-009   0.02272656
1.02500001e-009   0.01324219
1.03000001e-009   0.02321875
1.03500001e-009   0.01295313
1.04000001e-009   0.02438281
1.04500001e-009   0.01290625
1.05000001e-009        0.025
1.05500001e-009   0.01289063
1.06000001e-009   0.02484375
1.06500001e-009   0.01255469
1.07000001e-009   0.02400781
1.07500001e-009      0.01275
1.08000001e-009     0.022625
1.08500001e-009   0.01271094
1.09000001e-009   0.02185156
1.09500001e-009     0.012625
1.10000001e-009   0.02278125
1.10500001e-009   0.01295313
1.11000001e-009    0.0231875
1.11500001e-009   0.01351563
1.12000001e-009        0.023
1.12500002e-009   0.01267969
1.13000002e-009   0.02239063
1.13500002e-009   0.01142188
1.14000002e-009   0.02340625
1.14500002e-009   0.01070313
1.15000002e-009   0.02374219
1.15500002e-009   0.01070313
1.16000002e-009   0.02385156
1.16500002e-009   0.01153125
1.17000002e-009        0.025
1.17500002e-009    0.0130625
1.18000002e-009   0.02528125
1.18500002e-009   0.01348438
1.19000002e-009   0.02476563
1.19500002e-009   0.01270313
1.20000002e-009   0.02367188
1.20500002e-009   0.01242188
1.21000002e-009    0.0241875
1.21500002e-009        0.013
1.22000002e-009   0.02477344
1.22500002e-009   0.01441406
1.23000002e-009        0.025
1.23500002e-009   0.01445313
1.24000002e-009   0.02526563
1.24500002e-009    0.0138125
1.25000002e-009   0.02515625
