-1.24500002e-009 -0.001992187
-1.24000002e-009 -0.001953125
-1.23500002e-009  -0.00190625
-1.23000002e-009   -0.0019375
-1.22500002e-009   -0.0019375
-1.22000002e-009   -0.0019375
-1.21500002e-009 -0.001976562
-1.21000002e-009 -0.002007812
-1.20500002e-009 -0.002054687
-1.20000002e-009 -0.002078125
-1.19500002e-009 -0.002140625
-1.19000002e-009 -0.002179687
-1.18500002e-009 -0.002210937
-1.18000002e-009 -0.002234375
-1.17500002e-009 -0.002296875
-1.17000002e-009   -0.0023125
-1.16500002e-009  -0.00234375
-1.16000002e-009 -0.002351562
-1.15500002e-009  -0.00234375
-1.15000002e-009 -0.002328125
-1.14500002e-009 -0.002296875
-1.14000002e-009 -0.002320312
-1.13500002e-009     -0.00225
-1.13000002e-009 -0.002242187
-1.12500002e-009 -0.002195312
-1.12000001e-009 -0.002171875
-1.11500001e-009    -0.002125
-1.11000001e-009 -0.002117187
-1.10500001e-009 -0.002085937
-1.10000001e-009 -0.002070312
-1.09500001e-009 -0.002054687
-1.09000001e-009 -0.002070312
-1.08500001e-009 -0.002078125
-1.08000001e-009 -0.002117187
-1.07500001e-009 -0.002140625
-1.07000001e-009 -0.002164062
-1.06500001e-009 -0.002171875
-1.06000001e-009 -0.002234375
-1.05500001e-009  -0.00221875
-1.05000001e-009  -0.00228125
-1.04500001e-009   -0.0023125
-1.04000001e-009 -0.002273437
-1.03500001e-009 -0.002289062
-1.03000001e-009 -0.002289062
-1.02500001e-009     -0.00225
-1.02000001e-009 -0.002265625
-1.01500001e-009 -0.002242187
-1.01000001e-009 -0.002179687
-1.00500001e-009 -0.002203125
-1.00000001e-009 -0.002164062
-9.95000013e-010 -0.002164062
-9.90000013e-010  -0.00215625
-9.85000013e-010 -0.002195312
-9.80000013e-010     -0.00225
-9.75000013e-010  -0.00228125
-9.70000013e-010 -0.002328125
-9.65000013e-010    -0.002375
-9.60000013e-010 -0.002421875
-9.55000013e-010 -0.002492187
-9.50000013e-010   -0.0025625
-9.45000013e-010 -0.002632812
-9.40000013e-010 -0.002695312
-9.35000012e-010 -0.002726562
-9.30000012e-010 -0.002773437
-9.25000012e-010   -0.0028125
-9.20000012e-010 -0.002851562
-9.15000012e-010 -0.002867187
-9.10000012e-010  -0.00284375
-9.05000012e-010 -0.002835937
-9.00000012e-010 -0.002835937
-8.95000012e-010   -0.0028125
-8.90000012e-010   -0.0028125
-8.85000012e-010   -0.0028125
-8.80000012e-010 -0.002820312
-8.75000012e-010 -0.002835937
-8.70000012e-010 -0.002835937
-8.65000012e-010 -0.002851562
-8.60000011e-010 -0.002859375
-8.55000011e-010    -0.002875
-8.50000011e-010   -0.0029375
-8.45000011e-010 -0.002960937
-8.40000011e-010 -0.003046875
-8.35000011e-010 -0.003085937
-8.30000011e-010    -0.003125
-8.25000011e-010   -0.0031875
-8.20000011e-010 -0.003265625
-8.15000011e-010 -0.003335937
-8.10000011e-010 -0.003390625
-8.05000011e-010   -0.0034375
-8.00000011e-010 -0.003523437
-7.95000011e-010   -0.0035625
-7.90000011e-010 -0.003617187
-7.8500001e-010  -0.00365625
-7.8000001e-010 -0.003648437
-7.7500001e-010 -0.003726562
-7.7000001e-010 -0.003734375
-7.6500001e-010 -0.003757812
-7.6000001e-010 -0.003804687
-7.5500001e-010   -0.0038125
-7.5000001e-010 -0.003820312
-7.4500001e-010 -0.003882812
-7.4000001e-010 -0.003914062
-7.3500001e-010 -0.003976562
-7.3000001e-010 -0.003992187
-7.2500001e-010 -0.004085937
-7.2000001e-010 -0.004210937
-7.1500001e-010 -0.004335937
-7.10000009e-010 -0.004453125
-7.05000009e-010 -0.004585937
-7.00000009e-010 -0.004726562
-6.95000009e-010  -0.00490625
-6.90000009e-010 -0.005039062
-6.85000009e-010 -0.005195312
-6.80000009e-010 -0.005320312
-6.75000009e-010 -0.005523437
-6.70000009e-010 -0.005710937
-6.65000009e-010 -0.005929687
-6.60000009e-010    -0.006125
-6.55000009e-010 -0.006390625
-6.50000009e-010 -0.006648437
-6.45000009e-010 -0.006921875
-6.40000009e-010 -0.007179687
-6.35000008e-010 -0.007492188
-6.30000008e-010 -0.007773438
-6.25000008e-010 -0.008164063
-6.20000008e-010 -0.008609375
-6.15000008e-010 -0.009078125
-6.10000008e-010 -0.009578125
-6.05000008e-010  -0.01014063
-6.00000008e-010  -0.01079688
-5.95000008e-010  -0.01145313
-5.90000008e-010  -0.01215625
-5.85000008e-010  -0.01292969
-5.80000008e-010  -0.01375781
-5.75000008e-010  -0.01477344
-5.70000008e-010  -0.01586719
-5.65000008e-010  -0.01701563
-5.60000007e-010  -0.01832813
-5.55000007e-010  -0.01977344
-5.50000007e-010  -0.02135938
-5.45000007e-010  -0.02305469
-5.40000007e-010  -0.02485938
-5.35000007e-010  -0.02677344
-5.30000007e-010  -0.02885938
-5.25000007e-010  -0.03109375
-5.20000007e-010  -0.03345313
-5.15000007e-010  -0.03596875
-5.10000007e-010   -0.0385625
-5.05000007e-010   -0.0413125
-5.00000007e-010   -0.0441875
-4.95000007e-010  -0.04714844
-4.90000007e-010  -0.05020313
-4.85000006e-010  -0.05335938
-4.80000006e-010  -0.05659375
-4.75000006e-010        -0.06
-4.70000006e-010  -0.06340625
-4.65000006e-010  -0.06697657
-4.60000006e-010  -0.07060938
-4.55000006e-010  -0.07432813
-4.50000006e-010  -0.07810938
-4.45000006e-010  -0.08197657
-4.40000006e-010  -0.08592188
-4.35000006e-010  -0.08988282
-4.30000006e-010  -0.09383594
-4.25000006e-010  -0.09777344
-4.20000006e-010   -0.1016797
-4.15000006e-010   -0.1055859
-4.10000005e-010   -0.1093594
-4.05000005e-010   -0.1130703
-4.00000005e-010   -0.1166719
-3.95000005e-010   -0.1201563
-3.90000005e-010   -0.1235469
-3.85000005e-010   -0.1267734
-3.80000005e-010   -0.1298047
-3.75000005e-010   -0.1326172
-3.70000005e-010   -0.1352656
-3.65000005e-010   -0.1377109
-3.60000005e-010   -0.1400313
-3.55000005e-010   -0.1420938
-3.50000005e-010   -0.1440156
-3.45000005e-010   -0.1457734
-3.40000005e-010   -0.1474063
-3.35000004e-010   -0.1488672
-3.30000004e-010    -0.150125
-3.25000004e-010    -0.151125
-3.20000004e-010   -0.1519609
-3.15000004e-010   -0.1526719
-3.10000004e-010   -0.1532344
-3.05000004e-010   -0.1535859
-3.00000004e-010   -0.1537578
-2.95000004e-010   -0.1538672
-2.90000004e-010   -0.1538828
-2.85000004e-010   -0.1537656
-2.80000004e-010   -0.1535156
-2.75000004e-010   -0.1530703
-2.70000004e-010   -0.1525078
-2.65000004e-010   -0.1518906
-2.60000003e-010   -0.1512656
-2.55000003e-010   -0.1504063
-2.50000003e-010   -0.1495781
-2.45000003e-010   -0.1487109
-2.40000003e-010   -0.1478359
-2.35000003e-010   -0.1469375
-2.30000003e-010   -0.1459922
-2.25000003e-010   -0.1449063
-2.20000003e-010   -0.1436875
-2.15000003e-010   -0.1424453
-2.10000003e-010   -0.1411719
-2.05000003e-010   -0.1397031
-2.00000003e-010   -0.1381406
-1.95000003e-010   -0.1365234
-1.90000003e-010   -0.1348281
-1.85000002e-010       -0.133
-1.80000002e-010   -0.1310547
-1.75000002e-010   -0.1288359
-1.70000002e-010   -0.1264766
-1.65000002e-010   -0.1240547
-1.60000002e-010   -0.1214063
-1.55000002e-010   -0.1186172
-1.50000002e-010   -0.1156797
-1.45000002e-010   -0.1126328
-1.40000002e-010   -0.1094609
-1.35000002e-010   -0.1062031
-1.30000002e-010   -0.1028281
-1.25000002e-010  -0.09928907
-1.20000002e-010  -0.09566407
-1.15000002e-010   -0.0919375
-1.10000001e-010  -0.08814063
-1.05000001e-010  -0.08429688
-1.00000001e-010   -0.0803125
-9.50000013e-011   -0.0763125
-9.00000012e-011  -0.07224219
-8.50000011e-011  -0.06814844
-8.00000011e-011  -0.06407813
-7.5000001e-011  -0.05992969
-7.00000009e-011  -0.05580469
-6.50000009e-011  -0.05169531
-6.00000008e-011  -0.04760156
-5.50000007e-011  -0.04351563
-5.00000007e-011  -0.03955469
-4.50000006e-011  -0.03564063
-4.00000005e-011  -0.03183594
-3.50000005e-011  -0.02814063
-3.00000004e-011  -0.02459375
-2.50000003e-011  -0.02124219
-2.00000003e-011  -0.01807813
-1.50000002e-011  -0.01500781
-1.00000001e-011  -0.01217969
-5.00000007e-012      -0.0095
           0 -0.006984375
5.00000007e-012 -0.004664062
1.00000001e-011   -0.0024375
1.50000002e-011 -0.0004062497
2.00000003e-011  0.001460938
2.50000003e-011     0.003125
3.00000004e-011  0.004656251
3.50000005e-011  0.006125001
4.00000005e-011  0.007414063
4.50000006e-011  0.008601563
5.00000007e-011  0.009671876
5.50000007e-011     0.010625
6.00000008e-011   0.01153125
6.50000009e-011   0.01232813
7.00000009e-011   0.01297656
7.5000001e-011   0.01353125
8.00000011e-011    0.0139375
8.50000011e-011   0.01428125
9.00000012e-011   0.01452344
9.50000013e-011   0.01467969
1.00000001e-010      0.01475
1.05000001e-010   0.01479688
1.10000001e-010   0.01479688
1.15000002e-010   0.01477344
1.20000002e-010   0.01469531
1.25000002e-010    0.0145625
1.30000002e-010   0.01446875
1.35000002e-010   0.01434375
1.40000002e-010      0.01425
1.45000002e-010   0.01414063
1.50000002e-010   0.01409375
1.55000002e-010   0.01404688
1.60000002e-010   0.01405469
1.65000002e-010   0.01409375
1.70000002e-010   0.01414063
1.75000002e-010   0.01416406
1.80000002e-010   0.01419531
1.85000002e-010   0.01425781
1.90000003e-010   0.01434375
1.95000003e-010   0.01441406
2.00000003e-010   0.01449219
2.05000003e-010   0.01460938
2.10000003e-010   0.01474219
2.15000003e-010   0.01486719
2.20000003e-010   0.01503125
2.25000003e-010   0.01522656
2.30000003e-010   0.01542188
2.35000003e-010   0.01567188
2.40000003e-010   0.01596094
2.45000003e-010   0.01623438
2.50000003e-010   0.01657813
2.55000003e-010    0.0169375
2.60000003e-010   0.01733594
2.65000004e-010   0.01773438
2.70000004e-010   0.01813281
2.75000004e-010       0.0185
2.80000004e-010   0.01885156
2.85000004e-010   0.01919531
2.90000004e-010   0.01949219
2.95000004e-010   0.01978125
3.00000004e-010   0.02001563
3.05000004e-010   0.02014063
3.10000004e-010   0.02030469
3.15000004e-010   0.02042188
3.20000004e-010   0.02049219
3.25000004e-010   0.02055469
3.30000004e-010   0.02060156
3.35000004e-010   0.02060156
3.40000005e-010   0.02061719
3.45000005e-010   0.02060156
3.50000005e-010   0.02064844
3.55000005e-010   0.02069531
3.60000005e-010   0.02076563
3.65000005e-010   0.02077344
3.70000005e-010    0.0208125
3.75000005e-010   0.02084375
3.80000005e-010   0.02085156
3.85000005e-010   0.02089063
3.90000005e-010   0.02082813
3.95000005e-010   0.02078906
4.00000005e-010   0.02072656
4.05000005e-010   0.02060938
4.10000005e-010   0.02048438
4.15000006e-010    0.0203125
4.20000006e-010   0.02014063
4.25000006e-010   0.01991406
4.30000006e-010   0.01967188
4.35000006e-010   0.01946094
4.40000006e-010   0.01922656
4.45000006e-010        0.019
4.50000006e-010   0.01877344
4.55000006e-010   0.01854688
4.60000006e-010   0.01835938
4.65000006e-010   0.01819531
4.70000006e-010   0.01801563
4.75000006e-010   0.01786719
4.80000006e-010   0.01769531
4.85000006e-010   0.01757031
4.90000007e-010   0.01742188
4.95000007e-010   0.01728125
5.00000007e-010   0.01708594
5.05000007e-010   0.01690625
5.10000007e-010   0.01674219
5.15000007e-010       0.0165
5.20000007e-010   0.01626563
5.25000007e-010   0.01607031
5.30000007e-010   0.01578906
5.35000007e-010   0.01553906
5.40000007e-010   0.01528125
5.45000007e-010   0.01503906
5.50000007e-010   0.01479688
5.55000007e-010   0.01454688
5.60000007e-010   0.01432813
5.65000008e-010   0.01408594
5.70000008e-010   0.01389844
5.75000008e-010   0.01371875
5.80000008e-010   0.01357813
5.85000008e-010   0.01341406
5.90000008e-010   0.01329688
5.95000008e-010    0.0131875
6.00000008e-010   0.01314844
6.05000008e-010   0.01307031
6.10000008e-010   0.01302344
6.15000008e-010   0.01302344
6.20000008e-010   0.01305469
6.25000008e-010   0.01307031
6.30000008e-010   0.01310156
6.35000008e-010   0.01317969
6.40000009e-010   0.01323438
6.45000009e-010   0.01333594
6.50000009e-010   0.01339063
6.55000009e-010   0.01346094
6.60000009e-010   0.01352344
6.65000009e-010   0.01359375
6.70000009e-010   0.01364063
6.75000009e-010   0.01366406
6.80000009e-010   0.01369531
6.85000009e-010   0.01371094
6.90000009e-010   0.01373438
6.95000009e-010      0.01375
7.00000009e-010      0.01375
7.05000009e-010      0.01375
7.10000009e-010   0.01375781
7.1500001e-010   0.01378906
7.2000001e-010   0.01385156
7.2500001e-010   0.01385156
7.3000001e-010   0.01392969
7.3500001e-010   0.01397656
7.4000001e-010   0.01407813
7.4500001e-010     0.014125
7.5000001e-010   0.01419531
7.5500001e-010   0.01426563
7.6000001e-010   0.01435156
7.6500001e-010   0.01436719
7.7000001e-010   0.01438281
7.7500001e-010   0.01440625
7.8000001e-010   0.01442969
7.8500001e-010   0.01441406
7.90000011e-010   0.01441406
7.95000011e-010   0.01440625
8.00000011e-010   0.01438281
8.05000011e-010   0.01439844
8.10000011e-010   0.01439844
8.15000011e-010   0.01445313
8.20000011e-010   0.01449219
8.25000011e-010   0.01454688
8.30000011e-010     0.014625
8.35000011e-010   0.01471875
8.40000011e-010   0.01482813
8.45000011e-010   0.01495313
8.50000011e-010   0.01507031
8.55000011e-010   0.01516406
8.60000011e-010   0.01526563
8.65000012e-010   0.01533594
8.70000012e-010   0.01542188
8.75000012e-010   0.01547656
8.80000012e-010   0.01554688
8.85000012e-010   0.01555469
8.90000012e-010   0.01558594
8.95000012e-010   0.01560156
9.00000012e-010   0.01564844
9.05000012e-010   0.01565625
9.10000012e-010   0.01572656
9.15000012e-010    0.0158125
9.20000012e-010   0.01588281
9.25000012e-010   0.01603125
9.30000012e-010   0.01617188
9.35000012e-010   0.01632813
9.40000013e-010       0.0165
9.45000013e-010   0.01665625
9.50000013e-010   0.01682031
9.55000013e-010   0.01698438
9.60000013e-010   0.01717188
9.65000013e-010   0.01725781
9.70000013e-010     0.017375
9.75000013e-010   0.01747656
9.80000013e-010   0.01751563
9.85000013e-010   0.01755469
9.90000013e-010   0.01755469
9.95000013e-010   0.01752344
1.00000001e-009       0.0175
1.00500001e-009   0.01748438
1.01000001e-009   0.01746094
1.01500001e-009   0.01741406
1.02000001e-009   0.01742188
1.02500001e-009   0.01742188
1.03000001e-009   0.01742188
1.03500001e-009   0.01745313
1.04000001e-009   0.01746875
1.04500001e-009    0.0175625
1.05000001e-009     0.017625
1.05500001e-009   0.01771094
1.06000001e-009   0.01776563
1.06500001e-009    0.0178125
1.07000001e-009     0.017875
1.07500001e-009   0.01792969
1.08000001e-009   0.01792969
1.08500001e-009   0.01796875
1.09000001e-009   0.01795313
1.09500001e-009   0.01792969
1.10000001e-009   0.01792188
1.10500001e-009   0.01785938
1.11000001e-009   0.01782031
1.11500001e-009   0.01782813
1.12000001e-009    0.0178125
1.12500002e-009   0.01780469
1.13000002e-009   0.01782031
1.13500002e-009   0.01782813
1.14000002e-009   0.01788281
1.14500002e-009   0.01794531
1.15000002e-009   0.01803906
1.15500002e-009   0.01808594
1.16000002e-009   0.01820313
1.16500002e-009   0.01825781
1.17000002e-009   0.01832813
1.17500002e-009     0.018375
1.18000002e-009    0.0184375
1.18500002e-009   0.01846875
1.19000002e-009       0.0185
1.19500002e-009   0.01850781
1.20000002e-009   0.01850781
1.20500002e-009   0.01853125
1.21000002e-009   0.01851563
1.21500002e-009   0.01852344
1.22000002e-009   0.01850781
1.22500002e-009   0.01853906
1.23000002e-009   0.01853906
1.23500002e-009    0.0185625
1.24000002e-009   0.01860938
1.24500002e-009   0.01867969
1.25000002e-009   0.01874219
