-2.49000003e-009  -0.01574219
-2.48000003e-009       -0.003
-2.47000003e-009  -0.01496094
-2.46000003e-009  -0.00559375
-2.45000003e-009       -0.015
-2.44000003e-009       -0.005
-2.43000003e-009  -0.01397656
-2.42000003e-009 -0.005632812
-2.41000003e-009  -0.01348438
-2.40000003e-009 -0.005507812
-2.39000003e-009       -0.015
-2.38000003e-009 -0.004070312
-2.37000003e-009  -0.01392188
-2.36000003e-009       -0.005
-2.35000003e-009  -0.01344531
-2.34000003e-009 -0.004976562
-2.33000003e-009  -0.01324219
-2.32000003e-009 -0.004390625
-2.31000003e-009       -0.013
-2.30000003e-009  -0.00434375
-2.29000003e-009  -0.01455469
-2.28000003e-009       -0.005
-2.27000003e-009       -0.015
-2.26000003e-009       -0.005
-2.25000003e-009       -0.013
-2.24000003e-009 -0.004765625
-2.23000003e-009  -0.01210938
-2.22000003e-009 -0.003640625
-2.21000003e-009     -0.01175
-2.20000003e-009 -0.004242187
-2.19000003e-009   -0.0126875
-2.18000003e-009 -0.003898437
-2.17000003e-009  -0.01211719
-2.16000003e-009 -0.003101562
-2.15000003e-009  -0.01160938
-2.14000003e-009 -0.002726562
-2.13000003e-009  -0.01142188
-2.12000003e-009 -0.003242187
-2.11000003e-009  -0.01132031
-2.10000003e-009       -0.003
-2.09000003e-009       -0.011
-2.08000003e-009 -0.002679687
-2.07000003e-009       -0.011
-2.06000003e-009  -0.00190625
-2.05000003e-009       -0.011
-2.04000003e-009 -0.001484375
-2.03000003e-009  -0.01103125
-2.02000003e-009 -0.0009999997
-2.01000003e-009  -0.01135156
-2.00000003e-009 -0.001953125
-1.99000003e-009  -0.01110156
-1.98000003e-009 -0.0009999997
-1.97000003e-009   -0.0116875
-1.96000003e-009 -0.001304687
-1.95000003e-009  -0.01186719
-1.94000003e-009 -0.0004218747
-1.93000003e-009   -0.0113125
-1.92000003e-009 -0.0009999997
-1.91000003e-009       -0.011
-1.90000003e-009 -0.0009999997
-1.89000003e-009  -0.01000781
-1.88000003e-009 -0.0001093747
-1.87000002e-009       -0.011
-1.86000002e-009 -0.0009999997
-1.85000002e-009  -0.01003906
-1.84000002e-009 9.375035e-005
-1.83000002e-009       -0.009
-1.82000002e-009  0.001421875
-1.81000002e-009  -0.00728125
-1.80000002e-009 0.0007109379
-1.79000002e-009 -0.007164062
-1.78000002e-009  0.001367188
-1.77000002e-009  -0.00821875
-1.76000002e-009 6.250035e-005
-1.75000002e-009 -0.007898438
-1.74000002e-009 3.125035e-005
-1.73000002e-009 -0.007148437
-1.72000002e-009        0.001
-1.71000002e-009    -0.007625
-1.70000002e-009  0.001390625
-1.69000002e-009       -0.007
-1.68000002e-009  0.001507813
-1.67000002e-009      -0.0075
-1.66000002e-009 0.0003203129
-1.65000002e-009 -0.007304687
-1.64000002e-009    0.0011875
-1.63000002e-009    -0.007125
-1.62000002e-009 0.0006640629
-1.61000002e-009 -0.008359375
-1.60000002e-009 0.0008593754
-1.59000002e-009       -0.009
-1.58000002e-009        0.001
-1.57000002e-009   -0.0071875
-1.56000002e-009  0.002210938
-1.55000002e-009 -0.006734375
-1.54000002e-009  0.003039063
-1.53000002e-009       -0.009
-1.52000002e-009  0.004039063
-1.51000002e-009 -0.006992187
-1.50000002e-009  0.004835938
-1.49000002e-009 -0.007320312
-1.48000002e-009  0.005109376
-1.47000002e-009 -0.006585937
-1.46000002e-009  0.002578125
-1.45000002e-009 -0.005640625
-1.44000002e-009        0.003
-1.43000002e-009       -0.007
-1.42000002e-009  0.002546875
-1.41000002e-009 -0.007171875
-1.40000002e-009        0.003
-1.39000002e-009 -0.005984375
-1.38000002e-009        0.003
-1.37000002e-009 -0.006960937
-1.36000002e-009        0.003
-1.35000002e-009 -0.006820312
-1.34000002e-009    0.0023125
-1.33000002e-009  -0.00521875
-1.32000002e-009  0.001898438
-1.31000002e-009 -0.005382812
-1.30000002e-009        0.003
-1.29000002e-009 -0.005476562
-1.28000002e-009       0.0025
-1.27000002e-009 -0.005960937
-1.26000002e-009  0.004429688
-1.25000002e-009       -0.007
-1.24000002e-009  0.004820313
-1.23000002e-009 -0.007609375
-1.22000002e-009  0.003375001
-1.21000002e-009       -0.007
-1.20000002e-009  0.003007813
-1.19000002e-009 -0.007195312
-1.18000002e-009  0.003835938
-1.17000002e-009       -0.007
-1.16000002e-009  0.005234376
-1.15000002e-009 -0.006078125
-1.14000002e-009     0.003125
-1.13000002e-009 -0.007484375
-1.12000001e-009  0.003281251
-1.11000001e-009   -0.0071875
-1.10000001e-009  0.004484376
-1.09000001e-009 -0.006046875
-1.08000001e-009  0.004390626
-1.07000001e-009  -0.00728125
-1.06000001e-009        0.003
-1.05000001e-009  -0.00784375
-1.04000001e-009  0.002390625
-1.03000001e-009 -0.007976563
-1.02000001e-009  0.001851563
-1.01000001e-009 -0.009289063
-1.00000001e-009        0.003
-9.90000013e-010 -0.008570313
-9.80000013e-010   0.00215625
-9.70000013e-010  -0.00665625
-9.60000013e-010        0.001
-9.50000013e-010 -0.007179687
-9.40000013e-010        0.003
-9.30000012e-010 -0.007476563
-9.20000012e-010     0.001625
-9.10000012e-010 -0.006960937
-9.00000012e-010  0.001507813
-8.90000012e-010       -0.007
-8.80000012e-010  0.002078125
-8.70000012e-010    -0.007125
-8.60000011e-010   0.00209375
-8.50000011e-010 -0.007226562
-8.40000011e-010  0.003351563
-8.30000011e-010 -0.007367188
-8.20000011e-010  0.001554688
-8.10000011e-010 -0.007414063
-8.00000011e-010 0.0008046879
-7.90000011e-010 -0.007414063
-7.8000001e-010  0.001140625
-7.7000001e-010 -0.007132812
-7.6000001e-010  0.002070313
-7.5000001e-010 -0.007585938
-7.4000001e-010  0.002445313
-7.3000001e-010 -0.008164063
-7.2000001e-010 -0.0008281247
-7.10000009e-010       -0.009
-7.00000009e-010 0.0004062504
-6.90000009e-010   -0.0104375
-6.80000009e-010 -0.0001406247
-6.70000009e-010  -0.01171875
-6.60000009e-010 -0.0009999997
-6.50000009e-010       -0.011
-6.40000009e-010       -0.003
-6.30000008e-010  -0.01342188
-6.20000008e-010 -0.005257812
-6.10000008e-010  -0.01597656
-6.00000008e-010       -0.009
-5.90000008e-010       -0.021
-5.80000008e-010  -0.01339063
-5.70000008e-010    -0.026625
-5.60000007e-010       -0.019
-5.50000007e-010  -0.03400781
-5.40000007e-010  -0.02658594
-5.30000007e-010  -0.04501563
-5.20000007e-010  -0.03685156
-5.10000007e-010     -0.05775
-5.00000007e-010  -0.05029688
-4.90000007e-010       -0.073
-4.80000006e-010   -0.0638125
-4.70000006e-010  -0.08835938
-4.60000006e-010  -0.07832032
-4.50000006e-010   -0.1039375
-4.40000006e-010       -0.095
-4.30000006e-010      -0.1175
-4.20000006e-010   -0.1098594
-4.10000005e-010       -0.131
-4.00000005e-010   -0.1243672
-3.90000005e-010   -0.1441094
-3.80000005e-010   -0.1340078
-3.70000005e-010   -0.1522422
-3.60000005e-010   -0.1421016
-3.50000005e-010   -0.1578594
-3.40000005e-010   -0.1459922
-3.30000004e-010   -0.1602891
-3.20000004e-010       -0.147
-3.10000004e-010   -0.1601094
-3.00000004e-010   -0.1457109
-2.90000004e-010       -0.159
-2.80000004e-010   -0.1433672
-2.70000004e-010    -0.155875
-2.60000003e-010   -0.1411328
-2.50000003e-010       -0.151
-2.40000003e-010       -0.137
-2.30000003e-010   -0.1460469
-2.20000003e-010   -0.1325859
-2.10000003e-010       -0.141
-2.00000003e-010   -0.1251563
-1.90000003e-010       -0.131
-1.80000002e-010   -0.1150469
-1.70000002e-010   -0.1215781
-1.60000002e-010   -0.1022813
-1.50000002e-010   -0.1096719
-1.40000002e-010  -0.08658594
-1.30000002e-010  -0.09516407
-1.20000002e-010   -0.0720625
-1.10000001e-010     -0.07875
-1.00000001e-010  -0.05542188
-9.00000012e-011  -0.06327344
-8.00000011e-011  -0.03900781
-7.00000009e-011      -0.0475
-6.00000008e-011  -0.02371875
-5.00000007e-011  -0.03169531
-4.00000005e-011       -0.009
-3.00000004e-011  -0.01967969
-2.00000003e-011   0.00184375
-1.00000001e-011  -0.01076563
           0  0.009718751
1.00000001e-011 -0.0009765622
2.00000003e-011   0.01398438
3.00000004e-011  0.005000001
4.00000005e-011        0.017
5.00000007e-011  0.008382813
6.00000008e-011   0.01715625
7.00000009e-011  0.009000001
8.00000011e-011        0.019
9.00000012e-011  0.009101563
1.00000001e-010   0.02007813
1.10000001e-010  0.009015626
1.20000002e-010   0.02036719
1.30000002e-010  0.008703126
1.40000002e-010        0.019
1.50000002e-010   0.01011719
1.60000002e-010   0.01883594
1.70000002e-010  0.009000001
1.80000002e-010        0.021
1.90000003e-010  0.009929688
2.00000003e-010        0.021
2.10000003e-010   0.01097656
2.20000003e-010   0.02189063
2.30000003e-010   0.01175781
2.40000003e-010   0.02335156
2.50000003e-010    0.0144375
2.60000003e-010   0.02525781
2.70000004e-010   0.01472656
2.80000004e-010   0.02500781
2.90000004e-010   0.01457031
3.00000004e-010        0.025
3.10000004e-010   0.01549219
3.20000004e-010   0.02533594
3.30000004e-010   0.01467188
3.40000005e-010    0.0256875
3.50000005e-010     0.015625
3.60000005e-010   0.02502344
3.70000005e-010   0.01670313
3.80000005e-010   0.02615625
3.90000005e-010        0.013
4.00000005e-010   0.02771875
4.10000005e-010   0.01294531
4.20000006e-010   0.02517188
4.30000006e-010   0.01460938
4.40000006e-010        0.025
4.50000006e-010   0.01291406
4.60000006e-010        0.023
4.70000006e-010   0.01142188
4.80000006e-010        0.023
4.90000007e-010        0.011
5.00000007e-010        0.021
5.10000007e-010        0.011
5.20000007e-010   0.02046875
5.30000007e-010   0.01035938
5.40000007e-010   0.01896094
5.50000007e-010  0.009000001
5.60000007e-010        0.019
5.70000008e-010  0.008570313
5.80000008e-010   0.01992188
5.90000008e-010  0.009000001
6.00000008e-010   0.01955469
6.10000008e-010  0.008382813
6.20000008e-010   0.01873438
6.30000008e-010  0.009468751
6.40000009e-010   0.01825781
6.50000009e-010  0.009757813
6.60000009e-010   0.01810156
6.70000009e-010  0.009000001
6.80000009e-010   0.01860938
6.90000009e-010  0.008960938
7.00000009e-010   0.01854688
7.10000009e-010  0.008617188
7.2000001e-010   0.01851563
7.3000001e-010  0.007289063
7.4000001e-010   0.01902344
7.5000001e-010  0.007726563
7.6000001e-010   0.01944531
7.7000001e-010  0.009226563
7.8000001e-010   0.01907031
7.90000011e-010        0.011
8.00000011e-010   0.01899219
8.10000011e-010   0.01088281
8.20000011e-010   0.01940625
8.30000011e-010        0.011
8.40000011e-010   0.02011719
8.50000011e-010   0.01042188
8.60000011e-010   0.02117188
8.70000012e-010  0.009148438
8.80000012e-010   0.02016406
8.90000012e-010  0.009617188
9.00000012e-010        0.021
9.10000012e-010  0.008906251
9.20000012e-010   0.02152344
9.30000012e-010  0.009640626
9.40000013e-010   0.02245313
9.50000013e-010   0.01194531
9.60000013e-010   0.02385938
9.70000013e-010   0.01274219
9.80000013e-010    0.0251875
9.90000013e-010   0.01315625
1.00000001e-009   0.02353125
1.01000001e-009   0.01267969
1.02000001e-009   0.02300781
1.03000001e-009   0.01321875
1.04000001e-009        0.023
1.05000001e-009   0.01417969
1.06000001e-009   0.02259375
1.07000001e-009   0.01365625
1.08000001e-009   0.02203125
1.09000001e-009   0.01221875
1.10000001e-009    0.0236875
1.11000001e-009   0.01200781
1.12000001e-009   0.02353125
1.13000002e-009   0.01228125
1.14000002e-009        0.023
1.15000002e-009   0.01333594
1.16000002e-009   0.02430469
1.17000002e-009   0.01482031
1.18000002e-009   0.02459375
1.19000002e-009        0.013
1.20000002e-009   0.02432813
1.21000002e-009     0.014125
1.22000002e-009    0.0251875
1.23000002e-009   0.01483594
1.24000002e-009   0.02449219
1.25000002e-009        0.015
1.26000002e-009   0.02310156
1.27000002e-009   0.01534375
1.28000002e-009   0.02539063
1.29000002e-009   0.01408594
1.30000002e-009        0.025
1.31000002e-009   0.01263281
1.32000002e-009   0.02444531
1.33000002e-009   0.01403906
1.34000002e-009        0.025
1.35000002e-009        0.015
1.36000002e-009   0.02401563
1.37000002e-009   0.01358594
1.38000002e-009   0.02367188
1.39000002e-009   0.01420313
1.40000002e-009   0.02508594
1.41000002e-009   0.01282031
1.42000002e-009   0.02457813
1.43000002e-009   0.01509375
1.44000002e-009   0.02316406
1.45000002e-009        0.015
1.46000002e-009   0.02557031
1.47000002e-009   0.01427344
1.48000002e-009   0.02324219
1.49000002e-009   0.01442188
1.50000002e-009      0.02475
1.51000002e-009        0.013
1.52000002e-009   0.02386719
1.53000002e-009   0.01234375
1.54000002e-009   0.02272656
1.55000002e-009     0.012625
1.56000002e-009   0.02339844
1.57000002e-009    0.0128125
1.58000002e-009      0.02225
1.59000002e-009   0.01246875
1.60000002e-009     0.022375
1.61000002e-009   0.01239844
1.62000002e-009   0.02271875
1.63000002e-009   0.01170313
1.64000002e-009   0.02151563
1.65000002e-009   0.01207031
1.66000002e-009   0.02183594
1.67000002e-009   0.01214063
1.68000002e-009   0.02103125
1.69000002e-009   0.01239844
1.70000002e-009        0.021
1.71000002e-009        0.011
1.72000002e-009        0.021
1.73000002e-009   0.01135156
1.74000002e-009   0.02047656
1.75000002e-009   0.01217969
1.76000002e-009   0.02089063
1.77000002e-009  0.009843751
1.78000002e-009        0.021
1.79000002e-009  0.009507813
1.80000002e-009   0.02064063
1.81000002e-009        0.011
1.82000002e-009      0.01975
1.83000002e-009   0.01146094
1.84000002e-009   0.02028125
1.85000002e-009   0.01110156
1.86000002e-009   0.02107813
1.87000002e-009        0.011
1.88000003e-009   0.01992969
1.89000003e-009   0.01058594
1.90000003e-009        0.021
1.91000003e-009        0.011
1.92000003e-009        0.021
1.93000003e-009        0.011
1.94000003e-009   0.02178125
1.95000003e-009  0.008554688
1.96000003e-009   0.02353906
1.97000003e-009  0.008000001
1.98000003e-009   0.02248438
1.99000003e-009  0.009000001
2.00000003e-009   0.02008594
2.01000003e-009  0.009453126
2.02000003e-009        0.021
2.03000003e-009  0.007914063
2.04000003e-009        0.021
2.05000003e-009  0.009000001
2.06000003e-009        0.021
2.07000003e-009        0.011
2.08000003e-009   0.02050781
2.09000003e-009   0.01232031
2.10000003e-009   0.02275781
2.11000003e-009   0.01060938
2.12000003e-009   0.02185938
2.13000003e-009  0.009062501
2.14000003e-009   0.02309375
2.15000003e-009  0.007000001
2.16000003e-009        0.023
2.17000003e-009   0.01080469
2.18000003e-009   0.02042969
2.19000003e-009        0.011
2.20000003e-009        0.023
2.21000003e-009        0.011
2.22000003e-009   0.02288281
2.23000003e-009  0.009054688
2.24000003e-009   0.02048438
2.25000003e-009  0.009882813
2.26000003e-009   0.01997656
2.27000003e-009   0.01030469
2.28000003e-009   0.02053906
2.29000003e-009  0.008523438
2.30000003e-009   0.02046094
2.31000003e-009  0.009968751
2.32000003e-009   0.02160938
2.33000003e-009  0.009000001
2.34000003e-009        0.021
2.35000003e-009  0.009000001
2.36000003e-009   0.02063281
2.37000003e-009  0.006812501
2.38000003e-009   0.01865625
2.39000003e-009  0.007671876
2.40000003e-009        0.019
2.41000003e-009  0.009390626
2.42000003e-009      0.01875
2.43000003e-009  0.009000001
2.44000003e-009        0.019
2.45000003e-009  0.009000001
2.46000003e-009        0.019
2.47000003e-009  0.009000001
2.48000003e-009        0.019
2.49000003e-009  0.007367188
2.50000003e-009        0.019
