+3.00000000000E+005  -8.50437119149E+001
+7.79850000000E+006  -8.68091380851E+001
+1.52970000000E+007  -8.35404734327E+001
+2.27955000000E+007  -7.68110710898E+001
+3.02940000000E+007  -7.24619018548E+001
+3.77925000000E+007  -7.49579672277E+001
+4.52910000000E+007  -7.60858726405E+001
+5.27895000000E+007  -7.44436280586E+001
+6.02880000000E+007  -7.10138541005E+001
+6.77865000000E+007  -6.58829989178E+001
+7.52850000000E+007  -7.20333598706E+001
+8.27835000000E+007  -7.62129372977E+001
+9.02820000000E+007  -7.41833880182E+001
+9.77805000000E+007  -8.06381124591E+001
+1.05279000000E+008  -8.30238711175E+001
+1.12777500000E+008  -6.84664152726E+001
+1.20276000000E+008  -6.84452993998E+001
+1.27774500000E+008  -7.00509778392E+001
+1.35273000000E+008  -6.21808598600E+001
+1.42771500000E+008  -7.22278990592E+001
+1.50270000000E+008  -6.11053288058E+001
+1.57768500000E+008  -6.52259737538E+001
+1.65267000000E+008  -5.44099775765E+001
+1.72765500000E+008  -5.88611262986E+001
+1.80264000000E+008  -6.03756462135E+001
+1.87762500000E+008  -5.96634888260E+001
+1.95261000000E+008  -5.44943937526E+001
+2.02759500000E+008  -5.90281187577E+001
+2.10258000000E+008  -6.80832270815E+001
+2.17756500000E+008  -5.38948160980E+001
+2.25255000000E+008  -6.66839938640E+001
+2.32753500000E+008  -5.37731926169E+001
+2.40252000000E+008  -5.76771746842E+001
+2.47750500000E+008  -5.64935526393E+001
+2.55249000000E+008  -6.58366422990E+001
+2.62747500000E+008  -6.89380849777E+001
+2.70246000000E+008  -5.68829940615E+001
+2.77744500000E+008  -6.49548003851E+001
+2.85243000000E+008  -6.74632249135E+001
+2.92741500000E+008  -6.32831399158E+001
+3.00240000000E+008  -5.40576451123E+001
+3.07738500000E+008  -6.44017462516E+001
+3.15237000000E+008  -5.87819691786E+001
+3.22735500000E+008  -7.02022767699E+001
+3.30234000000E+008  -5.73726266658E+001
+3.37732500000E+008  -6.47819344452E+001
+3.45231000000E+008  -6.99362870169E+001
+3.52729500000E+008  -6.39622721603E+001
+3.60228000000E+008  -5.77221080609E+001
+3.67726500000E+008  -5.82339617345E+001
+3.75225000000E+008  -5.54264934816E+001
+3.82723500000E+008  -5.32316277151E+001
+3.90222000000E+008  -5.44416820593E+001
+3.97720500000E+008  -6.87496026808E+001
+4.05219000000E+008  -6.05507702931E+001
+4.12717500000E+008  -5.20431632923E+001
+4.20216000000E+008  -5.21879238238E+001
+4.27714500000E+008  -6.11318464161E+001
+4.35213000000E+008  -7.23469116325E+001
+4.42711500000E+008  -5.93507688889E+001
+4.50210000000E+008  -5.78348229684E+001
+4.57708500000E+008  -6.62325894052E+001
+4.65207000000E+008  -5.83486267202E+001
+4.72705500000E+008  -7.30135017949E+001
+4.80204000000E+008  -6.54410539554E+001
+4.87702500000E+008  -7.16760338258E+001
+4.95201000000E+008  -7.16213742634E+001
+5.02699500000E+008  -6.82986578671E+001
+5.10198000000E+008  -5.84867469883E+001
+5.17696500000E+008  -6.08545980741E+001
+5.25195000000E+008  -5.80137273600E+001
+5.32693500000E+008  -7.46428186625E+001
+5.40192000000E+008  -6.32547349108E+001
+5.47690500000E+008  -6.07236930480E+001
+5.55189000000E+008  -6.14158416637E+001
+5.62687500000E+008  -6.32691815860E+001
+5.70186000000E+008  -7.09246854016E+001
+5.77684500000E+008  -6.88597810111E+001
+5.85183000000E+008  -6.51031318276E+001
+5.92681500000E+008  -7.18187457960E+001
+6.00180000000E+008  -6.06236446933E+001
+6.07678500000E+008  -5.72346739951E+001
+6.15177000000E+008  -6.63909972175E+001
+6.22675500000E+008  -6.54442254743E+001
+6.30174000000E+008  -6.22230243424E+001
+6.37672500000E+008  -6.27446910938E+001
+6.45171000000E+008  -6.14264095722E+001
+6.52669500000E+008  -7.35726724447E+001
+6.60168000000E+008  -6.39943034885E+001
+6.67666500000E+008  -5.61934031162E+001
+6.75165000000E+008  -5.96274980230E+001
+6.82663500000E+008  -6.40618963259E+001
+6.90162000000E+008  -6.57843644784E+001
+6.97660500000E+008  -6.06510394733E+001
+7.05159000000E+008  -5.48165644408E+001
+7.12657500000E+008  -6.08142753943E+001
+7.20156000000E+008  -5.97262803943E+001
+7.27654500000E+008  -5.65460804808E+001
+7.35153000000E+008  -6.36579813380E+001
+7.42651500000E+008  -6.26189718160E+001
+7.50150000000E+008  -8.32306912756E+001
+7.57648500000E+008  -6.57530428962E+001
+7.65147000000E+008  -7.91237214474E+001
+7.72645500000E+008  -7.42882343837E+001
+7.80144000000E+008  -5.82461090224E+001
+7.87642500000E+008  -6.24958976079E+001
+7.95141000000E+008  -6.12893365954E+001
+8.02639500000E+008  -7.74584058188E+001
+8.10138000000E+008  -6.49657223858E+001
+8.17636500000E+008  -6.63896951190E+001
+8.25135000000E+008  -5.79599953201E+001
+8.32633500000E+008  -6.08061394575E+001
+8.40132000000E+008  -7.17589216985E+001
+8.47630500000E+008  -6.86020294418E+001
+8.55129000000E+008  -6.26489032326E+001
+8.62627500000E+008  -6.46418789394E+001
+8.70126000000E+008  -8.70346309655E+001
+8.77624500000E+008  -7.08271891033E+001
+8.85123000000E+008  -6.25530592673E+001
+8.92621500000E+008  -6.56699575437E+001
+9.00120000000E+008  -8.65867270283E+001
+9.07618500000E+008  -6.76983963058E+001
+9.15117000000E+008  -6.08631604301E+001
+9.22615500000E+008  -6.82437104596E+001
+9.30114000000E+008  -5.76080983969E+001
+9.37612500000E+008  -7.89063514523E+001
+9.45111000000E+008  -5.87263831522E+001
+9.52609500000E+008  -6.11672225742E+001
+9.60108000000E+008  -6.95529453729E+001
+9.67606500000E+008  -7.42949710286E+001
+9.75105000000E+008  -6.32470294938E+001
+9.82603500000E+008  -7.67528266311E+001
+9.90102000000E+008  -7.02224127917E+001
+9.97600500000E+008  -7.59966843920E+001
+1.00509900000E+009  -6.93586777868E+001
+1.01259750000E+009  -7.51062477475E+001
+1.02009600000E+009  -6.44509900510E+001
+1.02759450000E+009  -6.78405036299E+001
+1.03509300000E+009  -6.34309923343E+001
+1.04259150000E+009  -5.85586493070E+001
+1.05009000000E+009  -6.95918514149E+001
+1.05758850000E+009  -7.05009519740E+001
+1.06508700000E+009  -7.85513140676E+001
+1.07258550000E+009  -6.93940732005E+001
+1.08008400000E+009  -6.51250198727E+001
+1.08758250000E+009  -6.34396983897E+001
+1.09508100000E+009  -6.50558648963E+001
+1.10257950000E+009  -6.57813314116E+001
+1.11007800000E+009  -6.54422842968E+001
+1.11757650000E+009  -6.85833349889E+001
+1.12507500000E+009  -6.83798585425E+001
+1.13257350000E+009  -7.05939322788E+001
+1.14007200000E+009  -6.24857122562E+001
+1.14757050000E+009  -6.56117572077E+001
+1.15506900000E+009  -7.80257237955E+001
+1.16256750000E+009  -6.57731195736E+001
+1.17006600000E+009  -6.81047911012E+001
+1.17756450000E+009  -7.19360137175E+001
+1.18506300000E+009  -6.28245220654E+001
+1.19256150000E+009  -6.96683876371E+001
+1.20006000000E+009  -6.61504497187E+001
+1.20755850000E+009  -7.17521772731E+001
+1.21505700000E+009  -8.14593544445E+001
+1.22255550000E+009  -8.11330089695E+001
+1.23005400000E+009  -6.94759865054E+001
+1.23755250000E+009  -7.19811302257E+001
+1.24505100000E+009  -6.74805137972E+001
+1.25254950000E+009  -6.61826024406E+001
+1.26004800000E+009  -8.09386191293E+001
+1.26754650000E+009  -7.04341525256E+001
+1.27504500000E+009  -6.82736066204E+001
+1.28254350000E+009  -6.93135957898E+001
+1.29004200000E+009  -7.05588761478E+001
+1.29754050000E+009  -6.73649862119E+001
+1.30503900000E+009  -7.03201764768E+001
+1.31253750000E+009  -7.13037297437E+001
+1.32003600000E+009  -7.01401021912E+001
+1.32753450000E+009  -7.38127737714E+001
+1.33503300000E+009  -7.42081922744E+001
+1.34253150000E+009  -6.77563109059E+001
+1.35003000000E+009  -7.38653703552E+001
+1.35752850000E+009  -6.82497839283E+001
+1.36502700000E+009  -7.06306050899E+001
+1.37252550000E+009  -8.24074498780E+001
+1.38002400000E+009  -7.01388198778E+001
+1.38752250000E+009  -6.75316609795E+001
+1.39502100000E+009  -7.15003055000E+001
+1.40251950000E+009  -7.04472773075E+001
+1.41001800000E+009  -7.62231578163E+001
+1.41751650000E+009  -7.21251154862E+001
+1.42501500000E+009  -6.83901355821E+001
+1.43251350000E+009  -7.62722975819E+001
+1.44001200000E+009  -8.75016270527E+001
+1.44751050000E+009  -7.39279211640E+001
+1.45500900000E+009  -7.79823357382E+001
+1.46250750000E+009  -7.88562906653E+001
+1.47000600000E+009  -7.87606674034E+001
+1.47750450000E+009  -7.65420148039E+001
+1.48500300000E+009  -7.37709980998E+001
+1.49250150000E+009  -8.16484755780E+001
+1.50000000000E+009  -6.98050768888E+001
