-2.49000003e-009 -0.009148438
-2.48000003e-009 -0.009320313
-2.47000003e-009 -0.009414063
-2.46000003e-009 -0.009476563
-2.45000003e-009 -0.009445313
-2.44000003e-009    -0.009375
-2.43000003e-009 -0.009257813
-2.42000003e-009 -0.009140625
-2.41000003e-009  -0.00909375
-2.40000003e-009  -0.00903125
-2.39000003e-009 -0.009054688
-2.38000003e-009 -0.009101563
-2.37000003e-009 -0.009179688
-2.36000003e-009 -0.009210938
-2.35000003e-009   -0.0091875
-2.34000003e-009 -0.009117188
-2.33000003e-009 -0.009039063
-2.32000003e-009   -0.0089375
-2.31000003e-009  -0.00884375
-2.30000003e-009 -0.008773438
-2.29000003e-009 -0.008710938
-2.28000003e-009 -0.008679688
-2.27000003e-009 -0.008585938
-2.26000003e-009 -0.008523438
-2.25000003e-009 -0.008421875
-2.24000003e-009 -0.008328125
-2.23000003e-009 -0.008195313
-2.22000003e-009   -0.0080625
-2.21000003e-009 -0.007976563
-2.20000003e-009  -0.00796875
-2.19000003e-009 -0.007960938
-2.18000003e-009 -0.007953125
-2.17000003e-009 -0.008007813
-2.16000003e-009 -0.008015625
-2.15000003e-009 -0.007984375
-2.14000003e-009 -0.007882813
-2.13000003e-009 -0.007742188
-2.12000003e-009 -0.007539063
-2.11000003e-009 -0.007390625
-2.10000003e-009 -0.007273437
-2.09000003e-009 -0.007234375
-2.08000003e-009 -0.007210937
-2.07000003e-009 -0.007234375
-2.06000003e-009 -0.007257812
-2.05000003e-009 -0.007234375
-2.04000003e-009 -0.007148437
-2.03000003e-009 -0.007039062
-2.02000003e-009 -0.006835937
-2.01000003e-009  -0.00671875
-2.00000003e-009 -0.006585937
-1.99000003e-009  -0.00653125
-1.98000003e-009 -0.006523437
-1.97000003e-009 -0.006546875
-1.96000003e-009 -0.006609375
-1.95000003e-009 -0.006554687
-1.94000003e-009 -0.006507812
-1.93000003e-009 -0.006382812
-1.92000003e-009    -0.006125
-1.91000003e-009 -0.005898437
-1.90000003e-009   -0.0056875
-1.89000003e-009 -0.005507812
-1.88000003e-009 -0.005367187
-1.87000002e-009 -0.005289062
-1.86000002e-009 -0.005242187
-1.85000002e-009  -0.00521875
-1.84000002e-009 -0.005210937
-1.83000002e-009 -0.005132812
-1.82000002e-009 -0.005054687
-1.81000002e-009 -0.004921875
-1.80000002e-009 -0.004742187
-1.79000002e-009 -0.004640625
-1.78000002e-009 -0.004523437
-1.77000002e-009 -0.004445312
-1.76000002e-009 -0.004421875
-1.75000002e-009 -0.004414062
-1.74000002e-009   -0.0044375
-1.73000002e-009 -0.004421875
-1.72000002e-009  -0.00434375
-1.71000002e-009 -0.004242187
-1.70000002e-009  -0.00409375
-1.69000002e-009 -0.003898437
-1.68000002e-009  -0.00365625
-1.67000002e-009 -0.003523437
-1.66000002e-009 -0.003414062
-1.65000002e-009  -0.00340625
-1.64000002e-009 -0.003460937
-1.63000002e-009 -0.003570312
-1.62000002e-009   -0.0036875
-1.61000002e-009     -0.00375
-1.60000002e-009 -0.003734375
-1.59000002e-009    -0.003625
-1.58000002e-009 -0.003445312
-1.57000002e-009 -0.003242187
-1.56000002e-009 -0.003039062
-1.55000002e-009 -0.002882812
-1.54000002e-009 -0.002757812
-1.53000002e-009 -0.002757812
-1.52000002e-009 -0.002796875
-1.51000002e-009  -0.00284375
-1.50000002e-009    -0.002875
-1.49000002e-009    -0.002875
-1.48000002e-009 -0.002789062
-1.47000002e-009 -0.002703125
-1.46000002e-009 -0.002585937
-1.45000002e-009 -0.002421875
-1.44000002e-009 -0.002335937
-1.43000002e-009  -0.00221875
-1.42000002e-009  -0.00215625
-1.41000002e-009 -0.002140625
-1.40000002e-009 -0.002140625
-1.39000002e-009 -0.002140625
-1.38000002e-009  -0.00215625
-1.37000002e-009 -0.002203125
-1.36000002e-009 -0.002226562
-1.35000002e-009 -0.002242187
-1.34000002e-009 -0.002242187
-1.33000002e-009 -0.002226562
-1.32000002e-009 -0.002226562
-1.31000002e-009   -0.0021875
-1.30000002e-009 -0.002132812
-1.29000002e-009 -0.002140625
-1.28000002e-009 -0.002132812
-1.27000002e-009 -0.002117187
-1.26000002e-009  -0.00209375
-1.25000002e-009 -0.002054687
-1.24000002e-009  -0.00203125
-1.23000002e-009 -0.001960937
-1.22000002e-009 -0.001945312
-1.21000002e-009 -0.001929687
-1.20000002e-009 -0.001890625
-1.19000002e-009  -0.00190625
-1.18000002e-009 -0.001960937
-1.17000002e-009 -0.002039062
-1.16000002e-009 -0.002148437
-1.15000002e-009 -0.002234375
-1.14000002e-009  -0.00228125
-1.13000002e-009 -0.002304687
-1.12000001e-009 -0.002289062
-1.11000001e-009 -0.002210937
-1.10000001e-009 -0.002078125
-1.09000001e-009 -0.001929687
-1.08000001e-009 -0.001789062
-1.07000001e-009 -0.001640625
-1.06000001e-009 -0.001546875
-1.05000001e-009  -0.00153125
-1.04000001e-009 -0.001601562
-1.03000001e-009  -0.00171875
-1.02000001e-009 -0.001867187
-1.01000001e-009 -0.002046875
-1.00000001e-009 -0.002164062
-9.90000013e-010 -0.002265625
-9.80000013e-010 -0.002273437
-9.70000013e-010 -0.002328125
-9.60000013e-010 -0.002265625
-9.50000013e-010 -0.002242187
-9.40000013e-010 -0.002234375
-9.30000012e-010 -0.002226562
-9.20000012e-010 -0.002226562
-9.10000012e-010 -0.002257812
-9.00000012e-010  -0.00228125
-8.90000012e-010 -0.002335937
-8.80000012e-010 -0.002367187
-8.70000012e-010 -0.002476562
-8.60000011e-010 -0.002554687
-8.50000011e-010 -0.002679687
-8.40000011e-010 -0.002820312
-8.30000011e-010  -0.00296875
-8.20000011e-010 -0.003101562
-8.10000011e-010   -0.0031875
-8.00000011e-010 -0.003289062
-7.90000011e-010 -0.003367187
-7.8000001e-010   -0.0034375
-7.7000001e-010 -0.003523437
-7.6000001e-010  -0.00359375
-7.5000001e-010 -0.003734375
-7.4000001e-010 -0.003882812
-7.3000001e-010 -0.004046875
-7.2000001e-010 -0.004179687
-7.10000009e-010 -0.004289062
-7.00000009e-010  -0.00446875
-6.90000009e-010 -0.004703125
-6.80000009e-010 -0.004992187
-6.70000009e-010 -0.005265625
-6.60000009e-010 -0.005585937
-6.50000009e-010  -0.00603125
-6.40000009e-010 -0.006617187
-6.30000008e-010 -0.007304687
-6.20000008e-010 -0.008046875
-6.10000008e-010 -0.008851563
-6.00000008e-010 -0.009898438
-5.90000008e-010  -0.01123438
-5.80000008e-010  -0.01282031
-5.70000008e-010  -0.01464063
-5.60000007e-010  -0.01677344
-5.50000007e-010  -0.01939063
-5.40000007e-010  -0.02249219
-5.30000007e-010  -0.02610156
-5.20000007e-010  -0.03017969
-5.10000007e-010  -0.03470313
-5.00000007e-010  -0.03980469
-4.90000007e-010  -0.04552344
-4.80000006e-010  -0.05178906
-4.70000006e-010  -0.05848438
-4.60000006e-010  -0.06560938
-4.50000006e-010  -0.07313282
-4.40000006e-010   -0.0809375
-4.30000006e-010  -0.08889063
-4.20000006e-010  -0.09690625
-4.10000005e-010   -0.1047969
-4.00000005e-010   -0.1122891
-3.90000005e-010   -0.1193359
-3.80000005e-010    -0.125875
-3.70000005e-010   -0.1319219
-3.60000005e-010   -0.1372578
-3.50000005e-010   -0.1417734
-3.40000005e-010   -0.1454844
-3.30000004e-010   -0.1484297
-3.20000004e-010   -0.1508438
-3.10000004e-010   -0.1525781
-3.00000004e-010   -0.1534609
-2.90000004e-010   -0.1536563
-2.80000004e-010   -0.1533359
-2.70000004e-010   -0.1527422
-2.60000003e-010   -0.1518047
-2.50000003e-010   -0.1503984
-2.40000003e-010   -0.1485469
-2.30000003e-010   -0.1465078
-2.20000003e-010   -0.1443906
-2.10000003e-010   -0.1420938
-2.00000003e-010   -0.1393984
-1.90000003e-010     -0.13625
-1.80000002e-010   -0.1326953
-1.70000002e-010   -0.1288594
-1.60000002e-010   -0.1244922
-1.50000002e-010   -0.1194766
-1.40000002e-010   -0.1137656
-1.30000002e-010   -0.1074531
-1.20000002e-010   -0.1007188
-1.10000001e-010  -0.09354688
-1.00000001e-010  -0.08603125
-9.00000012e-011  -0.07811719
-8.00000011e-011  -0.06999219
-7.00000009e-011  -0.06173438
-6.00000008e-011  -0.05345313
-5.00000007e-011  -0.04532031
-4.00000005e-011  -0.03740625
-3.00000004e-011   -0.0298125
-2.00000003e-011  -0.02264063
-1.00000001e-011  -0.01610156
           0  -0.01033594
1.00000001e-011 -0.005296875
2.00000003e-011 -0.0009531247
3.00000004e-011  0.002765625
4.00000005e-011  0.005875001
5.00000007e-011  0.008328126
6.00000008e-011   0.01020313
7.00000009e-011    0.0116875
8.00000011e-011   0.01288281
9.00000012e-011   0.01374219
1.00000001e-010   0.01420313
1.10000001e-010   0.01436719
1.20000002e-010   0.01446875
1.30000002e-010   0.01448438
1.40000002e-010   0.01446094
1.50000002e-010   0.01425781
1.60000002e-010   0.01403906
1.70000002e-010   0.01382031
1.80000002e-010   0.01374219
1.90000003e-010   0.01376563
2.00000003e-010   0.01392969
2.10000003e-010    0.0141875
2.20000003e-010     0.014625
2.30000003e-010   0.01532031
2.40000003e-010   0.01609375
2.50000003e-010   0.01692188
2.60000003e-010   0.01774219
2.70000004e-010   0.01852344
2.80000004e-010   0.01921094
2.90000004e-010   0.01977344
3.00000004e-010   0.02017969
3.10000004e-010    0.0204375
3.20000004e-010   0.02060156
3.30000004e-010   0.02071094
3.40000005e-010      0.02075
3.50000005e-010   0.02074219
3.60000005e-010   0.02070313
3.70000005e-010   0.02071094
3.80000005e-010    0.0206875
3.90000005e-010   0.02064844
4.00000005e-010   0.02058594
4.10000005e-010   0.02045313
4.20000006e-010      0.02025
4.30000006e-010   0.01996094
4.40000006e-010   0.01964844
4.50000006e-010      0.01925
4.60000006e-010   0.01885938
4.70000006e-010    0.0184375
4.80000006e-010   0.01802344
4.90000007e-010   0.01764844
5.00000007e-010   0.01723438
5.10000007e-010   0.01682813
5.20000007e-010   0.01639063
5.30000007e-010   0.01592969
5.40000007e-010    0.0154375
5.50000007e-010   0.01494531
5.60000007e-010   0.01449219
5.70000008e-010   0.01410156
5.80000008e-010   0.01377344
5.90000008e-010   0.01350781
6.00000008e-010   0.01332813
6.10000008e-010   0.01328906
6.20000008e-010   0.01333594
6.30000008e-010   0.01340625
6.40000009e-010       0.0135
6.50000009e-010   0.01365625
6.60000009e-010   0.01372656
6.70000009e-010   0.01375781
6.80000009e-010   0.01378125
6.90000009e-010   0.01374219
7.00000009e-010   0.01373438
7.10000009e-010   0.01370313
7.2000001e-010   0.01373438
7.3000001e-010   0.01383594
7.4000001e-010   0.01396094
7.5000001e-010     0.014125
7.6000001e-010   0.01424219
7.7000001e-010   0.01435156
7.8000001e-010   0.01440625
7.90000011e-010   0.01439063
8.00000011e-010   0.01433594
8.10000011e-010   0.01434375
8.20000011e-010   0.01436719
8.30000011e-010   0.01446094
8.40000011e-010   0.01460938
8.50000011e-010   0.01479688
8.60000011e-010        0.015
8.70000012e-010    0.0151875
8.80000012e-010   0.01532813
8.90000012e-010   0.01548438
9.00000012e-010   0.01557031
9.10000012e-010   0.01572656
9.20000012e-010   0.01589063
9.30000012e-010   0.01609375
9.40000013e-010   0.01633594
9.50000013e-010   0.01660156
9.60000013e-010   0.01685938
9.70000013e-010   0.01707813
9.80000013e-010   0.01729688
9.90000013e-010   0.01742969
1.00000001e-009   0.01751563
1.01000001e-009   0.01757813
1.02000001e-009   0.01760156
1.03000001e-009     0.017625
1.04000001e-009   0.01766406
1.05000001e-009     0.017625
1.06000001e-009   0.01765625
1.07000001e-009   0.01765625
1.08000001e-009   0.01765625
1.09000001e-009     0.017625
1.10000001e-009   0.01758594
1.11000001e-009   0.01759375
1.12000001e-009   0.01760156
1.13000002e-009   0.01767188
1.14000002e-009   0.01773438
1.15000002e-009   0.01782813
1.16000002e-009   0.01796875
1.17000002e-009    0.0180625
1.18000002e-009   0.01817188
1.19000002e-009   0.01828125
1.20000002e-009   0.01834375
1.21000002e-009   0.01847656
1.22000002e-009   0.01864063
1.23000002e-009    0.0188125
1.24000002e-009   0.01896875
1.25000002e-009   0.01914844
1.26000002e-009   0.01921875
1.27000002e-009   0.01932031
1.28000002e-009   0.01940625
1.29000002e-009   0.01948438
1.30000002e-009   0.01964844
1.31000002e-009   0.01978906
1.32000002e-009   0.01996094
1.33000002e-009     0.020125
1.34000002e-009   0.02024219
1.35000002e-009      0.02025
1.36000002e-009   0.02019531
1.37000002e-009   0.02002344
1.38000002e-009   0.01979688
1.39000002e-009    0.0195625
1.40000002e-009   0.01933594
1.41000002e-009   0.01922656
1.42000002e-009   0.01919531
1.43000002e-009   0.01923438
1.44000002e-009   0.01936719
1.45000002e-009   0.01949219
1.46000002e-009   0.01954688
1.47000002e-009   0.01953906
1.48000002e-009       0.0195
1.49000002e-009   0.01939844
1.50000002e-009   0.01927344
1.51000002e-009   0.01910156
1.52000002e-009   0.01896094
1.53000002e-009   0.01891406
1.54000002e-009   0.01878906
1.55000002e-009   0.01866406
1.56000002e-009   0.01850781
1.57000002e-009   0.01834375
1.58000002e-009   0.01816406
1.59000002e-009   0.01789063
1.60000002e-009   0.01767188
1.61000002e-009   0.01747656
1.62000002e-009   0.01728125
1.63000002e-009     0.017125
1.64000002e-009    0.0169375
1.65000002e-009   0.01678125
1.66000002e-009     0.016625
1.67000002e-009   0.01645313
1.68000002e-009   0.01626563
1.69000002e-009   0.01616406
1.70000002e-009   0.01610156
1.71000002e-009    0.0160625
1.72000002e-009   0.01608594
1.73000002e-009   0.01615625
1.74000002e-009   0.01621875
1.75000002e-009   0.01629688
1.76000002e-009    0.0163125
1.77000002e-009   0.01626563
1.78000002e-009   0.01614844
1.79000002e-009   0.01596875
1.80000002e-009   0.01585938
1.81000002e-009   0.01565625
1.82000002e-009   0.01554688
1.83000002e-009   0.01548438
1.84000002e-009   0.01547656
1.85000002e-009    0.0155625
1.86000002e-009     0.015625
1.87000002e-009   0.01577344
1.88000003e-009   0.01584375
1.89000003e-009   0.01589063
1.90000003e-009     0.015875
1.91000003e-009   0.01582031
1.92000003e-009   0.01578125
1.93000003e-009   0.01576563
1.94000003e-009      0.01575
1.95000003e-009   0.01576563
1.96000003e-009   0.01578906
1.97000003e-009   0.01578125
1.98000003e-009   0.01577344
1.99000003e-009   0.01573438
2.00000003e-009   0.01566406
2.01000003e-009   0.01555469
2.02000003e-009   0.01545313
2.03000003e-009   0.01536719
2.04000003e-009   0.01534375
2.05000003e-009   0.01529688
2.06000003e-009    0.0153125
2.07000003e-009   0.01535938
2.08000003e-009   0.01542188
2.09000003e-009   0.01545313
2.10000003e-009   0.01551563
2.11000003e-009    0.0155625
2.12000003e-009   0.01559375
2.13000003e-009   0.01561719
2.14000003e-009     0.015625
2.15000003e-009   0.01564063
2.16000003e-009   0.01561719
2.17000003e-009   0.01557813
2.18000003e-009   0.01553125
2.19000003e-009   0.01547656
2.20000003e-009    0.0154375
2.21000003e-009   0.01540625
2.22000003e-009   0.01539063
2.23000003e-009   0.01539844
2.24000003e-009   0.01540625
2.25000003e-009   0.01542188
2.26000003e-009   0.01547656
2.27000003e-009   0.01541406
2.28000003e-009   0.01540625
2.29000003e-009   0.01533594
2.30000003e-009   0.01528125
2.31000003e-009   0.01516406
2.32000003e-009   0.01504688
2.33000003e-009   0.01489844
2.34000003e-009   0.01479688
2.35000003e-009   0.01474219
2.36000003e-009   0.01464844
2.37000003e-009   0.01464844
2.38000003e-009   0.01464844
2.39000003e-009   0.01470313
2.40000003e-009   0.01473438
2.41000003e-009   0.01471094
2.42000003e-009   0.01469531
2.43000003e-009   0.01467188
2.44000003e-009   0.01457031
2.45000003e-009   0.01450781
2.46000003e-009   0.01444531
2.47000003e-009   0.01436719
2.48000003e-009   0.01428906
2.49000003e-009      0.01425
2.50000003e-009    0.0141875
