-1.24500002e-009 -0.006984375
-1.24000002e-009        0.003
-1.23500002e-009 -0.007273437
-1.23000002e-009  0.002359375
-1.22500002e-009 -0.007570313
-1.22000002e-009  0.002070313
-1.21500002e-009   -0.0074375
-1.21000002e-009  0.002789063
-1.20500002e-009 -0.006820312
-1.20000002e-009  0.003023438
-1.19500002e-009   -0.0068125
-1.19000002e-009  0.003296876
-1.18500002e-009 -0.007085937
-1.18000002e-009  0.003132813
-1.17500002e-009 -0.007101562
-1.17000002e-009  0.002609375
-1.16500002e-009       -0.007
-1.16000002e-009  0.002476563
-1.15500002e-009 -0.006921875
-1.15000002e-009  0.003054688
-1.14500002e-009 -0.007226562
-1.14000002e-009  0.003265626
-1.13500002e-009  -0.00646875
-1.13000002e-009  0.003476563
-1.12500002e-009 -0.005835937
-1.12000001e-009  0.003406251
-1.11500001e-009 -0.005585937
-1.11000001e-009     0.002875
-1.10500001e-009 -0.005609375
-1.10000001e-009  0.002484375
-1.09500001e-009 -0.005820312
-1.09000001e-009        0.003
-1.08500001e-009     -0.00575
-1.08000001e-009  0.003585938
-1.07500001e-009 -0.005664062
-1.07000001e-009  0.003320313
-1.06500001e-009 -0.005773437
-1.06000001e-009  0.003289063
-1.05500001e-009 -0.006070312
-1.05000001e-009  0.003343751
-1.04500001e-009 -0.006695312
-1.04000001e-009   0.00284375
-1.03500001e-009       -0.007
-1.03000001e-009  0.002945313
-1.02500001e-009 -0.006914062
-1.02000001e-009   0.00271875
-1.01500001e-009 -0.006578125
-1.01000001e-009  0.004445313
-1.00500001e-009 -0.006078125
-1.00000001e-009  0.005210938
-9.95000013e-010 -0.005515625
-9.90000013e-010  0.004828126
-9.85000013e-010 -0.005703125
-9.80000013e-010  0.003546876
-9.75000013e-010 -0.006664062
-9.70000013e-010  0.002929688
-9.65000013e-010   -0.0070625
-9.60000013e-010        0.003
-9.55000013e-010 -0.006710937
-9.50000013e-010  0.003500001
-9.45000013e-010 -0.006351562
-9.40000013e-010  0.004648438
-9.35000012e-010 -0.007210937
-9.30000012e-010  0.005000001
-9.25000012e-010 -0.007296875
-9.20000012e-010  0.004210938
-9.15000012e-010  -0.00728125
-9.10000012e-010  0.003218751
-9.05000012e-010 -0.007078125
-9.00000012e-010   0.00284375
-8.95000012e-010   -0.0074375
-8.90000012e-010    0.0015625
-8.85000012e-010 -0.007484375
-8.80000012e-010   0.00115625
-8.75000012e-010 -0.008039063
-8.70000012e-010   0.00259375
-8.65000012e-010 -0.007890625
-8.60000011e-010  0.003078125
-8.55000011e-010       -0.007
-8.50000011e-010  0.002507813
-8.45000011e-010 -0.007617188
-8.40000011e-010  0.001484375
-8.35000011e-010    -0.007875
-8.30000011e-010  0.001539063
-8.25000011e-010   -0.0078125
-8.20000011e-010  0.001710938
-8.15000011e-010 -0.007484375
-8.10000011e-010  0.001984375
-8.05000011e-010       -0.007
-8.00000011e-010  0.001929688
-7.95000011e-010 -0.007117187
-7.90000011e-010  0.001429688
-7.8500001e-010 -0.007492188
-7.8000001e-010 0.0002734379
-7.7500001e-010 -0.008046875
-7.7000001e-010 0.0006953129
-7.6500001e-010 -0.008476563
-7.6000001e-010  0.001195313
-7.5500001e-010  -0.00834375
-7.5000001e-010  0.001328125
-7.4500001e-010 -0.007921875
-7.4000001e-010        0.001
-7.3500001e-010    -0.009125
-7.3000001e-010 -0.0003281247
-7.2500001e-010       -0.009
-7.2000001e-010 -0.0009999997
-7.1500001e-010  -0.00896875
-7.10000009e-010 -0.0009999997
-7.05000009e-010  -0.01007031
-7.00000009e-010 -0.001671875
-6.95000009e-010  -0.01084375
-6.90000009e-010 -0.0009765622
-6.85000009e-010  -0.01134375
-6.80000009e-010 -0.001460937
-6.75000009e-010  -0.01175781
-6.70000009e-010 -0.001296875
-6.65000009e-010  -0.01182031
-6.60000009e-010  -0.00215625
-6.55000009e-010  -0.01233594
-6.50000009e-010 -0.002304687
-6.45000009e-010  -0.01307031
-6.40000009e-010       -0.003
-6.35000008e-010       -0.015
-6.30000008e-010      -0.0055
-6.25000008e-010  -0.01696094
-6.20000008e-010 -0.006492187
-6.15000008e-010  -0.01799219
-6.10000008e-010 -0.008273438
-6.05000008e-010  -0.01860156
-6.00000008e-010 -0.009382813
-5.95000008e-010  -0.02124219
-5.90000008e-010       -0.011
-5.85000008e-010  -0.02399219
-5.80000008e-010  -0.01432813
-5.75000008e-010  -0.02671875
-5.70000008e-010  -0.01785938
-5.65000008e-010  -0.03008594
-5.60000007e-010  -0.02189063
-5.55000007e-010  -0.03454688
-5.50000007e-010  -0.02521875
-5.45000007e-010  -0.03901563
-5.40000007e-010  -0.02950781
-5.35000007e-010  -0.04466406
-5.30000007e-010       -0.035
-5.25000007e-010  -0.05071875
-5.20000007e-010  -0.04115625
-5.15000007e-010  -0.05765625
-5.10000007e-010  -0.04794531
-5.05000007e-010  -0.06496875
-5.00000007e-010  -0.05515625
-4.95000007e-010  -0.07207813
-4.90000007e-010   -0.0628125
-4.85000006e-010       -0.079
-4.80000006e-010  -0.06983594
-4.75000006e-010  -0.08579688
-4.70000006e-010       -0.077
-4.65000006e-010  -0.09483594
-4.60000006e-010  -0.08479688
-4.55000006e-010       -0.103
-4.50000006e-010  -0.09340625
-4.45000006e-010   -0.1106563
-4.40000006e-010   -0.1025781
-4.35000006e-010   -0.1187109
-4.30000006e-010   -0.1096016
-4.25000006e-010       -0.127
-4.20000006e-010   -0.1163047
-4.15000006e-010   -0.1344453
-4.10000005e-010   -0.1224531
-4.05000005e-010   -0.1399531
-4.00000005e-010   -0.1280859
-3.95000005e-010   -0.1439609
-3.90000005e-010   -0.1334219
-3.85000005e-010    -0.149625
-3.80000005e-010   -0.1384375
-3.75000005e-010   -0.1538672
-3.70000005e-010   -0.1434453
-3.65000005e-010   -0.1567656
-3.60000005e-010   -0.1464219
-3.55000005e-010   -0.1584453
-3.50000005e-010    -0.147875
-3.45000005e-010   -0.1604922
-3.40000005e-010   -0.1493906
-3.35000004e-010   -0.1601875
-3.30000004e-010   -0.1502344
-3.25000004e-010   -0.1611484
-3.20000004e-010   -0.1492891
-3.15000004e-010       -0.161
-3.10000004e-010   -0.1480078
-3.05000004e-010       -0.161
-3.00000004e-010   -0.1466172
-2.95000004e-010   -0.1597969
-2.90000004e-010   -0.1460859
-2.85000004e-010   -0.1578359
-2.80000004e-010   -0.1434297
-2.75000004e-010   -0.1554922
-2.70000004e-010   -0.1415234
-2.65000004e-010   -0.1531484
-2.60000003e-010   -0.1394922
-2.55000003e-010       -0.151
-2.50000003e-010   -0.1369375
-2.45000003e-010   -0.1479219
-2.40000003e-010     -0.13425
-2.35000003e-010   -0.1450781
-2.30000003e-010   -0.1315156
-2.25000003e-010   -0.1408047
-2.20000003e-010   -0.1286172
-2.15000003e-010       -0.139
-2.10000003e-010   -0.1249141
-2.05000003e-010   -0.1350078
-2.00000003e-010   -0.1210703
-1.95000003e-010   -0.1308828
-1.90000003e-010   -0.1163359
-1.85000002e-010   -0.1262031
-1.80000002e-010       -0.111
-1.75000002e-010   -0.1212891
-1.70000002e-010   -0.1054063
-1.65000002e-010   -0.1157188
-1.60000002e-010       -0.099
-1.55000002e-010       -0.109
-1.50000002e-010  -0.09064844
-1.45000002e-010   -0.1024141
-1.40000002e-010  -0.08228125
-1.35000002e-010  -0.09498438
-1.30000002e-010  -0.07413282
-1.25000002e-010  -0.08641407
-1.20000002e-010  -0.06635157
-1.15000002e-010  -0.07786719
-1.10000001e-010  -0.05835156
-1.05000001e-010       -0.069
-1.00000001e-010  -0.04983594
-9.50000013e-011  -0.06092969
-9.00000012e-011  -0.04124219
-8.50000011e-011  -0.05236719
-8.00000011e-011  -0.03360156
-7.5000001e-011  -0.04394531
-7.00000009e-011       -0.027
-6.50000009e-011  -0.03575781
-6.00000008e-011  -0.02078906
-5.50000007e-011  -0.02932031
-5.00000007e-011   -0.0139375
-4.50000006e-011  -0.02302344
-4.00000005e-011 -0.007757813
-3.50000005e-011  -0.01703125
-3.00000004e-011 -6.249965e-005
-2.50000003e-011  -0.01152344
-2.00000003e-011  0.006539063
-1.50000002e-011  -0.00696875
-1.00000001e-011   0.01038281
-5.00000007e-012 -0.003085937
           0   0.01177344
5.00000007e-012 0.0006328129
1.00000001e-011   0.01297656
1.50000002e-011  0.004179688
2.00000003e-011        0.017
2.50000003e-011  0.007351563
3.00000004e-011   0.01848438
3.50000005e-011  0.009070313
4.00000005e-011   0.01970313
4.50000006e-011   0.01028906
5.00000007e-011        0.021
5.50000007e-011     0.011125
6.00000008e-011        0.021
6.50000009e-011   0.01105469
7.00000009e-011   0.02071094
7.5000001e-011        0.011
8.00000011e-011     0.019875
8.50000011e-011   0.01071875
9.00000012e-011   0.02080469
9.50000013e-011        0.011
1.00000001e-010   0.02057031
1.05000001e-010  0.008367188
1.10000001e-010   0.01944531
1.15000002e-010  0.006093751
1.20000002e-010   0.02017969
1.25000002e-010  0.005000001
1.30000002e-010   0.02086719
1.35000002e-010  0.004984376
1.40000002e-010   0.02065625
1.45000002e-010  0.006437501
1.50000002e-010   0.01970313
1.55000002e-010  0.007515626
1.60000002e-010   0.01847656
1.65000002e-010  0.007070313
1.70000002e-010   0.01709375
1.75000002e-010  0.006914063
1.80000002e-010   0.01701563
1.85000002e-010  0.007281251
1.90000003e-010   0.01771094
1.95000003e-010  0.008531251
2.00000003e-010   0.01919531
2.05000003e-010  0.008968751
2.10000003e-010   0.02064063
2.15000003e-010  0.009812501
2.20000003e-010   0.02186719
2.25000003e-010        0.011
2.30000003e-010   0.02273438
2.35000003e-010   0.01192188
2.40000003e-010   0.02304688
2.45000003e-010   0.01346875
2.50000003e-010        0.025
2.55000003e-010   0.01449219
2.60000003e-010   0.02585938
2.65000004e-010   0.01535156
2.70000004e-010   0.02571875
2.75000004e-010   0.01605469
2.80000004e-010        0.027
2.85000004e-010   0.01586719
2.90000004e-010   0.02707813
2.95000004e-010   0.01515625
3.00000004e-010   0.02738281
3.05000004e-010   0.01488281
3.10000004e-010    0.0275625
3.15000004e-010    0.0153125
3.20000004e-010   0.02710156
3.25000004e-010   0.01650781
3.30000004e-010   0.02688281
3.35000004e-010   0.01803125
3.40000005e-010        0.027
3.45000005e-010   0.01720313
3.50000005e-010        0.027
3.55000005e-010   0.01652344
3.60000005e-010   0.02707031
3.65000005e-010   0.01599219
3.70000005e-010   0.02696094
3.75000005e-010   0.01552344
3.80000005e-010   0.02680469
3.85000005e-010   0.01385938
3.90000005e-010       0.0255
3.95000005e-010   0.01303906
4.00000005e-010   0.02439844
4.05000005e-010   0.01316406
4.10000005e-010   0.02423438
4.15000006e-010   0.01310156
4.20000006e-010   0.02358594
4.25000006e-010   0.01401563
4.30000006e-010   0.02215625
4.35000006e-010        0.013
4.40000006e-010   0.02121094
4.45000006e-010     0.012375
4.50000006e-010   0.02158594
4.55000006e-010   0.01232813
4.60000006e-010        0.023
4.65000006e-010   0.01261719
4.70000006e-010   0.02328125
4.75000006e-010   0.01192188
4.80000006e-010   0.02251563
4.85000006e-010        0.011
4.90000007e-010   0.02094531
4.95000007e-010   0.01052344
5.00000007e-010   0.02122656
5.05000007e-010  0.009773438
5.10000007e-010        0.021
5.15000007e-010  0.009000001
5.20000007e-010   0.02114063
5.25000007e-010  0.008929688
5.30000007e-010   0.02076563
5.35000007e-010  0.009000001
5.40000007e-010     0.019875
5.45000007e-010  0.008117188
5.50000007e-010   0.02004688
5.55000007e-010  0.007523438
5.60000007e-010   0.02035938
5.65000008e-010  0.007390626
5.70000008e-010   0.02021875
5.75000008e-010  0.007859376
5.80000008e-010   0.01953906
5.85000008e-010  0.008382813
5.90000008e-010    0.0193125
5.95000008e-010  0.009000001
6.00000008e-010   0.01871875
6.05000008e-010  0.009484376
6.10000008e-010   0.01820313
6.15000008e-010  0.008437501
6.20000008e-010   0.01889844
6.25000008e-010  0.007976563
6.30000008e-010   0.01929688
6.35000008e-010  0.007000001
6.40000009e-010   0.01922656
6.45000009e-010  0.006820313
6.50000009e-010   0.01914844
6.55000009e-010  0.007359376
6.60000009e-010   0.01871875
6.65000009e-010  0.008429688
6.70000009e-010   0.01810938
6.75000009e-010  0.007726563
6.80000009e-010   0.01873438
6.85000009e-010  0.007046876
6.90000009e-010        0.019
6.95000009e-010  0.006875001
7.00000009e-010   0.01882031
7.05000009e-010  0.006414063
7.10000009e-010      0.01825
7.1500001e-010  0.006726563
7.2000001e-010   0.01841406
7.2500001e-010  0.007781251
7.3000001e-010   0.01839844
7.3500001e-010  0.009312501
7.4000001e-010   0.01872656
7.4500001e-010  0.009250001
7.5000001e-010    0.0190625
7.5500001e-010  0.008765626
7.6000001e-010   0.01880469
7.6500001e-010  0.008765626
7.7000001e-010   0.01913281
7.7500001e-010  0.009234376
7.8000001e-010     0.019125
7.8500001e-010   0.01019531
7.90000011e-010   0.01874219
7.95000011e-010   0.01060938
8.00000011e-010   0.01851563
8.05000011e-010   0.01001563
8.10000011e-010        0.019
8.15000011e-010   0.01011719
8.20000011e-010   0.01933594
8.25000011e-010       0.0105
8.30000011e-010   0.01946875
8.35000011e-010  0.009812501
8.40000011e-010   0.01910156
8.45000011e-010  0.009000001
8.50000011e-010   0.01933594
8.55000011e-010  0.009117188
8.60000011e-010   0.01951563
8.65000012e-010   0.01004688
8.70000012e-010   0.01975781
8.75000012e-010    0.0108125
8.80000012e-010   0.02070313
8.85000012e-010   0.01035938
8.90000012e-010        0.021
8.95000012e-010   0.01058594
9.00000012e-010   0.02089063
9.05000012e-010   0.01083594
9.10000012e-010        0.021
9.15000012e-010   0.01084375
9.20000012e-010   0.02139844
9.25000012e-010   0.01152344
9.30000012e-010     0.022625
9.35000012e-010   0.01260156
9.40000013e-010   0.02313281
9.45000013e-010   0.01285156
9.50000013e-010   0.02352344
9.55000013e-010   0.01309375
9.60000013e-010   0.02373438
9.65000013e-010        0.013
9.70000013e-010   0.02338281
9.75000013e-010   0.01300781
9.80000013e-010   0.02385156
9.85000013e-010        0.013
9.90000013e-010   0.02351563
9.95000013e-010    0.0128125
1.00000001e-009   0.02300781
1.00500001e-009   0.01282031
1.01000001e-009   0.02285156
1.01500001e-009   0.01173438
1.02000001e-009   0.02333594
1.02500001e-009   0.01059375
1.03000001e-009        0.023
1.03500001e-009      0.01075
1.04000001e-009   0.02314063
1.04500001e-009   0.01200781
1.05000001e-009        0.023
1.05500001e-009   0.01304688
1.06000001e-009   0.02259375
1.06500001e-009   0.01196875
1.07000001e-009   0.02299219
1.07500001e-009   0.01120313
1.08000001e-009    0.0226875
1.08500001e-009        0.011
1.09000001e-009   0.02139063
1.09500001e-009   0.01153906
1.10000001e-009   0.02185156
1.10500001e-009   0.01251563
1.11000001e-009   0.02236719
1.11500001e-009   0.01148438
1.12000001e-009   0.02242188
1.12500002e-009   0.01089063
1.13000002e-009   0.02292969
1.13500002e-009   0.01141406
1.14000002e-009   0.02328906
1.14500002e-009   0.01300781
1.15000002e-009   0.02344531
1.15500002e-009   0.01346094
1.16000002e-009   0.02307031
1.16500002e-009   0.01264844
1.17000002e-009   0.02314844
1.17500002e-009   0.01227344
1.18000002e-009   0.02341406
1.18500002e-009   0.01239063
1.19000002e-009      0.02325
1.19500002e-009   0.01305469
1.20000002e-009   0.02444531
1.20500002e-009   0.01423438
1.21000002e-009        0.025
1.21500002e-009   0.01496094
1.22000002e-009   0.02492188
1.22500002e-009   0.01502344
1.23000002e-009   0.02488281
1.23500002e-009   0.01465625
1.24000002e-009   0.02428125
1.24500002e-009   0.01410156
1.25000002e-009   0.02375781
