-4.98000007e-009 -0.0003906247
-4.96000007e-009 -0.0004218747
-4.94000007e-009 -0.0001484372
-4.92000007e-009 0.0002109379
-4.90000007e-009 0.0003828129
-4.88000007e-009 0.0002968754
-4.86000006e-009 0.0001484379
-4.84000006e-009 0.0001406254
-4.82000006e-009 0.0001875004
-4.80000006e-009 0.0001875004
-4.78000006e-009 0.0001015629
-4.76000006e-009 0.0001171879
-4.74000006e-009 0.0002265629
-4.72000006e-009 0.0004140629
-4.70000006e-009 0.0005234379
-4.68000006e-009 0.0004453129
-4.66000006e-009 0.0004140629
-4.64000006e-009 0.0004531254
-4.62000006e-009 0.0005546879
-4.60000006e-009 0.0006015629
-4.58000006e-009 0.0005156254
-4.56000006e-009 0.0003359379
-4.54000006e-009 0.0002031254
-4.52000006e-009 0.0002031254
-4.50000006e-009 0.0002343754
-4.48000006e-009 0.0002734379
-4.46000006e-009 0.0003437504
-4.44000006e-009 0.0003515629
-4.42000006e-009 0.0003828129
-4.40000006e-009 0.0003750004
-4.38000006e-009 0.0003281254
-4.36000006e-009 0.0003125004
-4.34000006e-009 0.0002968754
-4.32000006e-009 0.0003281254
-4.30000006e-009 0.0003515629
-4.28000006e-009 0.0003515629
-4.26000006e-009 0.0003437504
-4.24000006e-009 0.0004609379
-4.22000006e-009 0.0005781254
-4.20000006e-009 0.0005625004
-4.18000006e-009 0.0004843754
-4.16000006e-009 0.0004140629
-4.14000006e-009 0.0004609379
-4.12000006e-009 0.0004843754
-4.10000005e-009 0.0004453129
-4.08000005e-009 0.0002734379
-4.06000005e-009 0.0001640629
-4.04000005e-009 0.0001640629
-4.02000005e-009 0.0002734379
-4.00000005e-009 0.0003359379
-3.98000005e-009 0.0003046879
-3.96000005e-009 0.0002890629
-3.94000005e-009 0.0002578129
-3.92000005e-009 0.0002031254
-3.90000005e-009 6.250035e-005
-3.88000005e-009 -3.906215e-005
-3.86000005e-009 -0.0001249997
-3.84000005e-009 -0.0001562497
-3.82000005e-009 -6.249965e-005
-3.80000005e-009 0.0001093754
-3.78000005e-009 0.0003750004
-3.76000005e-009 0.0005312504
-3.74000005e-009 0.0005937504
-3.72000005e-009 0.0005234379
-3.70000005e-009 0.0004062504
-3.68000005e-009 0.0003828129
-3.66000005e-009 0.0003750004
-3.64000005e-009 0.0003671879
-3.62000005e-009 0.0002890629
-3.60000005e-009 0.0001718754
-3.58000005e-009 6.250035e-005
-3.56000005e-009 -0.0001015622
-3.54000005e-009 -0.0002265622
-3.52000005e-009 -0.0002578122
-3.50000005e-009 -0.0001562497
-3.48000005e-009 -6.249965e-005
-3.46000005e-009 2.343785e-005
-3.44000005e-009 -7.031215e-005
-3.42000005e-009 -0.0002578122
-3.40000005e-009 -0.0005078122
-3.38000005e-009 -0.0008281247
-3.36000004e-009 -0.001226562
-3.34000004e-009 -0.001617187
-3.32000004e-009 -0.001890625
-3.30000004e-009 -0.002070312
-3.28000004e-009  -0.00234375
-3.26000004e-009 -0.002773437
-3.24000004e-009 -0.003289062
-3.22000004e-009 -0.003679687
-3.20000004e-009 -0.003835937
-3.18000004e-009 -0.003882812
-3.16000004e-009  -0.00409375
-3.14000004e-009   -0.0045625
-3.12000004e-009 -0.005070312
-3.10000004e-009      -0.0055
-3.08000004e-009     -0.00575
-3.06000004e-009       -0.006
-3.04000004e-009 -0.006203125
-3.02000004e-009 -0.006460937
-3.00000004e-009 -0.006789062
-2.98000004e-009 -0.007203125
-2.96000004e-009   -0.0076875
-2.94000004e-009   -0.0080625
-2.92000004e-009  -0.00821875
-2.90000004e-009 -0.008140625
-2.88000004e-009 -0.008101563
-2.86000004e-009     -0.00825
-2.84000004e-009 -0.008492188
-2.82000004e-009 -0.008726563
-2.80000004e-009 -0.008914063
-2.78000004e-009  -0.00909375
-2.76000004e-009 -0.009203125
-2.74000004e-009  -0.00915625
-2.72000004e-009 -0.009007813
-2.70000004e-009 -0.008882813
-2.68000004e-009       -0.009
-2.66000004e-009 -0.009171875
-2.64000004e-009 -0.009210938
-2.62000003e-009  -0.00915625
-2.60000003e-009 -0.009078125
-2.58000003e-009 -0.009226563
-2.56000003e-009 -0.009445313
-2.54000003e-009  -0.00953125
-2.52000003e-009   -0.0094375
-2.50000003e-009 -0.009289063
-2.48000003e-009 -0.009289063
-2.46000003e-009    -0.009375
-2.44000003e-009 -0.009351563
-2.42000003e-009 -0.009328125
-2.40000003e-009 -0.009289063
-2.38000003e-009 -0.009195313
-2.36000003e-009 -0.008992188
-2.34000003e-009 -0.008757813
-2.32000003e-009 -0.008609375
-2.30000003e-009 -0.008554688
-2.28000003e-009 -0.008414063
-2.26000003e-009 -0.008117188
-2.24000003e-009 -0.007804688
-2.22000003e-009   -0.0078125
-2.20000003e-009 -0.008007813
-2.18000003e-009 -0.008078125
-2.16000003e-009 -0.007820313
-2.14000003e-009 -0.007445313
-2.12000003e-009 -0.007289062
-2.10000003e-009 -0.007398438
-2.08000003e-009  -0.00746875
-2.06000003e-009 -0.007179687
-2.04000003e-009 -0.006710937
-2.02000003e-009 -0.006492187
-2.00000003e-009  -0.00659375
-1.98000003e-009 -0.006765625
-1.96000003e-009 -0.006648437
-1.94000003e-009 -0.006195312
-1.92000003e-009 -0.005773437
-1.90000003e-009 -0.005570312
-1.88000003e-009 -0.005585937
-1.86000002e-009 -0.005546875
-1.84000002e-009 -0.005351562
-1.82000002e-009 -0.005078125
-1.80000002e-009     -0.00475
-1.78000002e-009 -0.004507812
-1.76000002e-009 -0.004367187
-1.74000002e-009 -0.004304687
-1.72000002e-009  -0.00415625
-1.70000002e-009 -0.004039062
-1.68000002e-009 -0.003882812
-1.66000002e-009 -0.003757812
-1.64000002e-009 -0.003734375
-1.62000002e-009 -0.003757812
-1.60000002e-009  -0.00365625
-1.58000002e-009 -0.003445312
-1.56000002e-009  -0.00315625
-1.54000002e-009 -0.002882812
-1.52000002e-009  -0.00271875
-1.50000002e-009  -0.00259375
-1.48000002e-009 -0.002515625
-1.46000002e-009 -0.002367187
-1.44000002e-009     -0.00225
-1.42000002e-009 -0.002164062
-1.40000002e-009 -0.002109375
-1.38000002e-009 -0.002226562
-1.36000002e-009 -0.002414062
-1.34000002e-009 -0.002570312
-1.32000002e-009 -0.002429687
-1.30000002e-009 -0.001992187
-1.28000002e-009 -0.001523437
-1.26000002e-009 -0.001320312
-1.24000002e-009  -0.00153125
-1.22000002e-009 -0.001976562
-1.20000002e-009 -0.002382812
-1.18000002e-009 -0.002421875
-1.16000002e-009   -0.0023125
-1.14000002e-009 -0.002195312
-1.12000001e-009 -0.002179687
-1.10000001e-009 -0.002203125
-1.08000001e-009 -0.002101562
-1.06000001e-009  -0.00190625
-1.04000001e-009 -0.001742187
-1.02000001e-009 -0.001726562
-1.00000001e-009   -0.0019375
-9.80000013e-010 -0.002195312
-9.60000013e-010 -0.002429687
-9.40000013e-010 -0.002617187
-9.20000012e-010 -0.002757812
-9.00000012e-010 -0.002851562
-8.80000012e-010  -0.00271875
-8.60000011e-010   -0.0025625
-8.40000011e-010 -0.002554687
-8.20000011e-010   -0.0028125
-8.00000011e-010 -0.003179687
-7.8000001e-010 -0.003390625
-7.6000001e-010 -0.003328125
-7.4000001e-010     -0.00325
-7.2000001e-010   -0.0033125
-7.00000009e-010 -0.003703125
-6.80000009e-010 -0.004109375
-6.60000009e-010 -0.004539062
-6.40000009e-010    -0.005125
-6.20000008e-010       -0.006
-6.00000008e-010 -0.007460938
-5.80000008e-010 -0.009507813
-5.60000007e-010  -0.01230469
-5.40000007e-010  -0.01639063
-5.20000007e-010  -0.02214844
-5.00000007e-010  -0.02992969
-4.80000006e-010  -0.03965625
-4.60000006e-010  -0.05128125
-4.40000006e-010  -0.06496094
-4.20000006e-010  -0.08030469
-4.00000005e-010  -0.09644532
-3.80000005e-010   -0.1119531
-3.60000005e-010   -0.1255156
-3.40000005e-010   -0.1363984
-3.20000004e-010   -0.1442813
-3.00000004e-010   -0.1488359
-2.80000004e-010   -0.1505625
-2.60000003e-010   -0.1498438
-2.40000003e-010   -0.1473516
-2.20000003e-010   -0.1439375
-2.00000003e-010   -0.1396016
-1.80000002e-010   -0.1345234
-1.60000002e-010   -0.1280938
-1.40000002e-010   -0.1195156
-1.20000002e-010   -0.1085781
-1.00000001e-010  -0.09539063
-8.00000011e-011  -0.08064844
-6.00000008e-011  -0.06508594
-4.00000005e-011  -0.04915625
-2.00000003e-011  -0.03375781
           0  -0.01988281
2.00000003e-011 -0.008273438
4.00000005e-011 0.0007578129
6.00000008e-011  0.007257813
8.00000011e-011   0.01158594
1.00000001e-010        0.014
1.20000002e-010   0.01494531
1.40000002e-010   0.01482031
1.60000002e-010   0.01394531
1.80000002e-010    0.0128125
2.00000003e-010   0.01189844
2.20000003e-010   0.01174219
2.40000003e-010   0.01254688
2.60000003e-010   0.01407031
2.80000004e-010   0.01615625
3.00000004e-010    0.0183125
3.20000004e-010   0.02008594
3.40000005e-010   0.02110156
3.60000005e-010     0.021375
3.80000005e-010   0.02117969
4.00000005e-010   0.02082813
4.20000006e-010   0.02044531
4.40000006e-010   0.01992969
4.60000006e-010   0.01919531
4.80000006e-010   0.01829688
5.00000007e-010   0.01746094
5.20000007e-010   0.01669531
5.40000007e-010   0.01597656
5.60000007e-010   0.01533594
5.80000008e-010    0.0148125
6.00000008e-010   0.01461719
6.20000008e-010    0.0144375
6.40000009e-010   0.01428906
6.60000009e-010        0.014
6.80000009e-010    0.0136875
7.00000009e-010       0.0135
7.2000001e-010   0.01346875
7.4000001e-010   0.01345313
7.6000001e-010     0.013375
7.8000001e-010   0.01335938
8.00000011e-010   0.01346875
8.20000011e-010      0.01375
8.40000011e-010   0.01402344
8.60000011e-010   0.01417969
8.80000012e-010   0.01435938
9.00000012e-010   0.01464063
9.20000012e-010   0.01508594
9.40000013e-010   0.01551563
9.60000013e-010   0.01592969
9.80000013e-010    0.0163125
1.00000001e-009   0.01664063
1.02000001e-009    0.0169375
1.04000001e-009   0.01711719
1.06000001e-009   0.01720313
1.08000001e-009   0.01729688
1.10000001e-009   0.01734375
1.12000001e-009   0.01729688
1.14000002e-009     0.017125
1.16000002e-009   0.01686719
1.18000002e-009   0.01671094
1.20000002e-009   0.01673438
1.22000002e-009   0.01707031
1.24000002e-009   0.01771094
1.26000002e-009   0.01839844
1.28000002e-009   0.01897656
1.30000002e-009   0.01935938
1.32000002e-009   0.01946094
1.34000002e-009   0.01946094
1.36000002e-009   0.01949219
1.38000002e-009   0.01949219
1.40000002e-009   0.01946875
1.42000002e-009   0.01935938
1.44000002e-009   0.01917188
1.46000002e-009        0.019
1.48000002e-009   0.01871875
1.50000002e-009   0.01840625
1.52000002e-009   0.01822656
1.54000002e-009   0.01825781
1.56000002e-009   0.01820313
1.58000002e-009   0.01780469
1.60000002e-009   0.01714063
1.62000002e-009   0.01653906
1.64000002e-009   0.01633594
1.66000002e-009   0.01642188
1.68000002e-009   0.01641406
1.70000002e-009   0.01605469
1.72000002e-009   0.01553906
1.74000002e-009   0.01515625
1.76000002e-009   0.01516406
1.78000002e-009   0.01529688
1.80000002e-009   0.01535938
1.82000002e-009   0.01532031
1.84000002e-009      0.01525
1.86000002e-009   0.01528906
1.88000003e-009   0.01535938
1.90000003e-009   0.01538281
1.92000003e-009     0.015375
1.94000003e-009   0.01530469
1.96000003e-009   0.01517969
1.98000003e-009   0.01496094
2.00000003e-009   0.01471875
2.02000003e-009   0.01457813
2.04000003e-009     0.014625
2.06000003e-009   0.01483594
2.08000003e-009   0.01496875
2.10000003e-009   0.01499219
2.12000003e-009   0.01498438
2.14000003e-009   0.01497656
2.16000003e-009   0.01510938
2.18000003e-009   0.01521875
2.20000003e-009   0.01522656
2.22000003e-009   0.01528125
2.24000003e-009   0.01524219
2.26000003e-009   0.01510156
2.28000003e-009   0.01494531
2.30000003e-009   0.01479688
2.32000003e-009   0.01471094
2.34000003e-009   0.01461719
2.36000003e-009   0.01435938
2.38000003e-009   0.01399219
2.40000003e-009   0.01378906
2.42000003e-009   0.01378906
2.44000003e-009   0.01392188
2.46000003e-009   0.01399219
2.48000003e-009   0.01385938
2.50000003e-009   0.01372656
2.52000003e-009   0.01360156
2.54000003e-009   0.01353125
2.56000003e-009   0.01339063
2.58000003e-009     0.013125
2.60000003e-009   0.01289063
2.62000003e-009   0.01284375
2.64000004e-009    0.0129375
2.66000004e-009   0.01309375
2.68000004e-009   0.01321094
2.70000004e-009   0.01316406
2.72000004e-009   0.01289063
2.74000004e-009   0.01257031
2.76000004e-009    0.0123125
2.78000004e-009   0.01223438
2.80000004e-009   0.01225781
2.82000004e-009   0.01221875
2.84000004e-009   0.01216406
2.86000004e-009   0.01208594
2.88000004e-009   0.01210938
2.90000004e-009   0.01202344
2.92000004e-009   0.01180469
2.94000004e-009   0.01146094
2.96000004e-009   0.01130469
2.98000004e-009   0.01132813
3.00000004e-009   0.01139063
3.02000004e-009   0.01141406
3.04000004e-009   0.01133594
3.06000004e-009   0.01127344
3.08000004e-009   0.01135938
3.10000004e-009   0.01142188
3.12000004e-009   0.01133594
3.14000004e-009   0.01111719
3.16000004e-009   0.01092188
3.18000004e-009   0.01085938
3.20000004e-009   0.01082813
3.22000004e-009   0.01078906
3.24000004e-009   0.01075781
3.26000004e-009   0.01079688
3.28000004e-009   0.01089844
3.30000004e-009   0.01096094
3.32000004e-009   0.01089063
3.34000004e-009   0.01075781
3.36000004e-009   0.01066406
3.38000005e-009   0.01057813
3.40000005e-009   0.01047656
3.42000005e-009   0.01032813
3.44000005e-009   0.01021875
3.46000005e-009   0.01023438
3.48000005e-009    0.0103125
3.50000005e-009   0.01023438
3.52000005e-009  0.009960938
3.54000005e-009  0.009617188
3.56000005e-009  0.009359376
3.58000005e-009  0.009257813
3.60000005e-009  0.009148438
3.62000005e-009  0.008984376
3.64000005e-009  0.008953126
3.66000005e-009  0.009117188
3.68000005e-009  0.009351563
3.70000005e-009  0.009468751
3.72000005e-009  0.009335938
3.74000005e-009  0.009046876
3.76000005e-009  0.008890626
3.78000005e-009  0.008882813
3.80000005e-009  0.008914063
3.82000005e-009  0.008789063
3.84000005e-009  0.008578126
3.86000005e-009  0.008445313
3.88000005e-009  0.008492188
3.90000005e-009  0.008632813
3.92000005e-009  0.008664063
3.94000005e-009  0.008617188
3.96000005e-009  0.008515626
3.98000005e-009  0.008492188
4.00000005e-009  0.008578126
4.02000005e-009  0.008710938
4.04000005e-009  0.008828126
4.06000005e-009  0.008804688
4.08000005e-009  0.008664063
4.10000005e-009  0.008414063
4.12000006e-009  0.008203126
4.14000006e-009  0.008132813
4.16000006e-009  0.008101563
4.18000006e-009  0.008054688
4.20000006e-009  0.007843751
4.22000006e-009  0.007593751
4.24000006e-009  0.007406251
4.26000006e-009  0.007312501
4.28000006e-009  0.007281251
4.30000006e-009  0.007273438
4.32000006e-009  0.007289063
4.34000006e-009  0.007328126
4.36000006e-009  0.007398438
4.38000006e-009  0.007359376
4.40000006e-009  0.007195313
4.42000006e-009  0.006960938
4.44000006e-009  0.006828126
4.46000006e-009  0.006875001
4.48000006e-009  0.007039063
4.50000006e-009  0.007070313
4.52000006e-009  0.006906251
4.54000006e-009  0.006765626
4.56000006e-009  0.006882813
4.58000006e-009  0.007210938
4.60000006e-009  0.007500001
4.62000006e-009  0.007554688
4.64000006e-009  0.007335938
4.66000006e-009  0.007148438
4.68000006e-009  0.007156251
4.70000006e-009  0.007273438
4.72000006e-009  0.007421876
4.74000006e-009  0.007453126
4.76000006e-009  0.007414063
4.78000006e-009  0.007312501
4.80000006e-009  0.007203126
4.82000006e-009  0.007101563
4.84000006e-009  0.007054688
4.86000006e-009  0.007218751
4.88000007e-009  0.007437501
4.90000007e-009  0.007601563
4.92000007e-009  0.007640626
4.94000007e-009  0.007585938
4.96000007e-009  0.007664063
4.98000007e-009  0.007765626
5.00000007e-009  0.007835938
