-1.24500002e-009 -0.002335937
-1.24000002e-009    -0.002375
-1.23500002e-009 -0.002398437
-1.23000002e-009   -0.0024375
-1.22500002e-009 -0.002492187
-1.22000002e-009 -0.002515625
-1.21500002e-009   -0.0025625
-1.21000002e-009 -0.002578125
-1.20500002e-009 -0.002546875
-1.20000002e-009 -0.002515625
-1.19500002e-009 -0.002476562
-1.19000002e-009   -0.0024375
-1.18500002e-009 -0.002390625
-1.18000002e-009 -0.002296875
-1.17500002e-009 -0.002234375
-1.17000002e-009  -0.00215625
-1.16500002e-009   -0.0020625
-1.16000002e-009 -0.001976562
-1.15500002e-009    -0.001875
-1.15000002e-009 -0.001789062
-1.14500002e-009  -0.00171875
-1.14000002e-009   -0.0016875
-1.13500002e-009 -0.001671875
-1.13000002e-009    -0.001625
-1.12500002e-009 -0.001671875
-1.12000001e-009   -0.0016875
-1.11500001e-009 -0.001726562
-1.11000001e-009   -0.0018125
-1.10500001e-009 -0.001890625
-1.10000001e-009 -0.001953125
-1.09500001e-009  -0.00203125
-1.09000001e-009    -0.002125
-1.08500001e-009 -0.002148437
-1.08000001e-009 -0.002210937
-1.07500001e-009 -0.002257812
-1.07000001e-009 -0.002273437
-1.06500001e-009 -0.002226562
-1.06000001e-009  -0.00221875
-1.05500001e-009 -0.002195312
-1.05000001e-009 -0.002117187
-1.04500001e-009 -0.002070312
-1.04000001e-009  -0.00196875
-1.03500001e-009 -0.001898437
-1.03000001e-009 -0.001851562
-1.02500001e-009 -0.001773437
-1.02000001e-009     -0.00175
-1.01500001e-009     -0.00175
-1.01000001e-009 -0.001742187
-1.00500001e-009 -0.001765625
-1.00000001e-009 -0.001796875
-9.95000013e-010 -0.001859375
-9.90000013e-010 -0.001976562
-9.85000013e-010 -0.002039062
-9.80000013e-010 -0.002117187
-9.75000013e-010 -0.002226562
-9.70000013e-010 -0.002335937
-9.65000013e-010 -0.002390625
-9.60000013e-010 -0.002484375
-9.55000013e-010 -0.002539062
-9.50000013e-010  -0.00259375
-9.45000013e-010 -0.002617187
-9.40000013e-010 -0.002648437
-9.35000012e-010 -0.002632812
-9.30000012e-010 -0.002640625
-9.25000012e-010    -0.002625
-9.20000012e-010 -0.002578125
-9.15000012e-010  -0.00259375
-9.10000012e-010 -0.002554687
-9.05000012e-010 -0.002523437
-9.00000012e-010      -0.0025
-8.95000012e-010 -0.002460937
-8.90000012e-010 -0.002414062
-8.85000012e-010  -0.00240625
-8.80000012e-010 -0.002398437
-8.75000012e-010 -0.002351562
-8.70000012e-010 -0.002351562
-8.65000012e-010 -0.002335937
-8.60000011e-010  -0.00234375
-8.55000011e-010  -0.00234375
-8.50000011e-010 -0.002367187
-8.45000011e-010 -0.002414062
-8.40000011e-010 -0.002445312
-8.35000011e-010      -0.0025
-8.30000011e-010  -0.00259375
-8.25000011e-010 -0.002664062
-8.20000011e-010     -0.00275
-8.15000011e-010 -0.002828125
-8.10000011e-010 -0.002914062
-8.05000011e-010 -0.003007812
-8.00000011e-010 -0.003085937
-7.95000011e-010    -0.003125
-7.90000011e-010 -0.003179687
-7.8500001e-010  -0.00321875
-7.8000001e-010 -0.003234375
-7.7500001e-010  -0.00321875
-7.7000001e-010 -0.003195312
-7.6500001e-010 -0.003148437
-7.6000001e-010    -0.003125
-7.5500001e-010   -0.0030625
-7.5000001e-010 -0.003046875
-7.4500001e-010 -0.003007812
-7.4000001e-010 -0.002945312
-7.3500001e-010  -0.00296875
-7.3000001e-010  -0.00296875
-7.2500001e-010 -0.003039062
-7.2000001e-010  -0.00309375
-7.1500001e-010 -0.003195312
-7.10000009e-010 -0.003304687
-7.05000009e-010 -0.003429687
-7.00000009e-010 -0.003570312
-6.95000009e-010  -0.00371875
-6.90000009e-010    -0.003875
-6.85000009e-010 -0.003984375
-6.80000009e-010 -0.004140625
-6.75000009e-010  -0.00428125
-6.70000009e-010   -0.0044375
-6.65000009e-010 -0.004546875
-6.60000009e-010 -0.004640625
-6.55000009e-010 -0.004789062
-6.50000009e-010 -0.004929687
-6.45000009e-010 -0.005070312
-6.40000009e-010  -0.00521875
-6.35000008e-010 -0.005359375
-6.30000008e-010 -0.005601562
-6.25000008e-010  -0.00584375
-6.20000008e-010 -0.006132812
-6.15000008e-010  -0.00646875
-6.10000008e-010 -0.006851562
-6.05000008e-010 -0.007273437
-6.00000008e-010  -0.00778125
-5.95000008e-010 -0.008320313
-5.90000008e-010 -0.008921875
-5.85000008e-010 -0.009546875
-5.80000008e-010  -0.01026563
-5.75000008e-010       -0.011
-5.70000008e-010  -0.01188281
-5.65000008e-010     -0.01275
-5.60000007e-010  -0.01374219
-5.55000007e-010  -0.01477344
-5.50000007e-010  -0.01592188
-5.45000007e-010  -0.01713281
-5.40000007e-010  -0.01846094
-5.35000007e-010  -0.01986719
-5.30000007e-010  -0.02136719
-5.25000007e-010  -0.02305469
-5.20000007e-010  -0.02483594
-5.15000007e-010  -0.02672656
-5.10000007e-010  -0.02876563
-5.05000007e-010  -0.03088281
-5.00000007e-010  -0.03315625
-4.95000007e-010  -0.03559375
-4.90000007e-010  -0.03809375
-4.85000006e-010  -0.04069531
-4.80000006e-010  -0.04345313
-4.75000006e-010     -0.04625
-4.70000006e-010  -0.04921094
-4.65000006e-010  -0.05217188
-4.60000006e-010  -0.05522656
-4.55000006e-010    -0.058375
-4.50000006e-010  -0.06155469
-4.45000006e-010  -0.06480469
-4.40000006e-010  -0.06808594
-4.35000006e-010  -0.07136719
-4.30000006e-010  -0.07467188
-4.25000006e-010  -0.07798438
-4.20000006e-010  -0.08128125
-4.15000006e-010  -0.08452344
-4.10000005e-010  -0.08775782
-4.05000005e-010  -0.09089844
-4.00000005e-010  -0.09394532
-3.95000005e-010  -0.09689063
-3.90000005e-010  -0.09977344
-3.85000005e-010   -0.1024922
-3.80000005e-010   -0.1050547
-3.75000005e-010   -0.1074219
-3.70000005e-010   -0.1096094
-3.65000005e-010   -0.1116172
-3.60000005e-010   -0.1134609
-3.55000005e-010   -0.1150859
-3.50000005e-010   -0.1165234
-3.45000005e-010   -0.1177344
-3.40000005e-010   -0.1188281
-3.35000004e-010   -0.1196953
-3.30000004e-010   -0.1204219
-3.25000004e-010   -0.1209453
-3.20000004e-010   -0.1213594
-3.15000004e-010   -0.1216172
-3.10000004e-010   -0.1217656
-3.05000004e-010   -0.1218125
-3.00000004e-010   -0.1217266
-2.95000004e-010   -0.1215547
-2.90000004e-010   -0.1213594
-2.85000004e-010   -0.1210781
-2.80000004e-010   -0.1207109
-2.75000004e-010   -0.1202578
-2.70000004e-010   -0.1197656
-2.65000004e-010   -0.1191953
-2.60000003e-010    -0.118625
-2.55000003e-010       -0.118
-2.50000003e-010   -0.1172891
-2.45000003e-010   -0.1165625
-2.40000003e-010   -0.1158516
-2.35000003e-010   -0.1150781
-2.30000003e-010   -0.1142813
-2.25000003e-010   -0.1134141
-2.20000003e-010   -0.1125547
-2.15000003e-010   -0.1116328
-2.10000003e-010   -0.1107031
-2.05000003e-010   -0.1097422
-2.00000003e-010   -0.1087031
-1.95000003e-010   -0.1076563
-1.90000003e-010   -0.1065781
-1.85000002e-010   -0.1054688
-1.80000002e-010   -0.1042891
-1.75000002e-010   -0.1030078
-1.70000002e-010   -0.1016641
-1.65000002e-010     -0.10025
-1.60000002e-010  -0.09877344
-1.55000002e-010  -0.09720313
-1.50000002e-010  -0.09550782
-1.45000002e-010  -0.09371094
-1.40000002e-010    -0.091875
-1.35000002e-010  -0.08990625
-1.30000002e-010  -0.08784375
-1.25000002e-010  -0.08564844
-1.20000002e-010  -0.08332032
-1.15000002e-010  -0.08091407
-1.10000001e-010  -0.07841407
-1.05000001e-010  -0.07582032
-1.00000001e-010  -0.07305469
-9.50000013e-011  -0.07022657
-9.00000012e-011  -0.06729688
-8.50000011e-011   -0.0643125
-8.00000011e-011     -0.06125
-7.5000001e-011  -0.05808594
-7.00000009e-011    -0.054875
-6.50000009e-011  -0.05161719
-6.00000008e-011  -0.04832813
-5.50000007e-011  -0.04500781
-5.00000007e-011  -0.04169531
-4.50000006e-011  -0.03842188
-4.00000005e-011  -0.03517188
-3.50000005e-011  -0.03190625
-3.00000004e-011  -0.02876563
-2.50000003e-011   -0.0256875
-2.00000003e-011  -0.02270313
-1.50000002e-011  -0.01982813
-1.00000001e-011  -0.01705469
-5.00000007e-012  -0.01438281
           0  -0.01186719
5.00000007e-012 -0.009429688
1.00000001e-011 -0.007148437
1.50000002e-011  -0.00496875
2.00000003e-011 -0.002953125
2.50000003e-011 -0.001078125
3.00000004e-011 0.0007109379
3.50000005e-011  0.002320313
4.00000005e-011  0.003835938
4.50000006e-011  0.005242188
5.00000007e-011  0.006500001
5.50000007e-011  0.007593751
6.00000008e-011  0.008648438
6.50000009e-011  0.009539063
7.00000009e-011   0.01029688
7.5000001e-011   0.01092188
8.00000011e-011       0.0115
8.50000011e-011   0.01192969
9.00000012e-011   0.01220313
9.50000013e-011    0.0124375
1.00000001e-010   0.01255469
1.05000001e-010   0.01260156
1.10000001e-010   0.01259375
1.15000002e-010   0.01252344
1.20000002e-010   0.01239844
1.25000002e-010   0.01217969
1.30000002e-010   0.01198438
1.35000002e-010   0.01172656
1.40000002e-010   0.01144531
1.45000002e-010   0.01120313
1.50000002e-010   0.01090625
1.55000002e-010   0.01061719
1.60000002e-010   0.01033594
1.65000002e-010   0.01008594
1.70000002e-010  0.009835938
1.75000002e-010  0.009585938
1.80000002e-010  0.009382813
1.85000002e-010  0.009156251
1.90000003e-010  0.008984376
1.95000003e-010  0.008851563
2.00000003e-010  0.008718751
2.05000003e-010  0.008648438
2.10000003e-010  0.008585938
2.15000003e-010  0.008593751
2.20000003e-010  0.008679688
2.25000003e-010  0.008734376
2.30000003e-010  0.008875001
2.35000003e-010  0.009054688
2.40000003e-010  0.009320313
2.45000003e-010  0.009640626
2.50000003e-010  0.009968751
2.55000003e-010   0.01034375
2.60000003e-010   0.01078906
2.65000004e-010   0.01125781
2.70000004e-010   0.01173438
2.75000004e-010   0.01224219
2.80000004e-010      0.01275
2.85000004e-010   0.01323438
2.90000004e-010   0.01372656
2.95000004e-010    0.0141875
3.00000004e-010   0.01458594
3.05000004e-010   0.01502344
3.10000004e-010   0.01539844
3.15000004e-010   0.01567969
3.20000004e-010   0.01595313
3.25000004e-010   0.01615625
3.30000004e-010   0.01632813
3.35000004e-010   0.01648438
3.40000005e-010   0.01660938
3.45000005e-010   0.01666406
3.50000005e-010   0.01669531
3.55000005e-010   0.01673438
3.60000005e-010      0.01675
3.65000005e-010   0.01672656
3.70000005e-010   0.01671094
3.75000005e-010   0.01670313
3.80000005e-010   0.01666406
3.85000005e-010     0.016625
3.90000005e-010   0.01658594
3.95000005e-010   0.01652344
4.00000005e-010   0.01646094
4.05000005e-010   0.01634375
4.10000005e-010   0.01623438
4.15000006e-010   0.01609375
4.20000006e-010   0.01592188
4.25000006e-010   0.01575781
4.30000006e-010   0.01554688
4.35000006e-010   0.01534375
4.40000006e-010   0.01507031
4.45000006e-010   0.01485156
4.50000006e-010   0.01460156
4.55000006e-010   0.01438281
4.60000006e-010   0.01416406
4.65000006e-010   0.01390625
4.70000006e-010   0.01370313
4.75000006e-010   0.01354688
4.80000006e-010   0.01335938
4.85000006e-010   0.01319531
4.90000007e-010    0.0130625
4.95000007e-010   0.01297656
5.00000007e-010   0.01282813
5.05000007e-010   0.01274219
5.10000007e-010   0.01264063
5.15000007e-010   0.01257031
5.20000007e-010   0.01248438
5.25000007e-010   0.01241406
5.30000007e-010   0.01233594
5.35000007e-010   0.01228906
5.40000007e-010   0.01224219
5.45000007e-010   0.01221094
5.50000007e-010   0.01219531
5.55000007e-010   0.01222656
5.60000007e-010      0.01225
5.65000008e-010   0.01226563
5.70000008e-010   0.01234375
5.75000008e-010   0.01242188
5.80000008e-010   0.01252344
5.85000008e-010   0.01260156
5.90000008e-010   0.01269531
5.95000008e-010   0.01278125
6.00000008e-010   0.01289844
6.05000008e-010    0.0129375
6.10000008e-010   0.01301563
6.15000008e-010   0.01303125
6.20000008e-010   0.01305469
6.25000008e-010   0.01301563
6.30000008e-010   0.01297656
6.35000008e-010   0.01289063
6.40000009e-010   0.01282031
6.45000009e-010   0.01270313
6.50000009e-010   0.01259375
6.55000009e-010   0.01246875
6.60000009e-010   0.01232031
6.65000009e-010   0.01219531
6.70000009e-010   0.01209375
6.75000009e-010   0.01195313
6.80000009e-010   0.01188281
6.85000009e-010   0.01177344
6.90000009e-010   0.01169531
6.95000009e-010   0.01161719
7.00000009e-010   0.01155469
7.05000009e-010       0.0115
7.10000009e-010   0.01142969
7.1500001e-010   0.01139844
7.2000001e-010    0.0113125
7.2500001e-010   0.01125781
7.3000001e-010    0.0111875
7.3500001e-010   0.01111719
7.4000001e-010   0.01107813
7.4500001e-010   0.01099219
7.5000001e-010   0.01098438
7.5500001e-010   0.01092188
7.6000001e-010   0.01090625
7.6500001e-010   0.01085938
7.7000001e-010   0.01089063
7.7500001e-010   0.01090625
7.8000001e-010   0.01092969
7.8500001e-010   0.01097656
7.90000011e-010        0.011
7.95000011e-010   0.01103906
8.00000011e-010   0.01107813
8.05000011e-010   0.01115625
8.10000011e-010   0.01116406
8.15000011e-010    0.0111875
8.20000011e-010   0.01121094
8.25000011e-010   0.01120313
8.30000011e-010   0.01121094
8.35000011e-010   0.01120313
8.40000011e-010   0.01121875
8.45000011e-010   0.01119531
8.50000011e-010   0.01122656
8.55000011e-010      0.01125
8.60000011e-010   0.01128125
8.65000012e-010   0.01135156
8.70000012e-010    0.0114375
8.75000012e-010   0.01153906
8.80000012e-010   0.01164844
8.85000012e-010   0.01178906
8.90000012e-010   0.01192969
8.95000012e-010    0.0120625
9.00000012e-010   0.01216406
9.05000012e-010   0.01229688
9.10000012e-010   0.01239844
9.15000012e-010   0.01246875
9.20000012e-010   0.01253125
9.25000012e-010    0.0125625
9.30000012e-010   0.01254688
9.35000012e-010   0.01254688
9.40000013e-010   0.01254688
9.45000013e-010   0.01250781
9.50000013e-010       0.0125
9.55000013e-010   0.01247656
9.60000013e-010   0.01249219
9.65000013e-010   0.01252344
9.70000013e-010   0.01255469
9.75000013e-010   0.01258594
9.80000013e-010   0.01267188
9.85000013e-010   0.01271094
9.90000013e-010   0.01283594
9.95000013e-010   0.01292188
1.00000001e-009   0.01301563
1.00500001e-009   0.01307813
1.01000001e-009   0.01314063
1.01500001e-009   0.01321094
1.02000001e-009   0.01323438
1.02500001e-009   0.01322656
1.03000001e-009   0.01323438
1.03500001e-009   0.01319531
1.04000001e-009   0.01317969
1.04500001e-009     0.013125
1.05000001e-009   0.01308594
1.05500001e-009    0.0130625
1.06000001e-009   0.01301563
1.06500001e-009   0.01302344
1.07000001e-009   0.01301563
1.07500001e-009   0.01301563
1.08000001e-009   0.01303906
1.08500001e-009   0.01308594
1.09000001e-009     0.013125
1.09500001e-009   0.01315625
1.10000001e-009   0.01321875
1.10500001e-009   0.01324219
1.11000001e-009   0.01332813
1.11500001e-009   0.01335156
1.12000001e-009   0.01339844
1.12500002e-009   0.01342188
1.13000002e-009   0.01347656
1.13500002e-009       0.0135
1.14000002e-009   0.01351563
1.14500002e-009   0.01358594
1.15000002e-009   0.01365625
1.15500002e-009   0.01374219
1.16000002e-009   0.01376563
1.16500002e-009     0.013875
1.17000002e-009   0.01394531
1.17500002e-009   0.01403906
1.18000002e-009   0.01410938
1.18500002e-009   0.01417969
1.19000002e-009   0.01428906
1.19500002e-009   0.01432813
1.20000002e-009   0.01435938
1.20500002e-009   0.01441406
1.21000002e-009   0.01440625
1.21500002e-009   0.01441406
1.22000002e-009    0.0144375
1.22500002e-009   0.01442969
1.23000002e-009   0.01442969
1.23500002e-009   0.01441406
1.24000002e-009   0.01442188
1.24500002e-009   0.01444531
1.25000002e-009   0.01448438
