-2.49000003e-009 -0.007515625
-2.48000003e-009   -0.0074375
-2.47000003e-009 -0.007429688
-2.46000003e-009 -0.007445313
-2.45000003e-009 -0.007484375
-2.44000003e-009 -0.007546875
-2.43000003e-009 -0.007578125
-2.42000003e-009 -0.007640625
-2.41000003e-009 -0.007648438
-2.40000003e-009    -0.007625
-2.39000003e-009 -0.007578125
-2.38000003e-009 -0.007515625
-2.37000003e-009 -0.007484375
-2.36000003e-009    -0.007375
-2.35000003e-009  -0.00734375
-2.34000003e-009  -0.00734375
-2.33000003e-009  -0.00734375
-2.32000003e-009 -0.007335937
-2.31000003e-009 -0.007390625
-2.30000003e-009  -0.00740625
-2.29000003e-009 -0.007421875
-2.28000003e-009 -0.007429688
-2.27000003e-009 -0.007476563
-2.26000003e-009 -0.007460938
-2.25000003e-009 -0.007453125
-2.24000003e-009 -0.007382813
-2.23000003e-009  -0.00734375
-2.22000003e-009  -0.00728125
-2.21000003e-009 -0.007195312
-2.20000003e-009  -0.00709375
-2.19000003e-009 -0.006953125
-2.18000003e-009   -0.0068125
-2.17000003e-009 -0.006710937
-2.16000003e-009    -0.006625
-2.15000003e-009   -0.0065625
-2.14000003e-009 -0.006546875
-2.13000003e-009 -0.006585937
-2.12000003e-009 -0.006609375
-2.11000003e-009 -0.006703125
-2.10000003e-009 -0.006734375
-2.09000003e-009 -0.006710937
-2.08000003e-009  -0.00671875
-2.07000003e-009 -0.006617187
-2.06000003e-009 -0.006523437
-2.05000003e-009   -0.0064375
-2.04000003e-009  -0.00634375
-2.03000003e-009   -0.0063125
-2.02000003e-009 -0.006265625
-2.01000003e-009 -0.006289062
-2.00000003e-009 -0.006335937
-1.99000003e-009  -0.00640625
-1.98000003e-009  -0.00640625
-1.97000003e-009 -0.006359375
-1.96000003e-009 -0.006304687
-1.95000003e-009 -0.006195312
-1.94000003e-009 -0.006085937
-1.93000003e-009 -0.006015625
-1.92000003e-009 -0.005929687
-1.91000003e-009 -0.005921875
-1.90000003e-009 -0.005882812
-1.89000003e-009    -0.005875
-1.88000003e-009    -0.005875
-1.87000002e-009 -0.005796875
-1.86000002e-009 -0.005679687
-1.85000002e-009 -0.005507812
-1.84000002e-009 -0.005351562
-1.83000002e-009  -0.00515625
-1.82000002e-009 -0.005007812
-1.81000002e-009 -0.004914062
-1.80000002e-009 -0.004898437
-1.79000002e-009 -0.004914062
-1.78000002e-009 -0.004960937
-1.77000002e-009 -0.004984375
-1.76000002e-009 -0.005015625
-1.75000002e-009  -0.00496875
-1.74000002e-009 -0.004898437
-1.73000002e-009 -0.004765625
-1.72000002e-009    -0.004625
-1.71000002e-009 -0.004515625
-1.70000002e-009 -0.004414062
-1.69000002e-009 -0.004328125
-1.68000002e-009 -0.004296875
-1.67000002e-009 -0.004265625
-1.66000002e-009 -0.004257812
-1.65000002e-009     -0.00425
-1.64000002e-009   -0.0041875
-1.63000002e-009 -0.004117187
-1.62000002e-009 -0.004023437
-1.61000002e-009 -0.003859375
-1.60000002e-009 -0.003695312
-1.59000002e-009 -0.003539062
-1.58000002e-009 -0.003367187
-1.57000002e-009 -0.003226562
-1.56000002e-009 -0.003179687
-1.55000002e-009 -0.003078125
-1.54000002e-009 -0.003078125
-1.53000002e-009 -0.003070312
-1.52000002e-009 -0.003070312
-1.51000002e-009 -0.003015625
-1.50000002e-009 -0.002984375
-1.49000002e-009 -0.002921875
-1.48000002e-009 -0.002789062
-1.47000002e-009  -0.00265625
-1.46000002e-009 -0.002585937
-1.45000002e-009  -0.00246875
-1.44000002e-009 -0.002414062
-1.43000002e-009 -0.002414062
-1.42000002e-009 -0.002414062
-1.41000002e-009 -0.002453125
-1.40000002e-009 -0.002484375
-1.39000002e-009 -0.002539062
-1.38000002e-009 -0.002539062
-1.37000002e-009 -0.002554687
-1.36000002e-009 -0.002554687
-1.35000002e-009 -0.002523437
-1.34000002e-009      -0.0025
-1.33000002e-009   -0.0024375
-1.32000002e-009 -0.002367187
-1.31000002e-009   -0.0023125
-1.30000002e-009 -0.002273437
-1.29000002e-009 -0.002257812
-1.28000002e-009 -0.002242187
-1.27000002e-009 -0.002257812
-1.26000002e-009   -0.0023125
-1.25000002e-009 -0.002328125
-1.24000002e-009  -0.00234375
-1.23000002e-009 -0.002359375
-1.22000002e-009  -0.00234375
-1.21000002e-009 -0.002320312
-1.20000002e-009 -0.002296875
-1.19000002e-009     -0.00225
-1.18000002e-009 -0.002257812
-1.17000002e-009 -0.002273437
-1.16000002e-009 -0.002304687
-1.15000002e-009 -0.002335937
-1.14000002e-009 -0.002335937
-1.13000002e-009 -0.002328125
-1.12000001e-009  -0.00228125
-1.11000001e-009 -0.002195312
-1.10000001e-009 -0.002132812
-1.09000001e-009 -0.002078125
-1.08000001e-009 -0.002085937
-1.07000001e-009    -0.002125
-1.06000001e-009 -0.002210937
-1.05000001e-009 -0.002234375
-1.04000001e-009 -0.002289062
-1.03000001e-009 -0.002234375
-1.02000001e-009 -0.002164062
-1.01000001e-009 -0.002085937
-1.00000001e-009 -0.002023437
-9.90000013e-010 -0.001945312
-9.80000013e-010   -0.0019375
-9.70000013e-010 -0.002023437
-9.60000013e-010 -0.002148437
-9.50000013e-010   -0.0023125
-9.40000013e-010 -0.002390625
-9.30000012e-010 -0.002523437
-9.20000012e-010 -0.002554687
-9.10000012e-010 -0.002578125
-9.00000012e-010   -0.0025625
-8.90000012e-010 -0.002507812
-8.80000012e-010      -0.0025
-8.70000012e-010 -0.002523437
-8.60000011e-010 -0.002546875
-8.50000011e-010 -0.002609375
-8.40000011e-010 -0.002703125
-8.30000011e-010 -0.002757812
-8.20000011e-010 -0.002851562
-8.10000011e-010 -0.002914062
-8.00000011e-010 -0.002992187
-7.90000011e-010 -0.003078125
-7.8000001e-010 -0.003117187
-7.7000001e-010  -0.00315625
-7.6000001e-010   -0.0031875
-7.5000001e-010 -0.003242187
-7.4000001e-010  -0.00328125
-7.3000001e-010 -0.003328125
-7.2000001e-010 -0.003460937
-7.10000009e-010 -0.003601562
-7.00000009e-010 -0.003804687
-6.90000009e-010 -0.004078125
-6.80000009e-010 -0.004328125
-6.70000009e-010  -0.00465625
-6.60000009e-010  -0.00496875
-6.50000009e-010 -0.005320312
-6.40000009e-010 -0.005679687
-6.30000008e-010 -0.006132812
-6.20000008e-010    -0.006625
-6.10000008e-010   -0.0071875
-6.00000008e-010 -0.007960938
-5.90000008e-010  -0.00884375
-5.80000008e-010 -0.009859375
-5.70000008e-010  -0.01105469
-5.60000007e-010  -0.01246094
-5.50000007e-010  -0.01430469
-5.40000007e-010      -0.0165
-5.30000007e-010    -0.019125
-5.20000007e-010  -0.02233594
-5.10000007e-010  -0.02600781
-5.00000007e-010  -0.03028125
-4.90000007e-010       -0.035
-4.80000006e-010  -0.04010156
-4.70000006e-010  -0.04553906
-4.60000006e-010  -0.05120313
-4.50000006e-010  -0.05714063
-4.40000006e-010  -0.06323438
-4.30000006e-010  -0.06944532
-4.20000006e-010  -0.07577344
-4.10000005e-010  -0.08208594
-4.00000005e-010  -0.08826563
-3.90000005e-010  -0.09421875
-3.80000005e-010  -0.09978125
-3.70000005e-010   -0.1047656
-3.60000005e-010   -0.1091484
-3.50000005e-010   -0.1127813
-3.40000005e-010   -0.1157266
-3.30000004e-010   -0.1181172
-3.20000004e-010   -0.1197891
-3.10000004e-010   -0.1209531
-3.00000004e-010   -0.1214922
-2.90000004e-010   -0.1215625
-2.80000004e-010   -0.1212578
-2.70000004e-010   -0.1205547
-2.60000003e-010   -0.1196328
-2.50000003e-010   -0.1183438
-2.40000003e-010   -0.1169844
-2.30000003e-010   -0.1156797
-2.20000003e-010   -0.1142656
-2.10000003e-010   -0.1128359
-2.00000003e-010   -0.1111484
-1.90000003e-010   -0.1091953
-1.80000002e-010   -0.1070156
-1.70000002e-010   -0.1043828
-1.60000002e-010   -0.1014063
-1.50000002e-010   -0.0979375
-1.40000002e-010    -0.094125
-1.30000002e-010  -0.09008594
-1.20000002e-010  -0.08576563
-1.10000001e-010  -0.08121094
-1.00000001e-010  -0.07636719
-9.00000012e-011  -0.07117969
-8.00000011e-011  -0.06571875
-7.00000009e-011  -0.05988281
-6.00000008e-011  -0.05373438
-5.00000007e-011  -0.04732813
-4.00000005e-011  -0.04080469
-3.00000004e-011  -0.03426563
-2.00000003e-011   -0.0279375
-1.00000001e-011  -0.02185938
           0  -0.01628125
1.00000001e-011  -0.01114063
2.00000003e-011 -0.006507812
3.00000004e-011 -0.002429687
4.00000005e-011   0.00115625
5.00000007e-011  0.004148438
6.00000008e-011  0.006695313
7.00000009e-011  0.008804688
8.00000011e-011   0.01042969
9.00000012e-011   0.01158594
1.00000001e-010   0.01227344
1.10000001e-010   0.01261719
1.20000002e-010   0.01270313
1.30000002e-010   0.01252344
1.40000002e-010   0.01222656
1.50000002e-010   0.01178906
1.60000002e-010   0.01128125
1.70000002e-010   0.01083594
1.80000002e-010   0.01032813
1.90000003e-010  0.009859376
2.00000003e-010  0.009398438
2.10000003e-010  0.009070313
2.20000003e-010  0.008859376
2.30000003e-010  0.008867188
2.40000003e-010  0.009093751
2.50000003e-010  0.009539063
2.60000003e-010   0.01021875
2.70000004e-010   0.01103906
2.80000004e-010   0.01190625
2.90000004e-010   0.01280469
3.00000004e-010     0.013625
3.10000004e-010     0.014375
3.20000004e-010   0.01499219
3.30000004e-010   0.01551563
3.40000005e-010   0.01590625
3.50000005e-010   0.01622656
3.60000005e-010   0.01644531
3.70000005e-010   0.01655469
3.80000005e-010   0.01653906
3.90000005e-010   0.01640625
4.00000005e-010   0.01614844
4.10000005e-010   0.01582813
4.20000006e-010   0.01548438
4.30000006e-010   0.01508594
4.40000006e-010   0.01475781
4.50000006e-010   0.01439844
4.60000006e-010   0.01407031
4.70000006e-010      0.01375
4.80000006e-010   0.01341406
4.90000007e-010    0.0130625
5.00000007e-010   0.01266406
5.10000007e-010   0.01228906
5.20000007e-010   0.01194531
5.30000007e-010   0.01164844
5.40000007e-010    0.0114375
5.50000007e-010   0.01132031
5.60000007e-010   0.01128906
5.70000008e-010   0.01135156
5.80000008e-010   0.01142188
5.90000008e-010   0.01154688
6.00000008e-010   0.01171094
6.10000008e-010   0.01183594
6.20000008e-010   0.01196094
6.30000008e-010   0.01199219
6.40000009e-010   0.01200781
6.50000009e-010   0.01194531
6.60000009e-010    0.0118125
6.70000009e-010   0.01165625
6.80000009e-010   0.01152344
6.90000009e-010   0.01136719
7.00000009e-010   0.01134375
7.10000009e-010   0.01135938
7.2000001e-010   0.01139844
7.3000001e-010   0.01153906
7.4000001e-010   0.01161719
7.5000001e-010   0.01169531
7.6000001e-010    0.0116875
7.7000001e-010   0.01155469
7.8000001e-010   0.01142188
7.90000011e-010   0.01120313
8.00000011e-010   0.01107813
8.10000011e-010   0.01096875
8.20000011e-010   0.01100781
8.30000011e-010     0.011125
8.40000011e-010   0.01132031
8.50000011e-010   0.01152344
8.60000011e-010   0.01170313
8.70000012e-010   0.01184375
8.80000012e-010   0.01191406
8.90000012e-010   0.01198438
9.00000012e-010   0.01200781
9.10000012e-010   0.01204688
9.20000012e-010   0.01213281
9.30000012e-010   0.01217969
9.40000013e-010   0.01232031
9.50000013e-010   0.01244531
9.60000013e-010    0.0125625
9.70000013e-010   0.01270313
9.80000013e-010   0.01284375
9.90000013e-010   0.01299219
1.00000001e-009   0.01314844
1.01000001e-009   0.01332031
1.02000001e-009   0.01345313
1.03000001e-009   0.01360938
1.04000001e-009   0.01370313
1.05000001e-009   0.01374219
1.06000001e-009   0.01371094
1.07000001e-009     0.013625
1.08000001e-009   0.01354688
1.09000001e-009   0.01347656
1.10000001e-009   0.01347656
1.11000001e-009   0.01344531
1.12000001e-009   0.01350781
1.13000002e-009   0.01357813
1.14000002e-009   0.01364063
1.15000002e-009   0.01371094
1.16000002e-009   0.01377344
1.17000002e-009   0.01382813
1.18000002e-009   0.01388281
1.19000002e-009   0.01400781
1.20000002e-009     0.014125
1.21000002e-009      0.01425
1.22000002e-009   0.01435156
1.23000002e-009   0.01448438
1.24000002e-009   0.01457031
1.25000002e-009   0.01460156
1.26000002e-009     0.014625
1.27000002e-009   0.01467969
1.28000002e-009   0.01467969
1.29000002e-009    0.0146875
1.30000002e-009      0.01475
1.31000002e-009   0.01478125
1.32000002e-009   0.01483594
1.33000002e-009   0.01486719
1.34000002e-009   0.01492188
1.35000002e-009   0.01496875
1.36000002e-009   0.01500781
1.37000002e-009   0.01503125
1.38000002e-009   0.01509375
1.39000002e-009    0.0151875
1.40000002e-009   0.01520313
1.41000002e-009   0.01520313
1.42000002e-009   0.01514844
1.43000002e-009   0.01503125
1.44000002e-009   0.01489063
1.45000002e-009   0.01473438
1.46000002e-009   0.01459375
1.47000002e-009       0.0145
1.48000002e-009   0.01442188
1.49000002e-009   0.01440625
1.50000002e-009   0.01438281
1.51000002e-009   0.01439844
1.52000002e-009   0.01435156
1.53000002e-009   0.01430469
1.54000002e-009   0.01423438
1.55000002e-009   0.01410938
1.56000002e-009   0.01399219
1.57000002e-009   0.01385938
1.58000002e-009    0.0136875
1.59000002e-009   0.01359375
1.60000002e-009   0.01346875
1.61000002e-009   0.01332813
1.62000002e-009   0.01320313
1.63000002e-009    0.0130625
1.64000002e-009   0.01289063
1.65000002e-009   0.01273438
1.66000002e-009   0.01263281
1.67000002e-009   0.01251563
1.68000002e-009   0.01240625
1.69000002e-009   0.01235156
1.70000002e-009   0.01226563
1.71000002e-009      0.01225
1.72000002e-009    0.0121875
1.73000002e-009    0.0121875
1.74000002e-009   0.01216406
1.75000002e-009   0.01221094
1.76000002e-009   0.01221094
1.77000002e-009   0.01224219
1.78000002e-009   0.01226563
1.79000002e-009   0.01226563
1.80000002e-009   0.01222656
1.81000002e-009   0.01219531
1.82000002e-009   0.01213281
1.83000002e-009   0.01205469
1.84000002e-009   0.01199219
1.85000002e-009   0.01195313
1.86000002e-009   0.01191406
1.87000002e-009   0.01190625
1.88000003e-009   0.01189844
1.89000003e-009   0.01189844
1.90000003e-009   0.01189063
1.91000003e-009   0.01186719
1.92000003e-009   0.01191406
1.93000003e-009   0.01188281
1.94000003e-009     0.011875
1.95000003e-009   0.01185156
1.96000003e-009   0.01182813
1.97000003e-009   0.01182813
1.98000003e-009   0.01186719
1.99000003e-009   0.01194531
2.00000003e-009   0.01201563
2.01000003e-009   0.01207813
2.02000003e-009   0.01217188
2.03000003e-009   0.01220313
2.04000003e-009   0.01221875
2.05000003e-009    0.0121875
2.06000003e-009     0.012125
2.07000003e-009   0.01210938
2.08000003e-009    0.0120625
2.09000003e-009   0.01195313
2.10000003e-009   0.01190625
2.11000003e-009   0.01188281
2.12000003e-009   0.01188281
2.13000003e-009   0.01182031
2.14000003e-009   0.01180469
2.15000003e-009   0.01177344
2.16000003e-009   0.01171875
2.17000003e-009   0.01175781
2.18000003e-009   0.01178906
2.19000003e-009   0.01185156
2.20000003e-009   0.01192969
2.21000003e-009   0.01203906
2.22000003e-009   0.01207031
2.23000003e-009   0.01211719
2.24000003e-009   0.01214844
2.25000003e-009   0.01210156
2.26000003e-009   0.01202344
2.27000003e-009   0.01194531
2.28000003e-009   0.01185938
2.29000003e-009   0.01177344
2.30000003e-009   0.01170313
2.31000003e-009   0.01163281
2.32000003e-009   0.01164844
2.33000003e-009   0.01164063
2.34000003e-009   0.01164844
2.35000003e-009   0.01160938
2.36000003e-009    0.0115625
2.37000003e-009   0.01146875
2.38000003e-009   0.01136719
2.39000003e-009   0.01129688
2.40000003e-009   0.01114844
2.41000003e-009   0.01103125
2.42000003e-009   0.01095313
2.43000003e-009   0.01089844
2.44000003e-009   0.01083594
2.45000003e-009   0.01077344
2.46000003e-009   0.01067969
2.47000003e-009   0.01063281
2.48000003e-009    0.0105625
2.49000003e-009       0.0105
2.50000003e-009    0.0104375
