-1.24500002e-009 -0.005148437
-1.24000002e-009  0.002523438
-1.23500002e-009 -0.005789062
-1.23000002e-009        0.003
-1.22500002e-009   -0.0066875
-1.22000002e-009  0.002921875
-1.21500002e-009   -0.0070625
-1.21000002e-009  0.002945313
-1.20500002e-009 -0.006828125
-1.20000002e-009  0.003828126
-1.19500002e-009 -0.006851562
-1.19000002e-009  0.004085938
-1.18500002e-009       -0.007
-1.18000002e-009  0.003562501
-1.17500002e-009 -0.006578125
-1.17000002e-009   0.00315625
-1.16500002e-009   -0.0071875
-1.16000002e-009        0.003
-1.15500002e-009       -0.007
-1.15000002e-009        0.003
-1.14500002e-009 -0.007226562
-1.14000002e-009    0.0030625
-1.13500002e-009 -0.007210937
-1.13000002e-009        0.003
-1.12500002e-009 -0.006632812
-1.12000001e-009  0.003046875
-1.11500001e-009 -0.007992188
-1.11000001e-009  0.003617188
-1.10500001e-009       -0.009
-1.10000001e-009  0.003390626
-1.09500001e-009 -0.008984375
-1.09000001e-009  0.003226563
-1.08500001e-009  -0.00809375
-1.08000001e-009  0.003359376
-1.07500001e-009 -0.007617188
-1.07000001e-009  0.003109375
-1.06500001e-009       -0.007
-1.06000001e-009       0.0025
-1.05500001e-009 -0.006015625
-1.05000001e-009    0.0023125
-1.04500001e-009 -0.006007812
-1.04000001e-009        0.003
-1.03500001e-009 -0.006007812
-1.03000001e-009        0.003
-1.02500001e-009   -0.0058125
-1.02000001e-009  0.003046875
-1.01500001e-009   -0.0065625
-1.01000001e-009   0.00309375
-1.00500001e-009 -0.007023437
-1.00000001e-009  0.003539063
-9.95000013e-010     -0.00675
-9.90000013e-010  0.003578126
-9.85000013e-010 -0.005765625
-9.80000013e-010  0.003109375
-9.75000013e-010    -0.005875
-9.70000013e-010  0.003609376
-9.65000013e-010 -0.006679687
-9.60000013e-010  0.003859376
-9.55000013e-010       -0.007
-9.50000013e-010  0.003445313
-9.45000013e-010 -0.006648437
-9.40000013e-010  0.003343751
-9.35000012e-010  -0.00703125
-9.30000012e-010  0.003234376
-9.25000012e-010 -0.007015625
-9.20000012e-010   0.00259375
-9.15000012e-010 -0.007320312
-9.10000012e-010  0.002320313
-9.05000012e-010 -0.007109375
-9.00000012e-010  0.003492188
-8.95000012e-010   -0.0071875
-8.90000012e-010  0.004007813
-8.85000012e-010 -0.007054687
-8.80000012e-010  0.003851563
-8.75000012e-010 -0.006921875
-8.70000012e-010    0.0030625
-8.65000012e-010   -0.0069375
-8.60000011e-010  0.002234375
-8.55000011e-010      -0.0065
-8.50000011e-010  0.002984375
-8.45000011e-010       -0.006
-8.40000011e-010  0.002679688
-8.35000011e-010    -0.006375
-8.30000011e-010  0.001320313
-8.25000011e-010       -0.007
-8.20000011e-010 0.0004687504
-8.15000011e-010       -0.007
-8.10000011e-010 0.0009140629
-8.05000011e-010 -0.007132812
-8.00000011e-010 0.0008906254
-7.95000011e-010  -0.00703125
-7.90000011e-010 0.0003750004
-7.8500001e-010 -0.007109375
-7.8000001e-010 0.0005937504
-7.7500001e-010  -0.00740625
-7.7000001e-010    0.0011875
-7.6500001e-010 -0.007351562
-7.6000001e-010  0.001265625
-7.5500001e-010 -0.006859375
-7.5000001e-010 0.0009921879
-7.4500001e-010   -0.0070625
-7.4000001e-010 0.0009375004
-7.3500001e-010 -0.007421875
-7.3000001e-010 0.0009296879
-7.2500001e-010 -0.007796875
-7.2000001e-010        0.001
-7.1500001e-010 -0.008109375
-7.10000009e-010        0.001
-7.05000009e-010  -0.00803125
-7.00000009e-010  0.001257813
-6.95000009e-010 -0.008640625
-6.90000009e-010        0.001
-6.85000009e-010       -0.009
-6.80000009e-010 1.562535e-005
-6.75000009e-010  -0.01000781
-6.70000009e-010 -0.0001093747
-6.65000009e-010  -0.01076563
-6.60000009e-010 -0.0003124997
-6.55000009e-010   -0.0111875
-6.50000009e-010 -0.0007265622
-6.45000009e-010  -0.01234375
-6.40000009e-010 -0.001734375
-6.35000008e-010  -0.01292188
-6.30000008e-010       -0.003
-6.25000008e-010   -0.0133125
-6.20000008e-010 -0.004601562
-6.15000008e-010  -0.01399219
-6.10000008e-010       -0.005
-6.05000008e-010       -0.015
-6.00000008e-010 -0.006765625
-5.95000008e-010  -0.01694531
-5.90000008e-010 -0.007414063
-5.85000008e-010  -0.01874219
-5.80000008e-010       -0.009
-5.75000008e-010  -0.02160156
-5.70000008e-010  -0.01253906
-5.65000008e-010  -0.02459375
-5.60000007e-010    -0.014125
-5.55000007e-010  -0.02773438
-5.50000007e-010  -0.01570313
-5.45000007e-010       -0.031
-5.40000007e-010  -0.01903906
-5.35000007e-010  -0.03598438
-5.30000007e-010  -0.02434375
-5.25000007e-010  -0.04149219
-5.20000007e-010   -0.0309375
-5.15000007e-010    -0.046625
-5.10000007e-010  -0.03651563
-5.05000007e-010  -0.05134375
-5.00000007e-010  -0.04017188
-4.95000007e-010  -0.05702344
-4.90000007e-010  -0.04482031
-4.85000006e-010  -0.06353125
-4.80000006e-010  -0.05053125
-4.75000006e-010  -0.07000782
-4.70000006e-010  -0.05728125
-4.65000006e-010  -0.07564063
-4.60000006e-010    -0.064875
-4.55000006e-010  -0.08085938
-4.50000006e-010  -0.07209375
-4.45000006e-010  -0.08848438
-4.40000006e-010   -0.0793125
-4.35000006e-010  -0.09567969
-4.30000006e-010  -0.08610157
-4.25000006e-010     -0.10175
-4.20000006e-010  -0.09220313
-4.15000006e-010    -0.106625
-4.10000005e-010  -0.09689844
-4.05000005e-010   -0.1110547
-4.00000005e-010   -0.1016641
-3.95000005e-010   -0.1163047
-3.90000005e-010   -0.1065391
-3.85000005e-010   -0.1204219
-3.80000005e-010   -0.1109922
-3.75000005e-010       -0.123
-3.70000005e-010   -0.1121953
-3.65000005e-010       -0.125
-3.60000005e-010   -0.1125703
-3.55000005e-010   -0.1261641
-3.50000005e-010   -0.1130938
-3.45000005e-010       -0.127
-3.40000005e-010   -0.1140234
-3.35000004e-010    -0.126625
-3.30000004e-010   -0.1158125
-3.25000004e-010       -0.127
-3.20000004e-010   -0.1161016
-3.15000004e-010   -0.1271641
-3.10000004e-010   -0.1150625
-3.05000004e-010   -0.1266797
-3.00000004e-010   -0.1148203
-2.95000004e-010   -0.1257188
-2.90000004e-010   -0.1125703
-2.85000004e-010   -0.1244531
-2.80000004e-010   -0.1112188
-2.75000004e-010       -0.123
-2.70000004e-010   -0.1107734
-2.65000004e-010   -0.1212891
-2.60000003e-010   -0.1077422
-2.55000003e-010   -0.1187344
-2.50000003e-010   -0.1056016
-2.45000003e-010      -0.1165
-2.40000003e-010   -0.1041016
-2.35000003e-010       -0.116
-2.30000003e-010   -0.1030938
-2.25000003e-010       -0.115
-2.20000003e-010   -0.1006484
-2.15000003e-010   -0.1117422
-2.10000003e-010  -0.09644532
-2.05000003e-010       -0.111
-2.00000003e-010  -0.09280469
-1.95000003e-010   -0.1093359
-1.90000003e-010  -0.09003125
-1.85000002e-010   -0.1065703
-1.80000002e-010  -0.08780469
-1.75000002e-010   -0.1030078
-1.70000002e-010  -0.08577344
-1.65000002e-010  -0.09903907
-1.60000002e-010   -0.0826875
-1.55000002e-010       -0.095
-1.50000002e-010  -0.07800782
-1.45000002e-010  -0.09022657
-1.40000002e-010  -0.07307032
-1.35000002e-010  -0.08536719
-1.30000002e-010  -0.06784375
-1.25000002e-010  -0.08032813
-1.20000002e-010      -0.0615
-1.15000002e-010   -0.0749375
-1.10000001e-010  -0.05533594
-1.05000001e-010       -0.069
-1.00000001e-010  -0.04963281
-9.50000013e-011  -0.06211719
-9.00000012e-011   -0.0445625
-8.50000011e-011  -0.05451563
-8.00000011e-011  -0.03822656
-7.5000001e-011  -0.04651563
-7.00000009e-011       -0.031
-6.50000009e-011  -0.04011719
-6.00000008e-011  -0.02478906
-5.50000007e-011  -0.03465625
-5.00000007e-011  -0.01914844
-4.50000006e-011  -0.02877344
-4.00000005e-011  -0.01271875
-3.50000005e-011  -0.02278125
-3.00000004e-011       -0.007
-2.50000003e-011       -0.017
-2.00000003e-011 -0.002859375
-1.50000002e-011  -0.01207031
-1.00000001e-011  0.001296875
-5.00000007e-012 -0.007867188
           0  0.005320313
5.00000007e-012 -0.004234375
1.00000001e-011  0.008093751
1.50000002e-011 -0.0005781247
2.00000003e-011  0.009890626
2.50000003e-011  0.001695313
3.00000004e-011   0.01213281
3.50000005e-011  0.003531251
4.00000005e-011   0.01427344
4.50000006e-011  0.004421876
5.00000007e-011   0.01511719
5.50000007e-011  0.004976563
6.00000008e-011   0.01647656
6.50000009e-011  0.005617188
7.00000009e-011   0.01700781
7.5000001e-011  0.006757813
8.00000011e-011        0.019
8.50000011e-011  0.008000001
9.00000012e-011   0.01857031
9.50000013e-011  0.007250001
1.00000001e-010        0.017
1.05000001e-010  0.006585938
1.10000001e-010   0.01634375
1.15000002e-010  0.006179688
1.20000002e-010        0.017
1.25000002e-010  0.005234376
1.30000002e-010   0.01664844
1.35000002e-010  0.004742188
1.40000002e-010   0.01607031
1.45000002e-010  0.004359376
1.50000002e-010   0.01527344
1.55000002e-010  0.003921876
1.60000002e-010   0.01423438
1.65000002e-010  0.004367188
1.70000002e-010        0.013
1.75000002e-010  0.003203126
1.80000002e-010     0.013375
1.85000002e-010        0.003
1.90000003e-010     0.013125
1.95000003e-010  0.003992188
2.00000003e-010   0.01316406
2.05000003e-010  0.004335938
2.10000003e-010   0.01360156
2.15000003e-010  0.004375001
2.20000003e-010   0.01442188
2.25000003e-010  0.005000001
2.30000003e-010    0.0153125
2.35000003e-010  0.006421876
2.40000003e-010   0.01639844
2.45000003e-010  0.008109376
2.50000003e-010     0.017375
2.55000003e-010  0.008828126
2.60000003e-010   0.01858594
2.65000004e-010  0.009062501
2.70000004e-010   0.01908594
2.75000004e-010  0.009398438
2.80000004e-010        0.019
2.85000004e-010  0.009867188
2.90000004e-010   0.01991406
2.95000004e-010   0.01014063
3.00000004e-010        0.021
3.05000004e-010        0.011
3.10000004e-010   0.02198438
3.15000004e-010   0.01167188
3.20000004e-010   0.02217188
3.25000004e-010   0.01115625
3.30000004e-010   0.02246094
3.35000004e-010   0.01089844
3.40000005e-010   0.02316406
3.45000005e-010   0.01092188
3.50000005e-010       0.0235
3.55000005e-010   0.01122656
3.60000005e-010    0.0233125
3.65000005e-010   0.01178125
3.70000005e-010   0.02329688
3.75000005e-010        0.011
3.80000005e-010   0.02326563
3.85000005e-010  0.009890626
3.90000005e-010       0.0225
3.95000005e-010  0.009312501
4.00000005e-010   0.02123438
4.05000005e-010  0.009000001
4.10000005e-010   0.02096875
4.15000006e-010  0.008984376
4.20000006e-010   0.02102344
4.25000006e-010  0.008828126
4.30000006e-010   0.02101563
4.35000006e-010  0.008390626
4.40000006e-010        0.021
4.45000006e-010  0.007765626
4.50000006e-010   0.02032813
4.55000006e-010  0.007101563
4.60000006e-010   0.01923438
4.65000006e-010  0.007000001
4.70000006e-010   0.01786719
4.75000006e-010  0.007421876
4.80000006e-010   0.01742969
4.85000006e-010  0.008101563
4.90000007e-010   0.01746094
4.95000007e-010  0.006703126
5.00000007e-010   0.01771875
5.05000007e-010  0.005937501
5.10000007e-010   0.01760156
5.15000007e-010  0.005882813
5.20000007e-010        0.017
5.25000007e-010  0.006484376
5.30000007e-010     0.017875
5.35000007e-010  0.006718751
5.40000007e-010   0.01890625
5.45000007e-010  0.007476563
5.50000007e-010   0.01872656
5.55000007e-010  0.008851563
5.60000007e-010   0.01739063
5.65000008e-010  0.008867188
5.70000008e-010   0.01640625
5.75000008e-010  0.008734376
5.80000008e-010        0.017
5.85000008e-010  0.008750001
5.90000008e-010        0.017
5.95000008e-010  0.008851563
6.00000008e-010    0.0176875
6.05000008e-010  0.008304688
6.10000008e-010   0.01810156
6.15000008e-010  0.008109376
6.20000008e-010   0.01815625
6.25000008e-010  0.008515626
6.30000008e-010   0.01778906
6.35000008e-010  0.008226563
6.40000009e-010   0.01763281
6.45000009e-010  0.008507813
6.50000009e-010   0.01746875
6.55000009e-010  0.008632813
6.60000009e-010      0.01625
6.65000009e-010  0.007281251
6.70000009e-010   0.01760938
6.75000009e-010  0.007000001
6.80000009e-010   0.01834375
6.85000009e-010  0.006835938
6.90000009e-010   0.01832031
6.95000009e-010  0.006484376
7.00000009e-010   0.01749219
7.05000009e-010  0.006210938
7.10000009e-010   0.01596094
7.1500001e-010  0.006140626
7.2000001e-010        0.015
7.2500001e-010  0.006546876
7.3000001e-010   0.01516406
7.3500001e-010  0.006898438
7.4000001e-010   0.01509375
7.4500001e-010  0.006875001
7.5000001e-010   0.01521875
7.5500001e-010  0.006054688
7.6000001e-010   0.01534375
7.6500001e-010  0.005164063
7.7000001e-010   0.01571875
7.7500001e-010  0.005101563
7.8000001e-010   0.01575781
7.8500001e-010  0.005890626
7.90000011e-010   0.01608594
7.95000011e-010  0.006812501
8.00000011e-010        0.017
8.05000011e-010  0.006515626
8.10000011e-010   0.01710938
8.15000011e-010  0.005992188
8.20000011e-010   0.01723438
8.25000011e-010  0.005093751
8.30000011e-010   0.01705469
8.35000011e-010  0.005000001
8.40000011e-010     0.016875
8.45000011e-010  0.005835938
8.50000011e-010   0.01717188
8.55000011e-010  0.007359376
8.60000011e-010   0.01771094
8.65000012e-010  0.008539063
8.70000012e-010   0.01767969
8.75000012e-010  0.008914063
8.80000012e-010    0.0176875
8.85000012e-010  0.008531251
8.90000012e-010        0.019
8.95000012e-010  0.008171876
9.00000012e-010   0.01949219
9.05000012e-010  0.007671876
9.10000012e-010   0.01917969
9.15000012e-010  0.007000001
9.20000012e-010   0.01817969
9.25000012e-010  0.007195313
9.30000012e-010    0.0181875
9.35000012e-010  0.008171876
9.40000013e-010   0.01817188
9.45000013e-010  0.009000001
9.50000013e-010   0.01775781
9.55000013e-010  0.008164063
9.60000013e-010   0.01771094
9.65000013e-010  0.007828126
9.70000013e-010   0.01807031
9.75000013e-010  0.007945313
9.80000013e-010   0.01804688
9.85000013e-010  0.008382813
9.90000013e-010   0.01766406
9.95000013e-010  0.008437501
1.00000001e-009    0.0170625
1.00500001e-009  0.008726563
1.01000001e-009      0.01825
1.01500001e-009  0.009000001
1.02000001e-009        0.019
1.02500001e-009  0.008289063
1.03000001e-009   0.01907813
1.03500001e-009  0.008031251
1.04000001e-009   0.01845313
1.04500001e-009  0.008164063
1.05000001e-009   0.01730469
1.05500001e-009  0.008539063
1.06000001e-009     0.018125
1.06500001e-009  0.008992188
1.07000001e-009    0.0196875
1.07500001e-009  0.009000001
1.08000001e-009   0.02071094
1.08500001e-009  0.008023438
1.09000001e-009   0.02107031
1.09500001e-009  0.007742188
1.10000001e-009   0.02078125
1.10500001e-009  0.007742188
1.11000001e-009         0.02
1.11500001e-009  0.008296876
1.12000001e-009   0.01897656
1.12500002e-009  0.008617188
1.13000002e-009   0.01908594
1.13500002e-009  0.008585938
1.14000002e-009    0.0190625
1.14500002e-009  0.008929688
1.15000002e-009   0.01914063
1.15500002e-009  0.008703126
1.16000002e-009   0.01932813
1.16500002e-009  0.009242188
1.17000002e-009        0.021
1.17500002e-009   0.01036719
1.18000002e-009   0.02150781
1.18500002e-009   0.01067188
1.19000002e-009   0.02103906
1.19500002e-009  0.009882813
1.20000002e-009   0.01986719
1.20500002e-009  0.009000001
1.21000002e-009     0.018625
1.21500002e-009  0.008953126
1.22000002e-009    0.0191875
1.22500002e-009  0.009789063
1.23000002e-009      0.01925
1.23500002e-009   0.01084375
1.24000002e-009   0.01913281
1.24500002e-009   0.01085938
1.25000002e-009    0.0208125
