+3.00000000000E+005  -8.35877361939E+001
+7.79850000000E+006  -8.10530286429E+001
+1.52970000000E+007  -8.48546803561E+001
+2.27955000000E+007  -7.35584695881E+001
+3.02940000000E+007  -8.49216928845E+001
+3.77925000000E+007  -7.92276759707E+001
+4.52910000000E+007  -7.54700140175E+001
+5.27895000000E+007  -7.23521922044E+001
+6.02880000000E+007  -7.04142849674E+001
+6.77865000000E+007  -7.00096180792E+001
+7.52850000000E+007  -6.75764960117E+001
+8.27835000000E+007  -7.39093635195E+001
+9.02820000000E+007  -6.99126968053E+001
+9.77805000000E+007  -6.87615718264E+001
+1.05279000000E+008  -6.29209741603E+001
+1.12777500000E+008  -6.50338615973E+001
+1.20276000000E+008  -6.55844543146E+001
+1.27774500000E+008  -7.00062389982E+001
+1.35273000000E+008  -6.52998209664E+001
+1.42771500000E+008  -6.06608655992E+001
+1.50270000000E+008  -6.66928069880E+001
+1.57768500000E+008  -6.42465424621E+001
+1.65267000000E+008  -6.41348936078E+001
+1.72765500000E+008  -6.35237124192E+001
+1.80264000000E+008  -5.91164917417E+001
+1.87762500000E+008  -6.76507801727E+001
+1.95261000000E+008  -6.11503420352E+001
+2.02759500000E+008  -7.66014185793E+001
+2.10258000000E+008  -6.05941381760E+001
+2.17756500000E+008  -5.94896333643E+001
+2.25255000000E+008  -5.92541839174E+001
+2.32753500000E+008  -6.85299052524E+001
+2.40252000000E+008  -5.57691191008E+001
+2.47750500000E+008  -5.36785329362E+001
+2.55249000000E+008  -6.35695501319E+001
+2.62747500000E+008  -7.09797870134E+001
+2.70246000000E+008  -6.20865237052E+001
+2.77744500000E+008  -5.54136401688E+001
+2.85243000000E+008  -6.08721371559E+001
+2.92741500000E+008  -6.13894712310E+001
+3.00240000000E+008  -5.66568678056E+001
+3.07738500000E+008  -5.74616731932E+001
+3.15237000000E+008  -6.26830346181E+001
+3.22735500000E+008  -6.24501944864E+001
+3.30234000000E+008  -5.80985850515E+001
+3.37732500000E+008  -5.73712141919E+001
+3.45231000000E+008  -5.20436138130E+001
+3.52729500000E+008  -6.30056661640E+001
+3.60228000000E+008  -6.00023029306E+001
+3.67726500000E+008  -6.54395777174E+001
+3.75225000000E+008  -6.27455284608E+001
+3.82723500000E+008  -5.87901622580E+001
+3.90222000000E+008  -5.93275834892E+001
+3.97720500000E+008  -5.95251338105E+001
+4.05219000000E+008  -6.30169523025E+001
+4.12717500000E+008  -6.01628782349E+001
+4.20216000000E+008  -5.56158264682E+001
+4.27714500000E+008  -6.23562916344E+001
+4.35213000000E+008  -8.51282526707E+001
+4.42711500000E+008  -5.66385263599E+001
+4.50210000000E+008  -5.59209423562E+001
+4.57708500000E+008  -5.54968981141E+001
+4.65207000000E+008  -5.32878716111E+001
+4.72705500000E+008  -5.59945492101E+001
+4.80204000000E+008  -6.45580123093E+001
+4.87702500000E+008  -5.87254034058E+001
+4.95201000000E+008  -6.10942949526E+001
+5.02699500000E+008  -6.62349571287E+001
+5.10198000000E+008  -6.37268730033E+001
+5.17696500000E+008  -6.12078880306E+001
+5.25195000000E+008  -5.70537004899E+001
+5.32693500000E+008  -5.35957104266E+001
+5.40192000000E+008  -6.42659194087E+001
+5.47690500000E+008  -5.89032521333E+001
+5.55189000000E+008  -5.98155724026E+001
+5.62687500000E+008  -5.74728408100E+001
+5.70186000000E+008  -5.70918137499E+001
+5.77684500000E+008  -7.36356149456E+001
+5.85183000000E+008  -6.02207535076E+001
+5.92681500000E+008  -5.77608091290E+001
+6.00180000000E+008  -5.98628531146E+001
+6.07678500000E+008  -7.85496706923E+001
+6.15177000000E+008  -7.19669566917E+001
+6.22675500000E+008  -6.09494812717E+001
+6.30174000000E+008  -5.56137751813E+001
+6.37672500000E+008  -7.38900113117E+001
+6.45171000000E+008  -5.27747159733E+001
+6.52669500000E+008  -6.20149094393E+001
+6.60168000000E+008  -6.86608486711E+001
+6.67666500000E+008  -5.60342366364E+001
+6.75165000000E+008  -5.55955430845E+001
+6.82663500000E+008  -5.73369086025E+001
+6.90162000000E+008  -5.85552162732E+001
+6.97660500000E+008  -5.84164412365E+001
+7.05159000000E+008  -7.15416783878E+001
+7.12657500000E+008  -6.02909397229E+001
+7.20156000000E+008  -6.98357511578E+001
+7.27654500000E+008  -6.39335614237E+001
+7.35153000000E+008  -6.29779978509E+001
+7.42651500000E+008  -5.82522493762E+001
+7.50150000000E+008  -6.75557589883E+001
+7.57648500000E+008  -6.23142931083E+001
+7.65147000000E+008  -6.97103383243E+001
+7.72645500000E+008  -6.72093164443E+001
+7.80144000000E+008  -6.36661626530E+001
+7.87642500000E+008  -6.84253216389E+001
+7.95141000000E+008  -6.71073429960E+001
+8.02639500000E+008  -6.82088674040E+001
+8.10138000000E+008  -7.00011935915E+001
+8.17636500000E+008  -6.29039932948E+001
+8.25135000000E+008  -6.60818183267E+001
+8.32633500000E+008  -6.23430748012E+001
+8.40132000000E+008  -6.75727457871E+001
+8.47630500000E+008  -6.07826815942E+001
+8.55129000000E+008  -6.04952435420E+001
+8.62627500000E+008  -6.54059085416E+001
+8.70126000000E+008  -6.96052823679E+001
+8.77624500000E+008  -6.19832618572E+001
+8.85123000000E+008  -6.70851820364E+001
+8.92621500000E+008  -6.46769034113E+001
+9.00120000000E+008  -6.12965525981E+001
+9.07618500000E+008  -5.78236961510E+001
+9.15117000000E+008  -6.42972119219E+001
+9.22615500000E+008  -6.09928390537E+001
+9.30114000000E+008  -6.29976765712E+001
+9.37612500000E+008  -6.26209608805E+001
+9.45111000000E+008  -7.04002531070E+001
+9.52609500000E+008  -5.91223204444E+001
+9.60108000000E+008  -6.58966471750E+001
+9.67606500000E+008  -6.87148603549E+001
+9.75105000000E+008  -7.17159418066E+001
+9.82603500000E+008  -6.66184301424E+001
+9.90102000000E+008  -6.17989720372E+001
+9.97600500000E+008  -6.38499870798E+001
+1.00509900000E+009  -6.15604701244E+001
+1.01259750000E+009  -6.51002037192E+001
+1.02009600000E+009  -6.61002586455E+001
+1.02759450000E+009  -7.45071774542E+001
+1.03509300000E+009  -6.61407943576E+001
+1.04259150000E+009  -6.62012597590E+001
+1.05009000000E+009  -7.81771368434E+001
+1.05758850000E+009  -6.50930514615E+001
+1.06508700000E+009  -6.35900020062E+001
+1.07258550000E+009  -7.62904798288E+001
+1.08008400000E+009  -5.95572771435E+001
+1.08758250000E+009  -6.72147927903E+001
+1.09508100000E+009  -6.04635430782E+001
+1.10257950000E+009  -6.22630472379E+001
+1.11007800000E+009  -6.60369874804E+001
+1.11757650000E+009  -6.61249995662E+001
+1.12507500000E+009  -8.79583014503E+001
+1.13257350000E+009  -6.83072646587E+001
+1.14007200000E+009  -8.42311095271E+001
+1.14757050000E+009  -6.85769379248E+001
+1.15506900000E+009  -6.42817132693E+001
+1.16256750000E+009  -7.69743848898E+001
+1.17006600000E+009  -7.53918770585E+001
+1.17756450000E+009  -6.99490865031E+001
+1.18506300000E+009  -6.73296910884E+001
+1.19256150000E+009  -6.29284046064E+001
+1.20006000000E+009  -6.29782666293E+001
+1.20755850000E+009  -6.52740280015E+001
+1.21505700000E+009  -8.93594117944E+001
+1.22255550000E+009  -7.51459558593E+001
+1.23005400000E+009  -7.00516278864E+001
+1.23755250000E+009  -6.75299781721E+001
+1.24505100000E+009  -7.03883178503E+001
+1.25254950000E+009  -7.25624583527E+001
+1.26004800000E+009  -6.55534894725E+001
+1.26754650000E+009  -7.56319337413E+001
+1.27504500000E+009  -7.63979033051E+001
+1.28254350000E+009  -8.08806519656E+001
+1.29004200000E+009  -7.44289272217E+001
+1.29754050000E+009  -7.35057190702E+001
+1.30503900000E+009  -6.49794300233E+001
+1.31253750000E+009  -6.38599697661E+001
+1.32003600000E+009  -7.12197751358E+001
+1.32753450000E+009  -7.03345796994E+001
+1.33503300000E+009  -7.17466598021E+001
+1.34253150000E+009  -6.73023362329E+001
+1.35003000000E+009  -6.78990541686E+001
+1.35752850000E+009  -7.29956189475E+001
+1.36502700000E+009  -6.86213386262E+001
+1.37252550000E+009  -6.91262588694E+001
+1.38002400000E+009  -7.03530111963E+001
+1.38752250000E+009  -6.84409153804E+001
+1.39502100000E+009  -7.08572246664E+001
+1.40251950000E+009  -6.78348526623E+001
+1.41001800000E+009  -7.28061953302E+001
+1.41751650000E+009  -6.66346531237E+001
+1.42501500000E+009  -7.43428636860E+001
+1.43251350000E+009  -6.85689750166E+001
+1.44001200000E+009  -7.27034505670E+001
+1.44751050000E+009  -7.61633418392E+001
+1.45500900000E+009  -7.10893986222E+001
+1.46250750000E+009  -7.70728838675E+001
+1.47000600000E+009  -7.59816161203E+001
+1.47750450000E+009  -6.67240819556E+001
+1.48500300000E+009  -7.32731077232E+001
+1.49250150000E+009  -7.05553823905E+001
+1.50000000000E+009  -7.23941661971E+001
