-4.98000007e-009 -0.005953125
-4.96000007e-009  0.004695313
-4.94000007e-009 -0.005039062
-4.92000007e-009  0.004695313
-4.90000007e-009       -0.005
-4.88000007e-009  0.004960938
-4.86000006e-009 -0.005296875
-4.84000006e-009  0.003398438
-4.82000006e-009       -0.005
-4.80000006e-009  0.005000001
-4.78000006e-009 -0.005367187
-4.76000006e-009  0.005570313
-4.74000006e-009 -0.004828125
-4.72000006e-009  0.005000001
-4.70000006e-009       -0.005
-4.68000006e-009  0.002976563
-4.66000006e-009   -0.0045625
-4.64000006e-009  0.004898438
-4.62000006e-009 -0.005539062
-4.60000006e-009  0.004937501
-4.58000006e-009 -0.004265625
-4.56000006e-009  0.004796876
-4.54000006e-009 -0.005023437
-4.52000006e-009  0.003453126
-4.50000006e-009 -0.005234375
-4.48000006e-009  0.004820313
-4.46000006e-009 -0.006265625
-4.44000006e-009  0.005000001
-4.42000006e-009 -0.006148437
-4.40000006e-009  0.005375001
-4.38000006e-009 -0.004757812
-4.36000006e-009  0.006773438
-4.34000006e-009 -0.005015625
-4.32000006e-009  0.005000001
-4.30000006e-009       -0.007
-4.28000006e-009  0.003609376
-4.26000006e-009 -0.004726562
-4.24000006e-009  0.005062501
-4.22000006e-009       -0.005
-4.20000006e-009  0.003039063
-4.18000006e-009 -0.004328125
-4.16000006e-009  0.006054688
-4.14000006e-009  -0.00578125
-4.12000006e-009  0.004156251
-4.10000005e-009       -0.007
-4.08000005e-009  0.003406251
-4.06000005e-009 -0.005796875
-4.04000005e-009  0.003492188
-4.02000005e-009       -0.005
-4.00000005e-009  0.005000001
-3.98000005e-009 -0.005359375
-3.96000005e-009  0.003671876
-3.94000005e-009    -0.005375
-3.92000005e-009  0.003546876
-3.90000005e-009 -0.004367187
-3.88000005e-009  0.002671875
-3.86000005e-009  -0.00540625
-3.84000005e-009  0.005000001
-3.82000005e-009 -0.004054687
-3.80000005e-009  0.006093751
-3.78000005e-009 -0.003726562
-3.76000005e-009  0.003921876
-3.74000005e-009       -0.005
-3.72000005e-009  0.003289063
-3.70000005e-009       -0.005
-3.68000005e-009     0.003125
-3.66000005e-009 -0.004914062
-3.64000005e-009  0.003867188
-3.62000005e-009       -0.005
-3.60000005e-009  0.005000001
-3.58000005e-009 -0.005453125
-3.56000005e-009  0.004882813
-3.54000005e-009 -0.005226562
-3.52000005e-009        0.003
-3.50000005e-009       -0.005
-3.48000005e-009  0.004328126
-3.46000005e-009 -0.005296875
-3.44000005e-009  0.006062501
-3.42000005e-009       -0.005
-3.40000005e-009  0.003359376
-3.38000005e-009 -0.005273437
-3.36000004e-009  0.003617188
-3.34000004e-009 -0.006359375
-3.32000004e-009  0.002460938
-3.30000004e-009       -0.005
-3.28000004e-009  0.002273438
-3.26000004e-009 -0.007609375
-3.24000004e-009  0.001710938
-3.22000004e-009       -0.007
-3.20000004e-009  0.001664063
-3.18000004e-009  -0.00878125
-3.16000004e-009  0.002078125
-3.14000004e-009 -0.008273438
-3.12000004e-009 -0.0006562497
-3.10000004e-009 -0.009695313
-3.08000004e-009 -0.0003749997
-3.06000004e-009 -0.009695313
-3.04000004e-009 0.0003437504
-3.02000004e-009       -0.011
-3.00000004e-009 -0.0009999997
-2.98000004e-009  -0.00909375
-2.96000004e-009 -0.001820312
-2.94000004e-009  -0.01094531
-2.92000004e-009        0.001
-2.90000004e-009       -0.011
-2.88000004e-009     -0.00225
-2.86000004e-009    -0.011875
-2.84000004e-009 -0.002476562
-2.82000004e-009  -0.01133594
-2.80000004e-009 -0.0009999997
-2.78000004e-009  -0.01182031
-2.76000004e-009      -0.0035
-2.74000004e-009      -0.0135
-2.72000004e-009   -0.0034375
-2.70000004e-009       -0.011
-2.68000004e-009 -0.001492187
-2.66000004e-009  -0.01145313
-2.64000004e-009 -0.003453125
-2.62000003e-009  -0.01210156
-2.60000003e-009   -0.0033125
-2.58000003e-009  -0.01194531
-2.56000003e-009 -0.0008984372
-2.54000003e-009  -0.01172656
-2.52000003e-009 -0.003195312
-2.50000003e-009       -0.013
-2.48000003e-009  -0.00159375
-2.46000003e-009  -0.01245313
-2.44000003e-009       -0.003
-2.42000003e-009  -0.01491406
-2.40000003e-009       -0.003
-2.38000003e-009  -0.01433594
-2.36000003e-009 -0.004484375
-2.34000003e-009     -0.01125
-2.32000003e-009 -0.002648437
-2.30000003e-009       -0.011
-2.28000003e-009 -0.002304687
-2.26000003e-009  -0.01235156
-2.24000003e-009       -0.003
-2.22000003e-009       -0.011
-2.20000003e-009       -0.003
-2.18000003e-009  -0.01190625
-2.16000003e-009 -0.001039062
-2.14000003e-009  -0.01148438
-2.12000003e-009 -0.001578125
-2.10000003e-009  -0.01104688
-2.08000003e-009 -0.002117187
-2.06000003e-009  -0.01111719
-2.04000003e-009 -0.0004140622
-2.02000003e-009  -0.01148438
-2.00000003e-009 -0.001148437
-1.98000003e-009  -0.01032031
-1.96000003e-009 -0.0009999997
-1.94000003e-009  -0.01103906
-1.92000003e-009 -0.0008671872
-1.90000003e-009  -0.01125781
-1.88000003e-009  -0.00171875
-1.86000002e-009  -0.01017969
-1.84000002e-009 -0.0008515622
-1.82000002e-009 -0.009570313
-1.80000002e-009 -0.0009999997
-1.78000002e-009  -0.01144531
-1.76000002e-009 0.0003593754
-1.74000002e-009       -0.009
-1.72000002e-009 -0.0003749997
-1.70000002e-009  -0.00809375
-1.68000002e-009 0.0007421879
-1.66000002e-009  -0.00896875
-1.64000002e-009        0.001
-1.62000002e-009 -0.007507813
-1.60000002e-009        0.003
-1.58000002e-009 -0.007820313
-1.56000002e-009  0.001320313
-1.54000002e-009  -0.00753125
-1.52000002e-009        0.001
-1.50000002e-009 -0.007710938
-1.48000002e-009    0.0013125
-1.46000002e-009 -0.007507813
-1.44000002e-009        0.003
-1.42000002e-009       -0.007
-1.40000002e-009        0.003
-1.38000002e-009 -0.005945312
-1.36000002e-009  0.001976563
-1.34000002e-009       -0.007
-1.32000002e-009        0.003
-1.30000002e-009       -0.007
-1.28000002e-009  0.002507813
-1.26000002e-009 -0.006914062
-1.24000002e-009        0.003
-1.22000002e-009       -0.007
-1.20000002e-009  0.003632813
-1.18000002e-009 -0.006789062
-1.16000002e-009  0.002078125
-1.14000002e-009 -0.006765625
-1.12000001e-009  0.001765625
-1.10000001e-009 -0.006601562
-1.08000001e-009  0.002367188
-1.06000001e-009 -0.008007813
-1.04000001e-009  0.005000001
-1.02000001e-009  -0.00640625
-1.00000001e-009        0.003
-9.80000013e-010 -0.007171875
-9.60000013e-010  0.001898438
-9.40000013e-010       -0.007
-9.20000012e-010  0.001289063
-9.00000012e-010       -0.009
-8.80000012e-010  0.002335938
-8.60000011e-010   -0.0063125
-8.40000011e-010        0.003
-8.20000011e-010 -0.006578125
-8.00000011e-010        0.003
-7.8000001e-010 -0.007304687
-7.6000001e-010  0.001835938
-7.4000001e-010 -0.007632813
-7.2000001e-010  0.001640625
-7.00000009e-010   -0.0090625
-6.80000009e-010 -0.0002734372
-6.60000009e-010 -0.009273438
-6.40000009e-010 -0.0006640622
-6.20000008e-010   -0.0121875
-6.00000008e-010 -0.0009999997
-5.80000008e-010  -0.01541406
-5.60000007e-010  -0.00803125
-5.40000007e-010  -0.02563281
-5.20000007e-010       -0.017
-5.00000007e-010       -0.045
-4.80000006e-010  -0.03695313
-4.60000006e-010  -0.06850782
-4.40000006e-010  -0.06080469
-4.20000006e-010       -0.091
-4.00000005e-010  -0.08729688
-3.80000005e-010   -0.1153984
-3.60000005e-010   -0.1072891
-3.40000005e-010       -0.129
-3.20000004e-010       -0.115
-3.00000004e-010       -0.127
-2.80000004e-010   -0.1135391
-2.60000003e-010   -0.1223359
-2.40000003e-010       -0.107
-2.20000003e-010       -0.117
-2.00000003e-010   -0.1008984
-1.80000002e-010   -0.1091797
-1.60000002e-010  -0.08840625
-1.40000002e-010  -0.09644532
-1.20000002e-010   -0.0725625
-1.00000001e-010       -0.079
-8.00000011e-011  -0.04815625
-6.00000008e-011  -0.05425781
-4.00000005e-011       -0.023
-2.00000003e-011       -0.027
           0 -0.0009999997
2.00000003e-011 -0.007921875
4.00000005e-011   0.01510156
6.00000008e-011   0.00290625
8.00000011e-011        0.017
1.00000001e-010  0.006640626
1.20000002e-010   0.01855469
1.40000002e-010  0.006375001
1.60000002e-010        0.015
1.80000002e-010  0.003570313
2.00000003e-010        0.015
2.20000003e-010  0.004296876
2.40000003e-010   0.01653125
2.60000003e-010        0.003
2.80000004e-010        0.019
3.00000004e-010  0.009000001
3.20000004e-010   0.02161719
3.40000005e-010   0.01257031
3.60000005e-010   0.02421094
3.80000005e-010   0.01205469
4.00000005e-010        0.023
4.20000006e-010  0.009875001
4.40000006e-010   0.01926563
4.60000006e-010  0.008460938
4.80000006e-010   0.01713281
5.00000007e-010  0.008359376
5.20000007e-010   0.01771094
5.40000007e-010  0.008039063
5.60000007e-010        0.017
5.80000008e-010  0.007000001
6.00000008e-010        0.019
6.20000008e-010  0.006835938
6.40000009e-010   0.01891406
6.60000009e-010  0.006562501
6.80000009e-010   0.01671875
7.00000009e-010  0.005187501
7.2000001e-010   0.01528906
7.4000001e-010  0.006015626
7.6000001e-010   0.01542969
7.8000001e-010  0.006265626
8.00000011e-010   0.01540625
8.20000011e-010  0.005203126
8.40000011e-010    0.0166875
8.60000011e-010  0.007000001
8.80000012e-010        0.017
9.00000012e-010  0.005789063
9.20000012e-010   0.01692188
9.40000013e-010  0.008046876
9.60000013e-010   0.01673438
9.80000013e-010  0.007000001
1.00000001e-009   0.01761719
1.02000001e-009  0.006359376
1.04000001e-009      0.01725
1.06000001e-009  0.008656251
1.08000001e-009   0.01851563
1.10000001e-009  0.008335938
1.12000001e-009   0.01853125
1.14000002e-009  0.008257813
1.16000002e-009   0.01724219
1.18000002e-009  0.009445313
1.20000002e-009   0.01994531
1.22000002e-009  0.009492188
1.24000002e-009       0.0205
1.26000002e-009  0.009414063
1.28000002e-009   0.01935938
1.30000002e-009   0.01064063
1.32000002e-009   0.02100781
1.34000002e-009  0.009390626
1.36000002e-009   0.01964844
1.38000002e-009  0.009000001
1.40000002e-009   0.02061719
1.42000002e-009   0.01025781
1.44000002e-009   0.01950781
1.46000002e-009  0.009554688
1.48000002e-009   0.01874219
1.50000002e-009   0.01060156
1.52000002e-009   0.02019531
1.54000002e-009  0.009312501
1.56000002e-009   0.01902344
1.58000002e-009  0.007000001
1.60000002e-009        0.021
1.62000002e-009  0.007695313
1.64000002e-009   0.01685156
1.66000002e-009  0.008625001
1.68000002e-009   0.01849219
1.70000002e-009  0.007000001
1.72000002e-009     0.017375
1.74000002e-009  0.008031251
1.76000002e-009   0.01929688
1.78000002e-009  0.008828126
1.80000002e-009   0.01803125
1.82000002e-009  0.006914063
1.84000002e-009   0.01614063
1.86000002e-009  0.007000001
1.88000003e-009   0.01695313
1.90000003e-009  0.008609376
1.92000003e-009   0.01716406
1.94000003e-009  0.007062501
1.96000003e-009   0.01628125
1.98000003e-009  0.007000001
2.00000003e-009        0.017
2.02000003e-009  0.007226563
2.04000003e-009   0.01614063
2.06000003e-009  0.006406251
2.08000003e-009        0.019
2.10000003e-009  0.006640626
2.12000003e-009   0.01609375
2.14000003e-009  0.007093751
2.16000003e-009   0.01700781
2.18000003e-009  0.007000001
2.20000003e-009   0.01813281
2.22000003e-009  0.007156251
2.24000003e-009   0.01675781
2.26000003e-009  0.006867188
2.28000003e-009   0.01602344
2.30000003e-009  0.006585938
2.32000003e-009   0.01736719
2.34000003e-009  0.006320313
2.36000003e-009   0.01569531
2.38000003e-009  0.006390626
2.40000003e-009   0.01597656
2.42000003e-009  0.006875001
2.44000003e-009    0.0170625
2.46000003e-009  0.005007813
2.48000003e-009   0.01492188
2.50000003e-009  0.006539063
2.52000003e-009       0.0145
2.54000003e-009  0.004789063
2.56000003e-009   0.01532813
2.58000003e-009  0.005695313
2.60000003e-009   0.01421094
2.62000003e-009  0.002953125
2.64000004e-009   0.01701563
2.66000004e-009  0.005000001
2.68000004e-009   0.01415625
2.70000004e-009  0.005257813
2.72000004e-009   0.01471875
2.74000004e-009  0.005257813
2.76000004e-009   0.01464063
2.78000004e-009        0.003
2.80000004e-009        0.015
2.82000004e-009  0.004695313
2.84000004e-009   0.01459375
2.86000004e-009  0.004218751
2.88000004e-009        0.013
2.90000004e-009  0.003726563
2.92000004e-009   0.01407031
2.94000004e-009  0.003992188
2.96000004e-009    0.0133125
2.98000004e-009  0.004898438
3.00000004e-009   0.01434375
3.02000004e-009  0.003968751
3.04000004e-009    0.0141875
3.06000004e-009  0.003929688
3.08000004e-009   0.01330469
3.10000004e-009  0.004789063
3.12000004e-009   0.01369531
3.14000004e-009  0.002679688
3.16000004e-009   0.01423438
3.18000004e-009  0.004656251
3.20000004e-009        0.013
3.22000004e-009  0.004296876
3.24000004e-009   0.01503125
3.26000004e-009  0.001898438
3.28000004e-009        0.013
3.30000004e-009  0.001164063
3.32000004e-009   0.01246094
3.34000004e-009  0.002554688
3.36000004e-009   0.01367188
3.38000005e-009        0.003
3.40000005e-009        0.013
3.42000005e-009  0.002601563
3.44000005e-009   0.01228906
3.46000005e-009  0.001390625
3.48000005e-009   0.01251563
3.50000005e-009        0.003
3.52000005e-009   0.01183594
3.54000005e-009  0.001570313
3.56000005e-009   0.01317969
3.58000005e-009        0.001
3.60000005e-009        0.011
3.62000005e-009    0.0010625
3.64000005e-009     0.011375
3.66000005e-009  0.002710938
3.68000005e-009   0.01121875
3.70000005e-009        0.001
3.72000005e-009   0.01378125
3.74000005e-009 0.0004218754
3.76000005e-009   0.01157813
3.78000005e-009      0.00225
3.80000005e-009        0.011
3.82000005e-009  0.001484375
3.84000005e-009   0.01264844
3.86000005e-009 0.0003515629
3.88000005e-009        0.011
3.90000005e-009        0.003
3.92000005e-009   0.01274219
3.94000005e-009  0.001257813
3.96000005e-009   0.01133594
3.98000005e-009  0.001914063
4.00000005e-009   0.01110938
4.02000005e-009  0.001945313
4.04000005e-009   0.01129688
4.06000005e-009 0.0009609379
4.08000005e-009   0.01184375
4.10000005e-009        0.001
4.12000006e-009    0.0104375
4.14000006e-009 0.0002187504
4.16000006e-009        0.011
4.18000006e-009 0.0007343754
4.20000006e-009        0.011
4.22000006e-009 0.0001562504
4.24000006e-009   0.01069531
4.26000006e-009        0.001
4.28000006e-009  0.009281251
4.30000006e-009  0.001585938
4.32000006e-009   0.01036719
4.34000006e-009 0.0006718754
4.36000006e-009   0.01189844
4.38000006e-009 0.0002187504
4.40000006e-009        0.011
4.42000006e-009 -0.0007343747
4.44000006e-009  0.009687501
4.46000006e-009 -0.001671875
4.48000006e-009  0.009000001
4.50000006e-009 -4.687465e-005
4.52000006e-009  0.009968751
4.54000006e-009 -7.812465e-005
4.56000006e-009  0.009476563
4.58000006e-009 0.0002031254
4.60000006e-009        0.011
4.62000006e-009 0.0001250004
4.64000006e-009  0.009351563
4.66000006e-009 -0.0004453122
4.68000006e-009  0.009273438
4.70000006e-009        0.001
4.72000006e-009   0.01120313
4.74000006e-009 -0.001023437
4.76000006e-009  0.009164063
4.78000006e-009 0.0008671879
4.80000006e-009  0.009132813
4.82000006e-009      0.00125
4.84000006e-009   0.01016406
4.86000006e-009        0.001
4.88000007e-009   0.01063281
4.90000007e-009        0.001
4.92000007e-009  0.009015626
4.94000007e-009 -0.0005312497
4.96000007e-009   0.01071094
4.98000007e-009        0.001
5.00000007e-009         0.01
