-1.24500002e-009 -0.002796875
-1.24000002e-009 -0.002835937
-1.23500002e-009 -0.002898437
-1.23000002e-009 -0.002945312
-1.22500002e-009 -0.003007812
-1.22000002e-009 -0.002976562
-1.21500002e-009 -0.002984375
-1.21000002e-009 -0.002984375
-1.20500002e-009 -0.002984375
-1.20000002e-009   -0.0029375
-1.19500002e-009 -0.002914062
-1.19000002e-009 -0.002867187
-1.18500002e-009  -0.00278125
-1.18000002e-009     -0.00275
-1.17500002e-009 -0.002679687
-1.17000002e-009 -0.002671875
-1.16500002e-009   -0.0025625
-1.16000002e-009  -0.00253125
-1.15500002e-009      -0.0025
-1.15000002e-009 -0.002492187
-1.14500002e-009 -0.002453125
-1.14000002e-009 -0.002453125
-1.13500002e-009 -0.002460937
-1.13000002e-009 -0.002484375
-1.12500002e-009 -0.002492187
-1.12000001e-009 -0.002507812
-1.11500001e-009 -0.002476562
-1.11000001e-009 -0.002492187
-1.10500001e-009      -0.0025
-1.10000001e-009 -0.002507812
-1.09500001e-009  -0.00246875
-1.09000001e-009 -0.002476562
-1.08500001e-009 -0.002453125
-1.08000001e-009 -0.002429687
-1.07500001e-009 -0.002429687
-1.07000001e-009 -0.002414062
-1.06500001e-009 -0.002429687
-1.06000001e-009   -0.0024375
-1.05500001e-009 -0.002414062
-1.05000001e-009 -0.002453125
-1.04500001e-009 -0.002484375
-1.04000001e-009 -0.002554687
-1.03500001e-009  -0.00259375
-1.03000001e-009 -0.002640625
-1.02500001e-009 -0.002703125
-1.02000001e-009 -0.002765625
-1.01500001e-009 -0.002828125
-1.01000001e-009 -0.002867187
-1.00500001e-009 -0.002921875
-1.00000001e-009 -0.002992187
-9.95000013e-010 -0.003023437
-9.90000013e-010 -0.003054687
-9.85000013e-010 -0.003101562
-9.80000013e-010 -0.003101562
-9.75000013e-010 -0.003117187
-9.70000013e-010 -0.003140625
-9.65000013e-010 -0.003109375
-9.60000013e-010 -0.003109375
-9.55000013e-010  -0.00309375
-9.50000013e-010 -0.003054687
-9.45000013e-010  -0.00303125
-9.40000013e-010 -0.003007812
-9.35000012e-010 -0.002984375
-9.30000012e-010 -0.002984375
-9.25000012e-010   -0.0029375
-9.20000012e-010 -0.002945312
-9.15000012e-010 -0.002953125
-9.10000012e-010   -0.0029375
-9.05000012e-010 -0.002953125
-9.00000012e-010 -0.002976562
-8.95000012e-010 -0.003015625
-8.90000012e-010   -0.0030625
-8.85000012e-010    -0.003125
-8.80000012e-010 -0.003179687
-8.75000012e-010 -0.003257812
-8.70000012e-010 -0.003335937
-8.65000012e-010 -0.003398437
-8.60000011e-010 -0.003484375
-8.55000011e-010 -0.003546875
-8.50000011e-010 -0.003632812
-8.45000011e-010 -0.003695312
-8.40000011e-010 -0.003765625
-8.35000011e-010   -0.0038125
-8.30000011e-010  -0.00384375
-8.25000011e-010 -0.003898437
-8.20000011e-010  -0.00390625
-8.15000011e-010 -0.003929687
-8.10000011e-010 -0.003945312
-8.05000011e-010 -0.003953125
-8.00000011e-010 -0.003976562
-7.95000011e-010       -0.004
-7.90000011e-010 -0.004023437
-7.8500001e-010 -0.004015625
-7.8000001e-010   -0.0040625
-7.7500001e-010    -0.004125
-7.7000001e-010 -0.004203125
-7.6500001e-010 -0.004257812
-7.6000001e-010  -0.00434375
-7.5500001e-010   -0.0044375
-7.5000001e-010      -0.0045
-7.4500001e-010    -0.004625
-7.4000001e-010 -0.004671875
-7.3500001e-010 -0.004773437
-7.3000001e-010 -0.004835937
-7.2500001e-010  -0.00490625
-7.2000001e-010 -0.005007812
-7.1500001e-010 -0.005054687
-7.10000009e-010 -0.005148437
-7.05000009e-010 -0.005203125
-7.00000009e-010  -0.00528125
-6.95000009e-010  -0.00534375
-6.90000009e-010  -0.00546875
-6.85000009e-010   -0.0055625
-6.80000009e-010 -0.005765625
-6.75000009e-010 -0.005976562
-6.70000009e-010 -0.006242187
-6.65000009e-010 -0.006546875
-6.60000009e-010 -0.006890625
-6.55000009e-010 -0.007257812
-6.50000009e-010 -0.007695313
-6.45000009e-010 -0.008117188
-6.40000009e-010 -0.008640625
-6.35000008e-010 -0.009148438
-6.30000008e-010  -0.00971875
-6.25000008e-010  -0.01032813
-6.20000008e-010  -0.01096094
-6.15000008e-010  -0.01164063
-6.10000008e-010  -0.01236719
-6.05000008e-010  -0.01307031
-6.00000008e-010  -0.01388281
-5.95000008e-010  -0.01472656
-5.90000008e-010  -0.01565625
-5.85000008e-010  -0.01666406
-5.80000008e-010  -0.01784375
-5.75000008e-010  -0.01911719
-5.70000008e-010      -0.0205
-5.65000008e-010  -0.02202344
-5.60000007e-010  -0.02373438
-5.55000007e-010  -0.02554688
-5.50000007e-010  -0.02753125
-5.45000007e-010  -0.02966406
-5.40000007e-010   -0.0319375
-5.35000007e-010    -0.034375
-5.30000007e-010  -0.03700781
-5.25000007e-010  -0.03973438
-5.20000007e-010  -0.04260938
-5.15000007e-010  -0.04564063
-5.10000007e-010  -0.04878906
-5.05000007e-010   -0.0520625
-5.00000007e-010  -0.05545313
-4.95000007e-010  -0.05895313
-4.90000007e-010  -0.06255469
-4.85000006e-010  -0.06632813
-4.80000006e-010  -0.07019532
-4.75000006e-010  -0.07415625
-4.70000006e-010  -0.07824219
-4.65000006e-010  -0.08239063
-4.60000006e-010  -0.08658594
-4.55000006e-010    -0.090875
-4.50000006e-010  -0.09513282
-4.45000006e-010  -0.09936719
-4.40000006e-010   -0.1036172
-4.35000006e-010   -0.1077656
-4.30000006e-010   -0.1118047
-4.25000006e-010   -0.1157734
-4.20000006e-010   -0.1195547
-4.15000006e-010   -0.1231719
-4.10000005e-010   -0.1265938
-4.05000005e-010   -0.1298672
-4.00000005e-010   -0.1329531
-3.95000005e-010   -0.1357578
-3.90000005e-010   -0.1383984
-3.85000005e-010   -0.1408047
-3.80000005e-010   -0.1429375
-3.75000005e-010   -0.1448672
-3.70000005e-010   -0.1466406
-3.65000005e-010   -0.1482109
-3.60000005e-010   -0.1495547
-3.55000005e-010     -0.15075
-3.50000005e-010   -0.1517422
-3.45000005e-010   -0.1525156
-3.40000005e-010   -0.1531563
-3.35000004e-010   -0.1535547
-3.30000004e-010   -0.1537266
-3.25000004e-010     -0.15375
-3.20000004e-010   -0.1536172
-3.15000004e-010   -0.1533203
-3.10000004e-010   -0.1528516
-3.05000004e-010   -0.1523359
-3.00000004e-010   -0.1517031
-2.95000004e-010   -0.1509766
-2.90000004e-010   -0.1501484
-2.85000004e-010   -0.1493203
-2.80000004e-010   -0.1483594
-2.75000004e-010   -0.1473984
-2.70000004e-010   -0.1464609
-2.65000004e-010   -0.1454844
-2.60000003e-010   -0.1445313
-2.55000003e-010   -0.1436406
-2.50000003e-010   -0.1427109
-2.45000003e-010   -0.1418047
-2.40000003e-010   -0.1408906
-2.35000003e-010   -0.1399531
-2.30000003e-010   -0.1389297
-2.25000003e-010   -0.1378672
-2.20000003e-010   -0.1367969
-2.15000003e-010   -0.1356406
-2.10000003e-010   -0.1343906
-2.05000003e-010   -0.1331172
-2.00000003e-010   -0.1317656
-1.95000003e-010   -0.1302656
-1.90000003e-010   -0.1286797
-1.85000002e-010   -0.1270234
-1.80000002e-010   -0.1251875
-1.75000002e-010   -0.1232422
-1.70000002e-010   -0.1211797
-1.65000002e-010   -0.1189766
-1.60000002e-010   -0.1166641
-1.55000002e-010   -0.1142578
-1.50000002e-010   -0.1116719
-1.45000002e-010       -0.109
-1.40000002e-010   -0.1062109
-1.35000002e-010   -0.1032734
-1.30000002e-010   -0.1002031
-1.25000002e-010  -0.09699219
-1.20000002e-010  -0.09367969
-1.15000002e-010  -0.09025782
-1.10000001e-010  -0.08672657
-1.05000001e-010   -0.0830625
-1.00000001e-010  -0.07935157
-9.50000013e-011  -0.07557032
-9.00000012e-011  -0.07167188
-8.50000011e-011  -0.06773438
-8.00000011e-011  -0.06371875
-7.5000001e-011  -0.05969531
-7.00000009e-011  -0.05564844
-6.50000009e-011  -0.05160156
-6.00000008e-011  -0.04754688
-5.50000007e-011  -0.04347656
-5.00000007e-011  -0.03946094
-4.50000006e-011  -0.03553125
-4.00000005e-011  -0.03164844
-3.50000005e-011  -0.02790625
-3.00000004e-011     -0.02425
-2.50000003e-011  -0.02071875
-2.00000003e-011  -0.01728906
-1.50000002e-011  -0.01403906
-1.00000001e-011  -0.01096875
-5.00000007e-012 -0.007992188
           0 -0.005234375
5.00000007e-012 -0.002617187
1.00000001e-011 -0.0002734372
1.50000002e-011  0.001976563
2.00000003e-011  0.003953126
2.50000003e-011  0.005789063
3.00000004e-011  0.007492188
3.50000005e-011  0.009015626
4.00000005e-011   0.01032813
4.50000006e-011   0.01154688
5.00000007e-011   0.01257031
5.50000007e-011   0.01346875
6.00000008e-011   0.01424219
6.50000009e-011   0.01484375
7.00000009e-011   0.01532813
7.5000001e-011   0.01567969
8.00000011e-011   0.01591406
8.50000011e-011   0.01605469
9.00000012e-011   0.01609375
9.50000013e-011   0.01607031
1.00000001e-010    0.0159375
1.05000001e-010   0.01576563
1.10000001e-010   0.01553906
1.15000002e-010   0.01523438
1.20000002e-010   0.01485938
1.25000002e-010   0.01449219
1.30000002e-010   0.01410156
1.35000002e-010   0.01367969
1.40000002e-010   0.01332031
1.45000002e-010   0.01292969
1.50000002e-010   0.01253125
1.55000002e-010   0.01217188
1.60000002e-010   0.01182813
1.65000002e-010   0.01152344
1.70000002e-010   0.01122656
1.75000002e-010   0.01099219
1.80000002e-010   0.01082813
1.85000002e-010   0.01069531
1.90000003e-010   0.01060938
1.95000003e-010   0.01060938
2.00000003e-010     0.010625
2.05000003e-010   0.01073438
2.10000003e-010   0.01090625
2.15000003e-010   0.01114063
2.20000003e-010   0.01145313
2.25000003e-010   0.01183594
2.30000003e-010   0.01223438
2.35000003e-010   0.01274219
2.40000003e-010   0.01326563
2.45000003e-010   0.01382031
2.50000003e-010   0.01441406
2.55000003e-010   0.01505469
2.60000003e-010   0.01564844
2.65000004e-010   0.01628906
2.70000004e-010   0.01695313
2.75000004e-010   0.01759375
2.80000004e-010   0.01815625
2.85000004e-010   0.01878125
2.90000004e-010   0.01934375
2.95000004e-010     0.019875
3.00000004e-010   0.02034375
3.05000004e-010   0.02084375
3.10000004e-010   0.02124219
3.15000004e-010   0.02160938
3.20000004e-010   0.02192188
3.25000004e-010   0.02216406
3.30000004e-010   0.02241406
3.35000004e-010    0.0225625
3.40000005e-010    0.0226875
3.45000005e-010   0.02274219
3.50000005e-010   0.02275781
3.55000005e-010   0.02270313
3.60000005e-010   0.02260156
3.65000005e-010   0.02244531
3.70000005e-010   0.02225781
3.75000005e-010   0.02203125
3.80000005e-010   0.02173438
3.85000005e-010   0.02142188
3.90000005e-010   0.02111719
3.95000005e-010   0.02072656
4.00000005e-010   0.02035156
4.05000005e-010   0.01997656
4.10000005e-010   0.01959375
4.15000006e-010   0.01917188
4.20000006e-010   0.01880469
4.25000006e-010   0.01841406
4.30000006e-010   0.01807031
4.35000006e-010   0.01769531
4.40000006e-010   0.01734375
4.45000006e-010   0.01703906
4.50000006e-010   0.01673438
4.55000006e-010    0.0164375
4.60000006e-010   0.01617969
4.65000006e-010   0.01591406
4.70000006e-010   0.01567969
4.75000006e-010   0.01545313
4.80000006e-010   0.01526563
4.85000006e-010   0.01508594
4.90000007e-010   0.01492969
4.95000007e-010   0.01479688
5.00000007e-010   0.01467188
5.05000007e-010   0.01458594
5.10000007e-010   0.01450781
5.15000007e-010   0.01445313
5.20000007e-010   0.01441406
5.25000007e-010   0.01439063
5.30000007e-010   0.01442188
5.35000007e-010   0.01442969
5.40000007e-010   0.01444531
5.45000007e-010   0.01447656
5.50000007e-010   0.01452344
5.55000007e-010   0.01457813
5.60000007e-010   0.01464063
5.65000008e-010   0.01471875
5.70000008e-010   0.01478125
5.75000008e-010   0.01482031
5.80000008e-010   0.01489844
5.85000008e-010   0.01497656
5.90000008e-010   0.01503125
5.95000008e-010   0.01507813
6.00000008e-010   0.01510938
6.05000008e-010   0.01516406
6.10000008e-010   0.01519531
6.15000008e-010   0.01519531
6.20000008e-010    0.0151875
6.25000008e-010   0.01520313
6.30000008e-010   0.01515625
6.35000008e-010   0.01509375
6.40000009e-010   0.01503125
6.45000009e-010   0.01492969
6.50000009e-010   0.01485156
6.55000009e-010   0.01471875
6.60000009e-010   0.01459375
6.65000009e-010   0.01450781
6.70000009e-010     0.014375
6.75000009e-010      0.01425
6.80000009e-010   0.01414844
6.85000009e-010   0.01403906
6.90000009e-010   0.01396094
6.95000009e-010   0.01389844
7.00000009e-010   0.01385156
7.05000009e-010   0.01380469
7.10000009e-010      0.01375
7.1500001e-010   0.01374219
7.2000001e-010   0.01373438
7.2500001e-010   0.01369531
7.3000001e-010   0.01367188
7.3500001e-010   0.01367188
7.4000001e-010   0.01365625
7.4500001e-010   0.01361719
7.5000001e-010   0.01359375
7.5500001e-010   0.01359375
7.6000001e-010   0.01357813
7.6500001e-010   0.01355469
7.7000001e-010   0.01353906
7.7500001e-010   0.01351563
7.8000001e-010   0.01352344
7.8500001e-010    0.0135625
7.90000011e-010   0.01355469
7.95000011e-010   0.01357031
8.00000011e-010   0.01359375
8.05000011e-010   0.01361719
8.10000011e-010   0.01364063
8.15000011e-010   0.01370313
8.20000011e-010   0.01371875
8.25000011e-010   0.01378906
8.30000011e-010   0.01382813
8.35000011e-010   0.01392188
8.40000011e-010   0.01399219
8.45000011e-010   0.01408594
8.50000011e-010   0.01416406
8.55000011e-010   0.01426563
8.60000011e-010     0.014375
8.65000012e-010   0.01454688
8.70000012e-010    0.0146875
8.75000012e-010   0.01489063
8.80000012e-010   0.01503906
8.85000012e-010   0.01525781
8.90000012e-010    0.0154375
8.95000012e-010   0.01561719
9.00000012e-010   0.01578906
9.05000012e-010   0.01596094
9.10000012e-010   0.01609375
9.15000012e-010   0.01623438
9.20000012e-010   0.01635156
9.25000012e-010   0.01642969
9.30000012e-010   0.01647656
9.35000012e-010   0.01655469
9.40000013e-010   0.01655469
9.45000013e-010   0.01654688
9.50000013e-010   0.01657813
9.55000013e-010   0.01653906
9.60000013e-010   0.01652344
9.65000013e-010   0.01650781
9.70000013e-010   0.01649219
9.75000013e-010   0.01645313
9.80000013e-010   0.01644531
9.85000013e-010   0.01646094
9.90000013e-010   0.01642969
9.95000013e-010   0.01642969
1.00000001e-009   0.01642188
1.00500001e-009   0.01636719
1.01000001e-009   0.01635156
1.01500001e-009     0.016375
1.02000001e-009   0.01633594
1.02500001e-009   0.01628906
1.03000001e-009   0.01627344
1.03500001e-009   0.01625781
1.04000001e-009   0.01621875
1.04500001e-009   0.01621094
1.05000001e-009   0.01617969
1.05500001e-009    0.0161875
1.06000001e-009   0.01619531
1.06500001e-009   0.01617969
1.07000001e-009   0.01617969
1.07500001e-009   0.01621094
1.08000001e-009      0.01625
1.08500001e-009   0.01628125
1.09000001e-009   0.01633594
1.09500001e-009   0.01639063
1.10000001e-009   0.01644531
1.10500001e-009       0.0165
1.11000001e-009   0.01653906
1.11500001e-009   0.01663281
1.12000001e-009   0.01667188
1.12500002e-009   0.01672656
1.13000002e-009   0.01678125
1.13500002e-009   0.01682813
1.14000002e-009   0.01689844
1.14500002e-009   0.01696875
1.15000002e-009   0.01707813
1.15500002e-009   0.01716406
1.16000002e-009   0.01726563
1.16500002e-009     0.017375
1.17000002e-009       0.0175
1.17500002e-009   0.01760938
1.18000002e-009   0.01772656
1.18500002e-009   0.01785156
1.19000002e-009   0.01795313
1.19500002e-009   0.01803125
1.20000002e-009   0.01810156
1.20500002e-009   0.01821875
1.21000002e-009   0.01828125
1.21500002e-009   0.01830469
1.22000002e-009   0.01832031
1.22500002e-009   0.01838281
1.23000002e-009   0.01842188
1.23500002e-009   0.01844531
1.24000002e-009   0.01847656
1.24500002e-009   0.01850781
1.25000002e-009   0.01853906
