-4.98000007e-009 -0.005679687
-4.96000007e-009  0.005046876
-4.94000007e-009 -0.005429687
-4.92000007e-009  0.005000001
-4.90000007e-009 -0.005820312
-4.88000007e-009  0.005210938
-4.86000006e-009 -0.006921875
-4.84000006e-009  0.004031251
-4.82000006e-009 -0.005171875
-4.80000006e-009  0.005000001
-4.78000006e-009 -0.004398437
-4.76000006e-009  0.005335938
-4.74000006e-009 -0.004367187
-4.72000006e-009  0.004851563
-4.70000006e-009       -0.005
-4.68000006e-009  0.008937501
-4.66000006e-009 -0.004304687
-4.64000006e-009  0.005515626
-4.62000006e-009 -0.004109375
-4.60000006e-009  0.005000001
-4.58000006e-009 -0.004867187
-4.56000006e-009  0.004023438
-4.54000006e-009 -0.005828125
-4.52000006e-009  0.005000001
-4.50000006e-009       -0.005
-4.48000006e-009  0.004632813
-4.46000006e-009 -0.007617188
-4.44000006e-009  0.004210938
-4.42000006e-009       -0.007
-4.40000006e-009  0.003367188
-4.38000006e-009   -0.0045625
-4.36000006e-009  0.004703126
-4.34000006e-009 -0.005414062
-4.32000006e-009  0.004835938
-4.30000006e-009 -0.005640625
-4.28000006e-009  0.004289063
-4.26000006e-009 -0.004921875
-4.24000006e-009  0.005375001
-4.22000006e-009       -0.005
-4.20000006e-009  0.005000001
-4.18000006e-009 -0.004617187
-4.16000006e-009  0.004921876
-4.14000006e-009      -0.0035
-4.12000006e-009  0.004554688
-4.10000005e-009 -0.005507812
-4.08000005e-009  0.006531251
-4.06000005e-009 -0.004296875
-4.04000005e-009  0.005335938
-4.02000005e-009       -0.005
-4.00000005e-009  0.005007813
-3.98000005e-009 -0.004835937
-3.96000005e-009  0.005000001
-3.94000005e-009 -0.005789062
-3.92000005e-009  0.005203126
-3.90000005e-009       -0.005
-3.88000005e-009  0.004015626
-3.86000005e-009 -0.006070312
-3.84000005e-009  0.004531251
-3.82000005e-009       -0.005
-3.80000005e-009  0.005000001
-3.78000005e-009 -0.005265625
-3.76000005e-009  0.004843751
-3.74000005e-009 -0.005359375
-3.72000005e-009  0.007000001
-3.70000005e-009   -0.0038125
-3.68000005e-009  0.004945313
-3.66000005e-009 -0.004265625
-3.64000005e-009  0.005359376
-3.62000005e-009 -0.003070312
-3.60000005e-009  0.005171876
-3.58000005e-009 -0.004804687
-3.56000005e-009  0.004203126
-3.54000005e-009 -0.006320312
-3.52000005e-009  0.004007813
-3.50000005e-009 -0.004515625
-3.48000005e-009  0.004796876
-3.46000005e-009  -0.00534375
-3.44000005e-009  0.005328126
-3.42000005e-009       -0.005
-3.40000005e-009  0.004101563
-3.38000005e-009 -0.006203125
-3.36000004e-009  0.004148438
-3.34000004e-009       -0.007
-3.32000004e-009  0.004062501
-3.30000004e-009       -0.007
-3.28000004e-009  0.004234376
-3.26000004e-009 -0.008367188
-3.24000004e-009  0.001828125
-3.22000004e-009       -0.009
-3.20000004e-009        0.001
-3.18000004e-009 -0.007578125
-3.16000004e-009 2.343785e-005
-3.14000004e-009 -0.009195313
-3.12000004e-009 0.0009921879
-3.10000004e-009 -0.009976563
-3.08000004e-009 0.0005000004
-3.06000004e-009  -0.01172656
-3.04000004e-009  -0.00234375
-3.02000004e-009  -0.01210938
-3.00000004e-009 -0.0009999997
-2.98000004e-009  -0.01185156
-2.96000004e-009  -0.00340625
-2.94000004e-009  -0.01217969
-2.92000004e-009 -0.002460937
-2.90000004e-009       -0.013
-2.88000004e-009 -0.003179687
-2.86000004e-009  -0.01301563
-2.84000004e-009       -0.003
-2.82000004e-009       -0.013
-2.80000004e-009    -0.004875
-2.78000004e-009  -0.01417188
-2.76000004e-009 -0.004554687
-2.74000004e-009       -0.015
-2.72000004e-009       -0.003
-2.70000004e-009  -0.01363281
-2.68000004e-009 -0.002414062
-2.66000004e-009  -0.01441406
-2.64000004e-009 -0.004789062
-2.62000003e-009  -0.01514063
-2.60000003e-009       -0.005
-2.58000003e-009  -0.01521094
-2.56000003e-009 -0.006609375
-2.54000003e-009  -0.01294531
-2.52000003e-009       -0.004
-2.50000003e-009       -0.017
-2.48000003e-009   -0.0051875
-2.46000003e-009  -0.01639063
-2.44000003e-009 -0.002414062
-2.42000003e-009  -0.01482813
-2.40000003e-009       -0.005
-2.38000003e-009  -0.01541406
-2.36000003e-009 -0.004203125
-2.34000003e-009       -0.013
-2.32000003e-009 -0.004554687
-2.30000003e-009       -0.015
-2.28000003e-009  -0.00521875
-2.26000003e-009  -0.01291406
-2.24000003e-009       -0.005
-2.22000003e-009       -0.013
-2.20000003e-009       -0.003
-2.18000003e-009  -0.01253906
-2.16000003e-009 -0.004789062
-2.14000003e-009  -0.01265625
-2.12000003e-009 -0.004671875
-2.10000003e-009       -0.013
-2.08000003e-009 -0.004515625
-2.06000003e-009  -0.01350781
-2.04000003e-009 -0.004226562
-2.02000003e-009    -0.012125
-2.00000003e-009       -0.003
-1.98000003e-009     -0.01375
-1.96000003e-009 -0.003390625
-1.94000003e-009  -0.01210156
-1.92000003e-009       -0.003
-1.90000003e-009       -0.013
-1.88000003e-009  -0.00253125
-1.86000002e-009  -0.01113281
-1.84000002e-009       -0.003
-1.82000002e-009       -0.011
-1.80000002e-009 -0.0009999997
-1.78000002e-009  -0.01083594
-1.76000002e-009 -0.0003203122
-1.74000002e-009  -0.01128125
-1.72000002e-009   0.00121875
-1.70000002e-009  -0.01058594
-1.68000002e-009 -0.0004140622
-1.66000002e-009 -0.009929688
-1.64000002e-009 0.0006328129
-1.62000002e-009       -0.009
-1.60000002e-009 0.0002656254
-1.58000002e-009   -0.0079375
-1.56000002e-009  0.001640625
-1.54000002e-009   -0.0096875
-1.52000002e-009        0.001
-1.50000002e-009       -0.011
-1.48000002e-009  0.002304688
-1.46000002e-009     -0.00775
-1.44000002e-009   0.00184375
-1.42000002e-009  -0.00790625
-1.40000002e-009        0.003
-1.38000002e-009 -0.008007813
-1.36000002e-009  0.001609375
-1.34000002e-009       -0.007
-1.32000002e-009        0.003
-1.30000002e-009 -0.008265625
-1.28000002e-009  0.002578125
-1.26000002e-009 -0.007601563
-1.24000002e-009  0.002953125
-1.22000002e-009 -0.007164062
-1.20000002e-009        0.003
-1.18000002e-009 -0.007367188
-1.16000002e-009  0.002390625
-1.14000002e-009   -0.0069375
-1.12000001e-009        0.003
-1.10000001e-009       -0.007
-1.08000001e-009    0.0019375
-1.06000001e-009     -0.00725
-1.04000001e-009  0.003148438
-1.02000001e-009       -0.007
-1.00000001e-009  0.002054688
-9.80000013e-010 -0.005304687
-9.60000013e-010   0.00265625
-9.40000013e-010 -0.007226562
-9.20000012e-010  0.003664063
-9.00000012e-010       -0.009
-8.80000012e-010  0.001148438
-8.60000011e-010  -0.00828125
-8.40000011e-010  0.001140625
-8.20000011e-010  -0.00840625
-8.00000011e-010  0.001585938
-7.8000001e-010 -0.007945313
-7.6000001e-010 0.0006953129
-7.4000001e-010       -0.009
-7.2000001e-010 -0.0009999997
-7.00000009e-010  -0.01189844
-6.80000009e-010 -0.0006406247
-6.60000009e-010  -0.01203906
-6.40000009e-010 -0.004148437
-6.20000008e-010       -0.017
-6.00000008e-010       -0.009
-5.80000008e-010  -0.02679688
-5.60000007e-010  -0.01832813
-5.40000007e-010  -0.04580469
-5.20000007e-010       -0.035
-5.00000007e-010       -0.071
-4.80000006e-010  -0.06382032
-4.60000006e-010   -0.1022969
-4.40000006e-010  -0.09180469
-4.20000006e-010   -0.1325625
-4.00000005e-010   -0.1255547
-3.80000005e-010   -0.1501953
-3.60000005e-010   -0.1414922
-3.40000005e-010   -0.1601094
-3.20000004e-010       -0.145
-3.00000004e-010       -0.157
-2.80000004e-010   -0.1386406
-2.60000003e-010   -0.1487813
-2.40000003e-010   -0.1303438
-2.20000003e-010       -0.141
-2.00000003e-010       -0.121
-1.80000002e-010   -0.1281094
-1.60000002e-010   -0.1043594
-1.40000002e-010   -0.1106484
-1.20000002e-010       -0.079
-1.00000001e-010  -0.08655469
-8.00000011e-011  -0.04892969
-6.00000008e-011  -0.05369531
-4.00000005e-011  -0.01813281
-2.00000003e-011       -0.025
           0  0.005000001
2.00000003e-011 -0.0007890622
4.00000005e-011   0.01714844
6.00000008e-011   0.01029688
8.00000011e-011        0.021
1.00000001e-010   0.01142969
1.20000002e-010   0.01897656
1.40000002e-010  0.009382813
1.60000002e-010        0.017
1.80000002e-010  0.005773438
2.00000003e-010   0.01592188
2.20000003e-010  0.007750001
2.40000003e-010   0.01927344
2.60000003e-010   0.01021875
2.80000004e-010        0.023
3.00000004e-010   0.01477344
3.20000004e-010   0.02691406
3.40000005e-010   0.01646094
3.60000005e-010   0.02689063
3.80000005e-010   0.01648438
4.00000005e-010        0.025
4.20000006e-010   0.01359375
4.40000006e-010   0.02258594
4.60000006e-010   0.01084375
4.80000006e-010        0.023
5.00000007e-010  0.009000001
5.20000007e-010   0.01901563
5.40000007e-010   0.01005469
5.60000007e-010   0.01827344
5.80000008e-010  0.009140626
6.00000008e-010   0.01953906
6.20000008e-010  0.007757813
6.40000009e-010   0.02279688
6.60000009e-010  0.008453126
6.80000009e-010   0.02003125
7.00000009e-010  0.008492188
7.2000001e-010   0.01948438
7.4000001e-010  0.008554688
7.6000001e-010   0.01971094
7.8000001e-010  0.008429688
8.00000011e-010        0.019
8.20000011e-010   0.01001563
8.40000011e-010   0.02003125
8.60000011e-010  0.007000001
8.80000012e-010   0.01939063
9.00000012e-010  0.009000001
9.20000012e-010   0.01986719
9.40000013e-010   0.01107031
9.60000013e-010        0.023
9.80000013e-010        0.011
1.00000001e-009   0.02153125
1.02000001e-009   0.01155469
1.04000001e-009     0.023375
1.06000001e-009        0.011
1.08000001e-009        0.021
1.10000001e-009   0.01089063
1.12000001e-009   0.02146094
1.14000002e-009   0.01199219
1.16000002e-009   0.02426563
1.18000002e-009   0.01217969
1.20000002e-009   0.02492188
1.22000002e-009   0.01355469
1.24000002e-009   0.02363281
1.26000002e-009   0.01401563
1.28000002e-009        0.025
1.30000002e-009   0.01501563
1.32000002e-009   0.02383594
1.34000002e-009   0.01489063
1.36000002e-009   0.02522656
1.38000002e-009        0.013
1.40000002e-009        0.025
1.42000002e-009   0.01415625
1.44000002e-009   0.02434375
1.46000002e-009     0.014875
1.48000002e-009        0.025
1.50000002e-009   0.01279688
1.52000002e-009   0.02499219
1.54000002e-009   0.01132813
1.56000002e-009   0.02346094
1.58000002e-009   0.01183594
1.60000002e-009   0.02103125
1.62000002e-009   0.01286719
1.64000002e-009   0.02239844
1.66000002e-009        0.011
1.68000002e-009        0.021
1.70000002e-009        0.011
1.72000002e-009   0.01964844
1.74000002e-009   0.01052344
1.76000002e-009   0.01990625
1.78000002e-009   0.01078125
1.80000002e-009        0.021
1.82000002e-009  0.009765626
1.84000002e-009   0.02041406
1.86000002e-009     0.010625
1.88000003e-009        0.019
1.90000003e-009   0.01003125
1.92000003e-009   0.01942188
1.94000003e-009  0.009812501
1.96000003e-009   0.02117188
1.98000003e-009  0.009000001
2.00000003e-009   0.02016406
2.02000003e-009  0.009648438
2.04000003e-009   0.01932813
2.06000003e-009   0.01078906
2.08000003e-009        0.019
2.10000003e-009   0.01067188
2.12000003e-009   0.01974219
2.14000003e-009  0.008382813
2.16000003e-009   0.02035156
2.18000003e-009        0.011
2.20000003e-009   0.01965625
2.22000003e-009   0.01075781
2.24000003e-009   0.02052344
2.26000003e-009   0.01120313
2.28000003e-009        0.021
2.30000003e-009   0.01010938
2.32000003e-009   0.01954688
2.34000003e-009  0.008843751
2.36000003e-009   0.01932813
2.38000003e-009  0.009960938
2.40000003e-009        0.019
2.42000003e-009  0.008796876
2.44000003e-009    0.0181875
2.46000003e-009  0.008968751
2.48000003e-009   0.01760156
2.50000003e-009  0.009000001
2.52000003e-009   0.01813281
2.54000003e-009  0.009453126
2.56000003e-009   0.01867969
2.58000003e-009  0.009000001
2.60000003e-009   0.01938281
2.62000003e-009  0.007562501
2.64000004e-009     0.018625
2.66000004e-009  0.008984376
2.68000004e-009   0.01857813
2.70000004e-009  0.008179688
2.72000004e-009      0.01725
2.74000004e-009  0.008281251
2.76000004e-009        0.019
2.78000004e-009  0.007000001
2.80000004e-009   0.01809375
2.82000004e-009  0.004609376
2.84000004e-009   0.01826563
2.86000004e-009  0.006703126
2.88000004e-009        0.017
2.90000004e-009  0.007000001
2.92000004e-009   0.01810156
2.94000004e-009  0.007140626
2.96000004e-009        0.017
2.98000004e-009  0.006890626
3.00000004e-009        0.017
3.02000004e-009  0.006804688
3.04000004e-009   0.01674219
3.06000004e-009  0.006945313
3.08000004e-009   0.01622656
3.10000004e-009  0.007000001
3.12000004e-009   0.01645313
3.14000004e-009  0.004937501
3.16000004e-009   0.01739844
3.18000004e-009  0.005562501
3.20000004e-009   0.01635938
3.22000004e-009  0.006406251
3.24000004e-009       0.0175
3.26000004e-009  0.007039063
3.28000004e-009        0.015
3.30000004e-009  0.006992188
3.32000004e-009      0.01525
3.34000004e-009  0.005617188
3.36000004e-009   0.01853125
3.38000005e-009  0.004851563
3.40000005e-009        0.017
3.42000005e-009  0.004429688
3.44000005e-009   0.01582031
3.46000005e-009  0.005335938
3.48000005e-009        0.015
3.50000005e-009        0.001
3.52000005e-009   0.01359375
3.54000005e-009  0.003250001
3.56000005e-009   0.01467969
3.58000005e-009  0.004617188
3.60000005e-009   0.01323438
3.62000005e-009  0.002796875
3.64000005e-009   0.01486719
3.66000005e-009  0.003312501
3.68000005e-009   0.01434375
3.70000005e-009  0.005000001
3.72000005e-009   0.01308594
3.74000005e-009  0.004835938
3.76000005e-009    0.0131875
3.78000005e-009  0.004367188
3.80000005e-009   0.01342188
3.82000005e-009  0.003140625
3.84000005e-009   0.01464844
3.86000005e-009        0.003
3.88000005e-009        0.013
3.90000005e-009        0.003
3.92000005e-009   0.01374219
3.94000005e-009  0.004687501
3.96000005e-009   0.01401563
3.98000005e-009  0.004656251
4.00000005e-009   0.01345313
4.02000005e-009  0.005296876
4.04000005e-009   0.01467969
4.06000005e-009        0.003
4.08000005e-009        0.013
4.10000005e-009  0.003539063
4.12000006e-009   0.01310938
4.14000006e-009  0.003414063
4.16000006e-009        0.013
4.18000006e-009        0.003
4.20000006e-009        0.015
4.22000006e-009     0.003125
4.24000006e-009    0.0131875
4.26000006e-009        0.003
4.28000006e-009        0.013
4.30000006e-009        0.003
4.32000006e-009   0.01146875
4.34000006e-009  0.003140625
4.36000006e-009   0.01160938
4.38000006e-009  0.002226563
4.40000006e-009   0.01157031
4.42000006e-009  0.001867188
4.44000006e-009   0.01133594
4.46000006e-009  0.003312501
4.48000006e-009   0.01276563
4.50000006e-009        0.003
4.52000006e-009   0.01307813
4.54000006e-009   0.00290625
4.56000006e-009   0.01307031
4.58000006e-009  0.001960938
4.60000006e-009   0.01125781
4.62000006e-009   0.00109375
4.64000006e-009   0.01192188
4.66000006e-009 0.0009843754
4.68000006e-009        0.013
4.70000006e-009 0.0006562504
4.72000006e-009   0.01117188
4.74000006e-009  0.002414063
4.76000006e-009   0.01277344
4.78000006e-009        0.001
4.80000006e-009   0.01179688
4.82000006e-009    0.0016875
4.84000006e-009   0.01422656
4.86000006e-009  0.002460938
4.88000007e-009   0.01241406
4.90000007e-009        0.003
4.92000007e-009      0.01275
4.94000007e-009  0.002765625
4.96000007e-009   0.01278906
4.98000007e-009        0.001
5.00000007e-009   0.01427344
