-4.98000007e-009 0.0001640629
-4.96000007e-009 8.593785e-005
-4.94000007e-009 -0.0001249997
-4.92000007e-009 -0.0003046872
-4.90000007e-009 -0.0002265622
-4.88000007e-009 -7.031215e-005
-4.86000006e-009 3.49246e-010
-4.84000006e-009 -0.0001328122
-4.82000006e-009 -0.0004531247
-4.80000006e-009 -0.0006874997
-4.78000006e-009 -0.0006718747
-4.76000006e-009 -0.0003906247
-4.74000006e-009 -9.374966e-005
-4.72000006e-009 8.593785e-005
-4.70000006e-009 7.031285e-005
-4.68000006e-009 -8.593715e-005
-4.66000006e-009 -0.0002578122
-4.64000006e-009 -0.0002656247
-4.62000006e-009 -0.0001249997
-4.60000006e-009 0.0001015629
-4.58000006e-009 0.0003515629
-4.56000006e-009 0.0004375004
-4.54000006e-009 0.0003125004
-4.52000006e-009 1.562535e-005
-4.50000006e-009 -0.0002343747
-4.48000006e-009 -0.0001796872
-4.46000006e-009 6.250035e-005
-4.44000006e-009 0.0001406254
-4.42000006e-009 3.49246e-010
-4.40000006e-009 -0.0002890622
-4.38000006e-009 -0.0003906247
-4.36000006e-009 -0.0001718747
-4.34000006e-009 5.468785e-005
-4.32000006e-009 0.0001875004
-4.30000006e-009 0.0001562504
-4.28000006e-009 0.0001406254
-4.26000006e-009 0.0001640629
-4.24000006e-009 0.0001640629
-4.22000006e-009 0.0001562504
-4.20000006e-009 0.0001171879
-4.18000006e-009 0.0001562504
-4.16000006e-009 0.0001250004
-4.14000006e-009 -8.593715e-005
-4.12000006e-009 -0.0003359372
-4.10000005e-009 -0.0003437497
-4.08000005e-009 -0.0001249997
-4.06000005e-009 0.0001093754
-4.04000005e-009 0.0002500004
-4.02000005e-009 0.0001875004
-4.00000005e-009 6.250035e-005
-3.98000005e-009 1.562535e-005
-3.96000005e-009 3.49246e-010
-3.94000005e-009 -3.124965e-005
-3.92000005e-009 -0.0001171872
-3.90000005e-009 -0.0002265622
-3.88000005e-009 -0.0004218747
-3.86000005e-009 -0.0006249997
-3.84000005e-009 -0.0007187497
-3.82000005e-009 -0.0005390622
-3.80000005e-009 -0.0002499997
-3.78000005e-009 7.81285e-006
-3.76000005e-009 1.562535e-005
-3.74000005e-009 -0.0001562497
-3.72000005e-009 -0.0003593747
-3.70000005e-009 -0.0003437497
-3.68000005e-009 -0.0002187497
-3.66000005e-009 -3.906215e-005
-3.64000005e-009 3.49246e-010
-3.62000005e-009 -0.0001015622
-3.60000005e-009 -0.0002890622
-3.58000005e-009 -0.0004218747
-3.56000005e-009 -0.0003671872
-3.54000005e-009 -0.0001796872
-3.52000005e-009 -2.343715e-005
-3.50000005e-009 -0.0001328122
-3.48000005e-009 -0.0003749997
-3.46000005e-009 -0.0007109372
-3.44000005e-009 -0.0008984372
-3.42000005e-009 -0.0008906247
-3.40000005e-009 -0.0007656247
-3.38000005e-009 -0.0006953122
-3.36000004e-009 -0.0008593747
-3.34000004e-009    -0.001125
-3.32000004e-009 -0.001476562
-3.30000004e-009  -0.00171875
-3.28000004e-009    -0.001875
-3.26000004e-009  -0.00209375
-3.24000004e-009 -0.002414062
-3.22000004e-009 -0.002828125
-3.20000004e-009 -0.003265625
-3.18000004e-009  -0.00371875
-3.16000004e-009    -0.004125
-3.14000004e-009  -0.00440625
-3.12000004e-009 -0.004570312
-3.10000004e-009 -0.004734375
-3.08000004e-009 -0.005039062
-3.06000004e-009  -0.00546875
-3.04000004e-009 -0.005914062
-3.02000004e-009 -0.006210937
-3.00000004e-009   -0.0064375
-2.98000004e-009 -0.006703125
-2.96000004e-009 -0.007015625
-2.94000004e-009 -0.007210937
-2.92000004e-009 -0.007304687
-2.90000004e-009 -0.007515625
-2.88000004e-009 -0.007953125
-2.86000004e-009 -0.008445313
-2.84000004e-009 -0.008679688
-2.82000004e-009 -0.008648438
-2.80000004e-009    -0.008625
-2.78000004e-009 -0.008796875
-2.76000004e-009 -0.009039063
-2.74000004e-009 -0.009078125
-2.72000004e-009 -0.009015625
-2.70000004e-009  -0.00903125
-2.68000004e-009 -0.009289063
-2.66000004e-009 -0.009523438
-2.64000004e-009 -0.009578125
-2.62000003e-009   -0.0094375
-2.60000003e-009 -0.009429688
-2.58000003e-009 -0.009609375
-2.56000003e-009  -0.00984375
-2.54000003e-009   -0.0098125
-2.52000003e-009  -0.00965625
-2.50000003e-009 -0.009523438
-2.48000003e-009      -0.0095
-2.46000003e-009 -0.009523438
-2.44000003e-009 -0.009585938
-2.42000003e-009 -0.009585938
-2.40000003e-009  -0.00965625
-2.38000003e-009 -0.009664063
-2.36000003e-009 -0.009609375
-2.34000003e-009  -0.00946875
-2.32000003e-009 -0.009359375
-2.30000003e-009  -0.00928125
-2.28000003e-009   -0.0093125
-2.26000003e-009 -0.009320313
-2.24000003e-009 -0.009289063
-2.22000003e-009     -0.00925
-2.20000003e-009 -0.009070313
-2.18000003e-009 -0.008773438
-2.16000003e-009 -0.008546875
-2.14000003e-009 -0.008515625
-2.12000003e-009 -0.008578125
-2.10000003e-009 -0.008539063
-2.08000003e-009 -0.008242188
-2.06000003e-009 -0.007914063
-2.04000003e-009 -0.007773438
-2.02000003e-009 -0.007804688
-2.00000003e-009 -0.007867188
-1.98000003e-009 -0.007734375
-1.96000003e-009    -0.007375
-1.94000003e-009 -0.007054687
-1.92000003e-009 -0.006960937
-1.90000003e-009 -0.006953125
-1.88000003e-009 -0.006890625
-1.86000002e-009  -0.00665625
-1.84000002e-009 -0.006414062
-1.82000002e-009 -0.006289062
-1.80000002e-009 -0.006226562
-1.78000002e-009 -0.006117187
-1.76000002e-009   -0.0059375
-1.74000002e-009 -0.005757812
-1.72000002e-009  -0.00565625
-1.70000002e-009 -0.005507812
-1.68000002e-009 -0.005234375
-1.66000002e-009 -0.004898437
-1.64000002e-009 -0.004585937
-1.62000002e-009      -0.0045
-1.60000002e-009 -0.004523437
-1.58000002e-009 -0.004476562
-1.56000002e-009  -0.00434375
-1.54000002e-009 -0.004132812
-1.52000002e-009   -0.0039375
-1.50000002e-009 -0.003859375
-1.48000002e-009   -0.0038125
-1.46000002e-009     -0.00375
-1.44000002e-009 -0.003585937
-1.42000002e-009 -0.003328125
-1.40000002e-009   -0.0030625
-1.38000002e-009 -0.002882812
-1.36000002e-009 -0.002828125
-1.34000002e-009 -0.002960937
-1.32000002e-009 -0.003140625
-1.30000002e-009 -0.003328125
-1.28000002e-009 -0.003328125
-1.26000002e-009 -0.003109375
-1.24000002e-009 -0.002742187
-1.22000002e-009 -0.002453125
-1.20000002e-009 -0.002554687
-1.18000002e-009 -0.002890625
-1.16000002e-009 -0.003140625
-1.14000002e-009 -0.003054687
-1.12000001e-009     -0.00275
-1.10000001e-009   -0.0025625
-1.08000001e-009 -0.002617187
-1.06000001e-009 -0.002796875
-1.04000001e-009    -0.002875
-1.02000001e-009 -0.002671875
-1.00000001e-009  -0.00234375
-9.80000013e-010 -0.002203125
-9.60000013e-010 -0.002273437
-9.40000013e-010 -0.002453125
-9.20000012e-010   -0.0026875
-9.00000012e-010 -0.002765625
-8.80000012e-010 -0.002757812
-8.60000011e-010   -0.0028125
-8.40000011e-010  -0.00290625
-8.20000011e-010 -0.003171875
-8.00000011e-010 -0.003421875
-7.8000001e-010 -0.003695312
-7.6000001e-010 -0.003953125
-7.4000001e-010   -0.0041875
-7.2000001e-010 -0.004515625
-7.00000009e-010 -0.004796875
-6.80000009e-010 -0.005414062
-6.60000009e-010 -0.006054687
-6.40000009e-010 -0.006851562
-6.20000008e-010 -0.008242188
-6.00000008e-010  -0.01007031
-5.80000008e-010  -0.01309375
-5.60000007e-010  -0.01742969
-5.40000007e-010  -0.02355469
-5.20000007e-010  -0.03205469
-5.00000007e-010  -0.04250781
-4.80000006e-010  -0.05491406
-4.60000006e-010  -0.06902344
-4.40000006e-010  -0.08457032
-4.20000006e-010    -0.100875
-4.00000005e-010   -0.1166172
-3.80000005e-010   -0.1299063
-3.60000005e-010   -0.1404688
-3.40000005e-010   -0.1477656
-3.20000004e-010   -0.1518828
-3.00000004e-010   -0.1534609
-2.80000004e-010   -0.1520156
-2.60000003e-010   -0.1491953
-2.40000003e-010   -0.1454219
-2.20000003e-010   -0.1411016
-2.00000003e-010   -0.1368672
-1.80000002e-010   -0.1315156
-1.60000002e-010   -0.1251719
-1.40000002e-010   -0.1169766
-1.20000002e-010   -0.1064766
-1.00000001e-010  -0.09416407
-8.00000011e-011  -0.08020313
-6.00000008e-011  -0.06507813
-4.00000005e-011  -0.04935938
-2.00000003e-011  -0.03372656
           0  -0.01930469
2.00000003e-011 -0.007335937
4.00000005e-011  0.002304688
6.00000008e-011  0.009328126
8.00000011e-011   0.01383594
1.00000001e-010   0.01611719
1.20000002e-010   0.01617188
1.40000002e-010   0.01535156
1.60000002e-010   0.01403906
1.80000002e-010   0.01277344
2.00000003e-010   0.01197656
2.20000003e-010   0.01167969
2.40000003e-010   0.01242188
2.60000003e-010   0.01391406
2.80000004e-010   0.01583594
3.00000004e-010   0.01776563
3.20000004e-010   0.01946094
3.40000005e-010   0.02090625
3.60000005e-010   0.02195313
3.80000005e-010   0.02227344
4.00000005e-010   0.02167969
4.20000006e-010   0.02032031
4.40000006e-010   0.01871875
4.60000006e-010   0.01732031
4.80000006e-010   0.01621875
5.00000007e-010   0.01536719
5.20000007e-010   0.01460156
5.40000007e-010   0.01388281
5.60000007e-010   0.01340625
5.80000008e-010   0.01328906
6.00000008e-010   0.01358594
6.20000008e-010   0.01407813
6.40000009e-010   0.01445313
6.60000009e-010   0.01457031
6.80000009e-010   0.01446094
7.00000009e-010   0.01430469
7.2000001e-010   0.01429688
7.4000001e-010    0.0143125
7.6000001e-010   0.01425781
7.8000001e-010   0.01407031
8.00000011e-010   0.01394531
8.20000011e-010    0.0139375
8.40000011e-010   0.01405469
8.60000011e-010   0.01417188
8.80000012e-010   0.01438281
9.00000012e-010   0.01477344
9.20000012e-010   0.01524219
9.40000013e-010   0.01564063
9.60000013e-010   0.01598438
9.80000013e-010   0.01629688
1.00000001e-009   0.01671094
1.02000001e-009   0.01705469
1.04000001e-009    0.0171875
1.06000001e-009   0.01704688
1.08000001e-009   0.01677344
1.10000001e-009   0.01669531
1.12000001e-009    0.0168125
1.14000002e-009   0.01710156
1.16000002e-009   0.01732813
1.18000002e-009   0.01746875
1.20000002e-009    0.0176875
1.22000002e-009   0.01804688
1.24000002e-009   0.01850781
1.26000002e-009   0.01890625
1.28000002e-009   0.01910156
1.30000002e-009   0.01920313
1.32000002e-009   0.01933594
1.34000002e-009    0.0194375
1.36000002e-009   0.01945313
1.38000002e-009   0.01924219
1.40000002e-009   0.01902344
1.42000002e-009   0.01892969
1.44000002e-009   0.01898438
1.46000002e-009   0.01903906
1.48000002e-009   0.01898438
1.50000002e-009   0.01889844
1.52000002e-009   0.01874219
1.54000002e-009   0.01858594
1.56000002e-009   0.01826563
1.58000002e-009   0.01785156
1.60000002e-009   0.01728906
1.62000002e-009   0.01676563
1.64000002e-009   0.01628906
1.66000002e-009   0.01595313
1.68000002e-009   0.01580469
1.70000002e-009   0.01564844
1.72000002e-009   0.01532813
1.74000002e-009   0.01502344
1.76000002e-009   0.01497656
1.78000002e-009   0.01511719
1.80000002e-009   0.01535938
1.82000002e-009       0.0155
1.84000002e-009    0.0154375
1.86000002e-009   0.01532031
1.88000003e-009   0.01534375
1.90000003e-009   0.01546875
1.92000003e-009   0.01560156
1.94000003e-009   0.01560156
1.96000003e-009   0.01552344
1.98000003e-009   0.01539844
2.00000003e-009   0.01522656
2.02000003e-009   0.01503906
2.04000003e-009   0.01496094
2.06000003e-009    0.0150625
2.08000003e-009     0.015375
2.10000003e-009   0.01570313
2.12000003e-009   0.01585938
2.14000003e-009   0.01580469
2.16000003e-009   0.01563281
2.18000003e-009   0.01546875
2.20000003e-009     0.015375
2.22000003e-009   0.01528906
2.24000003e-009   0.01513281
2.26000003e-009   0.01489844
2.28000003e-009   0.01474219
2.30000003e-009   0.01478906
2.32000003e-009   0.01496875
2.34000003e-009   0.01516406
2.36000003e-009   0.01521094
2.38000003e-009   0.01505469
2.40000003e-009   0.01476563
2.42000003e-009   0.01445313
2.44000003e-009   0.01410156
2.46000003e-009   0.01382813
2.48000003e-009    0.0136875
2.50000003e-009   0.01370313
2.52000003e-009   0.01371875
2.54000003e-009   0.01365625
2.56000003e-009   0.01353125
2.58000003e-009   0.01340625
2.60000003e-009   0.01332813
2.62000003e-009   0.01332813
2.64000004e-009   0.01333594
2.66000004e-009   0.01327344
2.68000004e-009   0.01316406
2.70000004e-009   0.01314063
2.72000004e-009   0.01321875
2.74000004e-009   0.01317969
2.76000004e-009   0.01296094
2.78000004e-009    0.0124375
2.80000004e-009   0.01200781
2.82000004e-009   0.01189844
2.84000004e-009   0.01211719
2.86000004e-009   0.01242188
2.88000004e-009   0.01246875
2.90000004e-009   0.01232031
2.92000004e-009   0.01210938
2.94000004e-009   0.01195313
2.96000004e-009   0.01176563
2.98000004e-009   0.01155469
3.00000004e-009    0.0114375
3.02000004e-009   0.01159375
3.04000004e-009   0.01178125
3.06000004e-009   0.01170313
3.08000004e-009   0.01138281
3.10000004e-009    0.0110625
3.12000004e-009   0.01105469
3.14000004e-009   0.01128906
3.16000004e-009   0.01142969
3.18000004e-009     0.011375
3.20000004e-009    0.0111875
3.22000004e-009     0.011125
3.24000004e-009   0.01115625
3.26000004e-009   0.01121875
3.28000004e-009   0.01114844
3.30000004e-009   0.01103906
3.32000004e-009   0.01089844
3.34000004e-009   0.01088281
3.36000004e-009   0.01077344
3.38000005e-009    0.0105625
3.40000005e-009   0.01028125
3.42000005e-009   0.01016406
3.44000005e-009    0.0101875
3.46000005e-009   0.01023438
3.48000005e-009   0.01004688
3.50000005e-009  0.009695313
3.52000005e-009  0.009328126
3.54000005e-009  0.009265626
3.56000005e-009  0.009414063
3.58000005e-009  0.009531251
3.60000005e-009  0.009375001
3.62000005e-009  0.009117188
3.64000005e-009  0.008976563
3.66000005e-009  0.009031251
3.68000005e-009  0.009195313
3.70000005e-009  0.009218751
3.72000005e-009  0.009031251
3.74000005e-009  0.008835938
3.76000005e-009  0.008765626
3.78000005e-009  0.008851563
3.80000005e-009  0.008828126
3.82000005e-009  0.008593751
3.84000005e-009  0.008296876
3.86000005e-009  0.008171876
3.88000005e-009  0.008390626
3.90000005e-009  0.008796876
3.92000005e-009  0.009070313
3.94000005e-009  0.009109376
3.96000005e-009  0.009054688
3.98000005e-009  0.008984376
4.00000005e-009  0.009000001
4.02000005e-009  0.009031251
4.04000005e-009  0.008984376
4.06000005e-009  0.009015626
4.08000005e-009  0.008984376
4.10000005e-009  0.008828126
4.12000006e-009  0.008554688
4.14000006e-009  0.008164063
4.16000006e-009  0.007945313
4.18000006e-009  0.008015626
4.20000006e-009  0.008289063
4.22000006e-009  0.008453126
4.24000006e-009  0.008320313
4.26000006e-009  0.007968751
4.28000006e-009  0.007617188
4.30000006e-009  0.007476563
4.32000006e-009  0.007531251
4.34000006e-009  0.007585938
4.36000006e-009  0.007546876
4.38000006e-009  0.007296876
4.40000006e-009  0.006984376
4.42000006e-009  0.006750001
4.44000006e-009  0.006750001
4.46000006e-009  0.006960938
4.48000006e-009  0.007234376
4.50000006e-009  0.007304688
4.52000006e-009  0.007164063
4.54000006e-009  0.006921876
4.56000006e-009  0.006867188
4.58000006e-009  0.007000001
4.60000006e-009  0.007125001
4.62000006e-009  0.007125001
4.64000006e-009  0.006882813
4.66000006e-009  0.006609376
4.68000006e-009  0.006484376
4.70000006e-009  0.006617188
4.72000006e-009  0.006867188
4.74000006e-009  0.007101563
4.76000006e-009  0.007062501
4.78000006e-009  0.006859376
4.80000006e-009  0.006750001
4.82000006e-009  0.006851563
4.84000006e-009  0.007140626
4.86000006e-009  0.007398438
4.88000007e-009  0.007406251
4.90000007e-009  0.007296876
4.92000007e-009  0.007250001
4.94000007e-009  0.007359376
4.96000007e-009  0.007546876
4.98000007e-009  0.007578126
5.00000007e-009  0.007578126
