-1.24500002e-009  -0.00759375
-1.24000002e-009  0.001257813
-1.23500002e-009 -0.007773438
-1.23000002e-009  0.001398438
-1.22500002e-009 -0.007632813
-1.22000002e-009  0.001242188
-1.21500002e-009 -0.007335937
-1.21000002e-009        0.001
-1.20500002e-009       -0.007
-1.20000002e-009     0.001875
-1.19500002e-009 -0.006828125
-1.19000002e-009  0.002703125
-1.18500002e-009   -0.0069375
-1.18000002e-009  0.003257813
-1.17500002e-009       -0.007
-1.17000002e-009    0.0029375
-1.16500002e-009 -0.007164062
-1.16000002e-009  0.002195313
-1.15500002e-009 -0.007953125
-1.15000002e-009   0.00284375
-1.14500002e-009 -0.008070313
-1.14000002e-009        0.003
-1.13500002e-009      -0.0075
-1.13000002e-009   0.00253125
-1.12500002e-009 -0.006757812
-1.12000001e-009  0.001664063
-1.11500001e-009       -0.007
-1.11000001e-009  0.001648438
-1.10500001e-009 -0.006921875
-1.10000001e-009   0.00259375
-1.09500001e-009 -0.006617187
-1.09000001e-009  0.002945313
-1.08500001e-009 -0.006289062
-1.08000001e-009     0.002625
-1.07500001e-009 -0.006734375
-1.07000001e-009  0.001671875
-1.06500001e-009       -0.007
-1.06000001e-009 0.0008906254
-1.05500001e-009       -0.007
-1.05000001e-009     0.001125
-1.04500001e-009 -0.007921875
-1.04000001e-009  0.002453125
-1.03500001e-009  -0.00884375
-1.03000001e-009  0.003078125
-1.02500001e-009 -0.008882813
-1.02000001e-009  0.002601563
-1.01500001e-009 -0.008023438
-1.01000001e-009  0.002039063
-1.00500001e-009       -0.007
-1.00000001e-009    0.0014375
-9.95000013e-010  -0.00678125
-9.90000013e-010  0.001351563
-9.85000013e-010   -0.0069375
-9.80000013e-010    0.0016875
-9.75000013e-010       -0.007
-9.70000013e-010  0.001398438
-9.65000013e-010 -0.007179687
-9.60000013e-010     0.001125
-9.55000013e-010      -0.0075
-9.50000013e-010  0.001523438
-9.45000013e-010 -0.007296875
-9.40000013e-010  0.001773438
-9.35000012e-010   -0.0071875
-9.30000012e-010      0.00175
-9.25000012e-010       -0.007
-9.20000012e-010  0.001476563
-9.15000012e-010 -0.007898438
-9.10000012e-010        0.001
-9.05000012e-010 -0.008390625
-9.00000012e-010        0.001
-8.95000012e-010 -0.008078125
-8.90000012e-010        0.001
-8.85000012e-010 -0.008671875
-8.80000012e-010 0.0006250004
-8.75000012e-010       -0.009
-8.70000012e-010 0.0001250004
-8.65000012e-010 -0.008554688
-8.60000011e-010 -0.0001015622
-8.55000011e-010      -0.0075
-8.50000011e-010 0.0002421879
-8.45000011e-010 -0.007523438
-8.40000011e-010    0.0010625
-8.35000011e-010 -0.007914063
-8.30000011e-010  0.001210938
-8.25000011e-010 -0.008828125
-8.20000011e-010 0.0008125004
-8.15000011e-010 -0.009132813
-8.10000011e-010 0.0009375004
-8.05000011e-010 -0.008765625
-8.00000011e-010 0.0009062504
-7.95000011e-010 -0.008609375
-7.90000011e-010        0.001
-7.8500001e-010  -0.00984375
-7.8000001e-010 0.0004218754
-7.7500001e-010  -0.01042188
-7.7000001e-010 0.0003281254
-7.6500001e-010  -0.01014844
-7.6000001e-010 0.0009531254
-7.5500001e-010 -0.009421875
-7.5000001e-010        0.001
-7.4500001e-010 -0.009328125
-7.4000001e-010 -0.0002031247
-7.3500001e-010 -0.009734375
-7.3000001e-010 -0.0002343747
-7.2500001e-010   -0.0098125
-7.2000001e-010 0.0008984379
-7.1500001e-010  -0.01039844
-7.10000009e-010 0.0003437504
-7.05000009e-010    -0.010125
-7.00000009e-010 -0.002007812
-6.95000009e-010  -0.01057813
-6.90000009e-010       -0.003
-6.85000009e-010  -0.01163281
-6.80000009e-010       -0.003
-6.75000009e-010  -0.01254688
-6.70000009e-010 -0.004523437
-6.65000009e-010  -0.01367188
-6.60000009e-010 -0.004828125
-6.55000009e-010  -0.01488281
-6.50000009e-010 -0.004820312
-6.45000009e-010   -0.0151875
-6.40000009e-010  -0.00584375
-6.35000008e-010  -0.01630469
-6.30000008e-010 -0.008171875
-6.25000008e-010  -0.01840625
-6.20000008e-010 -0.009164063
-6.15000008e-010  -0.02080469
-6.10000008e-010 -0.009679688
-6.05000008e-010       -0.023
-6.00000008e-010  -0.01232813
-5.95000008e-010   -0.0256875
-5.90000008e-010  -0.01653125
-5.85000008e-010  -0.02988281
-5.80000008e-010  -0.02189063
-5.75000008e-010  -0.03453906
-5.70000008e-010  -0.02659375
-5.65000008e-010  -0.03892188
-5.60000007e-010  -0.03209375
-5.55000007e-010  -0.04471875
-5.50000007e-010       -0.037
-5.45000007e-010  -0.05094531
-5.40000007e-010  -0.04174219
-5.35000007e-010       -0.057
-5.30000007e-010  -0.04694531
-5.25000007e-010  -0.06446875
-5.20000007e-010  -0.05278906
-5.15000007e-010   -0.0720625
-5.10000007e-010  -0.05942969
-5.05000007e-010  -0.07930469
-5.00000007e-010       -0.067
-4.95000007e-010       -0.087
-4.90000007e-010  -0.07559375
-4.85000006e-010  -0.09640625
-4.80000006e-010  -0.08421094
-4.75000006e-010   -0.1053516
-4.70000006e-010  -0.09259375
-4.65000006e-010   -0.1133984
-4.60000006e-010   -0.1014688
-4.55000006e-010   -0.1201563
-4.50000006e-010   -0.1102266
-4.45000006e-010   -0.1277266
-4.40000006e-010   -0.1173125
-4.35000006e-010   -0.1333984
-4.30000006e-010   -0.1234766
-4.25000006e-010    -0.138875
-4.20000006e-010   -0.1284297
-4.15000006e-010   -0.1460078
-4.10000005e-010   -0.1315547
-4.05000005e-010   -0.1505469
-4.00000005e-010   -0.1349688
-3.95000005e-010   -0.1532969
-3.90000005e-010       -0.139
-3.85000005e-010   -0.1550703
-3.80000005e-010   -0.1424922
-3.75000005e-010       -0.159
-3.70000005e-010   -0.1460234
-3.65000005e-010   -0.1599609
-3.60000005e-010       -0.147
-3.55000005e-010   -0.1610547
-3.50000005e-010   -0.1469922
-3.45000005e-010   -0.1612422
-3.40000005e-010   -0.1464688
-3.35000004e-010   -0.1596875
-3.30000004e-010   -0.1456328
-3.25000004e-010   -0.1567344
-3.20000004e-010   -0.1429688
-3.15000004e-010   -0.1551719
-3.10000004e-010   -0.1413438
-3.05000004e-010       -0.155
-3.00000004e-010   -0.1401875
-2.95000004e-010   -0.1524688
-2.90000004e-010   -0.1385313
-2.85000004e-010   -0.1516797
-2.80000004e-010       -0.137
-2.75000004e-010       -0.151
-2.70000004e-010   -0.1351563
-2.65000004e-010   -0.1481484
-2.60000003e-010   -0.1336172
-2.55000003e-010   -0.1448906
-2.50000003e-010   -0.1304922
-2.45000003e-010   -0.1414922
-2.40000003e-010   -0.1271719
-2.35000003e-010   -0.1381641
-2.30000003e-010   -0.1244375
-2.25000003e-010   -0.1363047
-2.20000003e-010    -0.122625
-2.15000003e-010   -0.1344766
-2.10000003e-010    -0.117875
-2.05000003e-010       -0.131
-2.00000003e-010       -0.113
-1.95000003e-010   -0.1255938
-1.90000003e-010    -0.107875
-1.85000002e-010   -0.1207656
-1.80000002e-010   -0.1033281
-1.75000002e-010   -0.1158594
-1.70000002e-010  -0.09920313
-1.65000002e-010   -0.1105938
-1.60000002e-010  -0.09396094
-1.55000002e-010       -0.105
-1.50000002e-010  -0.08766407
-1.45000002e-010       -0.099
-1.40000002e-010  -0.08036719
-1.35000002e-010  -0.09217969
-1.30000002e-010       -0.073
-1.25000002e-010  -0.08451563
-1.20000002e-010  -0.06533594
-1.15000002e-010  -0.07648438
-1.10000001e-010  -0.05810156
-1.05000001e-010       -0.069
-1.00000001e-010  -0.05010156
-9.50000013e-011  -0.06217188
-9.00000012e-011  -0.04175781
-8.50000011e-011  -0.05478906
-8.00000011e-011  -0.03382031
-7.5000001e-011  -0.04698438
-7.00000009e-011  -0.02644531
-6.50000009e-011  -0.03897656
-6.00000008e-011  -0.01947656
-5.50000007e-011       -0.031
-5.00000007e-011       -0.013
-4.50000006e-011  -0.02360938
-4.00000005e-011   -0.0079375
-3.50000005e-011  -0.01633594
-3.00000004e-011 -0.002414062
-2.50000003e-011  -0.01125781
-2.00000003e-011  0.003789063
-1.50000002e-011 -0.006484375
-1.00000001e-011  0.008539063
-5.00000007e-012  -0.00153125
           0   0.01217969
5.00000007e-012    0.0023125
1.00000001e-011        0.015
1.50000002e-011  0.005250001
2.00000003e-011        0.017
2.50000003e-011  0.007382813
3.00000004e-011   0.01926563
3.50000005e-011  0.009000001
4.00000005e-011        0.021
4.50000006e-011  0.009851563
5.00000007e-011   0.02172656
5.50000007e-011   0.01084375
6.00000008e-011   0.02273438
6.50000009e-011   0.01121875
7.00000009e-011   0.02309375
7.5000001e-011   0.01171875
8.00000011e-011   0.02232031
8.50000011e-011        0.011
9.00000012e-011   0.02079688
9.50000013e-011      0.01025
1.00000001e-010   0.01917969
1.05000001e-010  0.009890626
1.10000001e-010        0.019
1.15000002e-010  0.008078126
1.20000002e-010   0.01846875
1.25000002e-010  0.007273438
1.30000002e-010   0.01780469
1.35000002e-010  0.007093751
1.40000002e-010   0.01700781
1.45000002e-010  0.006320313
1.50000002e-010    0.0171875
1.55000002e-010  0.005593751
1.60000002e-010   0.01758594
1.65000002e-010  0.005734376
1.70000002e-010   0.01801563
1.75000002e-010  0.006648438
1.80000002e-010    0.0184375
1.85000002e-010  0.008125001
1.90000003e-010   0.01882813
1.95000003e-010  0.008593751
2.00000003e-010   0.01898438
2.05000003e-010  0.008656251
2.10000003e-010        0.019
2.15000003e-010  0.009140626
2.20000003e-010   0.01908594
2.25000003e-010  0.009953126
2.30000003e-010   0.02025781
2.35000003e-010        0.011
2.40000003e-010   0.02152344
2.45000003e-010   0.01214063
2.50000003e-010   0.02200781
2.55000003e-010   0.01348438
2.60000003e-010   0.02279688
2.65000004e-010        0.015
2.70000004e-010        0.024
2.75000004e-010   0.01645313
2.80000004e-010   0.02571094
2.85000004e-010        0.017
2.90000004e-010        0.027
2.95000004e-010    0.0170625
3.00000004e-010   0.02728906
3.05000004e-010        0.017
3.10000004e-010   0.02634375
3.15000004e-010   0.01763281
3.20000004e-010   0.02596875
3.25000004e-010   0.01832813
3.30000004e-010   0.02688281
3.35000004e-010   0.01753125
3.40000005e-010   0.02707813
3.45000005e-010   0.01610938
3.50000005e-010   0.02717969
3.55000005e-010    0.0151875
3.60000005e-010   0.02754688
3.65000005e-010        0.015
3.70000005e-010        0.027
3.75000005e-010   0.01545313
3.80000005e-010   0.02529688
3.85000005e-010     0.014625
3.90000005e-010     0.022875
3.95000005e-010    0.0135625
4.00000005e-010   0.02163281
4.05000005e-010    0.0126875
4.10000005e-010   0.02271875
4.15000006e-010   0.01279688
4.20000006e-010   0.02297656
4.25000006e-010        0.011
4.30000006e-010   0.02217188
4.35000006e-010   0.01019531
4.40000006e-010        0.021
4.45000006e-010   0.01057813
4.50000006e-010        0.021
4.55000006e-010  0.009000001
4.60000006e-010    0.0209375
4.65000006e-010  0.007367188
4.70000006e-010   0.01996875
4.75000006e-010  0.006882813
4.80000006e-010    0.0194375
4.85000006e-010  0.007500001
4.90000007e-010   0.01927344
4.95000007e-010  0.008453126
5.00000007e-010   0.01863281
5.05000007e-010  0.008710938
5.10000007e-010   0.01821875
5.15000007e-010  0.008617188
5.20000007e-010   0.01880469
5.25000007e-010  0.009000001
5.30000007e-010   0.01935156
5.35000007e-010  0.008859376
5.40000007e-010   0.01930469
5.45000007e-010  0.009000001
5.50000007e-010        0.019
5.55000007e-010  0.009468751
5.60000007e-010   0.01955469
5.65000008e-010  0.009273438
5.70000008e-010   0.01932031
5.75000008e-010  0.009085938
5.80000008e-010   0.01888281
5.85000008e-010  0.009148438
5.90000008e-010   0.01899219
5.95000008e-010  0.009937501
6.00000008e-010   0.01942969
6.05000008e-010  0.009359376
6.10000008e-010   0.02044531
6.15000008e-010  0.008968751
6.20000008e-010   0.02099219
6.25000008e-010  0.009664063
6.30000008e-010   0.02110156
6.35000008e-010   0.01042969
6.40000009e-010        0.021
6.45000009e-010   0.01004688
6.50000009e-010   0.02078906
6.55000009e-010  0.009937501
6.60000009e-010        0.021
6.65000009e-010   0.01023438
6.70000009e-010     0.022125
6.75000009e-010  0.009718751
6.80000009e-010   0.02248438
6.85000009e-010  0.009000001
6.90000009e-010   0.02202344
6.95000009e-010  0.009000001
7.00000009e-010   0.02088281
7.05000009e-010  0.008757813
7.10000009e-010   0.02028906
7.1500001e-010  0.008710938
7.2000001e-010   0.01959375
7.2500001e-010  0.008789063
7.3000001e-010    0.0194375
7.3500001e-010  0.008546876
7.4000001e-010   0.01935156
7.4500001e-010  0.009000001
7.5000001e-010   0.01950781
7.5500001e-010  0.008789063
7.6000001e-010   0.01903906
7.6500001e-010  0.008984376
7.7000001e-010       0.0195
7.7500001e-010  0.009218751
7.8000001e-010   0.01986719
7.8500001e-010   0.01008594
7.90000011e-010       0.0195
7.95000011e-010       0.0105
8.00000011e-010   0.01930469
8.05000011e-010   0.01027344
8.10000011e-010   0.01865625
8.15000011e-010   0.01035156
8.20000011e-010   0.01925781
8.25000011e-010   0.01035156
8.30000011e-010        0.021
8.35000011e-010   0.01025781
8.40000011e-010   0.02186719
8.45000011e-010  0.009984376
8.50000011e-010   0.02185938
8.55000011e-010   0.01021094
8.60000011e-010   0.02116406
8.65000012e-010  0.009953126
8.70000012e-010   0.02009375
8.75000012e-010   0.01015625
8.80000012e-010     0.019625
8.85000012e-010  0.009367188
8.90000012e-010   0.02028906
8.95000012e-010  0.008835938
9.00000012e-010   0.02084375
9.05000012e-010  0.009507813
9.10000012e-010   0.02179688
9.15000012e-010   0.01033594
9.20000012e-010        0.023
9.25000012e-010    0.0106875
9.30000012e-010   0.02292969
9.35000012e-010   0.01154688
9.40000013e-010   0.02171094
9.45000013e-010   0.01221094
9.50000013e-010   0.02149219
9.55000013e-010   0.01239844
9.60000013e-010        0.021
9.65000013e-010   0.01142969
9.70000013e-010   0.02082031
9.75000013e-010   0.01088281
9.80000013e-010   0.02097656
9.85000013e-010        0.011
9.90000013e-010   0.02139844
9.95000013e-010   0.01132813
1.00000001e-009   0.02228125
1.00500001e-009     0.010875
1.01000001e-009   0.02305469
1.01500001e-009   0.01117188
1.02000001e-009   0.02314063
1.02500001e-009   0.01204688
1.03000001e-009   0.02244531
1.03500001e-009   0.01278125
1.04000001e-009   0.02105469
1.04500001e-009     0.012875
1.05000001e-009   0.02207813
1.05500001e-009   0.01264063
1.06000001e-009        0.023
1.06500001e-009   0.01245313
1.07000001e-009   0.02297656
1.07500001e-009   0.01271875
1.08000001e-009     0.022125
1.08500001e-009   0.01266406
1.09000001e-009   0.02148438
1.09500001e-009   0.01285938
1.10000001e-009        0.021
1.10500001e-009   0.01282813
1.11000001e-009   0.02139063
1.11500001e-009   0.01213281
1.12000001e-009   0.02132031
1.12500002e-009   0.01192188
1.13000002e-009   0.02186719
1.13500002e-009   0.01214063
1.14000002e-009   0.02276563
1.14500002e-009   0.01230469
1.15000002e-009   0.02367188
1.15500002e-009   0.01248438
1.16000002e-009   0.02449219
1.16500002e-009   0.01235938
1.17000002e-009   0.02463281
1.17500002e-009   0.01249219
1.18000002e-009   0.02421875
1.18500002e-009   0.01273438
1.19000002e-009   0.02453125
1.19500002e-009        0.013
1.20000002e-009   0.02503125
1.20500002e-009   0.01335938
1.21000002e-009   0.02473438
1.21500002e-009   0.01378906
1.22000002e-009      0.02375
1.22500002e-009   0.01445313
1.23000002e-009   0.02308594
1.23500002e-009   0.01496875
1.24000002e-009    0.0243125
1.24500002e-009   0.01433594
1.25000002e-009   0.02544531
