+3.00000000000E+005  -8.18705768275E+001
+7.79850000000E+006  -8.60137857432E+001
+1.52970000000E+007  -8.00130927346E+001
+2.27955000000E+007  -7.83542902444E+001
+3.02940000000E+007  -8.45003509958E+001
+3.77925000000E+007  -7.47294238192E+001
+4.52910000000E+007  -7.75787060067E+001
+5.27895000000E+007  -6.99094947208E+001
+6.02880000000E+007  -7.66167495338E+001
+6.77865000000E+007  -7.45212875444E+001
+7.52850000000E+007  -6.67166712363E+001
+8.27835000000E+007  -6.83889463169E+001
+9.02820000000E+007  -7.38631048916E+001
+9.77805000000E+007  -8.09337678388E+001
+1.05279000000E+008  -6.57676162566E+001
+1.12777500000E+008  -6.97590473063E+001
+1.20276000000E+008  -8.45616855026E+001
+1.27774500000E+008  -7.81671156816E+001
+1.35273000000E+008  -6.40301787049E+001
+1.42771500000E+008  -6.33370510020E+001
+1.50270000000E+008  -7.03768660546E+001
+1.57768500000E+008  -6.39106126319E+001
+1.65267000000E+008  -6.14228268669E+001
+1.72765500000E+008  -5.96150200597E+001
+1.80264000000E+008  -6.29121992873E+001
+1.87762500000E+008  -7.39198021492E+001
+1.95261000000E+008  -5.74805416311E+001
+2.02759500000E+008  -5.36174520707E+001
+2.10258000000E+008  -5.96787818432E+001
+2.17756500000E+008  -6.41702571539E+001
+2.25255000000E+008  -7.22827081530E+001
+2.32753500000E+008  -6.43967105542E+001
+2.40252000000E+008  -5.58564414105E+001
+2.47750500000E+008  -5.76413865168E+001
+2.55249000000E+008  -6.21525458467E+001
+2.62747500000E+008  -6.04655276099E+001
+2.70246000000E+008  -6.57156446995E+001
+2.77744500000E+008  -5.72591104820E+001
+2.85243000000E+008  -6.45024811724E+001
+2.92741500000E+008  -6.19196688247E+001
+3.00240000000E+008  -6.59132046128E+001
+3.07738500000E+008  -5.93781518334E+001
+3.15237000000E+008  -6.53584438419E+001
+3.22735500000E+008  -5.92237014478E+001
+3.30234000000E+008  -6.49506534110E+001
+3.37732500000E+008  -6.61370302134E+001
+3.45231000000E+008  -6.31469397323E+001
+3.52729500000E+008  -5.90248448025E+001
+3.60228000000E+008  -5.33213453885E+001
+3.67726500000E+008  -6.22652266628E+001
+3.75225000000E+008  -5.97695612782E+001
+3.82723500000E+008  -5.77467236854E+001
+3.90222000000E+008  -6.65217790861E+001
+3.97720500000E+008  -5.97088096426E+001
+4.05219000000E+008  -6.55780129336E+001
+4.12717500000E+008  -7.02272597588E+001
+4.20216000000E+008  -5.50981480341E+001
+4.27714500000E+008  -6.15877925096E+001
+4.35213000000E+008  -6.02702685425E+001
+4.42711500000E+008  -5.43773305400E+001
+4.50210000000E+008  -6.58978776024E+001
+4.57708500000E+008  -6.76993621403E+001
+4.65207000000E+008  -6.56855427173E+001
+4.72705500000E+008  -5.74150160990E+001
+4.80204000000E+008  -6.32093546311E+001
+4.87702500000E+008  -6.29149032183E+001
+4.95201000000E+008  -7.66106753732E+001
+5.02699500000E+008  -6.07585929817E+001
+5.10198000000E+008  -6.71539466127E+001
+5.17696500000E+008  -6.08547516943E+001
+5.25195000000E+008  -6.20152940570E+001
+5.32693500000E+008  -5.64163734230E+001
+5.40192000000E+008  -6.21566837140E+001
+5.47690500000E+008  -6.42751041283E+001
+5.55189000000E+008  -6.31416254461E+001
+5.62687500000E+008  -6.08165206072E+001
+5.70186000000E+008  -6.71328977056E+001
+5.77684500000E+008  -5.72342000395E+001
+5.85183000000E+008  -5.95496491481E+001
+5.92681500000E+008  -6.15939076003E+001
+6.00180000000E+008  -6.47578742369E+001
+6.07678500000E+008  -5.99240584164E+001
+6.15177000000E+008  -6.65452204128E+001
+6.22675500000E+008  -5.86308978110E+001
+6.30174000000E+008  -5.76646822780E+001
+6.37672500000E+008  -5.98410991649E+001
+6.45171000000E+008  -5.81502503900E+001
+6.52669500000E+008  -6.11423109477E+001
+6.60168000000E+008  -6.63574520617E+001
+6.67666500000E+008  -5.90905277895E+001
+6.75165000000E+008  -6.22453545750E+001
+6.82663500000E+008  -6.57940747126E+001
+6.90162000000E+008  -5.52827760756E+001
+6.97660500000E+008  -5.89499779709E+001
+7.05159000000E+008  -7.17111961863E+001
+7.12657500000E+008  -7.19223404684E+001
+7.20156000000E+008  -6.89584536546E+001
+7.27654500000E+008  -5.55454648734E+001
+7.35153000000E+008  -6.70721147542E+001
+7.42651500000E+008  -6.42341205230E+001
+7.50150000000E+008  -6.80983569805E+001
+7.57648500000E+008  -5.78768755188E+001
+7.65147000000E+008  -5.95224208736E+001
+7.72645500000E+008  -6.41414134286E+001
+7.80144000000E+008  -7.32735482590E+001
+7.87642500000E+008  -5.80440398108E+001
+7.95141000000E+008  -6.31324724399E+001
+8.02639500000E+008  -6.92439599620E+001
+8.10138000000E+008  -5.42430348440E+001
+8.17636500000E+008  -6.00803456830E+001
+8.25135000000E+008  -6.21199328590E+001
+8.32633500000E+008  -6.67380395940E+001
+8.40132000000E+008  -6.35196076014E+001
+8.47630500000E+008  -6.53527138629E+001
+8.55129000000E+008  -5.92635514494E+001
+8.62627500000E+008  -5.69979478180E+001
+8.70126000000E+008  -5.95246565585E+001
+8.77624500000E+008  -6.06217411707E+001
+8.85123000000E+008  -6.70118412798E+001
+8.92621500000E+008  -6.01823534898E+001
+9.00120000000E+008  -5.63993590327E+001
+9.07618500000E+008  -6.68276892732E+001
+9.15117000000E+008  -5.92861433393E+001
+9.22615500000E+008  -6.39288973492E+001
+9.30114000000E+008  -6.17518078995E+001
+9.37612500000E+008  -6.29815342062E+001
+9.45111000000E+008  -7.42562706163E+001
+9.52609500000E+008  -6.27817972914E+001
+9.60108000000E+008  -6.28718356570E+001
+9.67606500000E+008  -6.23735481803E+001
+9.75105000000E+008  -6.55069974744E+001
+9.82603500000E+008  -6.08121895839E+001
+9.90102000000E+008  -7.37372303169E+001
+9.97600500000E+008  -7.01431346127E+001
+1.00509900000E+009  -6.34483961789E+001
+1.01259750000E+009  -6.48325773934E+001
+1.02009600000E+009  -5.97586296813E+001
+1.02759450000E+009  -6.22166731587E+001
+1.03509300000E+009  -6.11484921872E+001
+1.04259150000E+009  -5.78306694924E+001
+1.05009000000E+009  -7.01395310684E+001
+1.05758850000E+009  -5.71125775807E+001
+1.06508700000E+009  -6.94038025834E+001
+1.07258550000E+009  -8.46145493878E+001
+1.08008400000E+009  -7.52725957361E+001
+1.08758250000E+009  -6.41445797352E+001
+1.09508100000E+009  -8.75856231508E+001
+1.10257950000E+009  -6.40942659451E+001
+1.11007800000E+009  -5.99850464046E+001
+1.11757650000E+009  -6.66779723342E+001
+1.12507500000E+009  -7.04643515766E+001
+1.13257350000E+009  -7.57985979247E+001
+1.14007200000E+009  -6.48644936691E+001
+1.14757050000E+009  -6.93656972546E+001
+1.15506900000E+009  -6.01909600290E+001
+1.16256750000E+009  -6.37489145989E+001
+1.17006600000E+009  -6.58583108071E+001
+1.17756450000E+009  -7.21799127614E+001
+1.18506300000E+009  -6.39444243041E+001
+1.19256150000E+009  -6.40903298524E+001
+1.20006000000E+009  -6.03507592064E+001
+1.20755850000E+009  -6.26320313546E+001
+1.21505700000E+009  -6.35746879360E+001
+1.22255550000E+009  -6.63546581105E+001
+1.23005400000E+009  -6.18203215605E+001
+1.23755250000E+009  -6.24937172868E+001
+1.24505100000E+009  -7.99988798365E+001
+1.25254950000E+009  -6.45954596425E+001
+1.26004800000E+009  -7.09615662441E+001
+1.26754650000E+009  -8.99811395306E+001
+1.27504500000E+009  -6.51058466445E+001
+1.28254350000E+009  -6.58690666683E+001
+1.29004200000E+009  -7.04675742637E+001
+1.29754050000E+009  -6.87073824958E+001
+1.30503900000E+009  -6.71851108791E+001
+1.31253750000E+009  -6.32932873015E+001
+1.32003600000E+009  -7.21960939179E+001
+1.32753450000E+009  -7.21092001884E+001
+1.33503300000E+009  -6.80765876862E+001
+1.34253150000E+009  -8.15563078941E+001
+1.35003000000E+009  -6.42192657568E+001
+1.35752850000E+009  -8.27881513374E+001
+1.36502700000E+009  -8.47928513197E+001
+1.37252550000E+009  -6.59083155517E+001
+1.38002400000E+009  -6.86969589496E+001
+1.38752250000E+009  -7.90717600487E+001
+1.39502100000E+009  -6.70159444209E+001
+1.40251950000E+009  -6.53852909656E+001
+1.41001800000E+009  -7.06813018891E+001
+1.41751650000E+009  -7.20445388515E+001
+1.42501500000E+009  -7.45542628956E+001
+1.43251350000E+009  -7.23927411159E+001
+1.44001200000E+009  -6.75563099696E+001
+1.44751050000E+009  -7.94026366725E+001
+1.45500900000E+009  -7.00599121193E+001
+1.46250750000E+009  -6.57538087414E+001
+1.47000600000E+009  -7.85000844856E+001
+1.47750450000E+009  -6.83312750337E+001
+1.48500300000E+009  -7.15390644004E+001
+1.49250150000E+009  -7.96447571033E+001
+1.50000000000E+009  -7.66195613291E+001
