-1.24500002e-009 -0.002929687
-1.24000002e-009 -0.002914062
-1.23500002e-009 -0.002898437
-1.23000002e-009 -0.002890625
-1.22500002e-009 -0.002867187
-1.22000002e-009  -0.00284375
-1.21500002e-009   -0.0028125
-1.21000002e-009 -0.002804687
-1.20500002e-009 -0.002796875
-1.20000002e-009  -0.00278125
-1.19500002e-009 -0.002765625
-1.19000002e-009     -0.00275
-1.18500002e-009     -0.00275
-1.18000002e-009 -0.002742187
-1.17500002e-009     -0.00275
-1.17000002e-009  -0.00271875
-1.16500002e-009 -0.002695312
-1.16000002e-009 -0.002734375
-1.15500002e-009 -0.002695312
-1.15000002e-009 -0.002664062
-1.14500002e-009  -0.00265625
-1.14000002e-009 -0.002609375
-1.13500002e-009  -0.00259375
-1.13000002e-009   -0.0025625
-1.12500002e-009 -0.002539062
-1.12000001e-009 -0.002484375
-1.11500001e-009 -0.002445312
-1.11000001e-009  -0.00240625
-1.10500001e-009 -0.002382812
-1.10000001e-009 -0.002335937
-1.09500001e-009 -0.002328125
-1.09000001e-009   -0.0023125
-1.08500001e-009 -0.002296875
-1.08000001e-009 -0.002289062
-1.07500001e-009 -0.002328125
-1.07000001e-009  -0.00234375
-1.06500001e-009 -0.002382812
-1.06000001e-009 -0.002429687
-1.05500001e-009 -0.002484375
-1.05000001e-009   -0.0025625
-1.04500001e-009 -0.002585937
-1.04000001e-009    -0.002625
-1.03500001e-009   -0.0026875
-1.03000001e-009 -0.002710937
-1.02500001e-009 -0.002734375
-1.02000001e-009     -0.00275
-1.01500001e-009 -0.002765625
-1.01000001e-009  -0.00278125
-1.00500001e-009  -0.00278125
-1.00000001e-009 -0.002765625
-9.95000013e-010 -0.002757812
-9.90000013e-010 -0.002710937
-9.85000013e-010 -0.002726562
-9.80000013e-010 -0.002703125
-9.75000013e-010  -0.00271875
-9.70000013e-010 -0.002703125
-9.65000013e-010 -0.002734375
-9.60000013e-010 -0.002703125
-9.55000013e-010 -0.002757812
-9.50000013e-010     -0.00275
-9.45000013e-010 -0.002773437
-9.40000013e-010 -0.002820312
-9.35000012e-010 -0.002835937
-9.30000012e-010 -0.002867187
-9.25000012e-010 -0.002882812
-9.20000012e-010 -0.002898437
-9.15000012e-010  -0.00290625
-9.10000012e-010 -0.002953125
-9.05000012e-010  -0.00296875
-9.00000012e-010 -0.003015625
-8.95000012e-010 -0.003023437
-8.90000012e-010 -0.003070312
-8.85000012e-010  -0.00309375
-8.80000012e-010    -0.003125
-8.75000012e-010 -0.003179687
-8.70000012e-010 -0.003226562
-8.65000012e-010 -0.003265625
-8.60000011e-010 -0.003296875
-8.55000011e-010 -0.003367187
-8.50000011e-010 -0.003390625
-8.45000011e-010   -0.0034375
-8.40000011e-010 -0.003445312
-8.35000011e-010 -0.003507812
-8.30000011e-010 -0.003507812
-8.25000011e-010 -0.003523437
-8.20000011e-010 -0.003578125
-8.15000011e-010 -0.003546875
-8.10000011e-010 -0.003554687
-8.05000011e-010 -0.003585937
-8.00000011e-010 -0.003578125
-7.95000011e-010 -0.003585937
-7.90000011e-010 -0.003601562
-7.8500001e-010 -0.003632812
-7.8000001e-010 -0.003640625
-7.7500001e-010 -0.003695312
-7.7000001e-010     -0.00375
-7.6500001e-010   -0.0038125
-7.6000001e-010  -0.00390625
-7.5500001e-010 -0.004007812
-7.5000001e-010 -0.004109375
-7.4500001e-010 -0.004242187
-7.4000001e-010 -0.004382812
-7.3500001e-010 -0.004539062
-7.3000001e-010 -0.004664062
-7.2500001e-010 -0.004820312
-7.2000001e-010 -0.004976562
-7.1500001e-010 -0.005148437
-7.10000009e-010 -0.005304687
-7.05000009e-010 -0.005445312
-7.00000009e-010  -0.00559375
-6.95000009e-010 -0.005804687
-6.90000009e-010 -0.005960937
-6.85000009e-010 -0.006164062
-6.80000009e-010 -0.006304687
-6.75000009e-010 -0.006507812
-6.70000009e-010 -0.006703125
-6.65000009e-010 -0.006960937
-6.60000009e-010 -0.007164062
-6.55000009e-010   -0.0074375
-6.50000009e-010 -0.007773438
-6.45000009e-010 -0.008109375
-6.40000009e-010 -0.008492188
-6.35000008e-010 -0.008914063
-6.30000008e-010 -0.009390625
-6.25000008e-010 -0.009882813
-6.20000008e-010  -0.01040625
-6.15000008e-010  -0.01101563
-6.10000008e-010  -0.01172656
-6.05000008e-010  -0.01246094
-6.00000008e-010  -0.01327344
-5.95000008e-010  -0.01419531
-5.90000008e-010  -0.01523438
-5.85000008e-010  -0.01632031
-5.80000008e-010  -0.01755469
-5.75000008e-010  -0.01889063
-5.70000008e-010  -0.02033594
-5.65000008e-010  -0.02192188
-5.60000007e-010  -0.02364063
-5.55000007e-010  -0.02553125
-5.50000007e-010  -0.02754688
-5.45000007e-010  -0.02972656
-5.40000007e-010  -0.03203125
-5.35000007e-010  -0.03448438
-5.30000007e-010  -0.03709375
-5.25000007e-010  -0.03983594
-5.20000007e-010  -0.04267188
-5.15000007e-010  -0.04569531
-5.10000007e-010  -0.04882031
-5.05000007e-010  -0.05207031
-5.00000007e-010  -0.05546875
-4.95000007e-010  -0.05896094
-4.90000007e-010  -0.06257813
-4.85000006e-010   -0.0663125
-4.80000006e-010  -0.07015625
-4.75000006e-010  -0.07408594
-4.70000006e-010  -0.07807813
-4.65000006e-010  -0.08214844
-4.60000006e-010  -0.08624219
-4.55000006e-010  -0.09039063
-4.50000006e-010  -0.09454688
-4.45000006e-010  -0.09866407
-4.40000006e-010   -0.1027422
-4.35000006e-010   -0.1067266
-4.30000006e-010   -0.1106641
-4.25000006e-010   -0.1144531
-4.20000006e-010    -0.118125
-4.15000006e-010   -0.1215938
-4.10000005e-010   -0.1249453
-4.05000005e-010   -0.1281094
-4.00000005e-010   -0.1310703
-3.95000005e-010   -0.1338203
-3.90000005e-010   -0.1363984
-3.85000005e-010   -0.1387813
-3.80000005e-010   -0.1409844
-3.75000005e-010   -0.1430234
-3.70000005e-010    -0.144875
-3.65000005e-010   -0.1465156
-3.60000005e-010   -0.1479766
-3.55000005e-010     -0.14925
-3.50000005e-010   -0.1503672
-3.45000005e-010     -0.15125
-3.40000005e-010   -0.1519688
-3.35000004e-010   -0.1525547
-3.30000004e-010   -0.1529297
-3.25000004e-010   -0.1531328
-3.20000004e-010   -0.1532188
-3.15000004e-010   -0.1530938
-3.10000004e-010   -0.1527891
-3.05000004e-010   -0.1523906
-3.00000004e-010   -0.1518125
-2.95000004e-010   -0.1510938
-2.90000004e-010   -0.1503516
-2.85000004e-010      -0.1495
-2.80000004e-010   -0.1486172
-2.75000004e-010   -0.1477344
-2.70000004e-010   -0.1467656
-2.65000004e-010   -0.1457656
-2.60000003e-010   -0.1447891
-2.55000003e-010   -0.1437656
-2.50000003e-010   -0.1428125
-2.45000003e-010   -0.1417969
-2.40000003e-010   -0.1407734
-2.35000003e-010   -0.1397578
-2.30000003e-010     -0.13875
-2.25000003e-010   -0.1377031
-2.20000003e-010   -0.1366406
-2.15000003e-010   -0.1354922
-2.10000003e-010   -0.1342734
-2.05000003e-010   -0.1329609
-2.00000003e-010   -0.1316016
-1.95000003e-010   -0.1300625
-1.90000003e-010   -0.1284297
-1.85000002e-010   -0.1267266
-1.80000002e-010   -0.1248672
-1.75000002e-010   -0.1228906
-1.70000002e-010   -0.1208047
-1.65000002e-010   -0.1185625
-1.60000002e-010   -0.1162109
-1.55000002e-010   -0.1137188
-1.50000002e-010   -0.1110938
-1.45000002e-010   -0.1083516
-1.40000002e-010      -0.1055
-1.35000002e-010   -0.1025625
-1.30000002e-010  -0.09946094
-1.25000002e-010  -0.09633594
-1.20000002e-010  -0.09309375
-1.15000002e-010     -0.08975
-1.10000001e-010  -0.08628907
-1.05000001e-010  -0.08277344
-1.00000001e-010  -0.07917188
-9.50000013e-011  -0.07542969
-9.00000012e-011  -0.07167969
-8.50000011e-011  -0.06784375
-8.00000011e-011  -0.06392188
-7.5000001e-011  -0.05997656
-7.00000009e-011  -0.05599219
-6.50000009e-011  -0.05196875
-6.00000008e-011  -0.04796875
-5.50000007e-011  -0.04396094
-5.00000007e-011  -0.04004688
-4.50000006e-011    -0.036125
-4.00000005e-011  -0.03228125
-3.50000005e-011  -0.02860156
-3.00000004e-011  -0.02497656
-2.50000003e-011  -0.02146094
-2.00000003e-011  -0.01813281
-1.50000002e-011  -0.01492188
-1.00000001e-011  -0.01190625
-5.00000007e-012  -0.00903125
           0 -0.006328125
5.00000007e-012   -0.0038125
1.00000001e-011  -0.00140625
1.50000002e-011 0.0008281254
2.00000003e-011  0.002882813
2.50000003e-011  0.004843751
3.00000004e-011  0.006632813
3.50000005e-011  0.008273438
4.00000005e-011  0.009789063
4.50000006e-011   0.01114063
5.00000007e-011   0.01235938
5.50000007e-011   0.01342188
6.00000008e-011   0.01435938
6.50000009e-011   0.01515625
7.00000009e-011   0.01579688
7.5000001e-011   0.01629688
8.00000011e-011   0.01667188
8.50000011e-011   0.01691406
9.00000012e-011   0.01703906
9.50000013e-011   0.01699219
1.00000001e-010   0.01692969
1.05000001e-010   0.01670313
1.10000001e-010    0.0164375
1.15000002e-010   0.01608594
1.20000002e-010   0.01573438
1.25000002e-010   0.01534375
1.30000002e-010    0.0149375
1.35000002e-010   0.01452344
1.40000002e-010   0.01411719
1.45000002e-010   0.01373438
1.50000002e-010   0.01335156
1.55000002e-010   0.01303125
1.60000002e-010   0.01271875
1.65000002e-010   0.01247656
1.70000002e-010   0.01225781
1.75000002e-010   0.01209375
1.80000002e-010   0.01197656
1.85000002e-010   0.01188281
1.90000003e-010   0.01185156
1.95000003e-010     0.011875
2.00000003e-010   0.01192188
2.05000003e-010   0.01201563
2.10000003e-010   0.01215625
2.15000003e-010   0.01235938
2.20000003e-010   0.01258594
2.25000003e-010   0.01289063
2.30000003e-010   0.01322656
2.35000003e-010   0.01360156
2.40000003e-010   0.01402344
2.45000003e-010   0.01449219
2.50000003e-010   0.01498438
2.55000003e-010   0.01549219
2.60000003e-010   0.01598438
2.65000004e-010   0.01649219
2.70000004e-010   0.01704688
2.75000004e-010   0.01752344
2.80000004e-010   0.01802344
2.85000004e-010   0.01848438
2.90000004e-010   0.01890625
2.95000004e-010   0.01935938
3.00000004e-010   0.01969531
3.05000004e-010   0.02004688
3.10000004e-010   0.02035156
3.15000004e-010     0.020625
3.20000004e-010   0.02089063
3.25000004e-010   0.02108594
3.30000004e-010   0.02128906
3.35000004e-010   0.02142969
3.40000005e-010   0.02157813
3.45000005e-010   0.02164063
3.50000005e-010   0.02171094
3.55000005e-010      0.02175
3.60000005e-010   0.02175781
3.65000005e-010   0.02171875
3.70000005e-010   0.02164063
3.75000005e-010   0.02153906
3.80000005e-010   0.02140625
3.85000005e-010      0.02125
3.90000005e-010    0.0210625
3.95000005e-010   0.02082031
4.00000005e-010   0.02053125
4.05000005e-010      0.02025
4.10000005e-010   0.01995313
4.15000006e-010   0.01960156
4.20000006e-010   0.01923438
4.25000006e-010   0.01884375
4.30000006e-010   0.01846094
4.35000006e-010   0.01810156
4.40000006e-010   0.01766406
4.45000006e-010   0.01729688
4.50000006e-010   0.01689063
4.55000006e-010   0.01651563
4.60000006e-010   0.01620313
4.65000006e-010   0.01585156
4.70000006e-010   0.01557031
4.75000006e-010   0.01527344
4.80000006e-010   0.01502344
4.85000006e-010    0.0148125
4.90000007e-010   0.01460156
4.95000007e-010   0.01444531
5.00000007e-010   0.01428125
5.05000007e-010   0.01416406
5.10000007e-010   0.01407031
5.15000007e-010   0.01400781
5.20000007e-010   0.01391406
5.25000007e-010   0.01384375
5.30000007e-010   0.01379688
5.35000007e-010   0.01372656
5.40000007e-010   0.01365625
5.45000007e-010   0.01361719
5.50000007e-010   0.01353906
5.55000007e-010   0.01347656
5.60000007e-010   0.01342969
5.65000008e-010   0.01338281
5.70000008e-010   0.01334375
5.75000008e-010   0.01329688
5.80000008e-010   0.01335156
5.85000008e-010   0.01332813
5.90000008e-010   0.01335938
5.95000008e-010   0.01347656
6.00000008e-010    0.0135625
6.05000008e-010   0.01367969
6.10000008e-010   0.01382813
6.15000008e-010   0.01400781
6.20000008e-010   0.01417188
6.25000008e-010   0.01432031
6.30000008e-010   0.01449219
6.35000008e-010   0.01464844
6.40000009e-010   0.01477344
6.45000009e-010   0.01484375
6.50000009e-010   0.01494531
6.55000009e-010   0.01494531
6.60000009e-010   0.01495313
6.65000009e-010   0.01491406
6.70000009e-010   0.01485156
6.75000009e-010   0.01478125
6.80000009e-010    0.0146875
6.85000009e-010   0.01453906
6.90000009e-010   0.01445313
6.95000009e-010   0.01432031
7.00000009e-010   0.01423438
7.05000009e-010   0.01414844
7.10000009e-010   0.01407813
7.1500001e-010   0.01403906
7.2000001e-010   0.01400781
7.2500001e-010   0.01400781
7.3000001e-010   0.01404688
7.3500001e-010   0.01409375
7.4000001e-010   0.01409375
7.4500001e-010   0.01415625
7.5000001e-010   0.01421875
7.5500001e-010   0.01421875
7.6000001e-010   0.01426563
7.6500001e-010   0.01425781
7.7000001e-010   0.01426563
7.7500001e-010   0.01427344
7.8000001e-010   0.01426563
7.8500001e-010   0.01427344
7.90000011e-010   0.01422656
7.95000011e-010   0.01421094
8.00000011e-010   0.01417188
8.05000011e-010   0.01419531
8.10000011e-010   0.01419531
8.15000011e-010   0.01421094
8.20000011e-010   0.01420313
8.25000011e-010   0.01425781
8.30000011e-010   0.01428125
8.35000011e-010   0.01432813
8.40000011e-010   0.01440625
8.45000011e-010   0.01446094
8.50000011e-010   0.01453125
8.55000011e-010   0.01461719
8.60000011e-010   0.01469531
8.65000012e-010   0.01476563
8.70000012e-010   0.01486719
8.75000012e-010   0.01492188
8.80000012e-010   0.01503125
8.85000012e-010   0.01508594
8.90000012e-010   0.01517188
8.95000012e-010   0.01523438
9.00000012e-010   0.01535156
9.05000012e-010   0.01547656
9.10000012e-010   0.01557813
9.15000012e-010   0.01571094
9.20000012e-010   0.01582031
9.25000012e-010   0.01592969
9.30000012e-010   0.01607031
9.35000012e-010   0.01615625
9.40000013e-010   0.01627344
9.45000013e-010   0.01634375
9.50000013e-010    0.0164375
9.55000013e-010       0.0165
9.60000013e-010   0.01654688
9.65000013e-010   0.01660156
9.70000013e-010   0.01664844
9.75000013e-010   0.01666406
9.80000013e-010   0.01670313
9.85000013e-010   0.01672656
9.90000013e-010   0.01674219
9.95000013e-010   0.01676563
1.00000001e-009   0.01679688
1.00500001e-009   0.01679688
1.01000001e-009   0.01682031
1.01500001e-009   0.01685938
1.02000001e-009   0.01689844
1.02500001e-009   0.01691406
1.03000001e-009   0.01694531
1.03500001e-009   0.01696875
1.04000001e-009   0.01695313
1.04500001e-009   0.01697656
1.05000001e-009   0.01696875
1.05500001e-009   0.01696094
1.06000001e-009   0.01695313
1.06500001e-009   0.01692188
1.07000001e-009   0.01688281
1.07500001e-009   0.01686719
1.08000001e-009    0.0168125
1.08500001e-009   0.01679688
1.09000001e-009   0.01675781
1.09500001e-009   0.01675781
1.10000001e-009   0.01677344
1.10500001e-009   0.01676563
1.11000001e-009   0.01678125
1.11500001e-009   0.01682813
1.12000001e-009   0.01685938
1.12500002e-009   0.01692969
1.13000002e-009   0.01698438
1.13500002e-009   0.01704688
1.14000002e-009   0.01713281
1.14500002e-009   0.01722656
1.15000002e-009   0.01728125
1.15500002e-009   0.01738281
1.16000002e-009   0.01748438
1.16500002e-009    0.0175625
1.17000002e-009   0.01765625
1.17500002e-009   0.01774219
1.18000002e-009   0.01784375
1.18500002e-009   0.01792188
1.19000002e-009   0.01799219
1.19500002e-009   0.01807813
1.20000002e-009   0.01817188
1.20500002e-009      0.01825
1.21000002e-009   0.01834375
1.21500002e-009   0.01839844
1.22000002e-009   0.01846875
1.22500002e-009   0.01851563
1.23000002e-009   0.01860938
1.23500002e-009    0.0186875
1.24000002e-009   0.01875781
1.24500002e-009   0.01885156
1.25000002e-009   0.01892969
