+3.00000000000E+005  -8.01280557057E+001
+7.79850000000E+006  -8.09607927047E+001
+1.52970000000E+007  -7.31254322771E+001
+2.27955000000E+007  -7.88637669590E+001
+3.02940000000E+007  -7.54469016468E+001
+3.77925000000E+007  -8.43216952873E+001
+4.52910000000E+007  -7.49694976081E+001
+5.27895000000E+007  -8.25628136857E+001
+6.02880000000E+007  -1.06708522005E+002
+6.77865000000E+007  -6.57954744661E+001
+7.52850000000E+007  -8.49243241414E+001
+8.27835000000E+007  -7.45106833436E+001
+9.02820000000E+007  -7.18120850966E+001
+9.77805000000E+007  -7.34544528561E+001
+1.05279000000E+008  -7.19802004470E+001
+1.12777500000E+008  -6.36104175267E+001
+1.20276000000E+008  -7.14570821112E+001
+1.27774500000E+008  -7.30766545851E+001
+1.35273000000E+008  -7.09216551188E+001
+1.42771500000E+008  -6.24847867359E+001
+1.50270000000E+008  -6.20736214218E+001
+1.57768500000E+008  -6.06830507924E+001
+1.65267000000E+008  -6.88514439190E+001
+1.72765500000E+008  -6.98864191908E+001
+1.80264000000E+008  -5.97353624152E+001
+1.87762500000E+008  -5.78232756674E+001
+1.95261000000E+008  -6.20121391212E+001
+2.02759500000E+008  -6.00940456123E+001
+2.10258000000E+008  -5.60369386685E+001
+2.17756500000E+008  -6.48204671438E+001
+2.25255000000E+008  -5.66791081447E+001
+2.32753500000E+008  -6.26967645908E+001
+2.40252000000E+008  -6.58507910063E+001
+2.47750500000E+008  -6.13708242377E+001
+2.55249000000E+008  -5.70428430568E+001
+2.62747500000E+008  -5.36517561419E+001
+2.70246000000E+008  -5.58501105611E+001
+2.77744500000E+008  -5.80676871372E+001
+2.85243000000E+008  -6.47512085658E+001
+2.92741500000E+008  -7.43537532641E+001
+3.00240000000E+008  -5.75076814110E+001
+3.07738500000E+008  -6.12411069332E+001
+3.15237000000E+008  -5.52787386018E+001
+3.22735500000E+008  -6.11681679781E+001
+3.30234000000E+008  -5.94901284949E+001
+3.37732500000E+008  -7.31631835214E+001
+3.45231000000E+008  -5.92333659659E+001
+3.52729500000E+008  -5.68463253901E+001
+3.60228000000E+008  -5.57258947570E+001
+3.67726500000E+008  -5.37779122626E+001
+3.75225000000E+008  -5.48766500110E+001
+3.82723500000E+008  -6.07833575144E+001
+3.90222000000E+008  -5.23517903255E+001
+3.97720500000E+008  -5.82708151775E+001
+4.05219000000E+008  -5.27852602539E+001
+4.12717500000E+008  -8.28542855426E+001
+4.20216000000E+008  -5.84621927145E+001
+4.27714500000E+008  -5.89908230465E+001
+4.35213000000E+008  -5.80294057063E+001
+4.42711500000E+008  -5.45027578376E+001
+4.50210000000E+008  -6.00661085199E+001
+4.57708500000E+008  -5.51333957344E+001
+4.65207000000E+008  -6.17609015801E+001
+4.72705500000E+008  -7.12738141740E+001
+4.80204000000E+008  -5.91122569053E+001
+4.87702500000E+008  -6.43658697287E+001
+4.95201000000E+008  -5.48098162975E+001
+5.02699500000E+008  -5.72217747158E+001
+5.10198000000E+008  -5.53373708542E+001
+5.17696500000E+008  -5.72741388164E+001
+5.25195000000E+008  -5.95585793753E+001
+5.32693500000E+008  -6.99595155322E+001
+5.40192000000E+008  -5.57229117691E+001
+5.47690500000E+008  -8.24267122169E+001
+5.55189000000E+008  -5.42763297056E+001
+5.62687500000E+008  -6.42038108209E+001
+5.70186000000E+008  -6.33800843176E+001
+5.77684500000E+008  -7.18158801473E+001
+5.85183000000E+008  -6.43121540920E+001
+5.92681500000E+008  -6.61779280539E+001
+6.00180000000E+008  -7.47194056762E+001
+6.07678500000E+008  -7.47113641039E+001
+6.15177000000E+008  -6.24749756233E+001
+6.22675500000E+008  -6.14269661579E+001
+6.30174000000E+008  -6.18591720298E+001
+6.37672500000E+008  -8.45965519574E+001
+6.45171000000E+008  -5.76618392978E+001
+6.52669500000E+008  -5.74309824393E+001
+6.60168000000E+008  -5.70407596871E+001
+6.67666500000E+008  -6.28201437757E+001
+6.75165000000E+008  -5.34615709428E+001
+6.82663500000E+008  -6.30540306455E+001
+6.90162000000E+008  -5.94503402325E+001
+6.97660500000E+008  -6.63413089320E+001
+7.05159000000E+008  -6.54623141015E+001
+7.12657500000E+008  -6.01565774835E+001
+7.20156000000E+008  -6.03374144429E+001
+7.27654500000E+008  -6.35229888383E+001
+7.35153000000E+008  -6.36143265753E+001
+7.42651500000E+008  -6.25348109817E+001
+7.50150000000E+008  -5.93880088519E+001
+7.57648500000E+008  -6.25310415805E+001
+7.65147000000E+008  -5.77966385439E+001
+7.72645500000E+008  -5.87897893345E+001
+7.80144000000E+008  -6.21776745867E+001
+7.87642500000E+008  -7.28100211905E+001
+7.95141000000E+008  -6.46271397954E+001
+8.02639500000E+008  -6.80200291993E+001
+8.10138000000E+008  -6.40547609948E+001
+8.17636500000E+008  -6.28277098280E+001
+8.25135000000E+008  -6.53332312922E+001
+8.32633500000E+008  -6.10430550350E+001
+8.40132000000E+008  -6.06976543875E+001
+8.47630500000E+008  -5.86283184795E+001
+8.55129000000E+008  -5.99386904518E+001
+8.62627500000E+008  -6.02005327543E+001
+8.70126000000E+008  -6.17588728329E+001
+8.77624500000E+008  -6.00193203258E+001
+8.85123000000E+008  -6.00525904618E+001
+8.92621500000E+008  -6.74774924231E+001
+9.00120000000E+008  -5.82261815252E+001
+9.07618500000E+008  -6.35335687959E+001
+9.15117000000E+008  -6.44833093173E+001
+9.22615500000E+008  -5.99373823366E+001
+9.30114000000E+008  -6.33446079661E+001
+9.37612500000E+008  -7.38472259557E+001
+9.45111000000E+008  -6.97172431957E+001
+9.52609500000E+008  -6.36625330398E+001
+9.60108000000E+008  -6.16547591761E+001
+9.67606500000E+008  -5.93548607184E+001
+9.75105000000E+008  -7.07778626098E+001
+9.82603500000E+008  -6.23234786693E+001
+9.90102000000E+008  -6.28563153819E+001
+9.97600500000E+008  -6.94671903748E+001
+1.00509900000E+009  -6.49816218676E+001
+1.01259750000E+009  -7.02096345629E+001
+1.02009600000E+009  -6.16874601644E+001
+1.02759450000E+009  -6.29400642026E+001
+1.03509300000E+009  -6.18364747683E+001
+1.04259150000E+009  -6.51533666942E+001
+1.05009000000E+009  -7.50187830667E+001
+1.05758850000E+009  -7.23936402255E+001
+1.06508700000E+009  -7.10243460735E+001
+1.07258550000E+009  -6.64878698252E+001
+1.08008400000E+009  -7.59304419600E+001
+1.08758250000E+009  -8.09345259533E+001
+1.09508100000E+009  -7.59224943996E+001
+1.10257950000E+009  -7.23826110349E+001
+1.11007800000E+009  -7.79132177004E+001
+1.11757650000E+009  -6.44843314355E+001
+1.12507500000E+009  -6.49137945370E+001
+1.13257350000E+009  -6.48815343455E+001
+1.14007200000E+009  -8.69788626575E+001
+1.14757050000E+009  -7.35839984186E+001
+1.15506900000E+009  -7.24762346766E+001
+1.16256750000E+009  -6.38088591969E+001
+1.17006600000E+009  -7.50418657442E+001
+1.17756450000E+009  -6.36937110249E+001
+1.18506300000E+009  -6.89699397790E+001
+1.19256150000E+009  -6.24592712322E+001
+1.20006000000E+009  -6.26272012290E+001
+1.20755850000E+009  -6.99869427873E+001
+1.21505700000E+009  -6.30664678721E+001
+1.22255550000E+009  -7.19816348980E+001
+1.23005400000E+009  -7.04550651192E+001
+1.23755250000E+009  -6.56490034832E+001
+1.24505100000E+009  -6.55533825524E+001
+1.25254950000E+009  -6.94426298840E+001
+1.26004800000E+009  -7.22177224245E+001
+1.26754650000E+009  -6.73220084473E+001
+1.27504500000E+009  -7.30943201946E+001
+1.28254350000E+009  -6.12291002738E+001
+1.29004200000E+009  -6.36573780998E+001
+1.29754050000E+009  -6.98255987818E+001
+1.30503900000E+009  -6.85132000577E+001
+1.31253750000E+009  -6.67267605337E+001
+1.32003600000E+009  -6.94012179097E+001
+1.32753450000E+009  -9.10518625559E+001
+1.33503300000E+009  -7.51699879028E+001
+1.34253150000E+009  -6.86769378450E+001
+1.35003000000E+009  -6.37028550840E+001
+1.35752850000E+009  -6.87614413699E+001
+1.36502700000E+009  -7.72912544536E+001
+1.37252550000E+009  -8.01834891912E+001
+1.38002400000E+009  -6.81700294996E+001
+1.38752250000E+009  -7.08965164425E+001
+1.39502100000E+009  -8.68389112606E+001
+1.40251950000E+009  -6.85649788370E+001
+1.41001800000E+009  -8.58956952437E+001
+1.41751650000E+009  -7.17946445952E+001
+1.42501500000E+009  -8.24270461840E+001
+1.43251350000E+009  -7.46553822269E+001
+1.44001200000E+009  -7.39390995609E+001
+1.44751050000E+009  -8.06117464757E+001
+1.45500900000E+009  -7.58966482731E+001
+1.46250750000E+009  -7.47910818909E+001
+1.47000600000E+009  -6.57091729632E+001
+1.47750450000E+009  -6.75211913610E+001
+1.48500300000E+009  -7.24380938336E+001
+1.49250150000E+009  -7.25088539310E+001
+1.50000000000E+009  -6.69757261756E+001
