-4.98000007e-009 -0.0002265622
-4.96000007e-009 -0.0002187497
-4.94000007e-009 -0.0001953122
-4.92000007e-009 -0.0002656247
-4.90000007e-009 -0.0004531247
-4.88000007e-009 -0.0005937497
-4.86000006e-009 -0.0006718747
-4.84000006e-009 -0.0005468747
-4.82000006e-009 -0.0003046872
-4.80000006e-009 -0.0002187497
-4.78000006e-009 -0.0002734372
-4.76000006e-009 -0.0004687497
-4.74000006e-009 -0.0006093747
-4.72000006e-009 -0.0005859372
-4.70000006e-009 -0.0003593747
-4.68000006e-009 -0.0001328122
-4.66000006e-009 -6.249965e-005
-4.64000006e-009 -9.374966e-005
-4.62000006e-009 -0.0002265622
-4.60000006e-009 -0.0003124997
-4.58000006e-009 -0.0002578122
-4.56000006e-009 -0.0001874997
-4.54000006e-009 -9.374966e-005
-4.52000006e-009 -0.0001562497
-4.50000006e-009 -0.0003124997
-4.48000006e-009 -0.0004843747
-4.46000006e-009 -0.0005390622
-4.44000006e-009 -0.0004374997
-4.42000006e-009 -0.0002187497
-4.40000006e-009 -7.031215e-005
-4.38000006e-009 -0.0001093747
-4.36000006e-009 -0.0002734372
-4.34000006e-009 -0.0004531247
-4.32000006e-009 -0.0005078122
-4.30000006e-009 -0.0004687497
-4.28000006e-009 -0.0004453122
-4.26000006e-009 -0.0005234372
-4.24000006e-009 -0.0006484372
-4.22000006e-009 -0.0006640622
-4.20000006e-009 -0.0005156247
-4.18000006e-009 -0.0003046872
-4.16000006e-009 -0.0001171872
-4.14000006e-009 -5.468715e-005
-4.12000006e-009 -3.906215e-005
-4.10000005e-009 -7.031215e-005
-4.08000005e-009 -0.0001328122
-4.06000005e-009 -0.0001953122
-4.04000005e-009 -0.0001796872
-4.02000005e-009 -0.0001953122
-4.00000005e-009 -0.0002968747
-3.98000005e-009 -0.0003593747
-3.96000005e-009 -0.0003281247
-3.94000005e-009 -0.0003749997
-3.92000005e-009 -0.0004921872
-3.90000005e-009 -0.0007187497
-3.88000005e-009 -0.0007499997
-3.86000005e-009 -0.0006874997
-3.84000005e-009 -0.0005703122
-3.82000005e-009 -0.0004531247
-3.80000005e-009 -0.0004687497
-3.78000005e-009 -0.0005546872
-3.76000005e-009 -0.0005468747
-3.74000005e-009 -0.0003749997
-3.72000005e-009 -0.0001640622
-3.70000005e-009 -9.374966e-005
-3.68000005e-009 -0.0001874997
-3.66000005e-009 -0.0004453122
-3.64000005e-009 -0.0006484372
-3.62000005e-009 -0.0006874997
-3.60000005e-009 -0.0005624997
-3.58000005e-009 -0.0004453122
-3.56000005e-009 -0.0003749997
-3.54000005e-009 -0.0003671872
-3.52000005e-009 -0.0003749997
-3.50000005e-009 -0.0004218747
-3.48000005e-009 -0.0004765622
-3.46000005e-009 -0.0006171872
-3.44000005e-009 -0.0008828122
-3.42000005e-009 -0.001203125
-3.40000005e-009 -0.001484375
-3.38000005e-009 -0.001609375
-3.36000004e-009 -0.001578125
-3.34000004e-009 -0.001484375
-3.32000004e-009 -0.001515625
-3.30000004e-009   -0.0018125
-3.28000004e-009 -0.002257812
-3.26000004e-009   -0.0026875
-3.24000004e-009 -0.003148437
-3.22000004e-009 -0.003492187
-3.20000004e-009 -0.003773437
-3.18000004e-009       -0.004
-3.16000004e-009 -0.004242187
-3.14000004e-009 -0.004515625
-3.12000004e-009 -0.004820312
-3.10000004e-009  -0.00521875
-3.08000004e-009 -0.005601562
-3.06000004e-009   -0.0059375
-3.04000004e-009  -0.00621875
-3.02000004e-009 -0.006523437
-3.00000004e-009 -0.006796875
-2.98000004e-009 -0.007148437
-2.96000004e-009 -0.007507813
-2.94000004e-009  -0.00778125
-2.92000004e-009 -0.007914063
-2.90000004e-009 -0.007992188
-2.88000004e-009 -0.008085938
-2.86000004e-009 -0.008242188
-2.84000004e-009 -0.008390625
-2.82000004e-009 -0.008476563
-2.80000004e-009 -0.008554688
-2.78000004e-009 -0.008773438
-2.76000004e-009 -0.009109375
-2.74000004e-009 -0.009476563
-2.72000004e-009 -0.009703125
-2.70000004e-009 -0.009734375
-2.68000004e-009 -0.009726563
-2.66000004e-009 -0.009664063
-2.64000004e-009 -0.009648438
-2.62000003e-009  -0.00965625
-2.60000003e-009 -0.009773438
-2.58000003e-009 -0.009882813
-2.56000003e-009 -0.009890625
-2.54000003e-009 -0.009671875
-2.52000003e-009 -0.009367188
-2.50000003e-009 -0.009195313
-2.48000003e-009 -0.009257813
-2.46000003e-009 -0.009484375
-2.44000003e-009  -0.00959375
-2.42000003e-009    -0.009625
-2.40000003e-009  -0.00959375
-2.38000003e-009 -0.009640625
-2.36000003e-009 -0.009585938
-2.34000003e-009 -0.009390625
-2.32000003e-009 -0.009171875
-2.30000003e-009  -0.00903125
-2.28000003e-009 -0.009070313
-2.26000003e-009  -0.00921875
-2.24000003e-009 -0.009335938
-2.22000003e-009 -0.009179688
-2.20000003e-009 -0.008921875
-2.18000003e-009  -0.00865625
-2.16000003e-009 -0.008507813
-2.14000003e-009   -0.0083125
-2.12000003e-009 -0.008078125
-2.10000003e-009 -0.007804688
-2.08000003e-009 -0.007609375
-2.06000003e-009 -0.007671875
-2.04000003e-009 -0.007789063
-2.02000003e-009 -0.007757813
-2.00000003e-009      -0.0075
-1.98000003e-009 -0.007195312
-1.96000003e-009  -0.00703125
-1.94000003e-009 -0.007015625
-1.92000003e-009   -0.0070625
-1.90000003e-009 -0.006953125
-1.88000003e-009   -0.0066875
-1.86000002e-009 -0.006492187
-1.84000002e-009 -0.006382812
-1.82000002e-009 -0.006289062
-1.80000002e-009 -0.006046875
-1.78000002e-009   -0.0056875
-1.76000002e-009 -0.005273437
-1.74000002e-009  -0.00496875
-1.72000002e-009 -0.004898437
-1.70000002e-009 -0.004992187
-1.68000002e-009 -0.005054687
-1.66000002e-009 -0.004976562
-1.64000002e-009 -0.004664062
-1.62000002e-009 -0.004289062
-1.60000002e-009 -0.003992187
-1.58000002e-009 -0.003890625
-1.56000002e-009 -0.003914062
-1.54000002e-009 -0.003929687
-1.52000002e-009    -0.003875
-1.50000002e-009 -0.003679687
-1.48000002e-009 -0.003382812
-1.46000002e-009 -0.003117187
-1.44000002e-009 -0.002953125
-1.42000002e-009 -0.002828125
-1.40000002e-009 -0.002796875
-1.38000002e-009 -0.002804687
-1.36000002e-009   -0.0028125
-1.34000002e-009 -0.002757812
-1.32000002e-009  -0.00278125
-1.30000002e-009   -0.0028125
-1.28000002e-009 -0.002804687
-1.26000002e-009     -0.00275
-1.24000002e-009 -0.002601562
-1.22000002e-009 -0.002523437
-1.20000002e-009  -0.00265625
-1.18000002e-009 -0.002859375
-1.16000002e-009 -0.002953125
-1.14000002e-009 -0.002820312
-1.12000001e-009 -0.002523437
-1.10000001e-009 -0.002367187
-1.08000001e-009 -0.002460937
-1.06000001e-009  -0.00265625
-1.04000001e-009 -0.002789062
-1.02000001e-009 -0.002859375
-1.00000001e-009 -0.002929687
-9.80000013e-010 -0.003109375
-9.60000013e-010 -0.003242187
-9.40000013e-010 -0.003359375
-9.20000012e-010 -0.003265625
-9.00000012e-010 -0.003171875
-8.80000012e-010 -0.003234375
-8.60000011e-010 -0.003460937
-8.40000011e-010  -0.00378125
-8.20000011e-010  -0.00390625
-8.00000011e-010 -0.003929687
-7.8000001e-010 -0.004007812
-7.6000001e-010 -0.004234375
-7.4000001e-010 -0.004734375
-7.2000001e-010 -0.005390625
-7.00000009e-010 -0.005953125
-6.80000009e-010   -0.0066875
-6.60000009e-010 -0.007703125
-6.40000009e-010 -0.009460938
-6.20000008e-010  -0.01214844
-6.00000008e-010  -0.01599219
-5.80000008e-010  -0.02155469
-5.60000007e-010  -0.02897656
-5.40000007e-010  -0.03885938
-5.20000007e-010  -0.05123438
-5.00000007e-010  -0.06561719
-4.80000006e-010  -0.08152344
-4.60000006e-010    -0.098125
-4.40000006e-010   -0.1143516
-4.20000006e-010   -0.1290781
-4.00000005e-010   -0.1407734
-3.80000005e-010   -0.1489219
-3.60000005e-010   -0.1538672
-3.40000005e-010   -0.1559922
-3.20000004e-010   -0.1560313
-3.00000004e-010   -0.1541172
-2.80000004e-010   -0.1505547
-2.60000003e-010   -0.1466563
-2.40000003e-010   -0.1425781
-2.20000003e-010   -0.1385859
-2.00000003e-010   -0.1340156
-1.80000002e-010   -0.1279453
-1.60000002e-010     -0.12025
-1.40000002e-010    -0.110625
-1.20000002e-010  -0.09935938
-1.00000001e-010    -0.086625
-8.00000011e-011   -0.0724375
-6.00000008e-011  -0.05720313
-4.00000005e-011  -0.04173438
-2.00000003e-011  -0.02692188
           0  -0.01390625
2.00000003e-011 -0.003109375
4.00000005e-011  0.005367188
6.00000008e-011   0.01120313
8.00000011e-011   0.01475781
1.00000001e-010   0.01607031
1.20000002e-010   0.01595313
1.40000002e-010   0.01521094
1.60000002e-010   0.01410156
1.80000002e-010   0.01299219
2.00000003e-010   0.01214063
2.20000003e-010    0.0121875
2.40000003e-010   0.01338281
2.60000003e-010   0.01539063
2.80000004e-010      0.01775
3.00000004e-010   0.01989063
3.20000004e-010   0.02151563
3.40000005e-010   0.02260156
3.60000005e-010     0.023125
3.80000005e-010   0.02301563
4.00000005e-010   0.02233594
4.20000006e-010     0.021125
4.40000006e-010   0.01973438
4.60000006e-010   0.01834375
4.80000006e-010   0.01725781
5.00000007e-010   0.01632031
5.20000007e-010   0.01565625
5.40000007e-010    0.0151875
5.60000007e-010   0.01499219
5.80000008e-010        0.015
6.00000008e-010   0.01504688
6.20000008e-010   0.01515625
6.40000009e-010      0.01525
6.60000009e-010   0.01539063
6.80000009e-010       0.0155
7.00000009e-010   0.01548438
7.2000001e-010   0.01525781
7.4000001e-010    0.0148125
7.6000001e-010   0.01434375
7.8000001e-010   0.01400781
8.00000011e-010   0.01392188
8.20000011e-010   0.01409375
8.40000011e-010   0.01435938
8.60000011e-010   0.01460156
8.80000012e-010   0.01480469
9.00000012e-010   0.01511719
9.20000012e-010     0.015625
9.40000013e-010   0.01621094
9.60000013e-010   0.01667969
9.80000013e-010   0.01689063
1.00000001e-009   0.01686719
1.02000001e-009   0.01689063
1.04000001e-009   0.01711719
1.06000001e-009   0.01752344
1.08000001e-009   0.01799219
1.10000001e-009   0.01839063
1.12000001e-009     0.018625
1.14000002e-009   0.01867969
1.16000002e-009   0.01875781
1.18000002e-009   0.01905469
1.20000002e-009     0.019625
1.22000002e-009   0.02030469
1.24000002e-009   0.02073438
1.26000002e-009   0.02082031
1.28000002e-009   0.02072656
1.30000002e-009   0.02064844
1.32000002e-009   0.02055469
1.34000002e-009   0.02038281
1.36000002e-009   0.02005469
1.38000002e-009   0.01984375
1.40000002e-009   0.01998438
1.42000002e-009   0.02032031
1.44000002e-009    0.0205625
1.46000002e-009   0.02047656
1.48000002e-009   0.02021875
1.50000002e-009   0.01996094
1.52000002e-009   0.01973438
1.54000002e-009   0.01933594
1.56000002e-009   0.01874219
1.58000002e-009   0.01809375
1.60000002e-009   0.01765625
1.62000002e-009   0.01739063
1.64000002e-009     0.017125
1.66000002e-009     0.016875
1.68000002e-009   0.01667188
1.70000002e-009   0.01653906
1.72000002e-009   0.01639844
1.74000002e-009   0.01621094
1.76000002e-009   0.01604688
1.78000002e-009   0.01603125
1.80000002e-009   0.01609375
1.82000002e-009    0.0161875
1.84000002e-009   0.01611719
1.86000002e-009   0.01609375
1.88000003e-009   0.01613281
1.90000003e-009   0.01623438
1.92000003e-009   0.01610156
1.94000003e-009   0.01585938
1.96000003e-009   0.01557813
1.98000003e-009   0.01553125
2.00000003e-009     0.015625
2.02000003e-009      0.01575
2.04000003e-009   0.01585156
2.06000003e-009   0.01601563
2.08000003e-009   0.01614844
2.10000003e-009   0.01620313
2.12000003e-009   0.01611719
2.14000003e-009   0.01596094
2.16000003e-009   0.01589844
2.18000003e-009   0.01582813
2.20000003e-009   0.01559375
2.22000003e-009   0.01522656
2.24000003e-009   0.01495313
2.26000003e-009   0.01508594
2.28000003e-009   0.01553125
2.30000003e-009   0.01582813
2.32000003e-009   0.01567188
2.34000003e-009   0.01527344
2.36000003e-009   0.01494531
2.38000003e-009   0.01490625
2.40000003e-009   0.01502344
2.42000003e-009   0.01498438
2.44000003e-009   0.01464063
2.46000003e-009   0.01425781
2.48000003e-009    0.0139375
2.50000003e-009   0.01378125
2.52000003e-009   0.01376563
2.54000003e-009   0.01386719
2.56000003e-009        0.014
2.58000003e-009   0.01414844
2.60000003e-009   0.01421094
2.62000003e-009     0.014125
2.64000004e-009   0.01386719
2.66000004e-009    0.0136875
2.68000004e-009    0.0135625
2.70000004e-009   0.01351563
2.72000004e-009   0.01333594
2.74000004e-009   0.01292188
2.76000004e-009   0.01255469
2.78000004e-009   0.01239844
2.80000004e-009   0.01257813
2.82000004e-009   0.01280469
2.84000004e-009   0.01282813
2.86000004e-009   0.01253125
2.88000004e-009   0.01217188
2.90000004e-009   0.01196875
2.92000004e-009   0.01205469
2.94000004e-009   0.01225781
2.96000004e-009   0.01238281
2.98000004e-009   0.01233594
3.00000004e-009   0.01223438
3.02000004e-009   0.01221094
3.04000004e-009   0.01238281
3.06000004e-009   0.01261719
3.08000004e-009   0.01267188
3.10000004e-009   0.01239844
3.12000004e-009   0.01204688
3.14000004e-009   0.01171094
3.16000004e-009   0.01166406
3.18000004e-009   0.01169531
3.20000004e-009   0.01152344
3.22000004e-009   0.01122656
3.24000004e-009   0.01095313
3.26000004e-009    0.0109375
3.28000004e-009   0.01109375
3.30000004e-009   0.01121875
3.32000004e-009   0.01125781
3.34000004e-009   0.01115625
3.36000004e-009   0.01107813
3.38000005e-009    0.0110625
3.40000005e-009   0.01098438
3.42000005e-009      0.01075
3.44000005e-009   0.01035938
3.46000005e-009  0.009984376
3.48000005e-009  0.009781251
3.50000005e-009  0.009726563
3.52000005e-009  0.009703126
3.54000005e-009  0.009578126
3.56000005e-009  0.009328126
3.58000005e-009  0.009156251
3.60000005e-009  0.009093751
3.62000005e-009  0.009218751
3.64000005e-009  0.009390626
3.66000005e-009  0.009585938
3.68000005e-009  0.009539063
3.70000005e-009  0.009304688
3.72000005e-009  0.008890626
3.74000005e-009  0.008562501
3.76000005e-009  0.008484376
3.78000005e-009  0.008492188
3.80000005e-009  0.008406251
3.82000005e-009  0.008343751
3.84000005e-009  0.008390626
3.86000005e-009  0.008539063
3.88000005e-009  0.008789063
3.90000005e-009  0.008851563
3.92000005e-009  0.008734376
3.94000005e-009  0.008703126
3.96000005e-009  0.008765626
3.98000005e-009  0.008937501
4.00000005e-009  0.009007813
4.02000005e-009  0.008929688
4.04000005e-009  0.008726563
4.06000005e-009  0.008562501
4.08000005e-009  0.008421876
4.10000005e-009  0.008296876
4.12000006e-009  0.008304688
4.14000006e-009  0.008367188
4.16000006e-009  0.008359376
4.18000006e-009  0.008296876
4.20000006e-009  0.008195313
4.22000006e-009  0.008179688
4.24000006e-009  0.008234376
4.26000006e-009  0.008296876
4.28000006e-009  0.008242188
4.30000006e-009  0.007960938
4.32000006e-009  0.007585938
4.34000006e-009  0.007195313
4.36000006e-009  0.006960938
4.38000006e-009  0.006875001
4.40000006e-009  0.007023438
4.42000006e-009  0.007312501
4.44000006e-009  0.007585938
4.46000006e-009  0.007656251
4.48000006e-009  0.007609376
4.50000006e-009  0.007531251
4.52000006e-009  0.007632813
4.54000006e-009  0.007765626
4.56000006e-009  0.007734376
4.58000006e-009  0.007460938
4.60000006e-009  0.007117188
4.62000006e-009  0.006992188
4.64000006e-009  0.007195313
4.66000006e-009  0.007726563
4.68000006e-009  0.008187501
4.70000006e-009  0.008242188
4.72000006e-009  0.008054688
4.74000006e-009  0.007875001
4.76000006e-009  0.007937501
4.78000006e-009  0.008070313
4.80000006e-009  0.008132813
4.82000006e-009  0.007890626
4.84000006e-009  0.007750001
4.86000006e-009  0.007984376
4.88000007e-009  0.008429688
4.90000007e-009  0.008734376
4.92000007e-009  0.008617188
4.94000007e-009  0.008328126
4.96000007e-009  0.008312501
4.98000007e-009  0.008656251
5.00000007e-009  0.009140626
