-2.49000003e-009  -0.01765625
-2.48000003e-009       -0.005
-2.47000003e-009  -0.01654688
-2.46000003e-009   -0.0043125
-2.45000003e-009       -0.015
-2.44000003e-009       -0.003
-2.43000003e-009  -0.01442188
-2.42000003e-009 -0.004710937
-2.41000003e-009  -0.01467969
-2.40000003e-009 -0.004273437
-2.39000003e-009  -0.01503906
-2.38000003e-009 -0.004148437
-2.37000003e-009  -0.01476563
-2.36000003e-009       -0.003
-2.35000003e-009       -0.015
-2.34000003e-009 -0.004773437
-2.33000003e-009  -0.01446875
-2.32000003e-009       -0.004
-2.31000003e-009  -0.01385938
-2.30000003e-009       -0.005
-2.29000003e-009  -0.01585156
-2.28000003e-009   -0.0049375
-2.27000003e-009  -0.01582031
-2.26000003e-009 -0.003890625
-2.25000003e-009  -0.01448438
-2.24000003e-009 -0.002664062
-2.23000003e-009    -0.013375
-2.22000003e-009 -0.002421875
-2.21000003e-009       -0.013
-2.20000003e-009  -0.00228125
-2.19000003e-009  -0.01332031
-2.18000003e-009 -0.004109375
-2.17000003e-009  -0.01372656
-2.16000003e-009 -0.002328125
-2.15000003e-009  -0.01414063
-2.14000003e-009 -0.0008046872
-2.13000003e-009  -0.01400781
-2.12000003e-009   -0.0031875
-2.11000003e-009  -0.01350781
-2.10000003e-009 -0.003390625
-2.09000003e-009       -0.013
-2.08000003e-009       -0.003
-2.07000003e-009     -0.01325
-2.06000003e-009       -0.003
-2.05000003e-009       -0.013
-2.04000003e-009 -0.003164062
-2.03000003e-009       -0.011
-2.02000003e-009 -0.002984375
-2.01000003e-009  -0.01225781
-2.00000003e-009 -0.002671875
-1.99000003e-009  -0.01310938
-1.98000003e-009       -0.003
-1.97000003e-009  -0.01257031
-1.96000003e-009 -0.002554687
-1.95000003e-009       -0.011
-1.94000003e-009 -0.0009999997
-1.93000003e-009       -0.011
-1.92000003e-009  -0.00209375
-1.91000003e-009  -0.01121875
-1.90000003e-009 -0.001515625
-1.89000003e-009       -0.011
-1.88000003e-009 -0.0009999997
-1.87000002e-009 -0.009796875
-1.86000002e-009 -0.0002734372
-1.85000002e-009       -0.011
-1.84000002e-009 -0.0003593747
-1.83000002e-009  -0.01074219
-1.82000002e-009        0.001
-1.81000002e-009  -0.01016406
-1.80000002e-009 0.0006875004
-1.79000002e-009       -0.011
-1.78000002e-009 -0.0005703122
-1.77000002e-009  -0.00959375
-1.76000002e-009 -0.0009999997
-1.75000002e-009   -0.0089375
-1.74000002e-009 -0.0009999997
-1.73000002e-009       -0.009
-1.72000002e-009 -0.0004140622
-1.71000002e-009   -0.0093125
-1.70000002e-009 -0.0004296872
-1.69000002e-009       -0.009
-1.68000002e-009 -0.0001953122
-1.67000002e-009 -0.008414063
-1.66000002e-009 -7.812151e-006
-1.65000002e-009 -0.009640625
-1.64000002e-009 0.0005078129
-1.63000002e-009  -0.01153906
-1.62000002e-009   0.00134375
-1.61000002e-009  -0.01030469
-1.60000002e-009        0.001
-1.59000002e-009 -0.008914063
-1.58000002e-009 0.0004140629
-1.57000002e-009 -0.008539063
-1.56000002e-009        0.001
-1.55000002e-009 -0.008945313
-1.54000002e-009  0.001414063
-1.53000002e-009 -0.008921875
-1.52000002e-009        0.001
-1.51000002e-009 -0.007359375
-1.50000002e-009 0.0002109379
-1.49000002e-009 -0.007609375
-1.48000002e-009  0.001578125
-1.47000002e-009 -0.007328125
-1.46000002e-009  0.002773438
-1.45000002e-009 -0.007554688
-1.44000002e-009   0.00215625
-1.43000002e-009 -0.008023438
-1.42000002e-009 0.0002187504
-1.41000002e-009 -0.007140625
-1.40000002e-009  0.001414063
-1.39000002e-009 -0.007585938
-1.38000002e-009  0.001179688
-1.37000002e-009 -0.007304687
-1.36000002e-009        0.001
-1.35000002e-009 -0.007710938
-1.34000002e-009        0.003
-1.33000002e-009 -0.007992188
-1.32000002e-009  0.001742188
-1.31000002e-009 -0.007007812
-1.30000002e-009  0.002078125
-1.29000002e-009 -0.007367188
-1.28000002e-009   0.00253125
-1.27000002e-009 -0.006835937
-1.26000002e-009  0.002273438
-1.25000002e-009 -0.008140625
-1.24000002e-009        0.003
-1.23000002e-009 -0.008789063
-1.22000002e-009   0.00171875
-1.21000002e-009 -0.007867188
-1.20000002e-009        0.003
-1.19000002e-009  -0.00934375
-1.18000002e-009        0.003
-1.17000002e-009 -0.007890625
-1.16000002e-009  0.001648438
-1.15000002e-009 -0.007640625
-1.14000002e-009  0.001757813
-1.13000002e-009 -0.006710937
-1.12000001e-009        0.003
-1.11000001e-009       -0.007
-1.10000001e-009  0.002914063
-1.09000001e-009 -0.007328125
-1.08000001e-009  0.001734375
-1.07000001e-009       -0.007
-1.06000001e-009        0.001
-1.05000001e-009    -0.008125
-1.04000001e-009  0.001398438
-1.03000001e-009  -0.00790625
-1.02000001e-009  0.002023438
-1.01000001e-009  -0.00734375
-1.00000001e-009  0.003312501
-9.90000013e-010       -0.007
-9.80000013e-010  0.002507813
-9.70000013e-010 -0.006945312
-9.60000013e-010  0.002109375
-9.50000013e-010 -0.006679687
-9.40000013e-010  0.003289063
-9.30000012e-010 -0.008039063
-9.20000012e-010  0.002101563
-9.10000012e-010 -0.008726563
-9.00000012e-010  0.003179688
-8.90000012e-010 -0.008703125
-8.80000012e-010        0.003
-8.70000012e-010    -0.009375
-8.60000011e-010     0.002375
-8.50000011e-010 -0.009039063
-8.40000011e-010        0.003
-8.30000011e-010       -0.009
-8.20000011e-010 0.0005703129
-8.10000011e-010 -0.009570313
-8.00000011e-010 -0.0001562497
-7.90000011e-010       -0.009
-7.8000001e-010        0.001
-7.7000001e-010 -0.009429688
-7.6000001e-010 -0.0009999997
-7.5000001e-010       -0.009
-7.4000001e-010 -0.001539062
-7.3000001e-010 -0.009953125
-7.2000001e-010   -0.0011875
-7.10000009e-010  -0.01191406
-7.00000009e-010 -0.0009999997
-6.90000009e-010    -0.014125
-6.80000009e-010 -0.003820312
-6.70000009e-010  -0.01557813
-6.60000009e-010       -0.007
-6.50000009e-010  -0.01948438
-6.40000009e-010  -0.01082813
-6.30000008e-010  -0.02336719
-6.20000008e-010  -0.01607031
-6.10000008e-010  -0.03103906
-6.00000008e-010       -0.023
-5.90000008e-010  -0.03999219
-5.80000008e-010  -0.03311719
-5.70000008e-010  -0.05445313
-5.60000007e-010  -0.04561719
-5.50000007e-010  -0.06824219
-5.40000007e-010  -0.05988281
-5.30000007e-010  -0.08324219
-5.20000007e-010  -0.07583594
-5.10000007e-010   -0.1013984
-5.00000007e-010  -0.09247657
-4.90000007e-010   -0.1193281
-4.80000006e-010   -0.1082344
-4.70000006e-010   -0.1342266
-4.60000006e-010       -0.121
-4.50000006e-010       -0.147
-4.40000006e-010   -0.1342344
-4.30000006e-010   -0.1551094
-4.20000006e-010   -0.1438203
-4.10000005e-010   -0.1607656
-4.00000005e-010       -0.149
-3.90000005e-010       -0.165
-3.80000005e-010   -0.1514375
-3.70000005e-010   -0.1644531
-3.60000005e-010   -0.1514766
-3.50000005e-010   -0.1633203
-3.40000005e-010   -0.1471406
-3.30000004e-010   -0.1579688
-3.20000004e-010    -0.144875
-3.10000004e-010       -0.155
-3.00000004e-010   -0.1407891
-2.90000004e-010       -0.153
-2.80000004e-010   -0.1373594
-2.70000004e-010       -0.147
-2.60000003e-010   -0.1315859
-2.50000003e-010   -0.1434297
-2.40000003e-010   -0.1258984
-2.30000003e-010   -0.1377109
-2.20000003e-010   -0.1211406
-2.10000003e-010    -0.131875
-2.00000003e-010   -0.1140469
-1.90000003e-010       -0.127
-1.80000002e-010   -0.1032109
-1.70000002e-010   -0.1152891
-1.60000002e-010    -0.091125
-1.50000002e-010   -0.1023828
-1.40000002e-010  -0.07872657
-1.30000002e-010  -0.09065625
-1.20000002e-010  -0.06345313
-1.10000001e-010       -0.075
-1.00000001e-010  -0.04833594
-9.00000012e-011  -0.05669531
-8.00000011e-011  -0.03271094
-7.00000009e-011       -0.041
-6.00000008e-011  -0.01696875
-5.00000007e-011  -0.02725781
-4.00000005e-011 -0.005609375
-3.00000004e-011  -0.01355469
-2.00000003e-011  0.005695313
-1.00000001e-011       -0.003
           0        0.015
1.00000001e-011   0.00134375
2.00000003e-011   0.01678125
3.00000004e-011  0.007304688
4.00000005e-011   0.02026563
5.00000007e-011        0.011
6.00000008e-011        0.021
7.00000009e-011   0.01285938
8.00000011e-011        0.023
9.00000012e-011    0.0115625
1.00000001e-010   0.02034375
1.10000001e-010  0.009562501
1.20000002e-010        0.019
1.30000002e-010  0.009492188
1.40000002e-010        0.017
1.50000002e-010  0.007429688
1.60000002e-010        0.017
1.70000002e-010  0.007039063
1.80000002e-010   0.01735156
1.90000003e-010  0.007546876
2.00000003e-010        0.021
2.10000003e-010  0.007000001
2.20000003e-010   0.02107031
2.30000003e-010   0.01042188
2.40000003e-010        0.023
2.50000003e-010        0.013
2.60000003e-010   0.02645313
2.70000004e-010        0.015
2.80000004e-010   0.02745313
2.90000004e-010        0.015
3.00000004e-010        0.031
3.10000004e-010        0.017
3.20000004e-010   0.03064844
3.30000004e-010     0.018125
3.40000005e-010   0.02935938
3.50000005e-010   0.01892969
3.60000005e-010   0.02745313
3.70000005e-010        0.017
3.80000005e-010   0.02735938
3.90000005e-010        0.015
4.00000005e-010   0.02555469
4.10000005e-010   0.01308594
4.20000006e-010        0.023
4.30000006e-010   0.01378125
4.40000006e-010   0.02178125
4.50000006e-010        0.011
4.60000006e-010   0.02153906
4.70000006e-010   0.01035156
4.80000006e-010   0.02303906
4.90000007e-010        0.011
5.00000007e-010   0.01989844
5.10000007e-010        0.011
5.20000007e-010        0.021
5.30000007e-010  0.009515626
5.40000007e-010   0.02105469
5.50000007e-010  0.009742188
5.60000007e-010   0.01995313
5.70000008e-010      0.01025
5.80000008e-010   0.02072656
5.90000008e-010   0.01072656
6.00000008e-010   0.02242188
6.10000008e-010   0.01135938
6.20000008e-010   0.02198438
6.30000008e-010   0.01196875
6.40000009e-010        0.021
6.50000009e-010   0.01185938
6.60000009e-010   0.02128906
6.70000009e-010  0.009546876
6.80000009e-010   0.02075781
6.90000009e-010  0.009156251
7.00000009e-010   0.02151563
7.10000009e-010  0.009000001
7.2000001e-010   0.02089844
7.3000001e-010  0.009062501
7.4000001e-010        0.019
7.5000001e-010  0.009500001
7.6000001e-010   0.01936719
7.7000001e-010  0.009000001
7.8000001e-010   0.01964063
7.90000011e-010  0.009078126
8.00000011e-010   0.02016406
8.10000011e-010  0.009000001
8.20000011e-010   0.01989063
8.30000011e-010  0.009648438
8.40000011e-010   0.01886719
8.50000011e-010   0.01047656
8.60000011e-010        0.019
8.70000012e-010  0.009000001
8.80000012e-010        0.019
8.90000012e-010  0.009281251
9.00000012e-010   0.02060938
9.10000012e-010  0.009398438
9.20000012e-010        0.021
9.30000012e-010   0.01085156
9.40000013e-010        0.021
9.50000013e-010   0.01264844
9.60000013e-010    0.0231875
9.70000013e-010   0.01298438
9.80000013e-010   0.02346094
9.90000013e-010        0.013
1.00000001e-009   0.02325781
1.01000001e-009   0.01494531
1.02000001e-009        0.023
1.03000001e-009   0.01434375
1.04000001e-009        0.023
1.05000001e-009   0.01278125
1.06000001e-009   0.02429688
1.07000001e-009        0.013
1.08000001e-009   0.02339063
1.09000001e-009   0.01338281
1.10000001e-009   0.02325781
1.11000001e-009   0.01403906
1.12000001e-009   0.02257031
1.13000002e-009   0.01409375
1.14000002e-009   0.02283594
1.15000002e-009   0.01438281
1.16000002e-009        0.025
1.17000002e-009        0.013
1.18000002e-009   0.02451563
1.19000002e-009        0.015
1.20000002e-009   0.02524219
1.21000002e-009   0.01464844
1.22000002e-009        0.025
1.23000002e-009   0.01449219
1.24000002e-009     0.024875
1.25000002e-009   0.01470313
1.26000002e-009   0.02519531
1.27000002e-009   0.01548438
1.28000002e-009    0.0251875
1.29000002e-009   0.01605469
1.30000002e-009   0.02573438
1.31000002e-009        0.017
1.32000002e-009     0.025875
1.33000002e-009   0.01558594
1.34000002e-009   0.02561719
1.35000002e-009        0.015
1.36000002e-009   0.02714844
1.37000002e-009   0.01514063
1.38000002e-009   0.02607031
1.39000002e-009   0.01484375
1.40000002e-009   0.02530469
1.41000002e-009        0.015
1.42000002e-009   0.02491406
1.43000002e-009        0.015
1.44000002e-009   0.02414063
1.45000002e-009   0.01483594
1.46000002e-009   0.02554688
1.47000002e-009      0.01425
1.48000002e-009   0.02536719
1.49000002e-009        0.015
1.50000002e-009   0.02378125
1.51000002e-009       0.0145
1.52000002e-009   0.02340625
1.53000002e-009        0.013
1.54000002e-009        0.023
1.55000002e-009   0.01317188
1.56000002e-009        0.023
1.57000002e-009   0.01342188
1.58000002e-009        0.023
1.59000002e-009   0.01203125
1.60000002e-009   0.02232031
1.61000002e-009   0.01210938
1.62000002e-009   0.02278906
1.63000002e-009    0.0121875
1.64000002e-009   0.02388281
1.65000002e-009   0.01270313
1.66000002e-009   0.02119531
1.67000002e-009   0.01110156
1.68000002e-009   0.02114844
1.69000002e-009   0.01082031
1.70000002e-009    0.0211875
1.71000002e-009   0.01078125
1.72000002e-009        0.021
1.73000002e-009   0.01185156
1.74000002e-009   0.02101563
1.75000002e-009   0.01071875
1.76000002e-009   0.02060156
1.77000002e-009   0.01176563
1.78000002e-009   0.02124219
1.79000002e-009        0.011
1.80000002e-009        0.021
1.81000002e-009        0.011
1.82000002e-009        0.021
1.83000002e-009   0.01110938
1.84000002e-009   0.02111719
1.85000002e-009   0.01235156
1.86000002e-009   0.02117188
1.87000002e-009   0.01079688
1.88000003e-009   0.02142188
1.89000003e-009   0.01098438
1.90000003e-009        0.023
1.91000003e-009        0.011
1.92000003e-009    0.0216875
1.93000003e-009   0.01074219
1.94000003e-009        0.021
1.95000003e-009   0.01198438
1.96000003e-009     0.019875
1.97000003e-009   0.01115625
1.98000003e-009   0.02203125
1.99000003e-009        0.011
2.00000003e-009   0.02278125
2.01000003e-009  0.008992188
2.02000003e-009       0.0215
2.03000003e-009  0.009734376
2.04000003e-009        0.021
2.05000003e-009        0.011
2.06000003e-009        0.021
2.07000003e-009   0.01077344
2.08000003e-009        0.023
2.09000003e-009        0.011
2.10000003e-009   0.02263281
2.11000003e-009   0.01120313
2.12000003e-009   0.02115625
2.13000003e-009   0.01057813
2.14000003e-009   0.02055469
2.15000003e-009   0.01086719
2.16000003e-009        0.021
2.17000003e-009   0.01164844
2.18000003e-009   0.01979688
2.19000003e-009   0.01153906
2.20000003e-009   0.02038281
2.21000003e-009   0.01100781
2.22000003e-009   0.02171094
2.23000003e-009        0.011
2.24000003e-009        0.021
2.25000003e-009   0.01085156
2.26000003e-009   0.02042969
2.27000003e-009        0.011
2.28000003e-009   0.01985156
2.29000003e-009   0.01099219
2.30000003e-009   0.02032031
2.31000003e-009        0.011
2.32000003e-009        0.021
2.33000003e-009   0.01067969
2.34000003e-009   0.02126563
2.35000003e-009    0.0105625
2.36000003e-009   0.02110938
2.37000003e-009       0.0105
2.38000003e-009   0.01994531
2.39000003e-009  0.009015626
2.40000003e-009   0.01942969
2.41000003e-009  0.008132813
2.42000003e-009    0.0194375
2.43000003e-009  0.009039063
2.44000003e-009   0.01954688
2.45000003e-009  0.008398438
2.46000003e-009   0.01910156
2.47000003e-009  0.008437501
2.48000003e-009        0.019
2.49000003e-009  0.007335938
2.50000003e-009        0.019
