-1.24500002e-009    -0.002875
-1.24000002e-009   -0.0028125
-1.23500002e-009 -0.002804687
-1.23000002e-009  -0.00278125
-1.22500002e-009 -0.002742187
-1.22000002e-009  -0.00271875
-1.21500002e-009   -0.0026875
-1.21000002e-009 -0.002648437
-1.20500002e-009 -0.002664062
-1.20000002e-009  -0.00265625
-1.19500002e-009 -0.002664062
-1.19000002e-009 -0.002679687
-1.18500002e-009 -0.002734375
-1.18000002e-009 -0.002765625
-1.17500002e-009 -0.002789062
-1.17000002e-009 -0.002835937
-1.16500002e-009 -0.002898437
-1.16000002e-009 -0.002882812
-1.15500002e-009 -0.002929687
-1.15000002e-009   -0.0029375
-1.14500002e-009 -0.002914062
-1.14000002e-009 -0.002898437
-1.13500002e-009 -0.002882812
-1.13000002e-009 -0.002828125
-1.12500002e-009 -0.002820312
-1.12000001e-009 -0.002804687
-1.11500001e-009 -0.002734375
-1.11000001e-009 -0.002734375
-1.10500001e-009 -0.002710937
-1.10000001e-009 -0.002695312
-1.09500001e-009 -0.002710937
-1.09000001e-009 -0.002695312
-1.08500001e-009 -0.002710937
-1.08000001e-009 -0.002734375
-1.07500001e-009     -0.00275
-1.07000001e-009 -0.002804687
-1.06500001e-009 -0.002828125
-1.06000001e-009 -0.002820312
-1.05500001e-009 -0.002851562
-1.05000001e-009 -0.002828125
-1.04500001e-009 -0.002851562
-1.04000001e-009 -0.002828125
-1.03500001e-009   -0.0028125
-1.03000001e-009 -0.002773437
-1.02500001e-009 -0.002765625
-1.02000001e-009 -0.002726562
-1.01500001e-009   -0.0026875
-1.01000001e-009 -0.002695312
-1.00500001e-009 -0.002710937
-1.00000001e-009  -0.00271875
-9.95000013e-010 -0.002703125
-9.90000013e-010     -0.00275
-9.85000013e-010 -0.002765625
-9.80000013e-010 -0.002820312
-9.75000013e-010 -0.002835937
-9.70000013e-010 -0.002890625
-9.65000013e-010 -0.002929687
-9.60000013e-010 -0.002984375
-9.55000013e-010 -0.003015625
-9.50000013e-010 -0.003054687
-9.45000013e-010 -0.003070312
-9.40000013e-010 -0.003101562
-9.35000012e-010 -0.003140625
-9.30000012e-010  -0.00315625
-9.25000012e-010 -0.003179687
-9.20000012e-010 -0.003179687
-9.15000012e-010 -0.003210937
-9.10000012e-010  -0.00321875
-9.05000012e-010 -0.003265625
-9.00000012e-010 -0.003296875
-8.95000012e-010 -0.003304687
-8.90000012e-010 -0.003359375
-8.85000012e-010 -0.003390625
-8.80000012e-010   -0.0034375
-8.75000012e-010 -0.003460937
-8.70000012e-010 -0.003507812
-8.65000012e-010 -0.003515625
-8.60000011e-010 -0.003539062
-8.55000011e-010 -0.003570312
-8.50000011e-010 -0.003609375
-8.45000011e-010 -0.003640625
-8.40000011e-010 -0.003648437
-8.35000011e-010 -0.003710937
-8.30000011e-010  -0.00371875
-8.25000011e-010 -0.003734375
-8.20000011e-010 -0.003765625
-8.15000011e-010 -0.003796875
-8.10000011e-010  -0.00384375
-8.05000011e-010 -0.003890625
-8.00000011e-010 -0.003929687
-7.95000011e-010 -0.003976562
-7.90000011e-010 -0.004070312
-7.8500001e-010 -0.004148437
-7.8000001e-010  -0.00421875
-7.7500001e-010   -0.0043125
-7.7000001e-010 -0.004398437
-7.6500001e-010 -0.004492187
-7.6000001e-010 -0.004554687
-7.5500001e-010  -0.00465625
-7.5000001e-010 -0.004757812
-7.4500001e-010 -0.004859375
-7.4000001e-010       -0.005
-7.3500001e-010   -0.0051875
-7.3000001e-010 -0.005359375
-7.2500001e-010 -0.005539062
-7.2000001e-010 -0.005734375
-7.1500001e-010    -0.005875
-7.10000009e-010    -0.006125
-7.05000009e-010 -0.006335937
-7.00000009e-010 -0.006609375
-6.95000009e-010 -0.006890625
-6.90000009e-010 -0.007226562
-6.85000009e-010  -0.00759375
-6.80000009e-010 -0.007992188
-6.75000009e-010 -0.008414063
-6.70000009e-010 -0.008835938
-6.65000009e-010 -0.009304688
-6.60000009e-010 -0.009789063
-6.55000009e-010  -0.01036719
-6.50000009e-010       -0.011
-6.45000009e-010   -0.0116875
-6.40000009e-010  -0.01251563
-6.35000008e-010  -0.01339844
-6.30000008e-010  -0.01435156
-6.25000008e-010  -0.01538281
-6.20000008e-010  -0.01654688
-6.15000008e-010  -0.01777344
-6.10000008e-010  -0.01914063
-6.05000008e-010  -0.02065625
-6.00000008e-010  -0.02229688
-5.95000008e-010  -0.02403906
-5.90000008e-010  -0.02598438
-5.85000008e-010  -0.02803125
-5.80000008e-010  -0.03024219
-5.75000008e-010  -0.03257031
-5.70000008e-010  -0.03503125
-5.65000008e-010  -0.03764844
-5.60000007e-010  -0.04039844
-5.55000007e-010  -0.04326563
-5.50000007e-010  -0.04628906
-5.45000007e-010   -0.0494375
-5.40000007e-010     -0.05275
-5.35000007e-010  -0.05617969
-5.30000007e-010  -0.05973438
-5.25000007e-010  -0.06344532
-5.20000007e-010  -0.06720313
-5.15000007e-010  -0.07107813
-5.10000007e-010  -0.07507032
-5.05000007e-010  -0.07909375
-5.00000007e-010  -0.08321875
-4.95000007e-010  -0.08739063
-4.90000007e-010  -0.09153907
-4.85000006e-010  -0.09571875
-4.80000006e-010  -0.09986719
-4.75000006e-010   -0.1039922
-4.70000006e-010   -0.1080859
-4.65000006e-010   -0.1120859
-4.60000006e-010   -0.1159766
-4.55000006e-010   -0.1196953
-4.50000006e-010   -0.1233047
-4.45000006e-010   -0.1267344
-4.40000006e-010        -0.13
-4.35000006e-010   -0.1330625
-4.30000006e-010   -0.1359531
-4.25000006e-010   -0.1386875
-4.20000006e-010   -0.1412422
-4.15000006e-010   -0.1436016
-4.10000005e-010   -0.1457734
-4.05000005e-010   -0.1476719
-4.00000005e-010   -0.1494141
-3.95000005e-010   -0.1509453
-3.90000005e-010     -0.15225
-3.85000005e-010   -0.1533828
-3.80000005e-010   -0.1543516
-3.75000005e-010   -0.1551719
-3.70000005e-010   -0.1558281
-3.65000005e-010   -0.1562969
-3.60000005e-010   -0.1566563
-3.55000005e-010   -0.1567891
-3.50000005e-010   -0.1567734
-3.45000005e-010   -0.1566328
-3.40000005e-010   -0.1563359
-3.35000004e-010   -0.1558906
-3.30000004e-010   -0.1553438
-3.25000004e-010   -0.1547188
-3.20000004e-010   -0.1540156
-3.15000004e-010   -0.1532578
-3.10000004e-010   -0.1524375
-3.05000004e-010   -0.1515078
-3.00000004e-010   -0.1505156
-2.95000004e-010   -0.1495313
-2.90000004e-010   -0.1484453
-2.85000004e-010   -0.1473359
-2.80000004e-010   -0.1462578
-2.75000004e-010   -0.1452031
-2.70000004e-010   -0.1441563
-2.65000004e-010   -0.1431328
-2.60000003e-010   -0.1421094
-2.55000003e-010   -0.1410781
-2.50000003e-010   -0.1400078
-2.45000003e-010   -0.1389609
-2.40000003e-010   -0.1378281
-2.35000003e-010   -0.1366719
-2.30000003e-010   -0.1354688
-2.25000003e-010   -0.1342344
-2.20000003e-010   -0.1329844
-2.15000003e-010   -0.1316484
-2.10000003e-010   -0.1302109
-2.05000003e-010   -0.1286641
-2.00000003e-010   -0.1269844
-1.95000003e-010   -0.1252266
-1.90000003e-010   -0.1233047
-1.85000002e-010   -0.1212344
-1.80000002e-010   -0.1190547
-1.75000002e-010   -0.1167891
-1.70000002e-010   -0.1143672
-1.65000002e-010   -0.1118438
-1.60000002e-010   -0.1092109
-1.55000002e-010   -0.1064609
-1.50000002e-010    -0.103625
-1.45000002e-010   -0.1006328
-1.40000002e-010  -0.09759375
-1.35000002e-010  -0.09444532
-1.30000002e-010  -0.09121094
-1.25000002e-010  -0.08788282
-1.20000002e-010      -0.0845
-1.15000002e-010  -0.08111719
-1.10000001e-010  -0.07763282
-1.05000001e-010  -0.07410157
-1.00000001e-010  -0.07052344
-9.50000013e-011  -0.06686719
-9.00000012e-011   -0.0631875
-8.50000011e-011  -0.05947656
-8.00000011e-011  -0.05572656
-7.5000001e-011  -0.05192188
-7.00000009e-011    -0.048125
-6.50000009e-011  -0.04428906
-6.00000008e-011  -0.04048438
-5.50000007e-011  -0.03670313
-5.00000007e-011  -0.03295313
-4.50000006e-011  -0.02930469
-4.00000005e-011   -0.0256875
-3.50000005e-011  -0.02221875
-3.00000004e-011  -0.01882813
-2.50000003e-011  -0.01553125
-2.00000003e-011  -0.01240625
-1.50000002e-011 -0.009445313
-1.00000001e-011 -0.006664062
-5.00000007e-012 -0.004070312
           0 -0.001664062
5.00000007e-012 0.0005546879
1.00000001e-011  0.002578125
1.50000002e-011  0.004421876
2.00000003e-011  0.006109376
2.50000003e-011  0.007632813
3.00000004e-011  0.009023438
3.50000005e-011   0.01027344
4.00000005e-011   0.01139063
4.50000006e-011   0.01239063
5.00000007e-011   0.01324219
5.50000007e-011   0.01402344
6.00000008e-011   0.01464844
6.50000009e-011   0.01519531
7.00000009e-011   0.01565625
7.5000001e-011   0.01601563
8.00000011e-011   0.01630469
8.50000011e-011   0.01649219
9.00000012e-011   0.01658594
9.50000013e-011   0.01659375
1.00000001e-010   0.01647656
1.05000001e-010   0.01630469
1.10000001e-010   0.01603906
1.15000002e-010   0.01574219
1.20000002e-010   0.01539063
1.25000002e-010   0.01504688
1.30000002e-010   0.01467188
1.35000002e-010    0.0143125
1.40000002e-010    0.0139375
1.45000002e-010   0.01360156
1.50000002e-010   0.01327344
1.55000002e-010   0.01304688
1.60000002e-010   0.01282031
1.65000002e-010   0.01264844
1.70000002e-010   0.01255469
1.75000002e-010   0.01252344
1.80000002e-010   0.01254688
1.85000002e-010   0.01264063
1.90000003e-010   0.01276563
1.95000003e-010   0.01296094
2.00000003e-010   0.01310938
2.05000003e-010   0.01334375
2.10000003e-010   0.01358594
2.15000003e-010   0.01389844
2.20000003e-010   0.01421094
2.25000003e-010   0.01453906
2.30000003e-010   0.01492969
2.35000003e-010   0.01533594
2.40000003e-010   0.01575781
2.45000003e-010   0.01623438
2.50000003e-010   0.01670313
2.55000003e-010   0.01724219
2.60000003e-010   0.01775781
2.65000004e-010   0.01832031
2.70000004e-010     0.018875
2.75000004e-010   0.01942969
2.80000004e-010   0.02004688
2.85000004e-010   0.02059375
2.90000004e-010     0.021125
2.95000004e-010   0.02164063
3.00000004e-010    0.0220625
3.05000004e-010    0.0224375
3.10000004e-010   0.02278125
3.15000004e-010   0.02307813
3.20000004e-010   0.02326563
3.25000004e-010   0.02341406
3.30000004e-010   0.02346875
3.35000004e-010   0.02347656
3.40000005e-010    0.0234375
3.45000005e-010   0.02334375
3.50000005e-010    0.0231875
3.55000005e-010   0.02303906
3.60000005e-010   0.02285156
3.65000005e-010     0.022625
3.70000005e-010   0.02239063
3.75000005e-010   0.02213281
3.80000005e-010   0.02191406
3.85000005e-010   0.02164844
3.90000005e-010     0.021375
3.95000005e-010    0.0210625
4.00000005e-010   0.02078125
4.05000005e-010   0.02046875
4.10000005e-010   0.02017969
4.15000006e-010   0.01984375
4.20000006e-010   0.01953125
4.25000006e-010   0.01921875
4.30000006e-010   0.01885938
4.35000006e-010   0.01855469
4.40000006e-010   0.01823438
4.45000006e-010    0.0179375
4.50000006e-010   0.01764063
4.55000006e-010   0.01735156
4.60000006e-010   0.01708594
4.65000006e-010   0.01685156
4.70000006e-010   0.01664844
4.75000006e-010   0.01642969
4.80000006e-010   0.01622656
4.85000006e-010   0.01607813
4.90000007e-010   0.01590625
4.95000007e-010   0.01575781
5.00000007e-010   0.01560938
5.05000007e-010   0.01542969
5.10000007e-010   0.01527344
5.15000007e-010   0.01515625
5.20000007e-010   0.01499219
5.25000007e-010   0.01485156
5.30000007e-010   0.01472656
5.35000007e-010   0.01463281
5.40000007e-010   0.01453125
5.45000007e-010   0.01446875
5.50000007e-010   0.01444531
5.55000007e-010   0.01441406
5.60000007e-010   0.01444531
5.65000008e-010   0.01451563
5.70000008e-010   0.01459375
5.75000008e-010   0.01467969
5.80000008e-010   0.01480469
5.85000008e-010   0.01491406
5.90000008e-010   0.01503906
5.95000008e-010    0.0151875
6.00000008e-010   0.01535156
6.05000008e-010   0.01544531
6.10000008e-010   0.01557813
6.15000008e-010   0.01566406
6.20000008e-010   0.01571875
6.25000008e-010   0.01577344
6.30000008e-010   0.01580469
6.35000008e-010    0.0158125
6.40000009e-010   0.01578125
6.45000009e-010   0.01573438
6.50000009e-010   0.01563281
6.55000009e-010   0.01557031
6.60000009e-010   0.01547656
6.65000009e-010   0.01534375
6.70000009e-010   0.01524219
6.75000009e-010   0.01515625
6.80000009e-010   0.01504688
6.85000009e-010   0.01492969
6.90000009e-010   0.01483594
6.95000009e-010   0.01478906
7.00000009e-010   0.01470313
7.05000009e-010   0.01464063
7.10000009e-010   0.01461719
7.1500001e-010    0.0145625
7.2000001e-010   0.01451563
7.2500001e-010   0.01449219
7.3000001e-010   0.01444531
7.3500001e-010   0.01439844
7.4000001e-010   0.01436719
7.4500001e-010   0.01432813
7.5000001e-010   0.01429688
7.5500001e-010   0.01423438
7.6000001e-010    0.0141875
7.6500001e-010     0.014125
7.7000001e-010   0.01408594
7.7500001e-010    0.0140625
7.8000001e-010   0.01403125
7.8500001e-010   0.01399219
7.90000011e-010        0.014
7.95000011e-010        0.014
8.00000011e-010        0.014
8.05000011e-010   0.01404688
8.10000011e-010   0.01407813
8.15000011e-010   0.01414844
8.20000011e-010   0.01421094
8.25000011e-010   0.01425781
8.30000011e-010   0.01436719
8.35000011e-010   0.01448438
8.40000011e-010   0.01458594
8.45000011e-010   0.01467188
8.50000011e-010   0.01478125
8.55000011e-010   0.01488281
8.60000011e-010   0.01501563
8.65000012e-010   0.01511719
8.70000012e-010      0.01525
8.75000012e-010   0.01539063
8.80000012e-010   0.01553125
8.85000012e-010   0.01565625
8.90000012e-010   0.01580469
8.95000012e-010   0.01591406
9.00000012e-010   0.01604688
9.05000012e-010    0.0161875
9.10000012e-010   0.01630469
9.15000012e-010   0.01642969
9.20000012e-010   0.01653906
9.25000012e-010   0.01664844
9.30000012e-010   0.01671875
9.35000012e-010   0.01684375
9.40000013e-010    0.0169375
9.45000013e-010   0.01699219
9.50000013e-010   0.01710156
9.55000013e-010   0.01716406
9.60000013e-010   0.01724219
9.65000013e-010    0.0173125
9.70000013e-010   0.01739063
9.75000013e-010   0.01747656
9.80000013e-010   0.01751563
9.85000013e-010   0.01760156
9.90000013e-010   0.01766406
9.95000013e-010   0.01774219
1.00000001e-009   0.01777344
1.00500001e-009   0.01780469
1.01000001e-009   0.01786719
1.01500001e-009   0.01788281
1.02000001e-009   0.01791406
1.02500001e-009     0.017875
1.03000001e-009   0.01794531
1.03500001e-009   0.01790625
1.04000001e-009   0.01790625
1.04500001e-009   0.01789063
1.05000001e-009   0.01790625
1.05500001e-009   0.01792188
1.06000001e-009   0.01797656
1.06500001e-009   0.01798438
1.07000001e-009   0.01800781
1.07500001e-009   0.01801563
1.08000001e-009    0.0180625
1.08500001e-009   0.01813281
1.09000001e-009   0.01817188
1.09500001e-009   0.01819531
1.10000001e-009   0.01823438
1.10500001e-009    0.0183125
1.11000001e-009   0.01832813
1.11500001e-009   0.01835156
1.12000001e-009   0.01835938
1.12500002e-009   0.01836719
1.13000002e-009   0.01839063
1.13500002e-009   0.01839844
1.14000002e-009   0.01841406
1.14500002e-009   0.01846094
1.15000002e-009   0.01848438
1.15500002e-009   0.01857031
1.16000002e-009     0.018625
1.16500002e-009   0.01876563
1.17000002e-009   0.01886719
1.17500002e-009   0.01897656
1.18000002e-009   0.01917969
1.18500002e-009   0.01935156
1.19000002e-009   0.01953125
1.19500002e-009   0.01970313
1.20000002e-009   0.01988281
1.20500002e-009    0.0200625
1.21000002e-009   0.02022656
1.21500002e-009   0.02032813
1.22000002e-009   0.02046875
1.22500002e-009   0.02051563
1.23000002e-009   0.02058594
1.23500002e-009   0.02058594
1.24000002e-009   0.02057813
1.24500002e-009    0.0205625
1.25000002e-009       0.0205
