-4.98000007e-009  -0.00628125
-4.96000007e-009  0.004765626
-4.94000007e-009 -0.005296875
-4.92000007e-009  0.005000001
-4.90000007e-009 -0.005289062
-4.88000007e-009  0.003929688
-4.86000006e-009  -0.00465625
-4.84000006e-009  0.004570313
-4.82000006e-009       -0.005
-4.80000006e-009  0.005000001
-4.78000006e-009 -0.006171875
-4.76000006e-009  0.005695313
-4.74000006e-009 -0.004898437
-4.72000006e-009  0.007000001
-4.70000006e-009       -0.005
-4.68000006e-009  0.004937501
-4.66000006e-009    -0.004125
-4.64000006e-009  0.004804688
-4.62000006e-009 -0.006226562
-4.60000006e-009  0.005000001
-4.58000006e-009 -0.005867187
-4.56000006e-009  0.004523438
-4.54000006e-009 -0.004734375
-4.52000006e-009  0.005000001
-4.50000006e-009       -0.005
-4.48000006e-009  0.006156251
-4.46000006e-009  -0.00484375
-4.44000006e-009  0.006273438
-4.42000006e-009       -0.005
-4.40000006e-009  0.005000001
-4.38000006e-009 -0.005289062
-4.36000006e-009  0.004257813
-4.34000006e-009  -0.00559375
-4.32000006e-009  0.005835938
-4.30000006e-009 -0.005132812
-4.28000006e-009  0.004445313
-4.26000006e-009 -0.004929687
-4.24000006e-009  0.003328126
-4.22000006e-009       -0.005
-4.20000006e-009  0.003453126
-4.18000006e-009  -0.00584375
-4.16000006e-009  0.004234376
-4.14000006e-009       -0.005
-4.12000006e-009  0.004023438
-4.10000005e-009       -0.005
-4.08000005e-009  0.004976563
-4.06000005e-009 -0.005195312
-4.04000005e-009  0.003820313
-4.02000005e-009       -0.007
-4.00000005e-009        0.003
-3.98000005e-009 -0.005492187
-3.96000005e-009  0.004820313
-3.94000005e-009 -0.004007812
-3.92000005e-009  0.005000001
-3.90000005e-009       -0.007
-3.88000005e-009  0.005562501
-3.86000005e-009 -0.004890625
-3.84000005e-009  0.004585938
-3.82000005e-009 -0.005234375
-3.80000005e-009  0.005000001
-3.78000005e-009  -0.00528125
-3.76000005e-009  0.005031251
-3.74000005e-009  -0.00496875
-3.72000005e-009  0.004007813
-3.70000005e-009       -0.005
-3.68000005e-009  0.003562501
-3.66000005e-009 -0.005890625
-3.64000005e-009  0.007242188
-3.62000005e-009       -0.007
-3.60000005e-009  0.006875001
-3.58000005e-009 -0.006773437
-3.56000005e-009  0.004226563
-3.54000005e-009 -0.005328125
-3.52000005e-009  0.003640626
-3.50000005e-009       -0.005
-3.48000005e-009  0.004359376
-3.46000005e-009  -0.00528125
-3.44000005e-009  0.004398438
-3.42000005e-009     -0.00575
-3.40000005e-009  0.004179688
-3.38000005e-009 -0.006429687
-3.36000004e-009  0.004281251
-3.34000004e-009       -0.007
-3.32000004e-009  0.001679688
-3.30000004e-009       -0.007
-3.28000004e-009  0.003054688
-3.26000004e-009 -0.007289062
-3.24000004e-009 0.0006250004
-3.22000004e-009  -0.01014063
-3.20000004e-009        0.001
-3.18000004e-009  -0.01004688
-3.16000004e-009 0.0008828129
-3.14000004e-009  -0.00953125
-3.12000004e-009 -0.0009999997
-3.10000004e-009       -0.011
-3.08000004e-009  -0.00234375
-3.06000004e-009  -0.01057031
-3.04000004e-009 -0.002085937
-3.02000004e-009  -0.01249219
-3.00000004e-009       -0.003
-2.98000004e-009  -0.01205469
-2.96000004e-009 -0.004429687
-2.94000004e-009  -0.01297656
-2.92000004e-009       -0.003
-2.90000004e-009       -0.013
-2.88000004e-009  -0.00490625
-2.86000004e-009  -0.01383594
-2.84000004e-009  -0.00353125
-2.82000004e-009       -0.015
-2.80000004e-009       -0.005
-2.78000004e-009  -0.01367188
-2.76000004e-009 -0.004132812
-2.74000004e-009   -0.0136875
-2.72000004e-009 -0.004460937
-2.70000004e-009  -0.01424219
-2.68000004e-009   -0.0049375
-2.66000004e-009  -0.01397656
-2.64000004e-009 -0.003960937
-2.62000003e-009  -0.01438281
-2.60000003e-009       -0.005
-2.58000003e-009       -0.014
-2.56000003e-009 -0.004085937
-2.54000003e-009  -0.01488281
-2.52000003e-009       -0.005
-2.50000003e-009       -0.015
-2.48000003e-009 -0.004179687
-2.46000003e-009  -0.01383594
-2.44000003e-009 -0.003617187
-2.42000003e-009  -0.01426563
-2.40000003e-009       -0.005
-2.38000003e-009  -0.01292188
-2.36000003e-009 -0.004945312
-2.34000003e-009  -0.01314844
-2.32000003e-009 -0.004820312
-2.30000003e-009       -0.015
-2.28000003e-009 -0.004710937
-2.26000003e-009  -0.01465625
-2.24000003e-009 -0.003398437
-2.22000003e-009  -0.01291406
-2.20000003e-009 -0.004132812
-2.18000003e-009  -0.01422656
-2.16000003e-009   -0.0040625
-2.14000003e-009  -0.01309375
-2.12000003e-009 -0.003234375
-2.10000003e-009       -0.013
-2.08000003e-009 -0.001429687
-2.06000003e-009  -0.01264063
-2.04000003e-009 -0.004382812
-2.02000003e-009       -0.013
-2.00000003e-009       -0.003
-1.98000003e-009  -0.01007031
-1.96000003e-009 -0.002078125
-1.94000003e-009  -0.01160156
-1.92000003e-009 -0.0009999997
-1.90000003e-009   -0.0136875
-1.88000003e-009 -0.001859375
-1.86000002e-009  -0.01105469
-1.84000002e-009 -0.0006328122
-1.82000002e-009 -0.009617188
-1.80000002e-009 -0.001203125
-1.78000002e-009   -0.0090625
-1.76000002e-009 -0.001007812
-1.74000002e-009       -0.009
-1.72000002e-009 -0.0006484372
-1.70000002e-009       -0.009
-1.68000002e-009  0.001179688
-1.66000002e-009 -0.009445313
-1.64000002e-009  0.001359375
-1.62000002e-009 -0.008117188
-1.60000002e-009        0.001
-1.58000002e-009 -0.008382813
-1.56000002e-009 -0.0003749997
-1.54000002e-009 -0.008289063
-1.52000002e-009        0.001
-1.50000002e-009 -0.009226563
-1.48000002e-009  0.001132813
-1.46000002e-009 -0.007328125
-1.44000002e-009  0.001289063
-1.42000002e-009       -0.007
-1.40000002e-009  0.003429688
-1.38000002e-009 -0.006898437
-1.36000002e-009  0.001039063
-1.34000002e-009 -0.007648438
-1.32000002e-009        0.001
-1.30000002e-009 -0.007296875
-1.28000002e-009  0.001179688
-1.26000002e-009 -0.006976562
-1.24000002e-009 7.031285e-005
-1.22000002e-009       -0.007
-1.20000002e-009        0.003
-1.18000002e-009    -0.007625
-1.16000002e-009  0.002953125
-1.14000002e-009 -0.006960937
-1.12000001e-009  0.002835938
-1.10000001e-009  -0.00759375
-1.08000001e-009  0.001984375
-1.06000001e-009 -0.006742187
-1.04000001e-009  0.002046875
-1.02000001e-009       -0.007
-1.00000001e-009        0.003
-9.80000013e-010  -0.00678125
-9.60000013e-010  0.001257813
-9.40000013e-010 -0.008601563
-9.20000012e-010        0.003
-9.00000012e-010 -0.007757813
-8.80000012e-010 0.0007109379
-8.60000011e-010 -0.007773438
-8.40000011e-010 0.0002343754
-8.20000011e-010 -0.008523438
-8.00000011e-010  0.001085938
-7.8000001e-010 -0.009085938
-7.6000001e-010 0.0001875004
-7.4000001e-010 -0.009734375
-7.2000001e-010 -0.0009999997
-7.00000009e-010       -0.011
-6.80000009e-010 -0.001578125
-6.60000009e-010  -0.01586719
-6.40000009e-010 -0.009195313
-6.20000008e-010       -0.025
-6.00000008e-010  -0.01694531
-5.80000008e-010  -0.04164844
-5.60000007e-010  -0.03322656
-5.40000007e-010  -0.06935157
-5.20000007e-010  -0.06000782
-5.00000007e-010   -0.1008047
-4.80000006e-010  -0.09422657
-4.60000006e-010   -0.1325547
-4.40000006e-010   -0.1264766
-4.20000006e-010       -0.155
-4.00000005e-010   -0.1468594
-3.80000005e-010   -0.1615391
-3.60000005e-010   -0.1506406
-3.40000005e-010       -0.161
-3.20000004e-010       -0.147
-3.00000004e-010   -0.1539688
-2.80000004e-010   -0.1385234
-2.60000003e-010   -0.1493125
-2.40000003e-010    -0.132125
-2.20000003e-010       -0.141
-2.00000003e-010   -0.1184297
-1.80000002e-010   -0.1280547
-1.60000002e-010  -0.09841407
-1.40000002e-010   -0.1050078
-1.20000002e-010  -0.07035938
-1.00000001e-010  -0.07778907
-8.00000011e-011  -0.04263281
-6.00000008e-011   -0.0459375
-4.00000005e-011  -0.01236719
-2.00000003e-011       -0.017
           0  0.007000001
2.00000003e-011  0.001789063
4.00000005e-011   0.01797656
6.00000008e-011   0.01088281
8.00000011e-011        0.023
1.00000001e-010        0.011
1.20000002e-010      0.01925
1.40000002e-010  0.007515626
1.60000002e-010    0.0170625
1.80000002e-010  0.007093751
2.00000003e-010        0.017
2.20000003e-010  0.008601563
2.40000003e-010   0.02195313
2.60000003e-010   0.01170313
2.80000004e-010        0.025
3.00000004e-010        0.017
3.20000004e-010   0.02736719
3.40000005e-010   0.01935938
3.60000005e-010   0.02852344
3.80000005e-010        0.017
4.00000005e-010        0.027
4.20000006e-010    0.0136875
4.40000006e-010   0.02245313
4.60000006e-010   0.01200781
4.80000006e-010   0.02149219
5.00000007e-010   0.01053125
5.20000007e-010   0.02084375
5.40000007e-010  0.008265626
5.60000007e-010   0.02051563
5.80000008e-010  0.009000001
6.00000008e-010        0.021
6.20000008e-010   0.01153125
6.40000009e-010   0.02073438
6.60000009e-010  0.008671876
6.80000009e-010   0.02089844
7.00000009e-010  0.009000001
7.2000001e-010   0.01952344
7.4000001e-010  0.008632813
7.6000001e-010   0.02110938
7.8000001e-010  0.009945313
8.00000011e-010        0.019
8.20000011e-010  0.009601563
8.40000011e-010   0.01969531
8.60000011e-010   0.01017969
8.80000012e-010      0.01975
9.00000012e-010  0.009000001
9.20000012e-010   0.02033594
9.40000013e-010   0.01172656
9.60000013e-010   0.02083594
9.80000013e-010        0.013
1.00000001e-009   0.02326563
1.02000001e-009   0.01203125
1.04000001e-009   0.02414844
1.06000001e-009   0.01191406
1.08000001e-009   0.02391406
1.10000001e-009   0.01341406
1.12000001e-009   0.02439063
1.14000002e-009   0.01425781
1.16000002e-009   0.02524219
1.18000002e-009        0.015
1.20000002e-009        0.027
1.22000002e-009   0.01289844
1.24000002e-009       0.0255
1.26000002e-009    0.0150625
1.28000002e-009        0.025
1.30000002e-009     0.016625
1.32000002e-009   0.02479688
1.34000002e-009   0.01533594
1.36000002e-009   0.02501563
1.38000002e-009   0.01402344
1.40000002e-009        0.025
1.42000002e-009   0.01660938
1.44000002e-009   0.02508594
1.46000002e-009   0.01554688
1.48000002e-009        0.025
1.50000002e-009        0.013
1.52000002e-009   0.02396875
1.54000002e-009   0.01460938
1.56000002e-009   0.02257031
1.58000002e-009   0.01407813
1.60000002e-009        0.021
1.62000002e-009   0.01073438
1.64000002e-009   0.02151563
1.66000002e-009    0.0126875
1.68000002e-009        0.021
1.70000002e-009        0.011
1.72000002e-009     0.019875
1.74000002e-009   0.01123438
1.76000002e-009   0.02099219
1.78000002e-009   0.01064063
1.80000002e-009   0.02241406
1.82000002e-009     0.010625
1.84000002e-009    0.0210625
1.86000002e-009   0.01070313
1.88000003e-009   0.02103906
1.90000003e-009        0.011
1.92000003e-009   0.02096094
1.94000003e-009   0.01110938
1.96000003e-009   0.02121875
1.98000003e-009   0.01189844
2.00000003e-009        0.021
2.02000003e-009   0.01002344
2.04000003e-009   0.02158594
2.06000003e-009  0.009671876
2.08000003e-009        0.023
2.10000003e-009        0.011
2.12000003e-009   0.01988281
2.14000003e-009   0.01209375
2.16000003e-009   0.02141406
2.18000003e-009        0.011
2.20000003e-009   0.02023438
2.22000003e-009   0.01171094
2.24000003e-009   0.02114063
2.26000003e-009   0.01002344
2.28000003e-009        0.021
2.30000003e-009  0.009000001
2.32000003e-009   0.02074219
2.34000003e-009   0.01046875
2.36000003e-009   0.02060156
2.38000003e-009  0.008992188
2.40000003e-009        0.021
2.42000003e-009  0.008929688
2.44000003e-009   0.01900781
2.46000003e-009  0.009843751
2.48000003e-009   0.01983594
2.50000003e-009  0.008976563
2.52000003e-009   0.01879688
2.54000003e-009  0.006843751
2.56000003e-009   0.01942188
2.58000003e-009  0.009000001
2.60000003e-009   0.02009375
2.62000003e-009  0.006734376
2.64000004e-009   0.01817188
2.66000004e-009  0.008445313
2.68000004e-009   0.01732813
2.70000004e-009  0.009000001
2.72000004e-009   0.01747656
2.74000004e-009  0.006859376
2.76000004e-009   0.01736719
2.78000004e-009  0.007257813
2.80000004e-009   0.01771875
2.82000004e-009  0.006195313
2.84000004e-009   0.01683594
2.86000004e-009  0.007000001
2.88000004e-009    0.0159375
2.90000004e-009  0.007000001
2.92000004e-009   0.01732813
2.94000004e-009  0.007921876
2.96000004e-009        0.017
2.98000004e-009  0.007000001
3.00000004e-009        0.017
3.02000004e-009  0.006664063
3.04000004e-009   0.01675781
3.06000004e-009  0.006351563
3.08000004e-009   0.01658594
3.10000004e-009  0.006945313
3.12000004e-009   0.01560156
3.14000004e-009  0.008054688
3.16000004e-009   0.01570313
3.18000004e-009  0.007703126
3.20000004e-009   0.01553906
3.22000004e-009  0.006656251
3.24000004e-009   0.01695313
3.26000004e-009  0.005992188
3.28000004e-009        0.015
3.30000004e-009  0.007000001
3.32000004e-009   0.01516406
3.34000004e-009  0.004781251
3.36000004e-009    0.0148125
3.38000005e-009  0.006617188
3.40000005e-009        0.017
3.42000005e-009  0.005484376
3.44000005e-009   0.01602344
3.46000005e-009  0.005000001
3.48000005e-009        0.015
3.50000005e-009  0.004617188
3.52000005e-009   0.01319531
3.54000005e-009  0.002828125
3.56000005e-009   0.01470313
3.58000005e-009  0.004804688
3.60000005e-009        0.015
3.62000005e-009  0.003562501
3.64000005e-009   0.01453125
3.66000005e-009  0.004468751
3.68000005e-009        0.015
3.70000005e-009  0.003726563
3.72000005e-009      0.01275
3.74000005e-009  0.003679688
3.76000005e-009   0.01746094
3.78000005e-009        0.003
3.80000005e-009        0.013
3.82000005e-009  0.004609376
3.84000005e-009   0.01292188
3.86000005e-009        0.003
3.88000005e-009        0.015
3.90000005e-009  0.005000001
3.92000005e-009   0.01296094
3.94000005e-009  0.004648438
3.96000005e-009        0.015
3.98000005e-009    0.0026875
4.00000005e-009        0.015
4.02000005e-009  0.003617188
4.04000005e-009   0.01510156
4.06000005e-009        0.003
4.08000005e-009        0.013
4.10000005e-009        0.003
4.12000006e-009   0.01359375
4.14000006e-009  0.003539063
4.16000006e-009   0.01269531
4.18000006e-009        0.003
4.20000006e-009   0.01378906
4.22000006e-009  0.002546875
4.24000006e-009   0.01377344
4.26000006e-009        0.003
4.28000006e-009        0.011
4.30000006e-009        0.003
4.32000006e-009   0.01271094
4.34000006e-009  0.003320313
4.36000006e-009     0.012875
4.38000006e-009  0.002609375
4.40000006e-009        0.011
4.42000006e-009  0.002804688
4.44000006e-009   0.01203125
4.46000006e-009  0.001054688
4.48000006e-009        0.013
4.50000006e-009  0.003945313
4.52000006e-009   0.01385156
4.54000006e-009  0.003007813
4.56000006e-009   0.01455469
4.58000006e-009        0.003
4.60000006e-009        0.013
4.62000006e-009  0.003937501
4.64000006e-009   0.01133594
4.66000006e-009 0.0006406254
4.68000006e-009        0.015
4.70000006e-009        0.003
4.72000006e-009    0.0115625
4.74000006e-009  0.002851563
4.76000006e-009        0.013
4.78000006e-009  0.003484376
4.80000006e-009        0.015
4.82000006e-009  0.002257813
4.84000006e-009   0.01290625
4.86000006e-009  0.003726563
4.88000007e-009        0.013
4.90000007e-009  0.004203126
4.92000007e-009   0.01232031
4.94000007e-009  0.003554688
4.96000007e-009   0.01457813
4.98000007e-009        0.003
5.00000007e-009   0.01584375
