-1.24500002e-009 -0.007734375
-1.24000002e-009  0.001578125
-1.23500002e-009 -0.008023438
-1.23000002e-009  0.002296875
-1.22500002e-009 -0.007539063
-1.22000002e-009        0.003
-1.21500002e-009 -0.007203125
-1.21000002e-009    0.0025625
-1.20500002e-009 -0.007328125
-1.20000002e-009  0.001554688
-1.19500002e-009 -0.007070312
-1.19000002e-009  0.001578125
-1.18500002e-009 -0.006742187
-1.18000002e-009  0.001296875
-1.17500002e-009 -0.007257812
-1.17000002e-009        0.003
-1.16500002e-009 -0.007359375
-1.16000002e-009  0.003742188
-1.15500002e-009  -0.00734375
-1.15000002e-009  0.003531251
-1.14500002e-009 -0.007898438
-1.14000002e-009  0.002492188
-1.13500002e-009 -0.007796875
-1.13000002e-009  0.002796875
-1.12500002e-009 -0.007289062
-1.12000001e-009   0.00290625
-1.11500001e-009 -0.007429688
-1.11000001e-009  0.003179688
-1.10500001e-009 -0.007109375
-1.10000001e-009  0.003250001
-1.09500001e-009 -0.007007812
-1.09000001e-009  0.002515625
-1.08500001e-009 -0.006929687
-1.08000001e-009     0.001125
-1.07500001e-009 -0.006828125
-1.07000001e-009  0.001109375
-1.06500001e-009 -0.007226562
-1.06000001e-009  0.001148438
-1.05500001e-009 -0.007195312
-1.05000001e-009 0.0009453129
-1.04500001e-009 -0.007085937
-1.04000001e-009 0.0005078129
-1.03500001e-009 -0.007148437
-1.03000001e-009 0.0007656254
-1.02500001e-009  -0.00753125
-1.02000001e-009        0.001
-1.01500001e-009  -0.00728125
-1.01000001e-009  0.001140625
-1.00500001e-009    -0.007375
-1.00000001e-009  0.001132813
-9.95000013e-010 -0.007328125
-9.90000013e-010        0.001
-9.85000013e-010 -0.007390625
-9.80000013e-010  0.001054688
-9.75000013e-010 -0.007164062
-9.70000013e-010        0.001
-9.65000013e-010 -0.007140625
-9.60000013e-010  0.001023438
-9.55000013e-010 -0.007320312
-9.50000013e-010 0.0007265629
-9.45000013e-010 -0.007367188
-9.40000013e-010 0.0008281254
-9.35000012e-010 -0.008242188
-9.30000012e-010  0.001703125
-9.25000012e-010       -0.009
-9.20000012e-010  0.002898438
-9.15000012e-010 -0.009179688
-9.10000012e-010  0.003250001
-9.05000012e-010 -0.008796875
-9.00000012e-010  0.002734375
-8.95000012e-010  -0.00890625
-8.90000012e-010     0.001875
-8.85000012e-010 -0.009023438
-8.80000012e-010 0.0008828129
-8.75000012e-010 -0.008882813
-8.70000012e-010        0.001
-8.65000012e-010 -0.008515625
-8.60000011e-010 0.0004765629
-8.55000011e-010 -0.007976563
-8.50000011e-010 0.0009843754
-8.45000011e-010  -0.00740625
-8.40000011e-010        0.001
-8.35000011e-010 -0.007421875
-8.30000011e-010 0.0008359379
-8.25000011e-010   -0.0076875
-8.20000011e-010  0.002578125
-8.15000011e-010 -0.007710938
-8.10000011e-010  0.002820313
-8.05000011e-010 -0.008476563
-8.00000011e-010  0.001414063
-7.95000011e-010       -0.009
-7.90000011e-010 -0.0009921872
-7.8500001e-010 -0.009382813
-7.8000001e-010 -0.0009999997
-7.7500001e-010 -0.009304688
-7.7000001e-010 -0.0009999997
-7.6500001e-010 -0.009546875
-7.6000001e-010 -0.0002968747
-7.5500001e-010 -0.009414063
-7.5000001e-010 0.0007656254
-7.4500001e-010  -0.01036719
-7.4000001e-010        0.001
-7.3500001e-010  -0.01135156
-7.3000001e-010 -0.0007578122
-7.2500001e-010  -0.01157031
-7.2000001e-010 -0.001640625
-7.1500001e-010  -0.01171094
-7.10000009e-010 -0.002796875
-7.05000009e-010  -0.01298438
-7.00000009e-010 -0.004226562
-6.95000009e-010  -0.01389063
-6.90000009e-010 -0.004398437
-6.85000009e-010      -0.0155
-6.80000009e-010       -0.005
-6.75000009e-010  -0.01714844
-6.70000009e-010       -0.007
-6.65000009e-010  -0.01899219
-6.60000009e-010 -0.008445313
-6.55000009e-010  -0.02010156
-6.50000009e-010  -0.01021875
-6.45000009e-010  -0.02157813
-6.40000009e-010  -0.01330469
-6.35000008e-010  -0.02485156
-6.30000008e-010  -0.01626563
-6.25000008e-010     -0.02775
-6.20000008e-010  -0.01913281
-6.15000008e-010  -0.03261719
-6.10000008e-010   -0.0231875
-6.05000008e-010  -0.03921094
-6.00000008e-010       -0.027
-5.95000008e-010  -0.04547656
-5.90000008e-010  -0.03227344
-5.85000008e-010       -0.051
-5.80000008e-010  -0.03846094
-5.75000008e-010   -0.0561875
-5.70000008e-010  -0.04439063
-5.65000008e-010  -0.06234375
-5.60000007e-010  -0.04995313
-5.55000007e-010  -0.06932032
-5.50000007e-010  -0.05642188
-5.45000007e-010  -0.07632032
-5.40000007e-010  -0.06397657
-5.35000007e-010  -0.08333594
-5.30000007e-010  -0.07233594
-5.25000007e-010  -0.09126563
-5.20000007e-010     -0.08125
-5.15000007e-010   -0.1003438
-5.10000007e-010  -0.09040625
-5.05000007e-010   -0.1091875
-5.00000007e-010       -0.099
-4.95000007e-010       -0.117
-4.90000007e-010   -0.1049609
-4.85000006e-010   -0.1256172
-4.80000006e-010   -0.1122188
-4.75000006e-010   -0.1337109
-4.70000006e-010   -0.1204141
-4.65000006e-010   -0.1403516
-4.60000006e-010   -0.1275625
-4.55000006e-010   -0.1446328
-4.50000006e-010   -0.1332656
-4.45000006e-010   -0.1490625
-4.40000006e-010   -0.1389375
-4.35000006e-010   -0.1538047
-4.30000006e-010   -0.1423672
-4.25000006e-010   -0.1575781
-4.20000006e-010   -0.1462656
-4.15000006e-010   -0.1593906
-4.10000005e-010   -0.1503359
-4.05000005e-010   -0.1595391
-4.00000005e-010   -0.1508672
-3.95000005e-010       -0.161
-3.90000005e-010   -0.1505234
-3.85000005e-010       -0.161
-3.80000005e-010   -0.1503047
-3.75000005e-010   -0.1608906
-3.70000005e-010   -0.1503672
-3.65000005e-010       -0.161
-3.60000005e-010   -0.1493594
-3.55000005e-010       -0.159
-3.50000005e-010   -0.1480078
-3.45000005e-010   -0.1581563
-3.40000005e-010   -0.1465781
-3.35000004e-010   -0.1562422
-3.30000004e-010   -0.1443359
-3.25000004e-010   -0.1541797
-3.20000004e-010   -0.1423672
-3.15000004e-010       -0.153
-3.10000004e-010       -0.141
-3.05000004e-010      -0.1515
-3.00000004e-010   -0.1381016
-2.95000004e-010   -0.1513516
-2.90000004e-010   -0.1361094
-2.85000004e-010   -0.1496172
-2.80000004e-010   -0.1345625
-2.75000004e-010   -0.1461563
-2.70000004e-010   -0.1329922
-2.65000004e-010   -0.1421172
-2.60000003e-010     -0.13025
-2.55000003e-010       -0.139
-2.50000003e-010   -0.1271875
-2.45000003e-010   -0.1360625
-2.40000003e-010   -0.1239297
-2.35000003e-010    -0.134875
-2.30000003e-010   -0.1210781
-2.25000003e-010       -0.133
-2.20000003e-010   -0.1183828
-2.15000003e-010   -0.1286953
-2.10000003e-010   -0.1147188
-2.05000003e-010   -0.1247031
-2.00000003e-010    -0.109625
-1.95000003e-010   -0.1205859
-1.90000003e-010   -0.1039297
-1.85000002e-010   -0.1148359
-1.80000002e-010  -0.09805469
-1.75000002e-010       -0.109
-1.70000002e-010    -0.092625
-1.65000002e-010   -0.1038906
-1.60000002e-010  -0.08734375
-1.55000002e-010  -0.09736719
-1.50000002e-010  -0.08136719
-1.45000002e-010  -0.08971094
-1.40000002e-010  -0.07341407
-1.35000002e-010    -0.083125
-1.30000002e-010  -0.06489063
-1.25000002e-010       -0.077
-1.20000002e-010  -0.05747656
-1.15000002e-010  -0.06973438
-1.10000001e-010  -0.05103906
-1.05000001e-010  -0.06130469
-1.00000001e-010  -0.04304688
-9.50000013e-011  -0.05201563
-9.00000012e-011  -0.03440625
-8.50000011e-011  -0.04339844
-8.00000011e-011       -0.027
-7.5000001e-011  -0.03582031
-7.00000009e-011  -0.01977344
-6.50000009e-011  -0.02885938
-6.00000008e-011  -0.01349219
-5.50000007e-011       -0.022
-5.00000007e-011  -0.00803125
-4.50000006e-011  -0.01673438
-4.00000005e-011 -0.001507812
-3.50000005e-011  -0.01108594
-3.00000004e-011  0.004375001
-2.50000003e-011   -0.0053125
-2.00000003e-011  0.009000001
-1.50000002e-011 -0.002210937
-1.00000001e-011   0.01182813
-5.00000007e-012        0.001
           0        0.015
5.00000007e-012  0.003765626
1.00000001e-011   0.01739844
1.50000002e-011  0.007117188
2.00000003e-011   0.01960938
2.50000003e-011  0.009195313
3.00000004e-011        0.021
3.50000005e-011    0.0111875
4.00000005e-011   0.02096094
4.50000006e-011   0.01196875
5.00000007e-011        0.021
5.50000007e-011   0.01213281
6.00000008e-011        0.021
6.50000009e-011   0.01166406
7.00000009e-011   0.01972656
7.5000001e-011   0.01085156
8.00000011e-011   0.02058594
8.50000011e-011    0.0105625
9.00000012e-011   0.02107813
9.50000013e-011   0.01067188
1.00000001e-010   0.02035156
1.05000001e-010  0.009492188
1.10000001e-010    0.0186875
1.15000002e-010  0.008929688
1.20000002e-010   0.01752344
1.25000002e-010  0.009187501
1.30000002e-010   0.01719531
1.35000002e-010  0.008695313
1.40000002e-010   0.01742969
1.45000002e-010  0.008796876
1.50000002e-010   0.01760938
1.55000002e-010  0.008773438
1.60000002e-010   0.01750781
1.65000002e-010  0.008664063
1.70000002e-010        0.019
1.75000002e-010  0.008484376
1.80000002e-010   0.01946875
1.85000002e-010  0.009000001
1.90000003e-010   0.01921875
1.95000003e-010  0.008687501
2.00000003e-010   0.02021094
2.05000003e-010  0.009148438
2.10000003e-010     0.021375
2.15000003e-010   0.01041406
2.20000003e-010    0.0215625
2.25000003e-010        0.011
2.30000003e-010   0.02270313
2.35000003e-010   0.01180469
2.40000003e-010   0.02299219
2.45000003e-010   0.01329688
2.50000003e-010   0.02365625
2.55000003e-010   0.01507813
2.60000003e-010   0.02522656
2.65000004e-010   0.01510938
2.70000004e-010   0.02647656
2.75000004e-010        0.016
2.80000004e-010        0.027
2.85000004e-010   0.01763281
2.90000004e-010   0.02857813
2.95000004e-010   0.01866406
3.00000004e-010   0.02888281
3.05000004e-010   0.01882031
3.10000004e-010   0.02749219
3.15000004e-010   0.01796875
3.20000004e-010    0.0283125
3.25000004e-010   0.01726563
3.30000004e-010        0.029
3.35000004e-010   0.01677344
3.40000005e-010   0.02845313
3.45000005e-010   0.01651563
3.50000005e-010   0.02739844
3.55000005e-010   0.01648438
3.60000005e-010        0.027
3.65000005e-010   0.01661719
3.70000005e-010        0.027
3.75000005e-010   0.01542188
3.80000005e-010   0.02628125
3.85000005e-010   0.01479688
3.90000005e-010        0.025
3.95000005e-010    0.0146875
4.00000005e-010     0.023375
4.05000005e-010   0.01374219
4.10000005e-010   0.02347656
4.15000006e-010   0.01210156
4.20000006e-010   0.02276563
4.25000006e-010   0.01107813
4.30000006e-010   0.02146094
4.35000006e-010        0.011
4.40000006e-010   0.02042969
4.45000006e-010   0.01096094
4.50000006e-010   0.02098438
4.55000006e-010        0.011
4.60000006e-010   0.02121094
4.65000006e-010  0.009921876
4.70000006e-010   0.02135156
4.75000006e-010  0.009109376
4.80000006e-010   0.02149219
4.85000006e-010  0.008812501
4.90000007e-010   0.02130469
4.95000007e-010  0.009039063
5.00000007e-010   0.02149219
5.05000007e-010  0.009109376
5.10000007e-010   0.02114844
5.15000007e-010  0.009039063
5.20000007e-010   0.02101563
5.25000007e-010  0.009429688
5.30000007e-010   0.02021094
5.35000007e-010    0.0101875
5.40000007e-010   0.01986719
5.45000007e-010   0.01070313
5.50000007e-010   0.01979688
5.55000007e-010   0.01070313
5.60000007e-010   0.01964844
5.65000008e-010        0.011
5.70000008e-010   0.02032813
5.75000008e-010   0.01214844
5.80000008e-010   0.02099219
5.85000008e-010        0.011
5.90000008e-010   0.02114844
5.95000008e-010   0.01027344
6.00000008e-010   0.02117188
6.05000008e-010   0.01028906
6.10000008e-010    0.0211875
6.15000008e-010   0.01092188
6.20000008e-010   0.02105469
6.25000008e-010   0.01096094
6.30000008e-010   0.02028906
6.35000008e-010   0.01036719
6.40000009e-010   0.01973438
6.45000009e-010   0.01033594
6.50000009e-010   0.01940625
6.55000009e-010        0.011
6.60000009e-010   0.01924219
6.65000009e-010   0.01091406
6.70000009e-010   0.01903906
6.75000009e-010        0.011
6.80000009e-010   0.01908594
6.85000009e-010   0.01046875
6.90000009e-010   0.01910156
6.95000009e-010    0.0104375
7.00000009e-010   0.01950781
7.05000009e-010   0.01027344
7.10000009e-010   0.02007031
7.1500001e-010  0.009164063
7.2000001e-010   0.02060938
7.2500001e-010  0.009164063
7.3000001e-010   0.02094531
7.3500001e-010  0.008992188
7.4000001e-010   0.02090625
7.4500001e-010  0.009234376
7.5000001e-010       0.0205
7.5500001e-010  0.009437501
7.6000001e-010   0.01992969
7.6500001e-010  0.009648438
7.7000001e-010   0.01938281
7.7500001e-010  0.009421876
7.8000001e-010   0.01904688
7.8500001e-010  0.008804688
7.90000011e-010      0.01975
7.95000011e-010  0.008976563
8.00000011e-010    0.0198125
8.05000011e-010  0.009562501
8.10000011e-010   0.02022656
8.15000011e-010  0.009023438
8.20000011e-010   0.02092969
8.25000011e-010  0.009226563
8.30000011e-010   0.02082031
8.35000011e-010   0.01017969
8.40000011e-010   0.01992188
8.45000011e-010   0.01085156
8.50000011e-010   0.01995313
8.55000011e-010   0.01132031
8.60000011e-010   0.02082813
8.65000012e-010   0.01222656
8.70000012e-010   0.02089063
8.75000012e-010   0.01152344
8.80000012e-010         0.02
8.85000012e-010   0.01101563
8.90000012e-010     0.019375
8.95000012e-010   0.01042969
9.00000012e-010   0.01960938
9.05000012e-010   0.01055469
9.10000012e-010   0.01971094
9.15000012e-010   0.01171875
9.20000012e-010   0.02104688
9.25000012e-010   0.01269531
9.30000012e-010   0.02259375
9.35000012e-010   0.01241406
9.40000013e-010    0.0230625
9.45000013e-010   0.01248438
9.50000013e-010   0.02310938
9.55000013e-010   0.01124219
9.60000013e-010   0.02305469
9.65000013e-010    0.0110625
9.70000013e-010     0.022875
9.75000013e-010    0.0119375
9.80000013e-010   0.02278906
9.85000013e-010        0.013
9.90000013e-010        0.023
9.95000013e-010    0.0126875
1.00000001e-009        0.023
1.00500001e-009     0.013125
1.01000001e-009   0.02328906
1.01500001e-009   0.01360156
1.02000001e-009   0.02354688
1.02500001e-009        0.013
1.03000001e-009   0.02335938
1.03500001e-009   0.01277344
1.04000001e-009   0.02290625
1.04500001e-009   0.01289844
1.05000001e-009        0.023
1.05500001e-009        0.013
1.06000001e-009   0.02255469
1.06500001e-009   0.01155469
1.07000001e-009   0.02302344
1.07500001e-009        0.011
1.08000001e-009        0.023
1.08500001e-009   0.01167188
1.09000001e-009   0.02315625
1.09500001e-009   0.01252344
1.10000001e-009   0.02329688
1.10500001e-009   0.01210156
1.11000001e-009   0.02321094
1.11500001e-009   0.01236719
1.12000001e-009   0.02266406
1.12500002e-009   0.01317969
1.13000002e-009   0.02319531
1.13500002e-009   0.01434375
1.14000002e-009   0.02335156
1.14500002e-009        0.015
1.15000002e-009   0.02424219
1.15500002e-009   0.01526563
1.16000002e-009   0.02469531
1.16500002e-009   0.01482813
1.17000002e-009     0.025125
1.17500002e-009   0.01546094
1.18000002e-009   0.02655469
1.18500002e-009   0.01428125
1.19000002e-009   0.02716406
1.19500002e-009   0.01313281
1.20000002e-009   0.02682813
1.20500002e-009   0.01322656
1.21000002e-009   0.02570313
1.21500002e-009   0.01460938
1.22000002e-009        0.025
1.22500002e-009   0.01691406
1.23000002e-009   0.02504688
1.23500002e-009        0.017
1.24000002e-009   0.02510156
1.24500002e-009   0.01658594
1.25000002e-009   0.02504688
