-2.49000003e-009 -0.009695313
-2.48000003e-009 -0.009789063
-2.47000003e-009 -0.009835938
-2.46000003e-009 -0.009859375
-2.45000003e-009 -0.009804688
-2.44000003e-009 -0.009726563
-2.43000003e-009 -0.009617188
-2.42000003e-009 -0.009539063
-2.41000003e-009 -0.009492188
-2.40000003e-009 -0.009484375
-2.39000003e-009 -0.009476563
-2.38000003e-009 -0.009507813
-2.37000003e-009      -0.0095
-2.36000003e-009 -0.009554688
-2.35000003e-009 -0.009539063
-2.34000003e-009 -0.009523438
-2.33000003e-009 -0.009476563
-2.32000003e-009  -0.00940625
-2.31000003e-009 -0.009296875
-2.30000003e-009 -0.009171875
-2.29000003e-009  -0.00903125
-2.28000003e-009 -0.008867188
-2.27000003e-009 -0.008695313
-2.26000003e-009 -0.008609375
-2.25000003e-009  -0.00853125
-2.24000003e-009 -0.008492188
-2.23000003e-009 -0.008445313
-2.22000003e-009 -0.008453125
-2.21000003e-009 -0.008445313
-2.20000003e-009 -0.008414063
-2.19000003e-009    -0.008375
-2.18000003e-009 -0.008335938
-2.17000003e-009  -0.00828125
-2.16000003e-009 -0.008265625
-2.15000003e-009 -0.008226563
-2.14000003e-009 -0.008234375
-2.13000003e-009 -0.008210938
-2.12000003e-009 -0.008226563
-2.11000003e-009 -0.008234375
-2.10000003e-009 -0.008210938
-2.09000003e-009 -0.008195313
-2.08000003e-009    -0.008125
-2.07000003e-009 -0.008046875
-2.06000003e-009 -0.007945313
-2.05000003e-009   -0.0078125
-2.04000003e-009   -0.0076875
-2.03000003e-009 -0.007601563
-2.02000003e-009 -0.007476563
-2.01000003e-009  -0.00740625
-2.00000003e-009 -0.007359375
-1.99000003e-009 -0.007328125
-1.98000003e-009 -0.007304687
-1.97000003e-009   -0.0073125
-1.96000003e-009 -0.007273437
-1.95000003e-009 -0.007234375
-1.94000003e-009 -0.007140625
-1.93000003e-009   -0.0070625
-1.92000003e-009  -0.00690625
-1.91000003e-009 -0.006757812
-1.90000003e-009 -0.006632812
-1.89000003e-009 -0.006523437
-1.88000003e-009 -0.006390625
-1.87000002e-009   -0.0063125
-1.86000002e-009 -0.006234375
-1.85000002e-009 -0.006140625
-1.84000002e-009 -0.006023437
-1.83000002e-009 -0.005882812
-1.82000002e-009 -0.005742187
-1.81000002e-009 -0.005585937
-1.80000002e-009 -0.005390625
-1.79000002e-009  -0.00521875
-1.78000002e-009 -0.005101562
-1.77000002e-009 -0.005015625
-1.76000002e-009 -0.004976562
-1.75000002e-009 -0.004953125
-1.74000002e-009 -0.004992187
-1.73000002e-009 -0.005007812
-1.72000002e-009 -0.004992187
-1.71000002e-009 -0.004960937
-1.70000002e-009 -0.004921875
-1.69000002e-009 -0.004828125
-1.68000002e-009 -0.004734375
-1.67000002e-009  -0.00465625
-1.66000002e-009 -0.004554687
-1.65000002e-009 -0.004539062
-1.64000002e-009 -0.004515625
-1.63000002e-009  -0.00453125
-1.62000002e-009      -0.0045
-1.61000002e-009 -0.004484375
-1.60000002e-009    -0.004375
-1.59000002e-009  -0.00421875
-1.58000002e-009   -0.0040625
-1.57000002e-009 -0.003859375
-1.56000002e-009 -0.003695312
-1.55000002e-009 -0.003546875
-1.54000002e-009 -0.003484375
-1.53000002e-009 -0.003453125
-1.52000002e-009   -0.0034375
-1.51000002e-009  -0.00346875
-1.50000002e-009 -0.003515625
-1.49000002e-009 -0.003578125
-1.48000002e-009 -0.003546875
-1.47000002e-009 -0.003523437
-1.46000002e-009 -0.003460937
-1.45000002e-009 -0.003421875
-1.44000002e-009 -0.003390625
-1.43000002e-009  -0.00334375
-1.42000002e-009  -0.00328125
-1.41000002e-009  -0.00321875
-1.40000002e-009 -0.003203125
-1.39000002e-009 -0.003132812
-1.38000002e-009 -0.003132812
-1.37000002e-009 -0.003070312
-1.36000002e-009 -0.003046875
-1.35000002e-009 -0.003015625
-1.34000002e-009 -0.003039062
-1.33000002e-009 -0.003023437
-1.32000002e-009 -0.002992187
-1.31000002e-009 -0.002984375
-1.30000002e-009  -0.00296875
-1.29000002e-009 -0.002976562
-1.28000002e-009 -0.002960937
-1.27000002e-009 -0.002984375
-1.26000002e-009 -0.002976562
-1.25000002e-009 -0.002992187
-1.24000002e-009       -0.003
-1.23000002e-009 -0.003023437
-1.22000002e-009 -0.002992187
-1.21000002e-009 -0.002976562
-1.20000002e-009 -0.002960937
-1.19000002e-009 -0.002921875
-1.18000002e-009    -0.002875
-1.17000002e-009 -0.002851562
-1.16000002e-009 -0.002828125
-1.15000002e-009   -0.0028125
-1.14000002e-009 -0.002773437
-1.13000002e-009     -0.00275
-1.12000001e-009    -0.002625
-1.11000001e-009   -0.0025625
-1.10000001e-009 -0.002476562
-1.09000001e-009 -0.002359375
-1.08000001e-009   -0.0023125
-1.07000001e-009 -0.002257812
-1.06000001e-009 -0.002242187
-1.05000001e-009 -0.002296875
-1.04000001e-009 -0.002398437
-1.03000001e-009 -0.002539062
-1.02000001e-009 -0.002703125
-1.01000001e-009 -0.002867187
-1.00000001e-009 -0.003039062
-9.90000013e-010 -0.003132812
-9.80000013e-010 -0.003242187
-9.70000013e-010 -0.003273437
-9.60000013e-010  -0.00321875
-9.50000013e-010 -0.003234375
-9.40000013e-010 -0.003164062
-9.30000012e-010 -0.003140625
-9.20000012e-010 -0.003132812
-9.10000012e-010  -0.00315625
-9.00000012e-010 -0.003171875
-8.90000012e-010 -0.003257812
-8.80000012e-010 -0.003335937
-8.70000012e-010 -0.003476562
-8.60000011e-010  -0.00365625
-8.50000011e-010   -0.0038125
-8.40000011e-010 -0.003992187
-8.30000011e-010 -0.004148437
-8.20000011e-010 -0.004289062
-8.10000011e-010 -0.004382812
-8.00000011e-010  -0.00440625
-7.90000011e-010  -0.00440625
-7.8000001e-010 -0.004382812
-7.7000001e-010 -0.004382812
-7.6000001e-010 -0.004453125
-7.5000001e-010 -0.004546875
-7.4000001e-010 -0.004773437
-7.3000001e-010 -0.005046875
-7.2000001e-010  -0.00540625
-7.10000009e-010    -0.005875
-7.00000009e-010  -0.00634375
-6.90000009e-010 -0.006882812
-6.80000009e-010 -0.007492188
-6.70000009e-010 -0.008210938
-6.60000009e-010 -0.009046875
-6.50000009e-010  -0.01003125
-6.40000009e-010  -0.01121875
-6.30000008e-010  -0.01269531
-6.20000008e-010  -0.01451563
-6.10000008e-010     -0.01675
-6.00000008e-010      -0.0195
-5.90000008e-010  -0.02280469
-5.80000008e-010  -0.02667969
-5.70000008e-010  -0.03119531
-5.60000007e-010  -0.03630469
-5.50000007e-010  -0.04196094
-5.40000007e-010  -0.04816406
-5.30000007e-010  -0.05485156
-5.20000007e-010  -0.06200782
-5.10000007e-010  -0.06960938
-5.00000007e-010  -0.07757813
-4.90000007e-010  -0.08583594
-4.80000006e-010  -0.09425782
-4.70000006e-010   -0.1026953
-4.60000006e-010   -0.1109453
-4.50000006e-010   -0.1187813
-4.40000006e-010   -0.1260625
-4.30000006e-010   -0.1326406
-4.20000006e-010   -0.1384141
-4.10000005e-010   -0.1433906
-4.00000005e-010      -0.1475
-3.90000005e-010   -0.1508125
-3.80000005e-010   -0.1533828
-3.70000005e-010   -0.1551641
-3.60000005e-010   -0.1562422
-3.50000005e-010   -0.1566094
-3.40000005e-010   -0.1564219
-3.30000004e-010   -0.1556641
-3.20000004e-010   -0.1544922
-3.10000004e-010   -0.1530313
-3.00000004e-010   -0.1513359
-2.90000004e-010   -0.1495781
-2.80000004e-010   -0.1476797
-2.70000004e-010   -0.1457813
-2.60000003e-010   -0.1437813
-2.50000003e-010   -0.1417031
-2.40000003e-010   -0.1395391
-2.30000003e-010   -0.1372188
-2.20000003e-010   -0.1346641
-2.10000003e-010   -0.1319766
-2.00000003e-010   -0.1289141
-1.90000003e-010   -0.1256328
-1.80000002e-010   -0.1219063
-1.70000002e-010   -0.1177031
-1.60000002e-010   -0.1131563
-1.50000002e-010   -0.1079609
-1.40000002e-010   -0.1023281
-1.30000002e-010  -0.09624219
-1.20000002e-010     -0.08975
-1.10000001e-010  -0.08285938
-1.00000001e-010  -0.07570313
-9.00000012e-011  -0.06830469
-8.00000011e-011  -0.06074219
-7.00000009e-011  -0.05307031
-6.00000008e-011  -0.04535938
-5.00000007e-011  -0.03778125
-4.00000005e-011  -0.03042188
-3.00000004e-011  -0.02339844
-2.00000003e-011  -0.01685938
-1.00000001e-011  -0.01085156
           0 -0.005476562
1.00000001e-011 -0.0007109372
2.00000003e-011  0.003437501
3.00000004e-011  0.006898438
4.00000005e-011  0.009789063
5.00000007e-011   0.01209375
6.00000008e-011   0.01386719
7.00000009e-011   0.01507031
8.00000011e-011   0.01580469
9.00000012e-011   0.01617188
1.00000001e-010   0.01617969
1.10000001e-010   0.01589844
1.20000002e-010   0.01542969
1.30000002e-010   0.01485938
1.40000002e-010   0.01422656
1.50000002e-010   0.01365625
1.60000002e-010   0.01313281
1.70000002e-010   0.01276563
1.80000002e-010   0.01253906
1.90000003e-010   0.01253125
2.00000003e-010   0.01271094
2.10000003e-010   0.01310938
2.20000003e-010   0.01364063
2.30000003e-010   0.01432031
2.40000003e-010   0.01517969
2.50000003e-010   0.01609375
2.60000003e-010   0.01708594
2.70000004e-010   0.01810938
2.80000004e-010   0.01914844
2.90000004e-010   0.02021094
3.00000004e-010   0.02115625
3.10000004e-010        0.022
3.20000004e-010    0.0226875
3.30000004e-010   0.02310156
3.40000005e-010   0.02330469
3.50000005e-010   0.02325781
3.60000005e-010   0.02298438
3.70000005e-010   0.02260156
3.80000005e-010   0.02210156
3.90000005e-010   0.02157031
4.00000005e-010   0.02097656
4.10000005e-010   0.02042188
4.20000006e-010    0.0198125
4.30000006e-010   0.01922656
4.40000006e-010   0.01857813
4.50000006e-010   0.01790625
4.60000006e-010   0.01719531
4.70000006e-010    0.0165625
4.80000006e-010    0.0159375
4.90000007e-010   0.01548438
5.00000007e-010   0.01514844
5.10000007e-010   0.01498438
5.20000007e-010   0.01491406
5.30000007e-010        0.015
5.40000007e-010   0.01513281
5.50000007e-010   0.01523438
5.60000007e-010   0.01535938
5.70000008e-010   0.01544531
5.80000008e-010   0.01548438
5.90000008e-010   0.01546875
6.00000008e-010   0.01545313
6.10000008e-010   0.01544531
6.20000008e-010   0.01544531
6.30000008e-010   0.01544531
6.40000009e-010   0.01545313
6.50000009e-010   0.01544531
6.60000009e-010   0.01545313
6.70000009e-010   0.01538281
6.80000009e-010   0.01528906
6.90000009e-010   0.01516406
7.00000009e-010   0.01498438
7.10000009e-010   0.01482031
7.2000001e-010   0.01467188
7.3000001e-010   0.01452344
7.4000001e-010   0.01442969
7.5000001e-010     0.014375
7.6000001e-010   0.01430469
7.7000001e-010   0.01421875
7.8000001e-010   0.01411719
7.90000011e-010   0.01400781
8.00000011e-010   0.01392969
8.10000011e-010   0.01389063
8.20000011e-010     0.013875
8.30000011e-010   0.01400781
8.40000011e-010   0.01416406
8.50000011e-010    0.0144375
8.60000011e-010   0.01471094
8.70000012e-010   0.01499219
8.80000012e-010   0.01528125
8.90000012e-010       0.0155
9.00000012e-010   0.01571875
9.10000012e-010   0.01589063
9.20000012e-010   0.01610156
9.30000012e-010   0.01634375
9.40000013e-010   0.01657813
9.50000013e-010   0.01683594
9.60000013e-010   0.01710156
9.70000013e-010   0.01734375
9.80000013e-010   0.01753125
9.90000013e-010   0.01764844
1.00000001e-009   0.01774219
1.01000001e-009   0.01778125
1.02000001e-009   0.01778125
1.03000001e-009   0.01775781
1.04000001e-009   0.01778125
1.05000001e-009   0.01775781
1.06000001e-009   0.01778906
1.07000001e-009   0.01782813
1.08000001e-009   0.01790625
1.09000001e-009   0.01798438
1.10000001e-009   0.01807031
1.11000001e-009    0.0181875
1.12000001e-009   0.01827344
1.13000002e-009    0.0184375
1.14000002e-009    0.0185625
1.15000002e-009   0.01871875
1.16000002e-009   0.01892188
1.17000002e-009   0.01915625
1.18000002e-009   0.01939844
1.19000002e-009   0.01966406
1.20000002e-009    0.0199375
1.21000002e-009   0.02017969
1.22000002e-009   0.02034375
1.23000002e-009   0.02044531
1.24000002e-009   0.02054688
1.25000002e-009   0.02058594
1.26000002e-009   0.02060938
1.27000002e-009   0.02058594
1.28000002e-009   0.02057813
1.29000002e-009   0.02060156
1.30000002e-009   0.02060938
1.31000002e-009   0.02064063
1.32000002e-009    0.0206875
1.33000002e-009   0.02074219
1.34000002e-009   0.02075781
1.35000002e-009   0.02078125
1.36000002e-009   0.02076563
1.37000002e-009   0.02071875
1.38000002e-009   0.02064063
1.39000002e-009   0.02053125
1.40000002e-009   0.02041406
1.41000002e-009   0.02027344
1.42000002e-009   0.02017969
1.43000002e-009   0.02010938
1.44000002e-009   0.02007813
1.45000002e-009   0.02010938
1.46000002e-009   0.02011719
1.47000002e-009   0.02016406
1.48000002e-009   0.02017969
1.49000002e-009   0.02017969
1.50000002e-009   0.02008594
1.51000002e-009   0.01992188
1.52000002e-009   0.01969531
1.53000002e-009   0.01939844
1.54000002e-009   0.01907813
1.55000002e-009   0.01871094
1.56000002e-009   0.01839844
1.57000002e-009   0.01807031
1.58000002e-009   0.01777344
1.59000002e-009   0.01758594
1.60000002e-009   0.01745313
1.61000002e-009   0.01735156
1.62000002e-009   0.01730469
1.63000002e-009   0.01722656
1.64000002e-009   0.01714844
1.65000002e-009   0.01701563
1.66000002e-009   0.01689063
1.67000002e-009   0.01672656
1.68000002e-009   0.01664844
1.69000002e-009   0.01654688
1.70000002e-009   0.01646875
1.71000002e-009   0.01650781
1.72000002e-009   0.01654688
1.73000002e-009   0.01660938
1.74000002e-009   0.01667188
1.75000002e-009   0.01667188
1.76000002e-009   0.01660938
1.77000002e-009   0.01651563
1.78000002e-009   0.01639063
1.79000002e-009   0.01622656
1.80000002e-009   0.01607813
1.81000002e-009   0.01595313
1.82000002e-009   0.01589844
1.83000002e-009   0.01589063
1.84000002e-009   0.01592188
1.85000002e-009   0.01597656
1.86000002e-009   0.01602344
1.87000002e-009   0.01607813
1.88000003e-009   0.01608594
1.89000003e-009   0.01604688
1.90000003e-009   0.01595313
1.91000003e-009   0.01585156
1.92000003e-009   0.01575781
1.93000003e-009   0.01565625
1.94000003e-009   0.01559375
1.95000003e-009   0.01554688
1.96000003e-009   0.01553906
1.97000003e-009    0.0155625
1.98000003e-009   0.01555469
1.99000003e-009   0.01559375
2.00000003e-009     0.015625
2.01000003e-009   0.01567188
2.02000003e-009   0.01572656
2.03000003e-009   0.01575781
2.04000003e-009    0.0158125
2.05000003e-009   0.01588281
2.06000003e-009   0.01595313
2.07000003e-009   0.01601563
2.08000003e-009   0.01610938
2.09000003e-009    0.0161875
2.10000003e-009   0.01620313
2.11000003e-009      0.01625
2.12000003e-009   0.01621875
2.13000003e-009   0.01626563
2.14000003e-009   0.01619531
2.15000003e-009   0.01613281
2.16000003e-009   0.01605469
2.17000003e-009   0.01597656
2.18000003e-009     0.015875
2.19000003e-009   0.01579688
2.20000003e-009   0.01571094
2.21000003e-009   0.01567969
2.22000003e-009     0.015625
2.23000003e-009   0.01560156
2.24000003e-009   0.01557813
2.25000003e-009    0.0155625
2.26000003e-009   0.01549219
2.27000003e-009   0.01545313
2.28000003e-009     0.015375
2.29000003e-009   0.01529688
2.30000003e-009   0.01524219
2.31000003e-009   0.01521875
2.32000003e-009     0.015125
2.33000003e-009   0.01510938
2.34000003e-009   0.01501563
2.35000003e-009   0.01496094
2.36000003e-009   0.01482813
2.37000003e-009   0.01473438
2.38000003e-009   0.01460938
2.39000003e-009   0.01446094
2.40000003e-009   0.01432031
2.41000003e-009   0.01421875
2.42000003e-009   0.01414844
2.43000003e-009   0.01410938
2.44000003e-009   0.01405469
2.45000003e-009   0.01401563
2.46000003e-009   0.01403125
2.47000003e-009        0.014
2.48000003e-009   0.01398438
2.49000003e-009   0.01395313
2.50000003e-009   0.01390625
