-2.49000003e-009 -0.009671875
-2.48000003e-009   -0.0096875
-2.47000003e-009 -0.009726563
-2.46000003e-009 -0.009851563
-2.45000003e-009   -0.0099375
-2.44000003e-009 -0.009984375
-2.43000003e-009 -0.009976563
-2.42000003e-009 -0.009890625
-2.41000003e-009 -0.009742188
-2.40000003e-009 -0.009632813
-2.39000003e-009 -0.009539063
-2.38000003e-009 -0.009476563
-2.37000003e-009 -0.009484375
-2.36000003e-009 -0.009539063
-2.35000003e-009 -0.009601563
-2.34000003e-009    -0.009625
-2.33000003e-009  -0.00959375
-2.32000003e-009 -0.009476563
-2.31000003e-009 -0.009289063
-2.30000003e-009 -0.009085938
-2.29000003e-009 -0.008859375
-2.28000003e-009 -0.008695313
-2.27000003e-009 -0.008640625
-2.26000003e-009 -0.008617188
-2.25000003e-009 -0.008648438
-2.24000003e-009 -0.008703125
-2.23000003e-009 -0.008765625
-2.22000003e-009 -0.008773438
-2.21000003e-009 -0.008789063
-2.20000003e-009 -0.008757813
-2.19000003e-009 -0.008734375
-2.18000003e-009 -0.008695313
-2.17000003e-009 -0.008679688
-2.16000003e-009 -0.008640625
-2.15000003e-009   -0.0085625
-2.14000003e-009      -0.0085
-2.13000003e-009 -0.008421875
-2.12000003e-009  -0.00828125
-2.11000003e-009 -0.008171875
-2.10000003e-009 -0.008039063
-2.09000003e-009 -0.007921875
-2.08000003e-009  -0.00784375
-2.07000003e-009 -0.007796875
-2.06000003e-009 -0.007734375
-2.05000003e-009 -0.007734375
-2.04000003e-009 -0.007664063
-2.03000003e-009 -0.007578125
-2.02000003e-009 -0.007523438
-2.01000003e-009   -0.0074375
-2.00000003e-009 -0.007351562
-1.99000003e-009 -0.007273437
-1.98000003e-009 -0.007195312
-1.97000003e-009 -0.007085937
-1.96000003e-009 -0.007023437
-1.95000003e-009 -0.006921875
-1.94000003e-009  -0.00684375
-1.93000003e-009 -0.006796875
-1.92000003e-009 -0.006742187
-1.91000003e-009 -0.006710937
-1.90000003e-009 -0.006695312
-1.89000003e-009 -0.006679687
-1.88000003e-009    -0.006625
-1.87000002e-009 -0.006570312
-1.86000002e-009 -0.006453125
-1.85000002e-009 -0.006296875
-1.84000002e-009 -0.006171875
-1.83000002e-009 -0.006007812
-1.82000002e-009 -0.005890625
-1.81000002e-009 -0.005773437
-1.80000002e-009 -0.005679687
-1.79000002e-009 -0.005640625
-1.78000002e-009 -0.005585937
-1.77000002e-009 -0.005539062
-1.76000002e-009 -0.005492187
-1.75000002e-009 -0.005390625
-1.74000002e-009 -0.005296875
-1.73000002e-009 -0.005226562
-1.72000002e-009 -0.005109375
-1.71000002e-009 -0.005054687
-1.70000002e-009 -0.004945312
-1.69000002e-009 -0.004859375
-1.68000002e-009 -0.004742187
-1.67000002e-009 -0.004617187
-1.66000002e-009  -0.00453125
-1.65000002e-009 -0.004421875
-1.64000002e-009 -0.004335937
-1.63000002e-009 -0.004234375
-1.62000002e-009 -0.004195312
-1.61000002e-009    -0.004125
-1.60000002e-009 -0.004085937
-1.59000002e-009  -0.00403125
-1.58000002e-009 -0.003976562
-1.57000002e-009  -0.00390625
-1.56000002e-009 -0.003820312
-1.55000002e-009  -0.00371875
-1.54000002e-009  -0.00359375
-1.53000002e-009      -0.0035
-1.52000002e-009 -0.003359375
-1.51000002e-009 -0.003296875
-1.50000002e-009 -0.003242187
-1.49000002e-009 -0.003242187
-1.48000002e-009 -0.003234375
-1.47000002e-009  -0.00328125
-1.46000002e-009 -0.003289062
-1.45000002e-009 -0.003304687
-1.44000002e-009 -0.003296875
-1.43000002e-009 -0.003257812
-1.42000002e-009  -0.00321875
-1.41000002e-009 -0.003148437
-1.40000002e-009  -0.00309375
-1.39000002e-009 -0.003070312
-1.38000002e-009 -0.003039062
-1.37000002e-009 -0.003023437
-1.36000002e-009 -0.003039062
-1.35000002e-009       -0.003
-1.34000002e-009 -0.003046875
-1.33000002e-009 -0.003070312
-1.32000002e-009 -0.003085937
-1.31000002e-009    -0.003125
-1.30000002e-009    -0.003125
-1.29000002e-009 -0.003117187
-1.28000002e-009 -0.003132812
-1.27000002e-009 -0.003054687
-1.26000002e-009  -0.00296875
-1.25000002e-009 -0.002890625
-1.24000002e-009 -0.002820312
-1.23000002e-009 -0.002796875
-1.22000002e-009     -0.00275
-1.21000002e-009  -0.00278125
-1.20000002e-009  -0.00278125
-1.19000002e-009   -0.0028125
-1.18000002e-009  -0.00284375
-1.17000002e-009 -0.002835937
-1.16000002e-009 -0.002773437
-1.15000002e-009 -0.002679687
-1.14000002e-009 -0.002609375
-1.13000002e-009 -0.002507812
-1.12000001e-009 -0.002414062
-1.11000001e-009 -0.002390625
-1.10000001e-009    -0.002375
-1.09000001e-009 -0.002421875
-1.08000001e-009 -0.002453125
-1.07000001e-009 -0.002539062
-1.06000001e-009  -0.00265625
-1.05000001e-009  -0.00271875
-1.04000001e-009  -0.00278125
-1.03000001e-009 -0.002796875
-1.02000001e-009 -0.002796875
-1.01000001e-009 -0.002789062
-1.00000001e-009 -0.002742187
-9.90000013e-010 -0.002734375
-9.80000013e-010 -0.002773437
-9.70000013e-010 -0.002828125
-9.60000013e-010 -0.002960937
-9.50000013e-010 -0.003085937
-9.40000013e-010 -0.003164062
-9.30000012e-010 -0.003265625
-9.20000012e-010 -0.003351562
-9.10000012e-010 -0.003398437
-9.00000012e-010   -0.0034375
-8.90000012e-010 -0.003445312
-8.80000012e-010  -0.00346875
-8.70000012e-010 -0.003507812
-8.60000011e-010   -0.0035625
-8.50000011e-010 -0.003632812
-8.40000011e-010  -0.00371875
-8.30000011e-010 -0.003796875
-8.20000011e-010 -0.003851562
-8.10000011e-010 -0.003953125
-8.00000011e-010 -0.003976562
-7.90000011e-010   -0.0040625
-7.8000001e-010 -0.004132812
-7.7000001e-010 -0.004273437
-7.6000001e-010   -0.0044375
-7.5000001e-010 -0.004664062
-7.4000001e-010 -0.004835937
-7.3000001e-010   -0.0050625
-7.2000001e-010 -0.005203125
-7.10000009e-010 -0.005445312
-7.00000009e-010 -0.005734375
-6.90000009e-010 -0.006132812
-6.80000009e-010 -0.006609375
-6.70000009e-010 -0.007242187
-6.60000009e-010  -0.00815625
-6.50000009e-010 -0.009273438
-6.40000009e-010  -0.01064063
-6.30000008e-010  -0.01224219
-6.20000008e-010  -0.01403906
-6.10000008e-010  -0.01636719
-6.00000008e-010  -0.01903125
-5.90000008e-010  -0.02225781
-5.80000008e-010       -0.026
-5.70000008e-010  -0.03033594
-5.60000007e-010  -0.03535938
-5.50000007e-010       -0.041
-5.40000007e-010  -0.04720313
-5.30000007e-010  -0.05396094
-5.20000007e-010  -0.06123438
-5.10000007e-010  -0.06898438
-5.00000007e-010  -0.07710157
-4.90000007e-010  -0.08557813
-4.80000006e-010  -0.09421094
-4.70000006e-010   -0.1027891
-4.60000006e-010    -0.111125
-4.50000006e-010   -0.1191328
-4.40000006e-010   -0.1265625
-4.30000006e-010   -0.1333594
-4.20000006e-010   -0.1393516
-4.10000005e-010   -0.1444219
-4.00000005e-010    -0.148625
-3.90000005e-010       -0.152
-3.80000005e-010   -0.1545547
-3.70000005e-010   -0.1562734
-3.60000005e-010   -0.1571094
-3.50000005e-010   -0.1573828
-3.40000005e-010   -0.1570469
-3.30000004e-010   -0.1562969
-3.20000004e-010   -0.1552031
-3.10000004e-010   -0.1537422
-3.00000004e-010   -0.1521172
-2.90000004e-010   -0.1503281
-2.80000004e-010   -0.1485234
-2.70000004e-010   -0.1466797
-2.60000003e-010   -0.1446406
-2.50000003e-010   -0.1426484
-2.40000003e-010   -0.1406719
-2.30000003e-010   -0.1386016
-2.20000003e-010      -0.1365
-2.10000003e-010   -0.1341016
-2.00000003e-010   -0.1313828
-1.90000003e-010   -0.1282969
-1.80000002e-010   -0.1246875
-1.70000002e-010   -0.1204844
-1.60000002e-010   -0.1156719
-1.50000002e-010   -0.1102266
-1.40000002e-010   -0.1043281
-1.30000002e-010  -0.09803125
-1.20000002e-010  -0.09133594
-1.10000001e-010  -0.08433594
-1.00000001e-010  -0.07702344
-9.00000012e-011  -0.06945313
-8.00000011e-011  -0.06170313
-7.00000009e-011  -0.05377344
-6.00000008e-011  -0.04582813
-5.00000007e-011  -0.03800781
-4.00000005e-011  -0.03044531
-3.00000004e-011  -0.02327344
-2.00000003e-011  -0.01664063
-1.00000001e-011   -0.0106875
           0    -0.005375
1.00000001e-011 -0.0006562497
2.00000003e-011  0.003406251
3.00000004e-011  0.006976563
4.00000005e-011  0.009882813
5.00000007e-011      0.01225
6.00000008e-011     0.014125
7.00000009e-011   0.01548438
8.00000011e-011   0.01634375
9.00000012e-011    0.0166875
1.00000001e-010   0.01669531
1.10000001e-010     0.016375
1.20000002e-010   0.01588281
1.30000002e-010   0.01525781
1.40000002e-010    0.0145625
1.50000002e-010   0.01392969
1.60000002e-010    0.0133125
1.70000002e-010   0.01284375
1.80000002e-010   0.01253125
1.90000003e-010   0.01233594
2.00000003e-010   0.01236719
2.10000003e-010   0.01263281
2.20000003e-010   0.01315625
2.30000003e-010   0.01385938
2.40000003e-010   0.01471875
2.50000003e-010   0.01571094
2.60000003e-010   0.01674219
2.70000004e-010     0.017875
2.80000004e-010   0.01896094
2.90000004e-010   0.01998438
3.00000004e-010   0.02094531
3.10000004e-010   0.02184375
3.20000004e-010   0.02261719
3.30000004e-010   0.02320313
3.40000005e-010     0.023625
3.50000005e-010   0.02383594
3.60000005e-010   0.02377344
3.70000005e-010   0.02351563
3.80000005e-010   0.02307031
3.90000005e-010   0.02245313
4.00000005e-010   0.02167969
4.10000005e-010   0.02086719
4.20000006e-010   0.02010156
4.30000006e-010   0.01932031
4.40000006e-010   0.01864844
4.50000006e-010   0.01807813
4.60000006e-010   0.01759375
4.70000006e-010    0.0171875
4.80000006e-010   0.01682813
4.90000007e-010   0.01651563
5.00000007e-010   0.01624219
5.10000007e-010   0.01597656
5.20000007e-010   0.01572656
5.30000007e-010   0.01553906
5.40000007e-010   0.01541406
5.50000007e-010    0.0153125
5.60000007e-010   0.01535156
5.70000008e-010    0.0154375
5.80000008e-010       0.0155
5.90000008e-010   0.01565625
6.00000008e-010   0.01571875
6.10000008e-010      0.01575
6.20000008e-010   0.01571875
6.30000008e-010   0.01564844
6.40000009e-010   0.01553906
6.50000009e-010   0.01539844
6.60000009e-010   0.01524219
6.70000009e-010   0.01510156
6.80000009e-010   0.01498438
6.90000009e-010   0.01485938
7.00000009e-010   0.01473438
7.10000009e-010    0.0146875
7.2000001e-010     0.014625
7.3000001e-010   0.01457813
7.4000001e-010   0.01454688
7.5000001e-010   0.01447656
7.6000001e-010   0.01448438
7.7000001e-010   0.01446875
7.8000001e-010   0.01446094
7.90000011e-010   0.01444531
8.00000011e-010   0.01442188
8.10000011e-010     0.014375
8.20000011e-010   0.01432031
8.30000011e-010   0.01427344
8.40000011e-010   0.01422656
8.50000011e-010   0.01425781
8.60000011e-010    0.0143125
8.70000012e-010   0.01439844
8.80000012e-010   0.01455469
8.90000012e-010   0.01478125
9.00000012e-010   0.01504688
9.10000012e-010   0.01535938
9.20000012e-010   0.01571094
9.30000012e-010    0.0160625
9.40000013e-010   0.01638281
9.50000013e-010   0.01672656
9.60000013e-010   0.01700781
9.70000013e-010   0.01721094
9.80000013e-010     0.017375
9.90000013e-010   0.01746875
1.00000001e-009   0.01753906
1.01000001e-009   0.01759375
1.02000001e-009   0.01765625
1.03000001e-009   0.01771094
1.04000001e-009   0.01778906
1.05000001e-009   0.01784375
1.06000001e-009   0.01792969
1.07000001e-009   0.01804688
1.08000001e-009   0.01811719
1.09000001e-009    0.0181875
1.10000001e-009   0.01826563
1.11000001e-009   0.01832813
1.12000001e-009   0.01842188
1.13000002e-009   0.01855469
1.14000002e-009    0.0186875
1.15000002e-009   0.01885156
1.16000002e-009   0.01904688
1.17000002e-009   0.01925781
1.18000002e-009   0.01946875
1.19000002e-009   0.01967969
1.20000002e-009   0.01985156
1.21000002e-009   0.02003906
1.22000002e-009   0.02019531
1.23000002e-009   0.02035938
1.24000002e-009   0.02049219
1.25000002e-009   0.02061719
1.26000002e-009   0.02074219
1.27000002e-009   0.02083594
1.28000002e-009   0.02091406
1.29000002e-009   0.02097656
1.30000002e-009   0.02096094
1.31000002e-009    0.0209375
1.32000002e-009   0.02092188
1.33000002e-009   0.02085938
1.34000002e-009   0.02078125
1.35000002e-009   0.02073438
1.36000002e-009   0.02071094
1.37000002e-009    0.0206875
1.38000002e-009   0.02067969
1.39000002e-009   0.02067188
1.40000002e-009   0.02071094
1.41000002e-009   0.02067188
1.42000002e-009   0.02064063
1.43000002e-009       0.0205
1.44000002e-009   0.02034375
1.45000002e-009   0.02017969
1.46000002e-009    0.0199375
1.47000002e-009   0.01974219
1.48000002e-009   0.01955469
1.49000002e-009   0.01940625
1.50000002e-009   0.01923438
1.51000002e-009   0.01916406
1.52000002e-009   0.01904688
1.53000002e-009   0.01894531
1.54000002e-009   0.01879688
1.55000002e-009   0.01858594
1.56000002e-009   0.01835156
1.57000002e-009   0.01814844
1.58000002e-009   0.01789844
1.59000002e-009   0.01763281
1.60000002e-009   0.01746094
1.61000002e-009   0.01725781
1.62000002e-009   0.01710156
1.63000002e-009   0.01695313
1.64000002e-009   0.01684375
1.65000002e-009   0.01676563
1.66000002e-009   0.01670313
1.67000002e-009   0.01664844
1.68000002e-009   0.01664844
1.69000002e-009   0.01660156
1.70000002e-009   0.01657813
1.71000002e-009   0.01657813
1.72000002e-009    0.0165625
1.73000002e-009   0.01651563
1.74000002e-009   0.01650781
1.75000002e-009   0.01644531
1.76000002e-009   0.01647656
1.77000002e-009   0.01647656
1.78000002e-009   0.01648438
1.79000002e-009   0.01649219
1.80000002e-009   0.01654688
1.81000002e-009   0.01653906
1.82000002e-009   0.01650781
1.83000002e-009   0.01644531
1.84000002e-009   0.01636719
1.85000002e-009    0.0163125
1.86000002e-009   0.01627344
1.87000002e-009   0.01621094
1.88000003e-009   0.01620313
1.89000003e-009    0.0161875
1.90000003e-009   0.01621094
1.91000003e-009   0.01624219
1.92000003e-009   0.01628906
1.93000003e-009     0.016375
1.94000003e-009    0.0164375
1.95000003e-009    0.0164375
1.96000003e-009   0.01639844
1.97000003e-009   0.01633594
1.98000003e-009   0.01620313
1.99000003e-009   0.01602344
2.00000003e-009   0.01588281
2.01000003e-009      0.01575
2.02000003e-009   0.01567188
2.03000003e-009   0.01570313
2.04000003e-009   0.01577344
2.05000003e-009   0.01589844
2.06000003e-009   0.01602344
2.07000003e-009     0.016125
2.08000003e-009   0.01621875
2.09000003e-009   0.01624219
2.10000003e-009   0.01621094
2.11000003e-009   0.01617188
2.12000003e-009   0.01609375
2.13000003e-009    0.0160625
2.14000003e-009   0.01605469
2.15000003e-009   0.01602344
2.16000003e-009        0.016
2.17000003e-009   0.01592188
2.18000003e-009   0.01583594
2.19000003e-009   0.01571094
2.20000003e-009   0.01563281
2.21000003e-009    0.0155625
2.22000003e-009   0.01548438
2.23000003e-009    0.0155625
2.24000003e-009   0.01564844
2.25000003e-009   0.01575781
2.26000003e-009   0.01585938
2.27000003e-009   0.01589844
2.28000003e-009   0.01589844
2.29000003e-009   0.01582813
2.30000003e-009   0.01571094
2.31000003e-009   0.01559375
2.32000003e-009   0.01546875
2.33000003e-009   0.01542188
2.34000003e-009   0.01541406
2.35000003e-009    0.0154375
2.36000003e-009   0.01542969
2.37000003e-009   0.01535938
2.38000003e-009   0.01523438
2.39000003e-009   0.01499219
2.40000003e-009   0.01474219
2.41000003e-009   0.01442969
2.42000003e-009   0.01419531
2.43000003e-009   0.01404688
2.44000003e-009   0.01401563
2.45000003e-009    0.0140625
2.46000003e-009   0.01420313
2.47000003e-009   0.01436719
2.48000003e-009   0.01446875
2.49000003e-009   0.01453906
2.50000003e-009   0.01450781
