-4.98000007e-009 -0.0005937497
-4.96000007e-009 -0.0007578122
-4.94000007e-009 -0.0006171872
-4.92000007e-009 -0.0003124997
-4.90000007e-009 -0.0001328122
-4.88000007e-009 -0.0002343747
-4.86000006e-009 -0.0004218747
-4.84000006e-009 -0.0004687497
-4.82000006e-009 -0.0002968747
-4.80000006e-009 -0.0002421872
-4.78000006e-009 -0.0003124997
-4.76000006e-009 -0.0004453122
-4.74000006e-009 -0.0004609372
-4.72000006e-009 -0.0002968747
-4.70000006e-009 -0.0001562497
-4.68000006e-009 -0.0001640622
-4.66000006e-009 -0.0002578122
-4.64000006e-009 -0.0003046872
-4.62000006e-009 -0.0003671872
-4.60000006e-009 -0.0004531247
-4.58000006e-009 -0.0006640622
-4.56000006e-009 -0.0008906247
-4.54000006e-009 -0.0009609372
-4.52000006e-009 -0.0007812497
-4.50000006e-009 -0.0004531247
-4.48000006e-009 -0.0002578122
-4.46000006e-009 -0.0002734372
-4.44000006e-009 -0.0004999997
-4.42000006e-009 -0.0007421872
-4.40000006e-009 -0.0007109372
-4.38000006e-009 -0.0004531247
-4.36000006e-009 -0.0001562497
-4.34000006e-009 -2.343715e-005
-4.32000006e-009 -0.0001640622
-4.30000006e-009 -0.0002890622
-4.28000006e-009 -0.0003593747
-4.26000006e-009 -0.0003203122
-4.24000006e-009 -0.0003046872
-4.22000006e-009 -0.0003281247
-4.20000006e-009 -0.0003671872
-4.18000006e-009 -0.0003984372
-4.16000006e-009 -0.0003906247
-4.14000006e-009 -0.0004062497
-4.12000006e-009 -0.0005234372
-4.10000005e-009 -0.0005781247
-4.08000005e-009 -0.0004609372
-4.06000005e-009 -0.0001796872
-4.04000005e-009 0.0001093754
-4.02000005e-009 0.0001640629
-4.00000005e-009 1.562535e-005
-3.98000005e-009 -0.0002812497
-3.96000005e-009 -0.0005234372
-3.94000005e-009 -0.0006796872
-3.92000005e-009 -0.0007031247
-3.90000005e-009 -0.0007031247
-3.88000005e-009 -0.0006953122
-3.86000005e-009 -0.0006874997
-3.84000005e-009 -0.0005624997
-3.82000005e-009 -0.0004140622
-3.80000005e-009 -0.0003124997
-3.78000005e-009 -0.0003906247
-3.76000005e-009 -0.0006718747
-3.74000005e-009 -0.0008203122
-3.72000005e-009 -0.0006874997
-3.70000005e-009 -0.0003203122
-3.68000005e-009 -0.0001249997
-3.66000005e-009 -0.0002187497
-3.64000005e-009 -0.0004453122
-3.62000005e-009 -0.0006249997
-3.60000005e-009 -0.0006171872
-3.58000005e-009 -0.0004921872
-3.56000005e-009 -0.0004062497
-3.54000005e-009 -0.0004296872
-3.52000005e-009 -0.0005624997
-3.50000005e-009 -0.0006562497
-3.48000005e-009 -0.0006640622
-3.46000005e-009 -0.0005937497
-3.44000005e-009 -0.0005859372
-3.42000005e-009 -0.0006640622
-3.40000005e-009 -0.0008046872
-3.38000005e-009 -0.001015625
-3.36000004e-009 -0.001179687
-3.34000004e-009 -0.001265625
-3.32000004e-009   -0.0013125
-3.30000004e-009 -0.001359375
-3.28000004e-009 -0.001421875
-3.26000004e-009   -0.0015625
-3.24000004e-009 -0.001679687
-3.22000004e-009 -0.001820312
-3.20000004e-009   -0.0019375
-3.18000004e-009 -0.002132812
-3.16000004e-009 -0.002492187
-3.14000004e-009 -0.003046875
-3.12000004e-009 -0.003585937
-3.10000004e-009 -0.003929687
-3.08000004e-009 -0.004132812
-3.06000004e-009 -0.004273437
-3.04000004e-009 -0.004453125
-3.02000004e-009 -0.004734375
-3.00000004e-009 -0.004984375
-2.98000004e-009 -0.005203125
-2.96000004e-009 -0.005445312
-2.94000004e-009 -0.005710937
-2.92000004e-009 -0.005992187
-2.90000004e-009 -0.006289062
-2.88000004e-009      -0.0065
-2.86000004e-009 -0.006765625
-2.84000004e-009  -0.00690625
-2.82000004e-009  -0.00703125
-2.80000004e-009 -0.007070312
-2.78000004e-009  -0.00721875
-2.76000004e-009  -0.00740625
-2.74000004e-009 -0.007617188
-2.72000004e-009 -0.007867188
-2.70000004e-009    -0.008125
-2.68000004e-009 -0.008328125
-2.66000004e-009 -0.008398438
-2.64000004e-009 -0.008242188
-2.62000003e-009    -0.008125
-2.60000003e-009 -0.008203125
-2.58000003e-009   -0.0084375
-2.56000003e-009 -0.008640625
-2.54000003e-009 -0.008679688
-2.52000003e-009 -0.008554688
-2.50000003e-009 -0.008367188
-2.48000003e-009 -0.008328125
-2.46000003e-009 -0.008421875
-2.44000003e-009 -0.008539063
-2.42000003e-009 -0.008484375
-2.40000003e-009 -0.008195313
-2.38000003e-009 -0.007867188
-2.36000003e-009 -0.007835938
-2.34000003e-009 -0.008140625
-2.32000003e-009 -0.008554688
-2.30000003e-009 -0.008695313
-2.28000003e-009      -0.0085
-2.26000003e-009 -0.008203125
-2.24000003e-009 -0.008046875
-2.22000003e-009   -0.0080625
-2.20000003e-009 -0.008132813
-2.18000003e-009 -0.008164063
-2.16000003e-009 -0.008148438
-2.14000003e-009 -0.008007813
-2.12000003e-009 -0.007789063
-2.10000003e-009 -0.007539063
-2.08000003e-009 -0.007460938
-2.06000003e-009 -0.007484375
-2.04000003e-009 -0.007492188
-2.02000003e-009 -0.007398438
-2.00000003e-009 -0.007195312
-1.98000003e-009 -0.007039062
-1.96000003e-009 -0.006867187
-1.94000003e-009 -0.006742187
-1.92000003e-009   -0.0065625
-1.90000003e-009   -0.0064375
-1.88000003e-009 -0.006390625
-1.86000002e-009 -0.006390625
-1.84000002e-009 -0.006335937
-1.82000002e-009 -0.006203125
-1.80000002e-009 -0.006046875
-1.78000002e-009  -0.00596875
-1.76000002e-009 -0.005820312
-1.74000002e-009 -0.005601562
-1.72000002e-009  -0.00528125
-1.70000002e-009 -0.005015625
-1.68000002e-009 -0.004898437
-1.66000002e-009 -0.004835937
-1.64000002e-009  -0.00465625
-1.62000002e-009  -0.00434375
-1.60000002e-009 -0.004046875
-1.58000002e-009 -0.003898437
-1.56000002e-009 -0.003882812
-1.54000002e-009 -0.003820312
-1.52000002e-009  -0.00365625
-1.50000002e-009 -0.003453125
-1.48000002e-009 -0.003453125
-1.46000002e-009 -0.003570312
-1.44000002e-009 -0.003664062
-1.42000002e-009 -0.003632812
-1.40000002e-009 -0.003492187
-1.38000002e-009   -0.0033125
-1.36000002e-009 -0.003242187
-1.34000002e-009 -0.003148437
-1.32000002e-009  -0.00303125
-1.30000002e-009 -0.002828125
-1.28000002e-009 -0.002585937
-1.26000002e-009  -0.00240625
-1.24000002e-009 -0.002390625
-1.22000002e-009 -0.002578125
-1.20000002e-009     -0.00275
-1.18000002e-009  -0.00278125
-1.16000002e-009 -0.002632812
-1.14000002e-009 -0.002476562
-1.12000001e-009 -0.002367187
-1.10000001e-009 -0.002398437
-1.08000001e-009 -0.002414062
-1.06000001e-009 -0.002390625
-1.04000001e-009 -0.002460937
-1.02000001e-009 -0.002554687
-1.00000001e-009 -0.002578125
-9.80000013e-010  -0.00246875
-9.60000013e-010 -0.002484375
-9.40000013e-010 -0.002679687
-9.20000012e-010 -0.002960937
-9.00000012e-010 -0.003101562
-8.80000012e-010  -0.00296875
-8.60000011e-010     -0.00275
-8.40000011e-010 -0.002703125
-8.20000011e-010   -0.0028125
-8.00000011e-010 -0.002929687
-7.8000001e-010 -0.002992187
-7.6000001e-010 -0.003039062
-7.4000001e-010 -0.003335937
-7.2000001e-010 -0.003734375
-7.00000009e-010   -0.0039375
-6.80000009e-010  -0.00415625
-6.60000009e-010   -0.0043125
-6.40000009e-010 -0.004851562
-6.20000008e-010 -0.005851562
-6.00000008e-010 -0.007023437
-5.80000008e-010 -0.008578125
-5.60000007e-010  -0.01035156
-5.40000007e-010  -0.01282813
-5.20000007e-010  -0.01692969
-5.00000007e-010  -0.02292969
-4.80000006e-010  -0.03132813
-4.60000006e-010  -0.04164844
-4.40000006e-010  -0.05324219
-4.20000006e-010  -0.06571875
-4.00000005e-010   -0.0786875
-3.80000005e-010  -0.09148438
-3.60000005e-010   -0.1036172
-3.40000005e-010   -0.1136797
-3.20000004e-010   -0.1208203
-3.00000004e-010   -0.1250547
-2.80000004e-010   -0.1262109
-2.60000003e-010   -0.1257578
-2.40000003e-010   -0.1237813
-2.20000003e-010   -0.1205469
-2.00000003e-010   -0.1166406
-1.80000002e-010     -0.11175
-1.60000002e-010   -0.1063516
-1.40000002e-010  -0.09980469
-1.20000002e-010  -0.09172657
-1.00000001e-010  -0.08230469
-8.00000011e-011  -0.07138282
-6.00000008e-011  -0.05924219
-4.00000005e-011  -0.04598438
-2.00000003e-011  -0.03232031
           0  -0.01947656
2.00000003e-011 -0.008710938
4.00000005e-011 -0.0001796872
6.00000008e-011  0.005765626
8.00000011e-011  0.009640626
1.00000001e-010   0.01178906
1.20000002e-010      0.01225
1.40000002e-010   0.01192969
1.60000002e-010   0.01104688
1.80000002e-010   0.01007813
2.00000003e-010  0.009335938
2.20000003e-010  0.009007813
2.40000003e-010  0.009492188
2.60000003e-010     0.010625
2.80000004e-010   0.01216406
3.00000004e-010    0.0138125
3.20000004e-010   0.01523438
3.40000005e-010   0.01628906
3.60000005e-010   0.01695313
3.80000005e-010   0.01725781
4.00000005e-010   0.01726563
4.20000006e-010   0.01696875
4.40000006e-010   0.01642969
4.60000006e-010   0.01567969
4.80000006e-010   0.01482031
5.00000007e-010   0.01394531
5.20000007e-010   0.01317188
5.40000007e-010   0.01253125
5.60000007e-010   0.01213281
5.80000008e-010   0.01196875
6.00000008e-010   0.01205469
6.20000008e-010   0.01239844
6.40000009e-010   0.01277344
6.60000009e-010   0.01292188
6.80000009e-010    0.0128125
7.00000009e-010   0.01264063
7.2000001e-010   0.01264063
7.4000001e-010   0.01277344
7.6000001e-010   0.01277344
7.8000001e-010   0.01247656
8.00000011e-010   0.01204688
8.20000011e-010   0.01175781
8.40000011e-010   0.01164844
8.60000011e-010    0.0115625
8.80000012e-010   0.01151563
9.00000012e-010   0.01172656
9.20000012e-010   0.01228906
9.40000013e-010   0.01285156
9.60000013e-010   0.01314063
9.80000013e-010   0.01311719
1.00000001e-009   0.01310938
1.02000001e-009     0.013375
1.04000001e-009   0.01360156
1.06000001e-009   0.01348438
1.08000001e-009   0.01317188
1.10000001e-009    0.0130625
1.12000001e-009   0.01334375
1.14000002e-009   0.01371094
1.16000002e-009   0.01372656
1.18000002e-009   0.01351563
1.20000002e-009   0.01352344
1.22000002e-009   0.01402344
1.24000002e-009   0.01474219
1.26000002e-009      0.01525
1.28000002e-009     0.015375
1.30000002e-009   0.01533594
1.32000002e-009   0.01542969
1.34000002e-009   0.01567969
1.36000002e-009   0.01594531
1.38000002e-009   0.01603906
1.40000002e-009   0.01592188
1.42000002e-009   0.01567188
1.44000002e-009   0.01540625
1.46000002e-009   0.01522656
1.48000002e-009   0.01521094
1.50000002e-009   0.01525781
1.52000002e-009   0.01530469
1.54000002e-009    0.0151875
1.56000002e-009   0.01496094
1.58000002e-009   0.01478125
1.60000002e-009   0.01458594
1.62000002e-009   0.01432031
1.64000002e-009   0.01390625
1.66000002e-009   0.01339063
1.68000002e-009   0.01294531
1.70000002e-009   0.01272656
1.72000002e-009   0.01271875
1.74000002e-009    0.0126875
1.76000002e-009   0.01255469
1.78000002e-009   0.01232031
1.80000002e-009   0.01210938
1.82000002e-009   0.01203125
1.84000002e-009   0.01196875
1.86000002e-009    0.0119375
1.88000003e-009   0.01200781
1.90000003e-009   0.01222656
1.92000003e-009   0.01257813
1.94000003e-009   0.01279688
1.96000003e-009   0.01274219
1.98000003e-009   0.01242969
2.00000003e-009   0.01211719
2.02000003e-009        0.012
2.04000003e-009   0.01213281
2.06000003e-009   0.01233594
2.08000003e-009   0.01238281
2.10000003e-009    0.0123125
2.12000003e-009   0.01221094
2.14000003e-009   0.01217969
2.16000003e-009   0.01219531
2.18000003e-009   0.01214844
2.20000003e-009   0.01214844
2.22000003e-009   0.01215625
2.24000003e-009   0.01219531
2.26000003e-009   0.01214844
2.28000003e-009   0.01201563
2.30000003e-009   0.01188281
2.32000003e-009   0.01184375
2.34000003e-009   0.01184375
2.36000003e-009   0.01178125
2.38000003e-009   0.01158594
2.40000003e-009   0.01139063
2.42000003e-009   0.01116406
2.44000003e-009   0.01098438
2.46000003e-009   0.01078906
2.48000003e-009   0.01069531
2.50000003e-009   0.01071094
2.52000003e-009   0.01089063
2.54000003e-009   0.01104688
2.56000003e-009    0.0110625
2.58000003e-009   0.01098438
2.60000003e-009   0.01084375
2.62000003e-009   0.01077344
2.64000004e-009   0.01067969
2.66000004e-009   0.01050781
2.68000004e-009   0.01028906
2.70000004e-009      0.01025
2.72000004e-009   0.01035156
2.74000004e-009   0.01035938
2.76000004e-009   0.01014844
2.78000004e-009  0.009875001
2.80000004e-009  0.009804688
2.82000004e-009  0.009929688
2.84000004e-009  0.009968751
2.86000004e-009  0.009765626
2.88000004e-009  0.009289063
2.90000004e-009  0.009023438
2.92000004e-009  0.009164063
2.94000004e-009  0.009492188
2.96000004e-009  0.009664063
2.98000004e-009  0.009640626
3.00000004e-009  0.009414063
3.02000004e-009  0.009226563
3.04000004e-009  0.009140626
3.06000004e-009  0.009046876
3.08000004e-009  0.009015626
3.10000004e-009  0.009039063
3.12000004e-009  0.009070313
3.14000004e-009  0.008968751
3.16000004e-009  0.008843751
3.18000004e-009  0.008765626
3.20000004e-009  0.008820313
3.22000004e-009  0.008867188
3.24000004e-009  0.008750001
3.26000004e-009  0.008523438
3.28000004e-009  0.008367188
3.30000004e-009  0.008375001
3.32000004e-009  0.008500001
3.34000004e-009  0.008507813
3.36000004e-009  0.008429688
3.38000005e-009  0.008304688
3.40000005e-009  0.008210938
3.42000005e-009  0.008039063
3.44000005e-009  0.007859376
3.46000005e-009  0.007742188
3.48000005e-009  0.007765626
3.50000005e-009  0.007773438
3.52000005e-009  0.007632813
3.54000005e-009  0.007359376
3.56000005e-009  0.007085938
3.58000005e-009  0.007015626
3.60000005e-009  0.007023438
3.62000005e-009  0.007046876
3.64000005e-009  0.006992188
3.66000005e-009  0.006937501
3.68000005e-009  0.007023438
3.70000005e-009  0.007070313
3.72000005e-009  0.007093751
3.74000005e-009  0.007093751
3.76000005e-009  0.007023438
3.78000005e-009  0.006929688
3.80000005e-009  0.006726563
3.82000005e-009  0.006351563
3.84000005e-009  0.005960938
3.86000005e-009  0.005750001
3.88000005e-009  0.005867188
3.90000005e-009  0.006171876
3.92000005e-009  0.006492188
3.94000005e-009  0.006671876
3.96000005e-009  0.006703126
3.98000005e-009  0.006726563
4.00000005e-009  0.006828126
4.02000005e-009  0.007054688
4.04000005e-009  0.007218751
4.06000005e-009  0.007171876
4.08000005e-009  0.006937501
4.10000005e-009  0.006742188
4.12000006e-009  0.006726563
4.14000006e-009  0.006750001
4.16000006e-009  0.006640626
4.18000006e-009  0.006351563
4.20000006e-009  0.006023438
4.22000006e-009  0.005890626
4.24000006e-009  0.005921876
4.26000006e-009  0.005898438
4.28000006e-009  0.005773438
4.30000006e-009  0.005593751
4.32000006e-009  0.005539063
4.34000006e-009  0.005648438
4.36000006e-009  0.005796876
4.38000006e-009  0.005812501
4.40000006e-009  0.005687501
4.42000006e-009  0.005507813
4.44000006e-009  0.005398438
4.46000006e-009  0.005398438
4.48000006e-009  0.005453126
4.50000006e-009  0.005437501
4.52000006e-009  0.005335938
4.54000006e-009  0.005414063
4.56000006e-009  0.005585938
4.58000006e-009  0.005695313
4.60000006e-009  0.005632813
4.62000006e-009  0.005500001
4.64000006e-009  0.005398438
4.66000006e-009  0.005351563
4.68000006e-009  0.005367188
4.70000006e-009  0.005382813
4.72000006e-009  0.005476563
4.74000006e-009  0.005562501
4.76000006e-009  0.005578126
4.78000006e-009  0.005562501
4.80000006e-009  0.005562501
4.82000006e-009  0.005640626
4.84000006e-009  0.005703126
4.86000006e-009  0.005695313
4.88000007e-009  0.005617188
4.90000007e-009  0.005609376
4.92000007e-009  0.005632813
4.94000007e-009  0.005601563
4.96000007e-009  0.005515626
4.98000007e-009  0.005460938
5.00000007e-009  0.005500001
