-2.49000003e-009 -0.008757813
-2.48000003e-009 -0.008695313
-2.47000003e-009 -0.008570313
-2.46000003e-009 -0.008453125
-2.45000003e-009 -0.008296875
-2.44000003e-009 -0.008195313
-2.43000003e-009  -0.00821875
-2.42000003e-009 -0.008320313
-2.41000003e-009      -0.0085
-2.40000003e-009 -0.008710938
-2.39000003e-009 -0.008859375
-2.38000003e-009 -0.008921875
-2.37000003e-009 -0.008921875
-2.36000003e-009  -0.00878125
-2.35000003e-009 -0.008554688
-2.34000003e-009 -0.008335938
-2.33000003e-009    -0.008125
-2.32000003e-009 -0.007992188
-2.31000003e-009 -0.007976563
-2.30000003e-009 -0.008039063
-2.29000003e-009 -0.008148438
-2.28000003e-009 -0.008273438
-2.27000003e-009 -0.008390625
-2.26000003e-009  -0.00840625
-2.25000003e-009 -0.008359375
-2.24000003e-009  -0.00828125
-2.23000003e-009  -0.00815625
-2.22000003e-009 -0.008007813
-2.21000003e-009 -0.007921875
-2.20000003e-009 -0.007859375
-2.19000003e-009 -0.007820313
-2.18000003e-009 -0.007789063
-2.17000003e-009 -0.007757813
-2.16000003e-009 -0.007710938
-2.15000003e-009 -0.007609375
-2.14000003e-009 -0.007523438
-2.13000003e-009 -0.007414063
-2.12000003e-009   -0.0073125
-2.11000003e-009 -0.007273437
-2.10000003e-009 -0.007289062
-2.09000003e-009 -0.007390625
-2.08000003e-009 -0.007484375
-2.07000003e-009    -0.007625
-2.06000003e-009 -0.007726563
-2.05000003e-009     -0.00775
-2.04000003e-009 -0.007757813
-2.03000003e-009 -0.007742188
-2.02000003e-009    -0.007625
-2.01000003e-009 -0.007546875
-2.00000003e-009  -0.00746875
-1.99000003e-009 -0.007367188
-1.98000003e-009 -0.007328125
-1.97000003e-009 -0.007265625
-1.96000003e-009 -0.007203125
-1.95000003e-009 -0.007101562
-1.94000003e-009 -0.006984375
-1.93000003e-009   -0.0068125
-1.92000003e-009 -0.006609375
-1.91000003e-009 -0.006414062
-1.90000003e-009   -0.0063125
-1.89000003e-009 -0.006203125
-1.88000003e-009 -0.006179687
-1.87000002e-009 -0.006195312
-1.86000002e-009 -0.006265625
-1.85000002e-009 -0.006351562
-1.84000002e-009 -0.006382812
-1.83000002e-009 -0.006367187
-1.82000002e-009 -0.006304687
-1.81000002e-009 -0.006171875
-1.80000002e-009 -0.006015625
-1.79000002e-009  -0.00584375
-1.78000002e-009 -0.005710937
-1.77000002e-009 -0.005609375
-1.76000002e-009 -0.005539062
-1.75000002e-009 -0.005507812
-1.74000002e-009 -0.005429687
-1.73000002e-009  -0.00534375
-1.72000002e-009 -0.005226562
-1.71000002e-009  -0.00509375
-1.70000002e-009 -0.004914062
-1.69000002e-009 -0.004765625
-1.68000002e-009 -0.004648437
-1.67000002e-009   -0.0045625
-1.66000002e-009 -0.004523437
-1.65000002e-009 -0.004484375
-1.64000002e-009 -0.004484375
-1.63000002e-009 -0.004460937
-1.62000002e-009 -0.004460937
-1.61000002e-009 -0.004421875
-1.60000002e-009 -0.004328125
-1.59000002e-009 -0.004289062
-1.58000002e-009 -0.004179687
-1.57000002e-009   -0.0040625
-1.56000002e-009 -0.003960937
-1.55000002e-009 -0.003851562
-1.54000002e-009     -0.00375
-1.53000002e-009 -0.003695312
-1.52000002e-009 -0.003671875
-1.51000002e-009  -0.00365625
-1.50000002e-009 -0.003679687
-1.49000002e-009  -0.00371875
-1.48000002e-009 -0.003757812
-1.47000002e-009 -0.003789062
-1.46000002e-009 -0.003796875
-1.45000002e-009     -0.00375
-1.44000002e-009 -0.003695312
-1.43000002e-009    -0.003625
-1.42000002e-009 -0.003515625
-1.41000002e-009 -0.003460937
-1.40000002e-009 -0.003398437
-1.39000002e-009 -0.003328125
-1.38000002e-009  -0.00328125
-1.37000002e-009 -0.003195312
-1.36000002e-009 -0.003085937
-1.35000002e-009 -0.002984375
-1.34000002e-009 -0.002851562
-1.33000002e-009 -0.002742187
-1.32000002e-009 -0.002617187
-1.31000002e-009   -0.0025625
-1.30000002e-009 -0.002578125
-1.29000002e-009 -0.002570312
-1.28000002e-009   -0.0026875
-1.27000002e-009 -0.002796875
-1.26000002e-009 -0.002953125
-1.25000002e-009  -0.00309375
-1.24000002e-009  -0.00315625
-1.23000002e-009  -0.00321875
-1.22000002e-009 -0.003179687
-1.21000002e-009 -0.003109375
-1.20000002e-009 -0.003039062
-1.19000002e-009 -0.002914062
-1.18000002e-009 -0.002828125
-1.17000002e-009     -0.00275
-1.16000002e-009 -0.002742187
-1.15000002e-009 -0.002757812
-1.14000002e-009 -0.002789062
-1.13000002e-009 -0.002828125
-1.12000001e-009   -0.0028125
-1.11000001e-009 -0.002789062
-1.10000001e-009 -0.002757812
-1.09000001e-009 -0.002671875
-1.08000001e-009 -0.002609375
-1.07000001e-009 -0.002570312
-1.06000001e-009 -0.002539062
-1.05000001e-009 -0.002523437
-1.04000001e-009   -0.0025625
-1.03000001e-009 -0.002570312
-1.02000001e-009   -0.0025625
-1.01000001e-009 -0.002515625
-1.00000001e-009 -0.002492187
-9.90000013e-010 -0.002421875
-9.80000013e-010    -0.002375
-9.70000013e-010 -0.002398437
-9.60000013e-010 -0.002460937
-9.50000013e-010      -0.0025
-9.40000013e-010    -0.002625
-9.30000012e-010 -0.002703125
-9.20000012e-010 -0.002757812
-9.10000012e-010 -0.002796875
-9.00000012e-010   -0.0028125
-8.90000012e-010 -0.002789062
-8.80000012e-010 -0.002820312
-8.70000012e-010  -0.00284375
-8.60000011e-010 -0.002898437
-8.50000011e-010 -0.002984375
-8.40000011e-010  -0.00309375
-8.30000011e-010 -0.003210937
-8.20000011e-010 -0.003265625
-8.10000011e-010 -0.003320312
-8.00000011e-010  -0.00328125
-7.90000011e-010 -0.003265625
-7.8000001e-010 -0.003179687
-7.7000001e-010 -0.003171875
-7.6000001e-010 -0.003132812
-7.5000001e-010 -0.003140625
-7.4000001e-010  -0.00321875
-7.3000001e-010   -0.0033125
-7.2000001e-010 -0.003460937
-7.10000009e-010 -0.003632812
-7.00000009e-010 -0.003796875
-6.90000009e-010       -0.004
-6.80000009e-010 -0.004242187
-6.70000009e-010 -0.004492187
-6.60000009e-010     -0.00475
-6.50000009e-010 -0.005054687
-6.40000009e-010 -0.005359375
-6.30000008e-010 -0.005734375
-6.20000008e-010 -0.006203125
-6.10000008e-010 -0.006726562
-6.00000008e-010  -0.00740625
-5.90000008e-010 -0.008234375
-5.80000008e-010 -0.009296875
-5.70000008e-010  -0.01065625
-5.60000007e-010  -0.01225781
-5.50000007e-010  -0.01410938
-5.40000007e-010  -0.01632813
-5.30000007e-010  -0.01889063
-5.20000007e-010   -0.0219375
-5.10000007e-010  -0.02542969
-5.00000007e-010   -0.0294375
-4.90000007e-010       -0.034
-4.80000006e-010  -0.03909375
-4.70000006e-010  -0.04471875
-4.60000006e-010  -0.05078906
-4.50000006e-010  -0.05720313
-4.40000006e-010  -0.06390625
-4.30000006e-010  -0.07071875
-4.20000006e-010  -0.07763282
-4.10000005e-010  -0.08446094
-4.00000005e-010  -0.09116407
-3.90000005e-010  -0.09760938
-3.80000005e-010   -0.1036797
-3.70000005e-010   -0.1091953
-3.60000005e-010   -0.1141016
-3.50000005e-010   -0.1182969
-3.40000005e-010     -0.12175
-3.30000004e-010   -0.1243203
-3.20000004e-010   -0.1261172
-3.10000004e-010   -0.1271719
-3.00000004e-010   -0.1276484
-2.90000004e-010   -0.1275391
-2.80000004e-010   -0.1269063
-2.70000004e-010   -0.1258203
-2.60000003e-010   -0.1244219
-2.50000003e-010   -0.1228516
-2.40000003e-010   -0.1210625
-2.30000003e-010   -0.1191172
-2.20000003e-010   -0.1170156
-2.10000003e-010   -0.1148594
-2.00000003e-010   -0.1125781
-1.90000003e-010   -0.1102188
-1.80000002e-010   -0.1075703
-1.70000002e-010   -0.1046094
-1.60000002e-010   -0.1014141
-1.50000002e-010  -0.09792188
-1.40000002e-010  -0.09403125
-1.30000002e-010  -0.08976563
-1.20000002e-010  -0.08511719
-1.10000001e-010  -0.08003907
-1.00000001e-010  -0.07458594
-9.00000012e-011  -0.06872657
-8.00000011e-011  -0.06246094
-7.00000009e-011    -0.055875
-6.00000008e-011  -0.04896875
-5.00000007e-011  -0.04199219
-4.00000005e-011  -0.03508594
-3.00000004e-011    -0.028375
-2.00000003e-011  -0.02196094
-1.00000001e-011  -0.01596875
           0  -0.01048438
1.00000001e-011 -0.005617187
2.00000003e-011 -0.001328125
3.00000004e-011  0.002328125
4.00000005e-011  0.005421876
5.00000007e-011  0.007921876
6.00000008e-011  0.009882813
7.00000009e-011   0.01125781
8.00000011e-011     0.012125
9.00000012e-011   0.01255469
1.00000001e-010   0.01263281
1.10000001e-010   0.01236719
1.20000002e-010   0.01185156
1.30000002e-010   0.01116406
1.40000002e-010    0.0104375
1.50000002e-010  0.009656251
1.60000002e-010  0.009007813
1.70000002e-010  0.008453126
1.80000002e-010  0.008039063
1.90000003e-010  0.007875001
2.00000003e-010  0.007906251
2.10000003e-010  0.008117188
2.20000003e-010  0.008476563
2.30000003e-010  0.009054688
2.40000003e-010  0.009796876
2.50000003e-010   0.01061719
2.60000003e-010   0.01154688
2.70000004e-010   0.01253906
2.80000004e-010   0.01361719
2.90000004e-010   0.01466406
3.00000004e-010   0.01564063
3.10000004e-010   0.01655469
3.20000004e-010    0.0173125
3.30000004e-010   0.01788281
3.40000005e-010   0.01828906
3.50000005e-010   0.01848438
3.60000005e-010   0.01848438
3.70000005e-010     0.018375
3.80000005e-010   0.01814844
3.90000005e-010   0.01782031
4.00000005e-010   0.01745313
4.10000005e-010   0.01707031
4.20000006e-010   0.01664844
4.30000006e-010   0.01619531
4.40000006e-010   0.01572656
4.50000006e-010   0.01524219
4.60000006e-010   0.01478125
4.70000006e-010   0.01434375
4.80000006e-010   0.01394531
4.90000007e-010   0.01364063
5.00000007e-010     0.013375
5.10000007e-010   0.01320313
5.20000007e-010   0.01308594
5.30000007e-010   0.01298438
5.40000007e-010   0.01292188
5.50000007e-010   0.01285156
5.60000007e-010   0.01278906
5.70000008e-010   0.01273438
5.80000008e-010   0.01274219
5.90000008e-010   0.01285938
6.00000008e-010   0.01303906
6.10000008e-010    0.0133125
6.20000008e-010   0.01360156
6.30000008e-010   0.01394531
6.40000009e-010   0.01417188
6.50000009e-010    0.0143125
6.60000009e-010   0.01427344
6.70000009e-010   0.01407031
6.80000009e-010   0.01375781
6.90000009e-010   0.01335938
7.00000009e-010    0.0129375
7.10000009e-010    0.0125625
7.2000001e-010   0.01226563
7.3000001e-010   0.01203125
7.4000001e-010   0.01182813
7.5000001e-010   0.01163281
7.6000001e-010   0.01144531
7.7000001e-010   0.01120313
7.8000001e-010   0.01096094
7.90000011e-010   0.01078125
8.00000011e-010    0.0106875
8.10000011e-010   0.01069531
8.20000011e-010    0.0108125
8.30000011e-010   0.01102344
8.40000011e-010   0.01128906
8.50000011e-010   0.01153125
8.60000011e-010   0.01174219
8.70000012e-010    0.0119375
8.80000012e-010   0.01200781
8.90000012e-010   0.01210156
9.00000012e-010   0.01221094
9.10000012e-010   0.01232813
9.20000012e-010   0.01246875
9.30000012e-010   0.01267188
9.40000013e-010   0.01286719
9.50000013e-010   0.01302344
9.60000013e-010   0.01310156
9.70000013e-010    0.0131875
9.80000013e-010   0.01315625
9.90000013e-010     0.013125
1.00000001e-009   0.01308594
1.01000001e-009   0.01313281
1.02000001e-009   0.01317969
1.03000001e-009   0.01328906
1.04000001e-009   0.01336719
1.05000001e-009   0.01345313
1.06000001e-009   0.01349219
1.07000001e-009   0.01347656
1.08000001e-009   0.01341406
1.09000001e-009   0.01334375
1.10000001e-009   0.01326563
1.11000001e-009   0.01322656
1.12000001e-009   0.01324219
1.13000002e-009   0.01332813
1.14000002e-009   0.01346094
1.15000002e-009   0.01363281
1.16000002e-009   0.01379688
1.17000002e-009   0.01391406
1.18000002e-009   0.01400781
1.19000002e-009     0.014125
1.20000002e-009   0.01424219
1.21000002e-009   0.01436719
1.22000002e-009   0.01453125
1.23000002e-009   0.01475781
1.24000002e-009   0.01499219
1.25000002e-009      0.01525
1.26000002e-009   0.01542188
1.27000002e-009   0.01553125
1.28000002e-009   0.01557031
1.29000002e-009   0.01550781
1.30000002e-009   0.01544531
1.31000002e-009   0.01532031
1.32000002e-009   0.01528125
1.33000002e-009   0.01528906
1.34000002e-009   0.01534375
1.35000002e-009   0.01542969
1.36000002e-009   0.01554688
1.37000002e-009   0.01559375
1.38000002e-009   0.01559375
1.39000002e-009   0.01554688
1.40000002e-009   0.01549219
1.41000002e-009   0.01539844
1.42000002e-009   0.01536719
1.43000002e-009   0.01535156
1.44000002e-009   0.01542969
1.45000002e-009       0.0155
1.46000002e-009   0.01558594
1.47000002e-009   0.01565625
1.48000002e-009   0.01560938
1.49000002e-009   0.01557031
1.50000002e-009   0.01546875
1.51000002e-009   0.01535156
1.52000002e-009   0.01521094
1.53000002e-009   0.01510156
1.54000002e-009   0.01497656
1.55000002e-009   0.01480469
1.56000002e-009   0.01464063
1.57000002e-009   0.01439844
1.58000002e-009   0.01409375
1.59000002e-009   0.01377344
1.60000002e-009       0.0135
1.61000002e-009   0.01328906
1.62000002e-009   0.01316406
1.63000002e-009   0.01313281
1.64000002e-009   0.01317969
1.65000002e-009   0.01328125
1.66000002e-009   0.01340625
1.67000002e-009       0.0135
1.68000002e-009   0.01347656
1.69000002e-009   0.01340625
1.70000002e-009   0.01322656
1.71000002e-009   0.01305469
1.72000002e-009   0.01289844
1.73000002e-009   0.01275781
1.74000002e-009    0.0126875
1.75000002e-009   0.01264063
1.76000002e-009   0.01267188
1.77000002e-009   0.01269531
1.78000002e-009   0.01273438
1.79000002e-009   0.01271875
1.80000002e-009   0.01271875
1.81000002e-009   0.01267188
1.82000002e-009   0.01260938
1.83000002e-009   0.01252344
1.84000002e-009    0.0124375
1.85000002e-009   0.01239063
1.86000002e-009   0.01228125
1.87000002e-009   0.01225781
1.88000003e-009   0.01221875
1.89000003e-009   0.01221094
1.90000003e-009   0.01221875
1.91000003e-009   0.01227344
1.92000003e-009    0.0123125
1.93000003e-009   0.01239844
1.94000003e-009   0.01246875
1.95000003e-009   0.01251563
1.96000003e-009   0.01254688
1.97000003e-009   0.01257031
1.98000003e-009   0.01253906
1.99000003e-009   0.01249219
2.00000003e-009   0.01246875
2.01000003e-009   0.01239063
2.02000003e-009   0.01233594
2.03000003e-009   0.01228125
2.04000003e-009   0.01222656
2.05000003e-009    0.0121875
2.06000003e-009   0.01216406
2.07000003e-009   0.01211719
2.08000003e-009   0.01210156
2.09000003e-009    0.0120625
2.10000003e-009   0.01201563
2.11000003e-009   0.01190625
2.12000003e-009   0.01182813
2.13000003e-009   0.01174219
2.14000003e-009   0.01166406
2.15000003e-009   0.01163281
2.16000003e-009   0.01167188
2.17000003e-009      0.01175
2.18000003e-009   0.01182813
2.19000003e-009   0.01192969
2.20000003e-009   0.01203906
2.21000003e-009   0.01211719
2.22000003e-009   0.01214844
2.23000003e-009   0.01215625
2.24000003e-009   0.01210156
2.25000003e-009   0.01199219
2.26000003e-009   0.01189844
2.27000003e-009   0.01182813
2.28000003e-009   0.01176563
2.29000003e-009   0.01171875
2.30000003e-009   0.01170313
2.31000003e-009   0.01171094
2.32000003e-009    0.0116875
2.33000003e-009   0.01164844
2.34000003e-009   0.01164844
2.35000003e-009   0.01157031
2.36000003e-009   0.01148438
2.37000003e-009     0.011375
2.38000003e-009   0.01133594
2.39000003e-009      0.01125
2.40000003e-009   0.01120313
2.41000003e-009   0.01117969
2.42000003e-009   0.01114844
2.43000003e-009   0.01114063
2.44000003e-009   0.01113281
2.45000003e-009   0.01114844
2.46000003e-009   0.01114063
2.47000003e-009   0.01111719
2.48000003e-009   0.01104688
2.49000003e-009        0.011
2.50000003e-009   0.01088281
