-4.98000007e-009 -0.0006328122
-4.96000007e-009 -0.0007968747
-4.94000007e-009 -0.0007890622
-4.92000007e-009 -0.0006015622
-4.90000007e-009 -0.0003749997
-4.88000007e-009 -0.0001640622
-4.86000006e-009 -0.0001953122
-4.84000006e-009 -0.0003281247
-4.82000006e-009 -0.0004765622
-4.80000006e-009 -0.0005312497
-4.78000006e-009 -0.0004296872
-4.76000006e-009 -0.0003359372
-4.74000006e-009 -0.0003437497
-4.72000006e-009 -0.0005312497
-4.70000006e-009 -0.0006718747
-4.68000006e-009 -0.0007421872
-4.66000006e-009 -0.0006874997
-4.64000006e-009 -0.0005703122
-4.62000006e-009 -0.0004062497
-4.60000006e-009 -0.0002421872
-4.58000006e-009 -0.0001015622
-4.56000006e-009 -5.468715e-005
-4.54000006e-009 -0.0001328122
-4.52000006e-009 -0.0001484372
-4.50000006e-009 -0.0001171872
-4.48000006e-009 5.468785e-005
-4.46000006e-009 0.0001328129
-4.44000006e-009 2.343785e-005
-4.42000006e-009 -0.0002031247
-4.40000006e-009 -0.0003593747
-4.38000006e-009 -0.0002968747
-4.36000006e-009 -8.593715e-005
-4.34000006e-009 1.562535e-005
-4.32000006e-009 -0.0001562497
-4.30000006e-009 -0.0005078122
-4.28000006e-009 -0.0006640622
-4.26000006e-009 -0.0006562497
-4.24000006e-009 -0.0004062497
-4.22000006e-009 -0.0002656247
-4.20000006e-009 -0.0002968747
-4.18000006e-009 -0.0004374997
-4.16000006e-009 -0.0005546872
-4.14000006e-009 -0.0005937497
-4.12000006e-009 -0.0005156247
-4.10000005e-009 -0.0003359372
-4.08000005e-009 -0.0001328122
-4.06000005e-009 4.687535e-005
-4.04000005e-009 0.0001640629
-4.02000005e-009 0.0001250004
-4.00000005e-009 -5.468715e-005
-3.98000005e-009 -0.0002734372
-3.96000005e-009 -0.0004296872
-3.94000005e-009 -0.0004609372
-3.92000005e-009 -0.0004296872
-3.90000005e-009 -0.0004296872
-3.88000005e-009 -0.0004999997
-3.86000005e-009 -0.0005546872
-3.84000005e-009 -0.0004843747
-3.82000005e-009 -0.0003671872
-3.80000005e-009 -0.0003437497
-3.78000005e-009 -0.0003671872
-3.76000005e-009 -0.0004296872
-3.74000005e-009 -0.0003593747
-3.72000005e-009 -0.0002578122
-3.70000005e-009 -0.0002968747
-3.68000005e-009 -0.0004609372
-3.66000005e-009 -0.0006640622
-3.64000005e-009 -0.0007265622
-3.62000005e-009 -0.0006015622
-3.60000005e-009 -0.0004374997
-3.58000005e-009 -0.0002578122
-3.56000005e-009 -0.0002343747
-3.54000005e-009 -0.0002343747
-3.52000005e-009 -0.0003515622
-3.50000005e-009 -0.0005234372
-3.48000005e-009 -0.0007343747
-3.46000005e-009 -0.0008671872
-3.44000005e-009 -0.0009062497
-3.42000005e-009 -0.0008828122
-3.40000005e-009 -0.0008984372
-3.38000005e-009   -0.0010625
-3.36000004e-009     -0.00125
-3.34000004e-009 -0.001453125
-3.32000004e-009 -0.001648437
-3.30000004e-009 -0.001710937
-3.28000004e-009 -0.001757812
-3.26000004e-009 -0.001976562
-3.24000004e-009 -0.002390625
-3.22000004e-009 -0.002921875
-3.20000004e-009     -0.00325
-3.18000004e-009   -0.0034375
-3.16000004e-009 -0.003632812
-3.14000004e-009 -0.003953125
-3.12000004e-009  -0.00440625
-3.10000004e-009 -0.004835937
-3.08000004e-009 -0.005195312
-3.06000004e-009 -0.005476562
-3.04000004e-009 -0.005664062
-3.02000004e-009 -0.005851562
-3.00000004e-009 -0.006085937
-2.98000004e-009 -0.006382812
-2.96000004e-009 -0.006742187
-2.94000004e-009 -0.007164062
-2.92000004e-009 -0.007484375
-2.90000004e-009 -0.007710938
-2.88000004e-009 -0.007773438
-2.86000004e-009    -0.007875
-2.84000004e-009   -0.0080625
-2.82000004e-009 -0.008445313
-2.80000004e-009 -0.008804688
-2.78000004e-009 -0.009046875
-2.76000004e-009 -0.009085938
-2.74000004e-009 -0.009007813
-2.72000004e-009   -0.0089375
-2.70000004e-009 -0.009132813
-2.68000004e-009 -0.009523438
-2.66000004e-009 -0.009890625
-2.64000004e-009  -0.00996875
-2.62000003e-009 -0.009804688
-2.60000003e-009 -0.009484375
-2.58000003e-009 -0.009351563
-2.56000003e-009 -0.009445313
-2.54000003e-009 -0.009570313
-2.52000003e-009 -0.009578125
-2.50000003e-009 -0.009507813
-2.48000003e-009      -0.0095
-2.46000003e-009  -0.00965625
-2.44000003e-009 -0.009765625
-2.42000003e-009 -0.009773438
-2.40000003e-009 -0.009695313
-2.38000003e-009  -0.00971875
-2.36000003e-009 -0.009851563
-2.34000003e-009 -0.009859375
-2.32000003e-009 -0.009820313
-2.30000003e-009 -0.009671875
-2.28000003e-009  -0.00953125
-2.26000003e-009 -0.009351563
-2.24000003e-009    -0.009125
-2.22000003e-009 -0.009039063
-2.20000003e-009 -0.009101563
-2.18000003e-009 -0.009210938
-2.16000003e-009 -0.009140625
-2.14000003e-009  -0.00884375
-2.12000003e-009 -0.008492188
-2.10000003e-009 -0.008289063
-2.08000003e-009 -0.008273438
-2.06000003e-009 -0.008335938
-2.04000003e-009 -0.008195313
-2.02000003e-009 -0.007914063
-2.00000003e-009 -0.007734375
-1.98000003e-009 -0.007695313
-1.96000003e-009 -0.007757813
-1.94000003e-009 -0.007679688
-1.92000003e-009  -0.00740625
-1.90000003e-009 -0.007171875
-1.88000003e-009 -0.007015625
-1.86000002e-009 -0.006898437
-1.84000002e-009 -0.006726562
-1.82000002e-009 -0.006421875
-1.80000002e-009 -0.006195312
-1.78000002e-009    -0.006125
-1.76000002e-009 -0.006140625
-1.74000002e-009 -0.006179687
-1.72000002e-009   -0.0060625
-1.70000002e-009 -0.005851562
-1.68000002e-009 -0.005507812
-1.66000002e-009 -0.005148437
-1.64000002e-009    -0.004875
-1.62000002e-009 -0.004679687
-1.60000002e-009   -0.0046875
-1.58000002e-009 -0.004679687
-1.56000002e-009 -0.004492187
-1.54000002e-009 -0.004054687
-1.52000002e-009   -0.0036875
-1.50000002e-009 -0.003578125
-1.48000002e-009 -0.003789062
-1.46000002e-009 -0.003960937
-1.44000002e-009 -0.003867187
-1.42000002e-009 -0.003648437
-1.40000002e-009 -0.003460937
-1.38000002e-009 -0.003492187
-1.36000002e-009 -0.003515625
-1.34000002e-009    -0.003375
-1.32000002e-009  -0.00303125
-1.30000002e-009 -0.002742187
-1.28000002e-009   -0.0026875
-1.26000002e-009 -0.002867187
-1.24000002e-009 -0.003015625
-1.22000002e-009       -0.003
-1.20000002e-009 -0.002796875
-1.18000002e-009   -0.0025625
-1.16000002e-009  -0.00246875
-1.14000002e-009 -0.002523437
-1.12000001e-009 -0.002664062
-1.10000001e-009  -0.00284375
-1.08000001e-009 -0.002929687
-1.06000001e-009 -0.002976562
-1.04000001e-009  -0.00296875
-1.02000001e-009 -0.002859375
-1.00000001e-009 -0.002789062
-9.80000013e-010 -0.002804687
-9.60000013e-010 -0.002921875
-9.40000013e-010 -0.003085937
-9.20000012e-010 -0.003203125
-9.00000012e-010 -0.003164062
-8.80000012e-010 -0.003164062
-8.60000011e-010 -0.003203125
-8.40000011e-010 -0.003265625
-8.20000011e-010 -0.003328125
-8.00000011e-010 -0.003335937
-7.8000001e-010 -0.003414062
-7.6000001e-010 -0.003601562
-7.4000001e-010 -0.003882812
-7.2000001e-010 -0.004195312
-7.00000009e-010 -0.004578125
-6.80000009e-010 -0.005179687
-6.60000009e-010 -0.005757812
-6.40000009e-010 -0.006445312
-6.20000008e-010 -0.007453125
-6.00000008e-010 -0.009101563
-5.80000008e-010  -0.01203906
-5.60000007e-010  -0.01609375
-5.40000007e-010  -0.02160156
-5.20000007e-010  -0.02894531
-5.00000007e-010  -0.03848438
-4.80000006e-010  -0.05061719
-4.60000006e-010  -0.06508594
-4.40000006e-010  -0.08121875
-4.20000006e-010  -0.09807813
-4.00000005e-010   -0.1144375
-3.80000005e-010   -0.1288906
-3.60000005e-010   -0.1407422
-3.40000005e-010   -0.1490313
-3.20000004e-010   -0.1536406
-3.00000004e-010   -0.1549766
-2.80000004e-010   -0.1535469
-2.60000003e-010   -0.1509766
-2.40000003e-010   -0.1472656
-2.20000003e-010   -0.1428516
-2.00000003e-010   -0.1379063
-1.80000002e-010   -0.1319063
-1.60000002e-010   -0.1249297
-1.40000002e-010   -0.1156719
-1.20000002e-010   -0.1037656
-1.00000001e-010  -0.08971094
-8.00000011e-011  -0.07410938
-6.00000008e-011  -0.05775781
-4.00000005e-011  -0.04135938
-2.00000003e-011  -0.02578906
           0  -0.01239844
2.00000003e-011 -0.001921875
4.00000005e-011  0.005695313
6.00000008e-011   0.01053906
8.00000011e-011   0.01296094
1.00000001e-010     0.013375
1.20000002e-010   0.01247656
1.40000002e-010     0.011625
1.60000002e-010   0.01097656
1.80000002e-010   0.01066406
2.00000003e-010   0.01063281
2.20000003e-010   0.01108594
2.40000003e-010   0.01238281
2.60000003e-010      0.01425
2.80000004e-010    0.0163125
3.00000004e-010   0.01823438
3.20000004e-010   0.01970313
3.40000005e-010   0.02060938
3.60000005e-010   0.02078125
3.80000005e-010   0.02028906
4.00000005e-010   0.01948438
4.20000006e-010    0.0186875
4.40000006e-010   0.01808594
4.60000006e-010   0.01759375
4.80000006e-010   0.01689844
5.00000007e-010   0.01614844
5.20000007e-010   0.01548438
5.40000007e-010   0.01521094
5.60000007e-010   0.01508594
5.80000008e-010   0.01501563
6.00000008e-010   0.01489844
6.20000008e-010   0.01471094
6.40000009e-010   0.01460156
6.60000009e-010   0.01453906
6.80000009e-010      0.01425
7.00000009e-010   0.01379688
7.2000001e-010   0.01347656
7.4000001e-010   0.01349219
7.6000001e-010   0.01385938
7.8000001e-010   0.01414063
8.00000011e-010   0.01404688
8.20000011e-010     0.013875
8.40000011e-010   0.01400781
8.60000011e-010   0.01459375
8.80000012e-010   0.01521875
9.00000012e-010   0.01546094
9.20000012e-010   0.01528125
9.40000013e-010   0.01509375
9.60000013e-010   0.01519531
9.80000013e-010   0.01561719
1.00000001e-009   0.01603125
1.02000001e-009   0.01627344
1.04000001e-009   0.01628125
1.06000001e-009      0.01625
1.08000001e-009   0.01620313
1.10000001e-009   0.01622656
1.12000001e-009   0.01628906
1.14000002e-009   0.01636719
1.16000002e-009   0.01653125
1.18000002e-009   0.01676563
1.20000002e-009   0.01700781
1.22000002e-009   0.01730469
1.24000002e-009   0.01757813
1.26000002e-009    0.0178125
1.28000002e-009   0.01800781
1.30000002e-009   0.01815625
1.32000002e-009   0.01833594
1.34000002e-009   0.01859375
1.36000002e-009   0.01883594
1.38000002e-009   0.01901563
1.40000002e-009   0.01905469
1.42000002e-009   0.01882813
1.44000002e-009   0.01853906
1.46000002e-009   0.01827344
1.48000002e-009   0.01807031
1.50000002e-009   0.01785156
1.52000002e-009   0.01750781
1.54000002e-009     0.017125
1.56000002e-009   0.01686719
1.58000002e-009   0.01674219
1.60000002e-009    0.0166875
1.62000002e-009   0.01642188
1.64000002e-009   0.01617969
1.66000002e-009   0.01605469
1.68000002e-009   0.01615625
1.70000002e-009   0.01628906
1.72000002e-009   0.01616406
1.74000002e-009   0.01578906
1.76000002e-009   0.01540625
1.78000002e-009   0.01527344
1.80000002e-009   0.01542969
1.82000002e-009   0.01555469
1.84000002e-009   0.01542969
1.86000002e-009   0.01517188
1.88000003e-009   0.01501563
1.90000003e-009   0.01517969
1.92000003e-009   0.01539063
1.94000003e-009   0.01544531
1.96000003e-009   0.01532813
1.98000003e-009    0.0151875
2.00000003e-009   0.01509375
2.02000003e-009   0.01504688
2.04000003e-009   0.01513281
2.06000003e-009   0.01521094
2.08000003e-009   0.01525781
2.10000003e-009   0.01510938
2.12000003e-009   0.01485938
2.14000003e-009   0.01459375
2.16000003e-009   0.01450781
2.18000003e-009   0.01457813
2.20000003e-009   0.01471875
2.22000003e-009   0.01477344
2.24000003e-009   0.01473438
2.26000003e-009   0.01463281
2.28000003e-009   0.01446875
2.30000003e-009   0.01432813
2.32000003e-009   0.01417969
2.34000003e-009   0.01399219
2.36000003e-009   0.01394531
2.38000003e-009   0.01392969
2.40000003e-009   0.01390625
2.42000003e-009   0.01373438
2.44000003e-009   0.01342969
2.46000003e-009   0.01319531
2.48000003e-009   0.01304688
2.50000003e-009   0.01297656
2.52000003e-009     0.012875
2.54000003e-009      0.01275
2.56000003e-009      0.01275
2.58000003e-009   0.01286719
2.60000003e-009   0.01302344
2.62000003e-009   0.01307813
2.64000004e-009   0.01310156
2.66000004e-009   0.01310156
2.68000004e-009   0.01292188
2.70000004e-009   0.01264063
2.72000004e-009   0.01235156
2.74000004e-009   0.01220313
2.76000004e-009   0.01223438
2.78000004e-009   0.01222656
2.80000004e-009   0.01203125
2.82000004e-009   0.01171094
2.84000004e-009   0.01152344
2.86000004e-009   0.01142969
2.88000004e-009   0.01135938
2.90000004e-009   0.01119531
2.92000004e-009   0.01098438
2.94000004e-009   0.01085938
2.96000004e-009   0.01089063
2.98000004e-009   0.01095313
3.00000004e-009   0.01098438
3.02000004e-009   0.01103125
3.04000004e-009   0.01111719
3.06000004e-009   0.01120313
3.08000004e-009   0.01116406
3.10000004e-009   0.01103125
3.12000004e-009   0.01092969
3.14000004e-009   0.01102344
3.16000004e-009   0.01110156
3.18000004e-009   0.01110156
3.20000004e-009   0.01099219
3.22000004e-009   0.01085156
3.24000004e-009      0.01075
3.26000004e-009   0.01055469
3.28000004e-009   0.01021094
3.30000004e-009  0.009851563
3.32000004e-009  0.009656251
3.34000004e-009  0.009609376
3.36000004e-009  0.009648438
3.38000005e-009  0.009617188
3.40000005e-009  0.009531251
3.42000005e-009  0.009421876
3.44000005e-009  0.009273438
3.46000005e-009  0.009125001
3.48000005e-009  0.009062501
3.50000005e-009  0.009117188
3.52000005e-009  0.009140626
3.54000005e-009  0.009070313
3.56000005e-009  0.008929688
3.58000005e-009  0.008796876
3.60000005e-009  0.008742188
3.62000005e-009  0.008679688
3.64000005e-009  0.008617188
3.66000005e-009  0.008492188
3.68000005e-009  0.008351563
3.70000005e-009  0.008234376
3.72000005e-009  0.008187501
3.74000005e-009  0.008226563
3.76000005e-009  0.008335938
3.78000005e-009  0.008460938
3.80000005e-009  0.008562501
3.82000005e-009  0.008492188
3.84000005e-009  0.008296876
3.86000005e-009  0.008078126
3.88000005e-009  0.007929688
3.90000005e-009  0.007921876
3.92000005e-009  0.008085938
3.94000005e-009  0.008210938
3.96000005e-009  0.008210938
3.98000005e-009  0.008234376
4.00000005e-009  0.008343751
4.02000005e-009  0.008531251
4.04000005e-009  0.008539063
4.06000005e-009  0.008390626
4.08000005e-009  0.008148438
4.10000005e-009  0.008062501
4.12000006e-009  0.008140626
4.14000006e-009  0.008085938
4.16000006e-009  0.007812501
4.18000006e-009  0.007515626
4.20000006e-009  0.007312501
4.22000006e-009  0.007398438
4.24000006e-009  0.007531251
4.26000006e-009  0.007546876
4.28000006e-009  0.007328126
4.30000006e-009  0.007257813
4.32000006e-009  0.007281251
4.34000006e-009  0.007453126
4.36000006e-009  0.007484376
4.38000006e-009  0.007367188
4.40000006e-009  0.007218751
4.42000006e-009  0.007179688
4.44000006e-009  0.007148438
4.46000006e-009  0.006960938
4.48000006e-009  0.006687501
4.50000006e-009  0.006507813
4.52000006e-009  0.006570313
4.54000006e-009  0.006710938
4.56000006e-009  0.006851563
4.58000006e-009  0.006890626
4.60000006e-009  0.006992188
4.62000006e-009  0.007148438
4.64000006e-009  0.007359376
4.66000006e-009  0.007437501
4.68000006e-009  0.007398438
4.70000006e-009  0.007195313
4.72000006e-009  0.006984376
4.74000006e-009  0.006843751
4.76000006e-009  0.006828126
4.78000006e-009  0.006914063
4.80000006e-009  0.007039063
4.82000006e-009  0.007125001
4.84000006e-009  0.007195313
4.86000006e-009  0.007320313
4.88000007e-009  0.007453126
4.90000007e-009  0.007507813
4.92000007e-009  0.007445313
4.94000007e-009  0.007304688
4.96000007e-009  0.007203126
4.98000007e-009  0.007140626
5.00000007e-009  0.007187501
