-1.24500002e-009 -0.003015625
-1.24000002e-009 -0.002929687
-1.23500002e-009 -0.002882812
-1.23000002e-009  -0.00278125
-1.22500002e-009 -0.002742187
-1.22000002e-009 -0.002695312
-1.21500002e-009 -0.002585937
-1.21000002e-009 -0.002546875
-1.20500002e-009      -0.0025
-1.20000002e-009 -0.002484375
-1.19500002e-009  -0.00246875
-1.19000002e-009   -0.0024375
-1.18500002e-009 -0.002476562
-1.18000002e-009 -0.002460937
-1.17500002e-009 -0.002546875
-1.17000002e-009 -0.002578125
-1.16500002e-009 -0.002617187
-1.16000002e-009 -0.002664062
-1.15500002e-009 -0.002671875
-1.15000002e-009 -0.002703125
-1.14500002e-009 -0.002695312
-1.14000002e-009 -0.002710937
-1.13500002e-009 -0.002695312
-1.13000002e-009 -0.002648437
-1.12500002e-009 -0.002632812
-1.12000001e-009 -0.002585937
-1.11500001e-009 -0.002539062
-1.11000001e-009 -0.002507812
-1.10500001e-009 -0.002453125
-1.10000001e-009 -0.002421875
-1.09500001e-009 -0.002398437
-1.09000001e-009 -0.002414062
-1.08500001e-009   -0.0024375
-1.08000001e-009 -0.002453125
-1.07500001e-009 -0.002476562
-1.07000001e-009 -0.002515625
-1.06500001e-009 -0.002539062
-1.06000001e-009  -0.00259375
-1.05500001e-009 -0.002632812
-1.05000001e-009   -0.0026875
-1.04500001e-009 -0.002710937
-1.04000001e-009 -0.002710937
-1.03500001e-009  -0.00271875
-1.03000001e-009 -0.002742187
-1.02500001e-009 -0.002710937
-1.02000001e-009 -0.002710937
-1.01500001e-009 -0.002695312
-1.01000001e-009   -0.0026875
-1.00500001e-009 -0.002695312
-1.00000001e-009 -0.002679687
-9.95000013e-010 -0.002679687
-9.90000013e-010  -0.00271875
-9.85000013e-010 -0.002734375
-9.80000013e-010 -0.002765625
-9.75000013e-010 -0.002820312
-9.70000013e-010  -0.00284375
-9.65000013e-010 -0.002914062
-9.60000013e-010 -0.002921875
-9.55000013e-010 -0.002976562
-9.50000013e-010 -0.003078125
-9.45000013e-010 -0.003117187
-9.40000013e-010 -0.003164062
-9.35000012e-010 -0.003171875
-9.30000012e-010 -0.003242187
-9.25000012e-010  -0.00328125
-9.20000012e-010   -0.0033125
-9.15000012e-010    -0.003375
-9.10000012e-010 -0.003421875
-9.05000012e-010      -0.0035
-9.00000012e-010 -0.003546875
-8.95000012e-010 -0.003609375
-8.90000012e-010   -0.0036875
-8.85000012e-010 -0.003726562
-8.80000012e-010 -0.003773437
-8.75000012e-010   -0.0038125
-8.70000012e-010 -0.003859375
-8.65000012e-010 -0.003859375
-8.60000011e-010 -0.003914062
-8.55000011e-010 -0.003921875
-8.50000011e-010 -0.003867187
-8.45000011e-010 -0.003828125
-8.40000011e-010  -0.00378125
-8.35000011e-010 -0.003710937
-8.30000011e-010 -0.003632812
-8.25000011e-010 -0.003554687
-8.20000011e-010 -0.003492187
-8.15000011e-010 -0.003429687
-8.10000011e-010 -0.003367187
-8.05000011e-010 -0.003367187
-8.00000011e-010 -0.003320312
-7.95000011e-010  -0.00334375
-7.90000011e-010 -0.003351562
-7.8500001e-010 -0.003429687
-7.8000001e-010 -0.003492187
-7.7500001e-010 -0.003570312
-7.7000001e-010 -0.003648437
-7.6500001e-010 -0.003757812
-7.6000001e-010 -0.003867187
-7.5500001e-010 -0.003960937
-7.5000001e-010  -0.00409375
-7.4500001e-010 -0.004203125
-7.4000001e-010 -0.004320312
-7.3500001e-010 -0.004390625
-7.3000001e-010  -0.00453125
-7.2500001e-010 -0.004609375
-7.2000001e-010 -0.004726562
-7.1500001e-010   -0.0048125
-7.10000009e-010 -0.004921875
-7.05000009e-010  -0.00503125
-7.00000009e-010 -0.005179687
-6.95000009e-010 -0.005304687
-6.90000009e-010 -0.005476562
-6.85000009e-010  -0.00565625
-6.80000009e-010 -0.005898437
-6.75000009e-010  -0.00615625
-6.70000009e-010 -0.006390625
-6.65000009e-010 -0.006648437
-6.60000009e-010 -0.006976562
-6.55000009e-010 -0.007273437
-6.50000009e-010    -0.007625
-6.45000009e-010 -0.007992188
-6.40000009e-010 -0.008390625
-6.35000008e-010 -0.008789063
-6.30000008e-010 -0.009234375
-6.25000008e-010  -0.00971875
-6.20000008e-010  -0.01023438
-6.15000008e-010  -0.01074219
-6.10000008e-010  -0.01135156
-6.05000008e-010  -0.01200781
-6.00000008e-010  -0.01271875
-5.95000008e-010  -0.01353125
-5.90000008e-010  -0.01444531
-5.85000008e-010  -0.01540625
-5.80000008e-010  -0.01653125
-5.75000008e-010     -0.01775
-5.70000008e-010   -0.0190625
-5.65000008e-010  -0.02049219
-5.60000007e-010  -0.02209375
-5.55000007e-010  -0.02382031
-5.50000007e-010  -0.02572656
-5.45000007e-010  -0.02776563
-5.40000007e-010   -0.0299375
-5.35000007e-010  -0.03226563
-5.30000007e-010  -0.03477344
-5.25000007e-010  -0.03736719
-5.20000007e-010  -0.04010156
-5.15000007e-010       -0.043
-5.10000007e-010  -0.04600781
-5.05000007e-010  -0.04914063
-5.00000007e-010  -0.05239844
-4.95000007e-010  -0.05578125
-4.90000007e-010  -0.05925781
-4.85000006e-010  -0.06288282
-4.80000006e-010  -0.06657032
-4.75000006e-010    -0.070375
-4.70000006e-010  -0.07428125
-4.65000006e-010  -0.07822657
-4.60000006e-010  -0.08222657
-4.55000006e-010  -0.08628125
-4.50000006e-010  -0.09042188
-4.45000006e-010  -0.09452344
-4.40000006e-010  -0.09861719
-4.35000006e-010   -0.1027031
-4.30000006e-010   -0.1067109
-4.25000006e-010   -0.1106563
-4.20000006e-010   -0.1144844
-4.15000006e-010   -0.1182188
-4.10000005e-010   -0.1218047
-4.05000005e-010   -0.1251719
-4.00000005e-010   -0.1284297
-3.95000005e-010   -0.1314219
-3.90000005e-010   -0.1343125
-3.85000005e-010   -0.1369375
-3.80000005e-010   -0.1393828
-3.75000005e-010   -0.1416563
-3.70000005e-010     -0.14375
-3.65000005e-010   -0.1456328
-3.60000005e-010   -0.1472969
-3.55000005e-010   -0.1488047
-3.50000005e-010   -0.1501484
-3.45000005e-010   -0.1512344
-3.40000005e-010   -0.1522734
-3.35000004e-010   -0.1530781
-3.30000004e-010   -0.1536953
-3.25000004e-010   -0.1541484
-3.20000004e-010   -0.1544375
-3.15000004e-010   -0.1546172
-3.10000004e-010   -0.1545234
-3.05000004e-010   -0.1543125
-3.00000004e-010   -0.1539453
-2.95000004e-010   -0.1534141
-2.90000004e-010   -0.1527422
-2.85000004e-010   -0.1519531
-2.80000004e-010   -0.1510547
-2.75000004e-010   -0.1500859
-2.70000004e-010   -0.1490625
-2.65000004e-010   -0.1480156
-2.60000003e-010   -0.1468906
-2.55000003e-010   -0.1457344
-2.50000003e-010   -0.1445703
-2.45000003e-010    -0.143375
-2.40000003e-010   -0.1421953
-2.35000003e-010   -0.1410469
-2.30000003e-010   -0.1398438
-2.25000003e-010   -0.1386016
-2.20000003e-010   -0.1373281
-2.15000003e-010   -0.1360469
-2.10000003e-010   -0.1346406
-2.05000003e-010   -0.1331563
-2.00000003e-010   -0.1315703
-1.95000003e-010   -0.1298359
-1.90000003e-010       -0.128
-1.85000002e-010   -0.1260313
-1.80000002e-010   -0.1239063
-1.75000002e-010   -0.1216406
-1.70000002e-010   -0.1192266
-1.65000002e-010   -0.1167188
-1.60000002e-010   -0.1140078
-1.55000002e-010   -0.1112109
-1.50000002e-010     -0.10825
-1.45000002e-010   -0.1051719
-1.40000002e-010   -0.1019922
-1.35000002e-010  -0.09869532
-1.30000002e-010  -0.09528907
-1.25000002e-010  -0.09178125
-1.20000002e-010  -0.08821875
-1.15000002e-010  -0.08457813
-1.10000001e-010   -0.0808125
-1.05000001e-010  -0.07699219
-1.00000001e-010  -0.07307813
-9.50000013e-011  -0.06911719
-9.00000012e-011   -0.0650625
-8.50000011e-011  -0.06098438
-8.00000011e-011  -0.05689844
-7.5000001e-011     -0.05275
-7.00000009e-011  -0.04861719
-6.50000009e-011      -0.0445
-6.00000008e-011   -0.0404375
-5.50000007e-011  -0.03639844
-5.00000007e-011  -0.03249219
-4.50000006e-011  -0.02871875
-4.00000005e-011  -0.02503125
-3.50000005e-011  -0.02146875
-3.00000004e-011  -0.01810938
-2.50000003e-011  -0.01488281
-2.00000003e-011  -0.01185156
-1.50000002e-011       -0.009
-1.00000001e-011 -0.006328125
-5.00000007e-012    -0.003875
           0 -0.001570312
5.00000007e-012 0.0004765629
1.00000001e-011  0.002414063
1.50000002e-011  0.004156251
2.00000003e-011  0.005703126
2.50000003e-011  0.007125001
3.00000004e-011  0.008367188
3.50000005e-011  0.009523438
4.00000005e-011   0.01047656
4.50000006e-011   0.01132031
5.00000007e-011   0.01200781
5.50000007e-011    0.0125625
6.00000008e-011   0.01303906
6.50000009e-011     0.013375
7.00000009e-011   0.01364844
7.5000001e-011   0.01377344
8.00000011e-011   0.01385156
8.50000011e-011     0.013875
9.00000012e-011   0.01379688
9.50000013e-011   0.01367969
1.00000001e-010   0.01350781
1.05000001e-010   0.01328125
1.10000001e-010   0.01303125
1.15000002e-010   0.01282031
1.20000002e-010    0.0125625
1.25000002e-010   0.01228906
1.30000002e-010   0.01207031
1.35000002e-010     0.011875
1.40000002e-010    0.0116875
1.45000002e-010   0.01150781
1.50000002e-010   0.01138281
1.55000002e-010   0.01122656
1.60000002e-010    0.0111875
1.65000002e-010   0.01116406
1.70000002e-010   0.01116406
1.75000002e-010   0.01121875
1.80000002e-010   0.01133594
1.85000002e-010   0.01147656
1.90000003e-010   0.01164063
1.95000003e-010   0.01188281
2.00000003e-010   0.01215625
2.05000003e-010   0.01248438
2.10000003e-010   0.01283594
2.15000003e-010      0.01325
2.20000003e-010   0.01366406
2.25000003e-010   0.01414844
2.30000003e-010   0.01463281
2.35000003e-010   0.01513281
2.40000003e-010   0.01564063
2.45000003e-010   0.01616406
2.50000003e-010   0.01664063
2.55000003e-010   0.01713281
2.60000003e-010   0.01757031
2.65000004e-010   0.01800781
2.70000004e-010   0.01836719
2.75000004e-010   0.01872656
2.80000004e-010   0.01903906
2.85000004e-010    0.0193125
2.90000004e-010   0.01953125
2.95000004e-010   0.01971094
3.00000004e-010   0.01986719
3.05000004e-010   0.01998438
3.10000004e-010   0.02009375
3.15000004e-010   0.02017969
3.20000004e-010      0.02025
3.25000004e-010   0.02032031
3.30000004e-010   0.02035156
3.35000004e-010   0.02041406
3.40000005e-010   0.02042969
3.45000005e-010   0.02048438
3.50000005e-010   0.02045313
3.55000005e-010    0.0204375
3.60000005e-010   0.02038281
3.65000005e-010   0.02028906
3.70000005e-010   0.02020313
3.75000005e-010   0.02004688
3.80000005e-010   0.01983594
3.85000005e-010   0.01964063
3.90000005e-010   0.01936719
3.95000005e-010   0.01908594
4.00000005e-010    0.0188125
4.05000005e-010   0.01851563
4.10000005e-010   0.01817188
4.15000006e-010   0.01789063
4.20000006e-010   0.01759375
4.25000006e-010   0.01732031
4.30000006e-010   0.01707031
4.35000006e-010   0.01682813
4.40000006e-010   0.01664063
4.45000006e-010   0.01646094
4.50000006e-010   0.01630469
4.55000006e-010   0.01614844
4.60000006e-010   0.01605469
4.65000006e-010   0.01591406
4.70000006e-010    0.0158125
4.75000006e-010   0.01571094
4.80000006e-010   0.01559375
4.85000006e-010   0.01548438
4.90000007e-010   0.01538281
4.95000007e-010   0.01522656
5.00000007e-010   0.01514844
5.05000007e-010   0.01501563
5.10000007e-010   0.01490625
5.15000007e-010   0.01476563
5.20000007e-010   0.01465625
5.25000007e-010    0.0145625
5.30000007e-010   0.01446094
5.35000007e-010   0.01435938
5.40000007e-010   0.01428125
5.45000007e-010   0.01420313
5.50000007e-010   0.01415625
5.55000007e-010   0.01410156
5.60000007e-010    0.0140625
5.65000008e-010    0.0140625
5.70000008e-010    0.0140625
5.75000008e-010   0.01407813
5.80000008e-010   0.01407813
5.85000008e-010   0.01413281
5.90000008e-010   0.01417969
5.95000008e-010   0.01421875
6.00000008e-010   0.01430469
6.05000008e-010   0.01436719
6.10000008e-010    0.0144375
6.15000008e-010   0.01453125
6.20000008e-010   0.01460156
6.25000008e-010   0.01467188
6.30000008e-010   0.01471875
6.35000008e-010   0.01478125
6.40000009e-010   0.01478906
6.45000009e-010   0.01477344
6.50000009e-010   0.01472656
6.55000009e-010    0.0146875
6.60000009e-010   0.01461719
6.65000009e-010       0.0145
6.70000009e-010   0.01440625
6.75000009e-010   0.01425781
6.80000009e-010   0.01409375
6.85000009e-010   0.01396094
6.90000009e-010   0.01378906
6.95000009e-010   0.01366406
7.00000009e-010   0.01354688
7.05000009e-010   0.01339844
7.10000009e-010   0.01333594
7.1500001e-010   0.01326563
7.2000001e-010    0.0131875
7.2500001e-010   0.01319531
7.3000001e-010   0.01319531
7.3500001e-010   0.01322656
7.4000001e-010   0.01328906
7.4500001e-010   0.01332813
7.5000001e-010   0.01339063
7.5500001e-010   0.01346875
7.6000001e-010   0.01357813
7.6500001e-010   0.01365625
7.7000001e-010   0.01374219
7.7500001e-010   0.01382813
7.8000001e-010   0.01391406
7.8500001e-010   0.01396875
7.90000011e-010    0.0140625
7.95000011e-010   0.01411719
8.00000011e-010   0.01420313
8.05000011e-010   0.01427344
8.10000011e-010   0.01435156
8.15000011e-010   0.01444531
8.20000011e-010   0.01450781
8.25000011e-010     0.014625
8.30000011e-010   0.01472656
8.35000011e-010    0.0148125
8.40000011e-010   0.01490625
8.45000011e-010   0.01499219
8.50000011e-010   0.01511719
8.55000011e-010   0.01520313
8.60000011e-010    0.0153125
8.65000012e-010   0.01536719
8.70000012e-010   0.01542188
8.75000012e-010   0.01546875
8.80000012e-010   0.01552344
8.85000012e-010   0.01557813
8.90000012e-010   0.01559375
8.95000012e-010   0.01564063
9.00000012e-010   0.01567188
9.05000012e-010   0.01569531
9.10000012e-010   0.01571094
9.15000012e-010   0.01575781
9.20000012e-010   0.01579688
9.25000012e-010   0.01586719
9.30000012e-010   0.01589844
9.35000012e-010    0.0159375
9.40000013e-010   0.01600781
9.45000013e-010   0.01605469
9.50000013e-010   0.01614844
9.55000013e-010   0.01616406
9.60000013e-010   0.01621094
9.65000013e-010   0.01626563
9.70000013e-010   0.01625781
9.75000013e-010   0.01630469
9.80000013e-010   0.01629688
9.85000013e-010   0.01632813
9.90000013e-010    0.0163125
9.95000013e-010   0.01629688
1.00000001e-009   0.01627344
1.00500001e-009   0.01621094
1.01000001e-009   0.01621875
1.01500001e-009    0.0161875
1.02000001e-009   0.01619531
1.02500001e-009   0.01615625
1.03000001e-009   0.01616406
1.03500001e-009   0.01615625
1.04000001e-009   0.01614844
1.04500001e-009    0.0161875
1.05000001e-009   0.01619531
1.05500001e-009    0.0161875
1.06000001e-009    0.0161875
1.06500001e-009   0.01622656
1.07000001e-009   0.01621875
1.07500001e-009   0.01625781
1.08000001e-009      0.01625
1.08500001e-009      0.01625
1.09000001e-009   0.01628906
1.09500001e-009   0.01628906
1.10000001e-009   0.01632813
1.10500001e-009   0.01638281
1.11000001e-009   0.01642969
1.11500001e-009   0.01651563
1.12000001e-009   0.01657813
1.12500002e-009   0.01666406
1.13000002e-009   0.01678125
1.13500002e-009   0.01692969
1.14000002e-009   0.01705469
1.14500002e-009   0.01725781
1.15000002e-009   0.01742188
1.15500002e-009   0.01758594
1.16000002e-009      0.01775
1.16500002e-009   0.01792188
1.17000002e-009   0.01807813
1.17500002e-009   0.01817969
1.18000002e-009   0.01830469
1.18500002e-009   0.01839063
1.19000002e-009    0.0184375
1.19500002e-009   0.01848438
1.20000002e-009   0.01847656
1.20500002e-009   0.01848438
1.21000002e-009   0.01846094
1.21500002e-009   0.01839844
1.22000002e-009   0.01832031
1.22500002e-009   0.01824219
1.23000002e-009   0.01820313
1.23500002e-009   0.01810938
1.24000002e-009   0.01804688
1.24500002e-009        0.018
1.25000002e-009   0.01794531
