-1.24500002e-009   -0.0025625
-1.24000002e-009  -0.00259375
-1.23500002e-009 -0.002640625
-1.23000002e-009 -0.002664062
-1.22500002e-009  -0.00271875
-1.22000002e-009 -0.002773437
-1.21500002e-009 -0.002859375
-1.21000002e-009  -0.00290625
-1.20500002e-009 -0.002945312
-1.20000002e-009 -0.002992187
-1.19500002e-009 -0.003023437
-1.19000002e-009 -0.003039062
-1.18500002e-009  -0.00303125
-1.18000002e-009 -0.003015625
-1.17500002e-009       -0.003
-1.17000002e-009 -0.002953125
-1.16500002e-009  -0.00290625
-1.16000002e-009 -0.002859375
-1.15500002e-009 -0.002820312
-1.15000002e-009     -0.00275
-1.14500002e-009 -0.002726562
-1.14000002e-009 -0.002726562
-1.13500002e-009 -0.002671875
-1.13000002e-009 -0.002664062
-1.12500002e-009 -0.002671875
-1.12000001e-009 -0.002671875
-1.11500001e-009 -0.002679687
-1.11000001e-009 -0.002726562
-1.10500001e-009     -0.00275
-1.10000001e-009 -0.002773437
-1.09500001e-009 -0.002796875
-1.09000001e-009 -0.002804687
-1.08500001e-009 -0.002828125
-1.08000001e-009 -0.002789062
-1.07500001e-009 -0.002796875
-1.07000001e-009 -0.002796875
-1.06500001e-009 -0.002742187
-1.06000001e-009  -0.00271875
-1.05500001e-009 -0.002671875
-1.05000001e-009 -0.002648437
-1.04500001e-009 -0.002648437
-1.04000001e-009 -0.002617187
-1.03500001e-009 -0.002640625
-1.03000001e-009  -0.00259375
-1.02500001e-009 -0.002648437
-1.02000001e-009 -0.002679687
-1.01500001e-009     -0.00275
-1.01000001e-009 -0.002796875
-1.00500001e-009 -0.002859375
-1.00000001e-009 -0.002953125
-9.95000013e-010  -0.00303125
-9.90000013e-010 -0.003109375
-9.85000013e-010 -0.003179687
-9.80000013e-010 -0.003257812
-9.75000013e-010 -0.003328125
-9.70000013e-010  -0.00334375
-9.65000013e-010 -0.003398437
-9.60000013e-010 -0.003421875
-9.55000013e-010 -0.003421875
-9.50000013e-010 -0.003398437
-9.45000013e-010 -0.003390625
-9.40000013e-010    -0.003375
-9.35000012e-010    -0.003375
-9.30000012e-010 -0.003367187
-9.25000012e-010 -0.003335937
-9.20000012e-010   -0.0033125
-9.15000012e-010 -0.003335937
-9.10000012e-010 -0.003351562
-9.05000012e-010 -0.003328125
-9.00000012e-010    -0.003375
-8.95000012e-010 -0.003398437
-8.90000012e-010  -0.00340625
-8.85000012e-010   -0.0034375
-8.80000012e-010  -0.00346875
-8.75000012e-010  -0.00346875
-8.70000012e-010 -0.003515625
-8.65000012e-010 -0.003515625
-8.60000011e-010 -0.003492187
-8.55000011e-010 -0.003539062
-8.50000011e-010  -0.00353125
-8.45000011e-010 -0.003507812
-8.40000011e-010 -0.003539062
-8.35000011e-010 -0.003539062
-8.30000011e-010  -0.00353125
-8.25000011e-010 -0.003546875
-8.20000011e-010 -0.003546875
-8.15000011e-010 -0.003570312
-8.10000011e-010    -0.003625
-8.05000011e-010 -0.003671875
-8.00000011e-010 -0.003710937
-7.95000011e-010     -0.00375
-7.90000011e-010   -0.0038125
-7.8500001e-010 -0.003828125
-7.8000001e-010 -0.003921875
-7.7500001e-010 -0.003953125
-7.7000001e-010 -0.003992187
-7.6500001e-010 -0.004039062
-7.6000001e-010  -0.00409375
-7.5500001e-010 -0.004179687
-7.5000001e-010  -0.00421875
-7.4500001e-010 -0.004289062
-7.4000001e-010 -0.004359375
-7.3500001e-010 -0.004390625
-7.3000001e-010 -0.004492187
-7.2500001e-010  -0.00453125
-7.2000001e-010 -0.004632812
-7.1500001e-010 -0.004710937
-7.10000009e-010   -0.0048125
-7.05000009e-010 -0.004976562
-7.00000009e-010 -0.005101562
-6.95000009e-010 -0.005234375
-6.90000009e-010 -0.005382812
-6.85000009e-010  -0.00553125
-6.80000009e-010 -0.005710937
-6.75000009e-010 -0.005859375
-6.70000009e-010 -0.006046875
-6.65000009e-010 -0.006210937
-6.60000009e-010 -0.006484375
-6.55000009e-010 -0.006734375
-6.50000009e-010 -0.007054687
-6.45000009e-010 -0.007351562
-6.40000009e-010  -0.00771875
-6.35000008e-010 -0.008070313
-6.30000008e-010 -0.008492188
-6.25000008e-010  -0.00890625
-6.20000008e-010 -0.009398438
-6.15000008e-010 -0.009929688
-6.10000008e-010  -0.01057813
-6.05000008e-010  -0.01129688
-6.00000008e-010  -0.01207813
-5.95000008e-010  -0.01292969
-5.90000008e-010  -0.01388281
-5.85000008e-010  -0.01488281
-5.80000008e-010  -0.01603125
-5.75000008e-010  -0.01726563
-5.70000008e-010  -0.01860938
-5.65000008e-010  -0.02008594
-5.60000007e-010  -0.02172656
-5.55000007e-010  -0.02350781
-5.50000007e-010    -0.025375
-5.45000007e-010  -0.02742969
-5.40000007e-010  -0.02960938
-5.35000007e-010  -0.03189844
-5.30000007e-010  -0.03435938
-5.25000007e-010   -0.0369375
-5.20000007e-010  -0.03965625
-5.15000007e-010      -0.0425
-5.10000007e-010  -0.04551563
-5.05000007e-010   -0.0486875
-5.00000007e-010       -0.052
-4.95000007e-010  -0.05542188
-4.90000007e-010  -0.05897656
-4.85000006e-010  -0.06264063
-4.80000006e-010   -0.0664375
-4.75000006e-010  -0.07032032
-4.70000006e-010  -0.07432813
-4.65000006e-010    -0.078375
-4.60000006e-010  -0.08246875
-4.55000006e-010  -0.08664063
-4.50000006e-010  -0.09085938
-4.45000006e-010  -0.09508594
-4.40000006e-010  -0.09926563
-4.35000006e-010   -0.1034531
-4.30000006e-010   -0.1075547
-4.25000006e-010   -0.1115938
-4.20000006e-010   -0.1155391
-4.15000006e-010   -0.1193516
-4.10000005e-010   -0.1229688
-4.05000005e-010   -0.1264688
-4.00000005e-010   -0.1298281
-3.95000005e-010   -0.1329688
-3.90000005e-010   -0.1359531
-3.85000005e-010   -0.1387578
-3.80000005e-010   -0.1413359
-3.75000005e-010   -0.1437109
-3.70000005e-010   -0.1458438
-3.65000005e-010   -0.1477891
-3.60000005e-010   -0.1493828
-3.55000005e-010   -0.1508047
-3.50000005e-010       -0.152
-3.45000005e-010   -0.1529688
-3.40000005e-010   -0.1537422
-3.35000004e-010   -0.1543516
-3.30000004e-010   -0.1547422
-3.25000004e-010   -0.1549531
-3.20000004e-010   -0.1550156
-3.15000004e-010   -0.1549063
-3.10000004e-010   -0.1545938
-3.05000004e-010   -0.1541406
-3.00000004e-010   -0.1535938
-2.95000004e-010   -0.1530156
-2.90000004e-010   -0.1523047
-2.85000004e-010   -0.1515938
-2.80000004e-010   -0.1507734
-2.75000004e-010   -0.1498984
-2.70000004e-010   -0.1490078
-2.65000004e-010   -0.1480781
-2.60000003e-010   -0.1469609
-2.55000003e-010   -0.1458672
-2.50000003e-010   -0.1447266
-2.45000003e-010   -0.1435469
-2.40000003e-010    -0.142375
-2.35000003e-010   -0.1411719
-2.30000003e-010   -0.1399375
-2.25000003e-010   -0.1386719
-2.20000003e-010   -0.1373438
-2.15000003e-010       -0.136
-2.10000003e-010   -0.1344688
-2.05000003e-010   -0.1329531
-2.00000003e-010   -0.1313672
-1.95000003e-010   -0.1296484
-1.90000003e-010    -0.127875
-1.85000002e-010   -0.1260313
-1.80000002e-010   -0.1240469
-1.75000002e-010   -0.1219844
-1.70000002e-010   -0.1197266
-1.65000002e-010   -0.1173906
-1.60000002e-010   -0.1147969
-1.55000002e-010   -0.1120469
-1.50000002e-010   -0.1091719
-1.45000002e-010   -0.1060859
-1.40000002e-010   -0.1029141
-1.35000002e-010   -0.0995625
-1.30000002e-010   -0.0960625
-1.25000002e-010  -0.09244532
-1.20000002e-010  -0.08871875
-1.15000002e-010  -0.08488282
-1.10000001e-010  -0.08097657
-1.05000001e-010  -0.07696875
-1.00000001e-010  -0.07290625
-9.50000013e-011  -0.06878125
-9.00000012e-011  -0.06464063
-8.50000011e-011  -0.06047657
-8.00000011e-011  -0.05628906
-7.5000001e-011  -0.05214844
-7.00000009e-011  -0.04805469
-6.50000009e-011  -0.04394531
-6.00000008e-011  -0.03991406
-5.50000007e-011       -0.036
-5.00000007e-011  -0.03214844
-4.50000006e-011    -0.028375
-4.00000005e-011  -0.02471094
-3.50000005e-011  -0.02121094
-3.00000004e-011  -0.01782031
-2.50000003e-011  -0.01461719
-2.00000003e-011  -0.01155469
-1.50000002e-011 -0.008726563
-1.00000001e-011  -0.00609375
-5.00000007e-012 -0.003632812
           0 -0.001335937
5.00000007e-012 0.0007890629
1.00000001e-011  0.002742188
1.50000002e-011  0.004500001
2.00000003e-011  0.006070313
2.50000003e-011  0.007507813
3.00000004e-011  0.008789063
3.50000005e-011  0.009882813
4.00000005e-011    0.0108125
4.50000006e-011   0.01158594
5.00000007e-011   0.01224219
5.50000007e-011   0.01276563
6.00000008e-011   0.01319531
6.50000009e-011   0.01355469
7.00000009e-011      0.01375
7.5000001e-011   0.01384375
8.00000011e-011   0.01392969
8.50000011e-011   0.01384375
9.00000012e-011   0.01367969
9.50000013e-011   0.01347656
1.00000001e-010   0.01321875
1.05000001e-010   0.01298438
1.10000001e-010   0.01267969
1.15000002e-010   0.01239063
1.20000002e-010   0.01210938
1.25000002e-010   0.01179688
1.30000002e-010   0.01154688
1.35000002e-010   0.01128125
1.40000002e-010   0.01099219
1.45000002e-010   0.01076563
1.50000002e-010   0.01057031
1.55000002e-010   0.01044531
1.60000002e-010   0.01034375
1.65000002e-010   0.01026563
1.70000002e-010   0.01026563
1.75000002e-010   0.01032031
1.80000002e-010   0.01040625
1.85000002e-010   0.01054688
1.90000003e-010   0.01074219
1.95000003e-010   0.01092969
2.00000003e-010   0.01123438
2.05000003e-010   0.01154688
2.10000003e-010   0.01190625
2.15000003e-010    0.0123125
2.20000003e-010   0.01277344
2.25000003e-010   0.01325781
2.30000003e-010   0.01375781
2.35000003e-010   0.01425781
2.40000003e-010   0.01473438
2.45000003e-010   0.01528125
2.50000003e-010   0.01580469
2.55000003e-010   0.01625781
2.60000003e-010   0.01678906
2.65000004e-010   0.01725781
2.70000004e-010   0.01769531
2.75000004e-010   0.01814844
2.80000004e-010   0.01853125
2.85000004e-010   0.01896094
2.90000004e-010   0.01928125
2.95000004e-010   0.01966406
3.00000004e-010   0.01996094
3.05000004e-010   0.02026563
3.10000004e-010   0.02052344
3.15000004e-010   0.02075781
3.20000004e-010   0.02095313
3.25000004e-010   0.02107031
3.30000004e-010   0.02124219
3.35000004e-010   0.02129688
3.40000005e-010   0.02132813
3.45000005e-010   0.02127344
3.50000005e-010      0.02125
3.55000005e-010   0.02116406
3.60000005e-010   0.02100781
3.65000005e-010   0.02083594
3.70000005e-010     0.020625
3.75000005e-010   0.02039063
3.80000005e-010   0.02011719
3.85000005e-010   0.01986719
3.90000005e-010   0.01960156
3.95000005e-010   0.01936719
4.00000005e-010   0.01909375
4.05000005e-010   0.01884375
4.10000005e-010   0.01861719
4.15000006e-010   0.01840625
4.20000006e-010   0.01824219
4.25000006e-010   0.01810156
4.30000006e-010   0.01791406
4.35000006e-010      0.01775
4.40000006e-010   0.01760938
4.45000006e-010   0.01746094
4.50000006e-010   0.01733594
4.55000006e-010   0.01714063
4.60000006e-010   0.01700781
4.65000006e-010   0.01680469
4.70000006e-010     0.016625
4.75000006e-010   0.01639844
4.80000006e-010    0.0161875
4.85000006e-010   0.01598438
4.90000007e-010      0.01575
4.95000007e-010   0.01554688
5.00000007e-010   0.01532813
5.05000007e-010   0.01517188
5.10000007e-010   0.01500781
5.15000007e-010   0.01485156
5.20000007e-010   0.01473438
5.25000007e-010   0.01464063
5.30000007e-010   0.01455469
5.35000007e-010   0.01452344
5.40000007e-010   0.01449219
5.45000007e-010   0.01448438
5.50000007e-010   0.01449219
5.55000007e-010       0.0145
5.60000007e-010   0.01448438
5.65000008e-010   0.01450781
5.70000008e-010   0.01450781
5.75000008e-010   0.01451563
5.80000008e-010   0.01451563
5.85000008e-010   0.01453906
5.90000008e-010   0.01454688
5.95000008e-010   0.01459375
6.00000008e-010   0.01461719
6.05000008e-010   0.01466406
6.10000008e-010    0.0146875
6.15000008e-010   0.01475781
6.20000008e-010   0.01476563
6.25000008e-010   0.01482031
6.30000008e-010   0.01483594
6.35000008e-010   0.01483594
6.40000009e-010   0.01483594
6.45000009e-010   0.01483594
6.50000009e-010   0.01478906
6.55000009e-010   0.01476563
6.60000009e-010   0.01467188
6.65000009e-010   0.01458594
6.70000009e-010   0.01447656
6.75000009e-010   0.01435938
6.80000009e-010   0.01425781
6.85000009e-010     0.014125
6.90000009e-010   0.01399219
6.95000009e-010   0.01390625
7.00000009e-010   0.01384375
7.05000009e-010   0.01376563
7.10000009e-010   0.01371875
7.1500001e-010   0.01369531
7.2000001e-010   0.01367969
7.2500001e-010    0.0136875
7.3000001e-010   0.01371875
7.3500001e-010   0.01375781
7.4000001e-010   0.01377344
7.4500001e-010   0.01384375
7.5000001e-010     0.013875
7.5500001e-010    0.0139375
7.6000001e-010   0.01395313
7.6500001e-010   0.01399219
7.7000001e-010   0.01404688
7.7500001e-010   0.01407031
7.8000001e-010   0.01408594
7.8500001e-010   0.01413281
7.90000011e-010   0.01417188
7.95000011e-010   0.01419531
8.00000011e-010      0.01425
8.05000011e-010   0.01429688
8.10000011e-010   0.01434375
8.15000011e-010   0.01441406
8.20000011e-010   0.01449219
8.25000011e-010    0.0145625
8.30000011e-010   0.01461719
8.35000011e-010   0.01469531
8.40000011e-010   0.01478906
8.45000011e-010   0.01486719
8.50000011e-010   0.01494531
8.55000011e-010   0.01502344
8.60000011e-010   0.01510938
8.65000012e-010   0.01516406
8.70000012e-010   0.01524219
8.75000012e-010   0.01529688
8.80000012e-010   0.01538281
8.85000012e-010   0.01540625
8.90000012e-010   0.01547656
8.95000012e-010   0.01550781
9.00000012e-010   0.01551563
9.05000012e-010   0.01552344
9.10000012e-010   0.01557031
9.15000012e-010   0.01554688
9.20000012e-010   0.01550781
9.25000012e-010   0.01553125
9.30000012e-010   0.01548438
9.35000012e-010   0.01549219
9.40000013e-010   0.01548438
9.45000013e-010   0.01546094
9.50000013e-010   0.01547656
9.55000013e-010   0.01547656
9.60000013e-010   0.01552344
9.65000013e-010   0.01557813
9.70000013e-010   0.01566406
9.75000013e-010      0.01575
9.80000013e-010   0.01584375
9.85000013e-010   0.01596094
9.90000013e-010   0.01607813
9.95000013e-010    0.0161875
1.00000001e-009   0.01628906
1.00500001e-009   0.01639844
1.01000001e-009   0.01642188
1.01500001e-009   0.01649219
1.02000001e-009   0.01651563
1.02500001e-009   0.01652344
1.03000001e-009   0.01649219
1.03500001e-009   0.01645313
1.04000001e-009   0.01642188
1.04500001e-009   0.01635156
1.05000001e-009   0.01629688
1.05500001e-009   0.01621875
1.06000001e-009   0.01616406
1.06500001e-009   0.01613281
1.07000001e-009   0.01610156
1.07500001e-009   0.01610156
1.08000001e-009   0.01614844
1.08500001e-009   0.01614844
1.09000001e-009   0.01622656
1.09500001e-009   0.01627344
1.10000001e-009   0.01636719
1.10500001e-009   0.01641406
1.11000001e-009   0.01648438
1.11500001e-009   0.01653906
1.12000001e-009   0.01660156
1.12500002e-009     0.016625
1.13000002e-009   0.01666406
1.13500002e-009   0.01666406
1.14000002e-009   0.01661719
1.14500002e-009   0.01664063
1.15000002e-009   0.01658594
1.15500002e-009   0.01657031
1.16000002e-009   0.01657813
1.16500002e-009   0.01655469
1.17000002e-009   0.01657031
1.17500002e-009   0.01664844
1.18000002e-009   0.01669531
1.18500002e-009   0.01676563
1.19000002e-009   0.01682031
1.19500002e-009    0.0169375
1.20000002e-009   0.01707031
1.20500002e-009   0.01720313
1.21000002e-009   0.01732031
1.21500002e-009   0.01744531
1.22000002e-009   0.01757813
1.22500002e-009   0.01766406
1.23000002e-009   0.01778906
1.23500002e-009   0.01784375
1.24000002e-009   0.01789844
1.24500002e-009    0.0179375
1.25000002e-009   0.01796094
