-2.49000003e-009     -0.00975
-2.48000003e-009 -0.009742188
-2.47000003e-009   -0.0096875
-2.46000003e-009 -0.009664063
-2.45000003e-009 -0.009679688
-2.44000003e-009  -0.00971875
-2.43000003e-009 -0.009765625
-2.42000003e-009  -0.00978125
-2.41000003e-009  -0.00978125
-2.40000003e-009 -0.009765625
-2.39000003e-009 -0.009726563
-2.38000003e-009 -0.009640625
-2.37000003e-009  -0.00959375
-2.36000003e-009 -0.009507813
-2.35000003e-009 -0.009492188
-2.34000003e-009 -0.009453125
-2.33000003e-009 -0.009539063
-2.32000003e-009   -0.0095625
-2.31000003e-009 -0.009578125
-2.30000003e-009 -0.009570313
-2.29000003e-009 -0.009554688
-2.28000003e-009 -0.009492188
-2.27000003e-009  -0.00934375
-2.26000003e-009 -0.009164063
-2.25000003e-009 -0.008976563
-2.24000003e-009 -0.008820313
-2.23000003e-009   -0.0086875
-2.22000003e-009    -0.008625
-2.21000003e-009 -0.008632813
-2.20000003e-009   -0.0086875
-2.19000003e-009 -0.008796875
-2.18000003e-009 -0.008953125
-2.17000003e-009 -0.009046875
-2.16000003e-009 -0.009109375
-2.15000003e-009    -0.009125
-2.14000003e-009  -0.00909375
-2.13000003e-009   -0.0089375
-2.12000003e-009 -0.008757813
-2.11000003e-009 -0.008601563
-2.10000003e-009 -0.008453125
-2.09000003e-009 -0.008351563
-2.08000003e-009 -0.008296875
-2.07000003e-009 -0.008273438
-2.06000003e-009  -0.00828125
-2.05000003e-009 -0.008273438
-2.04000003e-009 -0.008226563
-2.03000003e-009 -0.008140625
-2.02000003e-009 -0.007992188
-2.01000003e-009 -0.007859375
-2.00000003e-009 -0.007679688
-1.99000003e-009 -0.007578125
-1.98000003e-009 -0.007484375
-1.97000003e-009 -0.007421875
-1.96000003e-009 -0.007390625
-1.95000003e-009 -0.007367188
-1.94000003e-009   -0.0073125
-1.93000003e-009  -0.00728125
-1.92000003e-009  -0.00721875
-1.91000003e-009 -0.007132812
-1.90000003e-009 -0.007046875
-1.89000003e-009 -0.006960937
-1.88000003e-009 -0.006890625
-1.87000002e-009 -0.006789062
-1.86000002e-009  -0.00671875
-1.85000002e-009    -0.006625
-1.84000002e-009 -0.006515625
-1.83000002e-009 -0.006445312
-1.82000002e-009 -0.006328125
-1.81000002e-009 -0.006242187
-1.80000002e-009 -0.006148437
-1.79000002e-009   -0.0060625
-1.78000002e-009 -0.005945312
-1.77000002e-009 -0.005867187
-1.76000002e-009 -0.005773437
-1.75000002e-009 -0.005679687
-1.74000002e-009 -0.005617187
-1.73000002e-009 -0.005546875
-1.72000002e-009 -0.005484375
-1.71000002e-009 -0.005382812
-1.70000002e-009 -0.005335937
-1.69000002e-009 -0.005265625
-1.68000002e-009 -0.005132812
-1.67000002e-009 -0.005007812
-1.66000002e-009 -0.004867187
-1.65000002e-009 -0.004765625
-1.64000002e-009  -0.00465625
-1.63000002e-009 -0.004570312
-1.62000002e-009 -0.004546875
-1.61000002e-009 -0.004539062
-1.60000002e-009 -0.004546875
-1.59000002e-009 -0.004554687
-1.58000002e-009 -0.004515625
-1.57000002e-009 -0.004460937
-1.56000002e-009 -0.004320312
-1.55000002e-009 -0.004203125
-1.54000002e-009  -0.00403125
-1.53000002e-009 -0.003914062
-1.52000002e-009     -0.00375
-1.51000002e-009 -0.003710937
-1.50000002e-009 -0.003710937
-1.49000002e-009 -0.003765625
-1.48000002e-009  -0.00384375
-1.47000002e-009 -0.003914062
-1.46000002e-009 -0.003953125
-1.45000002e-009 -0.003929687
-1.44000002e-009 -0.003820312
-1.43000002e-009 -0.003703125
-1.42000002e-009 -0.003570312
-1.41000002e-009 -0.003460937
-1.40000002e-009 -0.003390625
-1.39000002e-009  -0.00340625
-1.38000002e-009   -0.0034375
-1.37000002e-009 -0.003445312
-1.36000002e-009 -0.003476562
-1.35000002e-009 -0.003414062
-1.34000002e-009 -0.003359375
-1.33000002e-009     -0.00325
-1.32000002e-009 -0.003148437
-1.31000002e-009  -0.00303125
-1.30000002e-009       -0.003
-1.29000002e-009 -0.002929687
-1.28000002e-009 -0.002914062
-1.27000002e-009 -0.002914062
-1.26000002e-009 -0.002929687
-1.25000002e-009  -0.00290625
-1.24000002e-009 -0.002851562
-1.23000002e-009 -0.002820312
-1.22000002e-009 -0.002796875
-1.21000002e-009 -0.002804687
-1.20000002e-009 -0.002835937
-1.19000002e-009    -0.002875
-1.18000002e-009 -0.002921875
-1.17000002e-009 -0.002992187
-1.16000002e-009 -0.002984375
-1.15000002e-009 -0.002960937
-1.14000002e-009 -0.002921875
-1.13000002e-009 -0.002796875
-1.12000001e-009   -0.0026875
-1.11000001e-009  -0.00259375
-1.10000001e-009 -0.002515625
-1.09000001e-009 -0.002515625
-1.08000001e-009 -0.002539062
-1.07000001e-009 -0.002601562
-1.06000001e-009 -0.002703125
-1.05000001e-009 -0.002765625
-1.04000001e-009 -0.002828125
-1.03000001e-009 -0.002882812
-1.02000001e-009 -0.002914062
-1.01000001e-009 -0.002914062
-1.00000001e-009 -0.002851562
-9.90000013e-010 -0.002820312
-9.80000013e-010 -0.002804687
-9.70000013e-010   -0.0028125
-9.60000013e-010 -0.002859375
-9.50000013e-010 -0.002945312
-9.40000013e-010 -0.003054687
-9.30000012e-010 -0.003203125
-9.20000012e-010  -0.00328125
-9.10000012e-010 -0.003351562
-9.00000012e-010 -0.003367187
-8.90000012e-010 -0.003335937
-8.80000012e-010  -0.00328125
-8.70000012e-010  -0.00321875
-8.60000011e-010 -0.003109375
-8.50000011e-010 -0.003109375
-8.40000011e-010 -0.003195312
-8.30000011e-010   -0.0033125
-8.20000011e-010 -0.003515625
-8.10000011e-010 -0.003695312
-8.00000011e-010 -0.003867187
-7.90000011e-010       -0.004
-7.8000001e-010 -0.004070312
-7.7000001e-010 -0.004070312
-7.6000001e-010 -0.004078125
-7.5000001e-010 -0.004078125
-7.4000001e-010 -0.004101562
-7.3000001e-010 -0.004210937
-7.2000001e-010  -0.00434375
-7.10000009e-010 -0.004523437
-7.00000009e-010 -0.004734375
-6.90000009e-010 -0.005039062
-6.80000009e-010 -0.005335937
-6.70000009e-010 -0.005664062
-6.60000009e-010   -0.0060625
-6.50000009e-010 -0.006523437
-6.40000009e-010 -0.007140625
-6.30000008e-010 -0.007859375
-6.20000008e-010  -0.00871875
-6.10000008e-010  -0.00978125
-6.00000008e-010  -0.01102344
-5.90000008e-010  -0.01264063
-5.80000008e-010  -0.01453125
-5.70000008e-010  -0.01678125
-5.60000007e-010  -0.01953906
-5.50000007e-010  -0.02276563
-5.40000007e-010  -0.02655469
-5.30000007e-010  -0.03092188
-5.20000007e-010  -0.03575781
-5.10000007e-010  -0.04117969
-5.00000007e-010  -0.04714844
-4.90000007e-010  -0.05364063
-4.80000006e-010  -0.06064063
-4.70000006e-010  -0.06814844
-4.60000006e-010  -0.07603125
-4.50000006e-010  -0.08428125
-4.40000006e-010  -0.09276563
-4.30000006e-010   -0.1012656
-4.20000006e-010   -0.1096719
-4.10000005e-010   -0.1176953
-4.00000005e-010   -0.1251484
-3.90000005e-010   -0.1318594
-3.80000005e-010   -0.1377656
-3.70000005e-010   -0.1428281
-3.60000005e-010   -0.1468594
-3.50000005e-010   -0.1501016
-3.40000005e-010   -0.1523906
-3.30000004e-010   -0.1539531
-3.20000004e-010   -0.1548594
-3.10000004e-010       -0.155
-3.00000004e-010   -0.1546328
-2.90000004e-010   -0.1536016
-2.80000004e-010   -0.1521953
-2.70000004e-010   -0.1505078
-2.60000003e-010   -0.1484531
-2.50000003e-010   -0.1463125
-2.40000003e-010   -0.1439531
-2.30000003e-010   -0.1415469
-2.20000003e-010   -0.1391484
-2.10000003e-010   -0.1366172
-2.00000003e-010   -0.1338672
-1.90000003e-010     -0.13075
-1.80000002e-010   -0.1272344
-1.70000002e-010   -0.1232969
-1.60000002e-010   -0.1186953
-1.50000002e-010   -0.1135391
-1.40000002e-010   -0.1076719
-1.30000002e-010   -0.1012266
-1.20000002e-010  -0.09425782
-1.10000001e-010  -0.08686719
-1.00000001e-010  -0.07902344
-9.00000012e-011  -0.07092188
-8.00000011e-011  -0.06261719
-7.00000009e-011  -0.05422656
-6.00000008e-011   -0.0459375
-5.00000007e-011  -0.03785156
-4.00000005e-011  -0.03011719
-3.00000004e-011  -0.02282031
-2.00000003e-011   -0.0160625
-1.00000001e-011 -0.009984375
           0 -0.004570312
1.00000001e-011 5.468785e-005
2.00000003e-011  0.003960938
3.00000004e-011  0.007187501
4.00000005e-011  0.009617188
5.00000007e-011   0.01138281
6.00000008e-011   0.01251563
7.00000009e-011   0.01314063
8.00000011e-011   0.01342969
9.00000012e-011   0.01335938
1.00000001e-010   0.01313281
1.10000001e-010   0.01279688
1.20000002e-010    0.0124375
1.30000002e-010   0.01210156
1.40000002e-010   0.01171094
1.50000002e-010   0.01132813
1.60000002e-010   0.01092969
1.70000002e-010   0.01059375
1.80000002e-010   0.01038281
1.90000003e-010   0.01035938
2.00000003e-010   0.01059375
2.10000003e-010   0.01107813
2.20000003e-010   0.01184375
2.30000003e-010   0.01279688
2.40000003e-010   0.01389844
2.50000003e-010   0.01504688
2.60000003e-010   0.01611719
2.70000004e-010   0.01714844
2.80000004e-010    0.0180625
2.90000004e-010   0.01883594
3.00000004e-010   0.01951563
3.10000004e-010   0.02001563
3.20000004e-010   0.02042969
3.30000004e-010   0.02071094
3.40000005e-010   0.02080469
3.50000005e-010   0.02078125
3.60000005e-010     0.020625
3.70000005e-010   0.02032813
3.80000005e-010   0.01994531
3.90000005e-010   0.01952344
4.00000005e-010   0.01908594
4.10000005e-010   0.01867969
4.20000006e-010   0.01829688
4.30000006e-010   0.01794531
4.40000006e-010   0.01761719
4.50000006e-010   0.01735938
4.60000006e-010   0.01711719
4.70000006e-010   0.01684375
4.80000006e-010   0.01653125
4.90000007e-010   0.01620313
5.00000007e-010   0.01586719
5.10000007e-010   0.01557813
5.20000007e-010      0.01525
5.30000007e-010        0.015
5.40000007e-010   0.01485156
5.50000007e-010   0.01477344
5.60000007e-010   0.01484375
5.70000008e-010   0.01494531
5.80000008e-010    0.0150625
5.90000008e-010   0.01522656
6.00000008e-010   0.01532031
6.10000008e-010   0.01529688
6.20000008e-010   0.01521875
6.30000008e-010   0.01505469
6.40000009e-010    0.0148125
6.50000009e-010   0.01452344
6.60000009e-010   0.01416406
6.70000009e-010   0.01392969
6.80000009e-010   0.01372656
6.90000009e-010   0.01357813
7.00000009e-010   0.01355469
7.10000009e-010   0.01353906
7.2000001e-010   0.01360938
7.3000001e-010   0.01364063
7.4000001e-010   0.01364063
7.5000001e-010    0.0136875
7.6000001e-010   0.01367188
7.7000001e-010   0.01366406
7.8000001e-010   0.01365625
7.90000011e-010    0.0136875
8.00000011e-010   0.01376563
8.10000011e-010     0.013875
8.20000011e-010   0.01403906
8.30000011e-010   0.01421875
8.40000011e-010     0.014375
8.50000011e-010   0.01451563
8.60000011e-010   0.01467188
8.70000012e-010      0.01475
8.80000012e-010   0.01482813
8.90000012e-010   0.01492969
9.00000012e-010   0.01503125
9.10000012e-010   0.01513281
9.20000012e-010   0.01530469
9.30000012e-010   0.01546875
9.40000013e-010   0.01560938
9.50000013e-010   0.01566406
9.60000013e-010   0.01566406
9.70000013e-010   0.01567969
9.80000013e-010   0.01564063
9.90000013e-010   0.01558594
1.00000001e-009   0.01552344
1.01000001e-009   0.01547656
1.02000001e-009   0.01550781
1.03000001e-009   0.01554688
1.04000001e-009   0.01569531
1.05000001e-009   0.01584375
1.06000001e-009    0.0160625
1.07000001e-009   0.01628125
1.08000001e-009   0.01645313
1.09000001e-009   0.01664063
1.10000001e-009   0.01677344
1.11000001e-009   0.01682031
1.12000001e-009   0.01688281
1.13000002e-009   0.01692969
1.14000002e-009   0.01692188
1.15000002e-009   0.01696875
1.16000002e-009        0.017
1.17000002e-009   0.01708594
1.18000002e-009   0.01717969
1.19000002e-009      0.01725
1.20000002e-009   0.01736719
1.21000002e-009    0.0174375
1.22000002e-009       0.0175
1.23000002e-009   0.01759375
1.24000002e-009   0.01767188
1.25000002e-009    0.0178125
1.26000002e-009   0.01794531
1.27000002e-009   0.01810938
1.28000002e-009   0.01828125
1.29000002e-009   0.01842969
1.30000002e-009   0.01857031
1.31000002e-009   0.01872656
1.32000002e-009    0.0188125
1.33000002e-009   0.01888281
1.34000002e-009   0.01895313
1.35000002e-009   0.01903906
1.36000002e-009   0.01911719
1.37000002e-009   0.01915625
1.38000002e-009    0.0191875
1.39000002e-009   0.01916406
1.40000002e-009   0.01911719
1.41000002e-009   0.01901563
1.42000002e-009   0.01884375
1.43000002e-009   0.01870313
1.44000002e-009    0.0185625
1.45000002e-009   0.01844531
1.46000002e-009   0.01832813
1.47000002e-009   0.01823438
1.48000002e-009   0.01811719
1.49000002e-009        0.018
1.50000002e-009   0.01784375
1.51000002e-009   0.01767188
1.52000002e-009       0.0175
1.53000002e-009   0.01733594
1.54000002e-009   0.01727344
1.55000002e-009   0.01721875
1.56000002e-009   0.01717969
1.57000002e-009   0.01715625
1.58000002e-009   0.01707031
1.59000002e-009   0.01696094
1.60000002e-009   0.01678125
1.61000002e-009   0.01657031
1.62000002e-009     0.016375
1.63000002e-009   0.01619531
1.64000002e-009   0.01608594
1.65000002e-009   0.01607813
1.66000002e-009   0.01614844
1.67000002e-009   0.01626563
1.68000002e-009   0.01629688
1.69000002e-009   0.01630469
1.70000002e-009   0.01619531
1.71000002e-009   0.01604688
1.72000002e-009    0.0158125
1.73000002e-009   0.01560938
1.74000002e-009   0.01547656
1.75000002e-009     0.015375
1.76000002e-009   0.01539844
1.77000002e-009    0.0154375
1.78000002e-009   0.01549219
1.79000002e-009   0.01549219
1.80000002e-009   0.01542969
1.81000002e-009   0.01528906
1.82000002e-009     0.015125
1.83000002e-009   0.01498438
1.84000002e-009   0.01489844
1.85000002e-009   0.01492188
1.86000002e-009   0.01508594
1.87000002e-009   0.01528125
1.88000003e-009   0.01553906
1.89000003e-009   0.01572656
1.90000003e-009   0.01583594
1.91000003e-009   0.01582813
1.92000003e-009   0.01572656
1.93000003e-009   0.01554688
1.94000003e-009   0.01536719
1.95000003e-009   0.01525781
1.96000003e-009   0.01520313
1.97000003e-009   0.01519531
1.98000003e-009   0.01527344
1.99000003e-009   0.01535938
2.00000003e-009   0.01535938
2.01000003e-009     0.015375
2.02000003e-009   0.01528125
2.03000003e-009   0.01515625
2.04000003e-009   0.01498438
2.05000003e-009   0.01486719
2.06000003e-009   0.01476563
2.07000003e-009   0.01471875
2.08000003e-009   0.01474219
2.09000003e-009   0.01476563
2.10000003e-009    0.0148125
2.11000003e-009    0.0148125
2.12000003e-009   0.01482031
2.13000003e-009   0.01476563
2.14000003e-009      0.01475
2.15000003e-009   0.01470313
2.16000003e-009   0.01473438
2.17000003e-009   0.01478125
2.18000003e-009   0.01482031
2.19000003e-009   0.01485938
2.20000003e-009     0.014875
2.21000003e-009     0.014875
2.22000003e-009   0.01485156
2.23000003e-009   0.01483594
2.24000003e-009   0.01478125
2.25000003e-009   0.01475781
2.26000003e-009   0.01472656
2.27000003e-009      0.01475
2.28000003e-009   0.01474219
2.29000003e-009   0.01473438
2.30000003e-009    0.0146875
2.31000003e-009   0.01461719
2.32000003e-009   0.01448438
2.33000003e-009   0.01433594
2.34000003e-009   0.01419531
2.35000003e-009   0.01404688
2.36000003e-009   0.01394531
2.37000003e-009   0.01385156
2.38000003e-009   0.01382813
2.39000003e-009   0.01378906
2.40000003e-009    0.0138125
2.41000003e-009   0.01378125
2.42000003e-009   0.01375781
2.43000003e-009   0.01370313
2.44000003e-009   0.01359375
2.45000003e-009   0.01346094
2.46000003e-009   0.01328906
2.47000003e-009     0.013125
2.48000003e-009   0.01291406
2.49000003e-009      0.01275
2.50000003e-009   0.01260938
