-2.49000003e-009  -0.00959375
-2.48000003e-009  -0.00959375
-2.47000003e-009 -0.009617188
-2.46000003e-009 -0.009695313
-2.45000003e-009     -0.00975
-2.44000003e-009 -0.009773438
-2.43000003e-009 -0.009773438
-2.42000003e-009 -0.009734375
-2.41000003e-009 -0.009671875
-2.40000003e-009 -0.009570313
-2.39000003e-009 -0.009539063
-2.38000003e-009 -0.009546875
-2.37000003e-009 -0.009539063
-2.36000003e-009 -0.009585938
-2.35000003e-009 -0.009609375
-2.34000003e-009  -0.00959375
-2.33000003e-009 -0.009523438
-2.32000003e-009 -0.009429688
-2.31000003e-009   -0.0093125
-2.30000003e-009     -0.00925
-2.29000003e-009 -0.009226563
-2.28000003e-009  -0.00921875
-2.27000003e-009 -0.009195313
-2.26000003e-009 -0.009179688
-2.25000003e-009 -0.009085938
-2.24000003e-009 -0.008984375
-2.23000003e-009 -0.008835938
-2.22000003e-009 -0.008648438
-2.21000003e-009 -0.008523438
-2.20000003e-009 -0.008492188
-2.19000003e-009 -0.008515625
-2.18000003e-009  -0.00865625
-2.17000003e-009 -0.008828125
-2.16000003e-009 -0.008976563
-2.15000003e-009 -0.009054688
-2.14000003e-009 -0.009078125
-2.13000003e-009 -0.008992188
-2.12000003e-009 -0.008757813
-2.11000003e-009 -0.008546875
-2.10000003e-009 -0.008320313
-2.09000003e-009  -0.00809375
-2.08000003e-009       -0.008
-2.07000003e-009 -0.007960938
-2.06000003e-009 -0.007914063
-2.05000003e-009 -0.007953125
-2.04000003e-009 -0.007960938
-2.03000003e-009 -0.007992188
-2.02000003e-009 -0.008007813
-2.01000003e-009 -0.007992188
-2.00000003e-009 -0.008007813
-1.99000003e-009  -0.00796875
-1.98000003e-009  -0.00790625
-1.97000003e-009  -0.00784375
-1.96000003e-009 -0.007742188
-1.95000003e-009 -0.007648438
-1.94000003e-009 -0.007515625
-1.93000003e-009 -0.007414063
-1.92000003e-009  -0.00728125
-1.91000003e-009  -0.00721875
-1.90000003e-009   -0.0071875
-1.89000003e-009 -0.007164062
-1.88000003e-009 -0.007179687
-1.87000002e-009 -0.007148437
-1.86000002e-009  -0.00709375
-1.85000002e-009 -0.006984375
-1.84000002e-009 -0.006820312
-1.83000002e-009   -0.0065625
-1.82000002e-009 -0.006320312
-1.81000002e-009  -0.00609375
-1.80000002e-009  -0.00584375
-1.79000002e-009 -0.005726562
-1.78000002e-009 -0.005570312
-1.77000002e-009 -0.005523437
-1.76000002e-009 -0.005515625
-1.75000002e-009 -0.005507812
-1.74000002e-009 -0.005523437
-1.73000002e-009 -0.005453125
-1.72000002e-009 -0.005414062
-1.71000002e-009  -0.00528125
-1.70000002e-009 -0.005171875
-1.69000002e-009 -0.005039062
-1.68000002e-009  -0.00490625
-1.67000002e-009 -0.004820312
-1.66000002e-009 -0.004742187
-1.65000002e-009 -0.004679687
-1.64000002e-009  -0.00465625
-1.63000002e-009 -0.004632812
-1.62000002e-009 -0.004632812
-1.61000002e-009  -0.00465625
-1.60000002e-009 -0.004664062
-1.59000002e-009    -0.004625
-1.58000002e-009 -0.004554687
-1.57000002e-009 -0.004476562
-1.56000002e-009 -0.004351562
-1.55000002e-009 -0.004171875
-1.54000002e-009 -0.003960937
-1.53000002e-009 -0.003757812
-1.52000002e-009 -0.003578125
-1.51000002e-009 -0.003445312
-1.50000002e-009 -0.003390625
-1.49000002e-009 -0.003398437
-1.48000002e-009 -0.003476562
-1.47000002e-009 -0.003609375
-1.46000002e-009 -0.003703125
-1.45000002e-009     -0.00375
-1.44000002e-009  -0.00378125
-1.43000002e-009 -0.003734375
-1.42000002e-009    -0.003625
-1.41000002e-009 -0.003476562
-1.40000002e-009   -0.0033125
-1.39000002e-009 -0.003195312
-1.38000002e-009 -0.003117187
-1.37000002e-009 -0.003070312
-1.36000002e-009 -0.003039062
-1.35000002e-009 -0.003023437
-1.34000002e-009 -0.003007812
-1.33000002e-009 -0.002953125
-1.32000002e-009  -0.00284375
-1.31000002e-009 -0.002757812
-1.30000002e-009 -0.002632812
-1.29000002e-009 -0.002546875
-1.28000002e-009 -0.002492187
-1.27000002e-009 -0.002484375
-1.26000002e-009 -0.002515625
-1.25000002e-009 -0.002617187
-1.24000002e-009   -0.0026875
-1.23000002e-009     -0.00275
-1.22000002e-009 -0.002773437
-1.21000002e-009 -0.002796875
-1.20000002e-009 -0.002765625
-1.19000002e-009 -0.002703125
-1.18000002e-009 -0.002640625
-1.17000002e-009 -0.002554687
-1.16000002e-009 -0.002476562
-1.15000002e-009 -0.002414062
-1.14000002e-009 -0.002390625
-1.13000002e-009 -0.002351562
-1.12000001e-009 -0.002382812
-1.11000001e-009 -0.002484375
-1.10000001e-009 -0.002554687
-1.09000001e-009   -0.0026875
-1.08000001e-009 -0.002789062
-1.07000001e-009 -0.002851562
-1.06000001e-009 -0.002882812
-1.05000001e-009    -0.002875
-1.04000001e-009 -0.002835937
-1.03000001e-009 -0.002820312
-1.02000001e-009  -0.00278125
-1.01000001e-009 -0.002804687
-1.00000001e-009 -0.002867187
-9.90000013e-010   -0.0029375
-9.80000013e-010 -0.003054687
-9.70000013e-010 -0.003117187
-9.60000013e-010   -0.0031875
-9.50000013e-010  -0.00321875
-9.40000013e-010 -0.003203125
-9.30000012e-010 -0.003179687
-9.20000012e-010 -0.003132812
-9.10000012e-010   -0.0030625
-9.00000012e-010 -0.003007812
-8.90000012e-010 -0.002992187
-8.80000012e-010 -0.002960937
-8.70000012e-010       -0.003
-8.60000011e-010 -0.003085937
-8.50000011e-010 -0.003179687
-8.40000011e-010 -0.003351562
-8.30000011e-010 -0.003546875
-8.20000011e-010 -0.003734375
-8.10000011e-010 -0.003867187
-8.00000011e-010  -0.00396875
-7.90000011e-010 -0.004023437
-7.8000001e-010 -0.003984375
-7.7000001e-010 -0.003960937
-7.6000001e-010 -0.003914062
-7.5000001e-010  -0.00390625
-7.4000001e-010  -0.00396875
-7.3000001e-010    -0.004125
-7.2000001e-010  -0.00434375
-7.10000009e-010  -0.00465625
-7.00000009e-010 -0.004921875
-6.90000009e-010 -0.005257812
-6.80000009e-010 -0.005570312
-6.70000009e-010 -0.005921875
-6.60000009e-010 -0.006398437
-6.50000009e-010 -0.006882812
-6.40000009e-010 -0.007515625
-6.30000008e-010 -0.008265625
-6.20000008e-010 -0.009171875
-6.10000008e-010  -0.01033594
-6.00000008e-010  -0.01157813
-5.90000008e-010  -0.01313281
-5.80000008e-010  -0.01501563
-5.70000008e-010  -0.01732031
-5.60000007e-010  -0.02010156
-5.50000007e-010  -0.02341406
-5.40000007e-010  -0.02721094
-5.30000007e-010  -0.03164844
-5.20000007e-010  -0.03660156
-5.10000007e-010  -0.04207813
-5.00000007e-010  -0.04802344
-4.90000007e-010  -0.05442188
-4.80000006e-010  -0.06127344
-4.70000006e-010  -0.06857813
-4.60000006e-010  -0.07627344
-4.50000006e-010     -0.08425
-4.40000006e-010  -0.09242969
-4.30000006e-010    -0.100625
-4.20000006e-010   -0.1086875
-4.10000005e-010   -0.1163828
-4.00000005e-010   -0.1236328
-3.90000005e-010   -0.1302266
-3.80000005e-010   -0.1360469
-3.70000005e-010   -0.1410938
-3.60000005e-010   -0.1452422
-3.50000005e-010   -0.1486484
-3.40000005e-010   -0.1512031
-3.30000004e-010   -0.1529844
-3.20000004e-010   -0.1540078
-3.10000004e-010     -0.15425
-3.00000004e-010   -0.1540469
-2.90000004e-010   -0.1532656
-2.80000004e-010   -0.1519844
-2.70000004e-010   -0.1504063
-2.60000003e-010   -0.1484531
-2.50000003e-010   -0.1464375
-2.40000003e-010   -0.1442109
-2.30000003e-010   -0.1417969
-2.20000003e-010   -0.1392656
-2.10000003e-010   -0.1364766
-2.00000003e-010   -0.1335469
-1.90000003e-010   -0.1302813
-1.80000002e-010   -0.1266172
-1.70000002e-010   -0.1224141
-1.60000002e-010    -0.117625
-1.50000002e-010   -0.1122891
-1.40000002e-010   -0.1063984
-1.30000002e-010  -0.09998438
-1.20000002e-010  -0.09310157
-1.10000001e-010  -0.08582813
-1.00000001e-010  -0.07829688
-9.00000012e-011  -0.07050782
-8.00000011e-011   -0.0625625
-7.00000009e-011  -0.05452344
-6.00000008e-011  -0.04644531
-5.00000007e-011  -0.03847656
-4.00000005e-011  -0.03071875
-3.00000004e-011  -0.02342188
-2.00000003e-011  -0.01660938
-1.00000001e-011  -0.01050781
           0 -0.005078125
1.00000001e-011 -0.0004140622
2.00000003e-011  0.003429688
3.00000004e-011  0.006609376
4.00000005e-011  0.009078126
5.00000007e-011   0.01103125
6.00000008e-011   0.01241406
7.00000009e-011   0.01332813
8.00000011e-011   0.01382813
9.00000012e-011   0.01392188
1.00000001e-010   0.01382813
1.10000001e-010   0.01351563
1.20000002e-010   0.01302344
1.30000002e-010   0.01248438
1.40000002e-010   0.01196094
1.50000002e-010   0.01157813
1.60000002e-010   0.01124219
1.70000002e-010   0.01108594
1.80000002e-010   0.01108594
1.90000003e-010      0.01125
2.00000003e-010     0.011625
2.10000003e-010   0.01222656
2.20000003e-010   0.01301563
2.30000003e-010   0.01395313
2.40000003e-010   0.01495313
2.50000003e-010   0.01598438
2.60000003e-010   0.01696094
2.70000004e-010   0.01788281
2.80000004e-010   0.01864844
2.90000004e-010   0.01932031
3.00000004e-010   0.01988281
3.10000004e-010   0.02033594
3.20000004e-010    0.0206875
3.30000004e-010   0.02094531
3.40000005e-010   0.02102344
3.50000005e-010   0.02097656
3.60000005e-010   0.02074219
3.70000005e-010   0.02038281
3.80000005e-010     0.019875
3.90000005e-010   0.01930469
4.00000005e-010   0.01878125
4.10000005e-010    0.0181875
4.20000006e-010   0.01772656
4.30000006e-010   0.01736719
4.40000006e-010   0.01704688
4.50000006e-010    0.0168125
4.60000006e-010   0.01658594
4.70000006e-010     0.016375
4.80000006e-010   0.01611719
4.90000007e-010   0.01588281
5.00000007e-010   0.01561719
5.10000007e-010   0.01539844
5.20000007e-010   0.01510938
5.30000007e-010   0.01494531
5.40000007e-010   0.01477344
5.50000007e-010   0.01464844
5.60000007e-010   0.01460156
5.70000008e-010   0.01460156
5.80000008e-010    0.0146875
5.90000008e-010   0.01475781
6.00000008e-010   0.01484375
6.10000008e-010    0.0149375
6.20000008e-010   0.01497656
6.30000008e-010   0.01495313
6.40000009e-010   0.01483594
6.50000009e-010   0.01460938
6.60000009e-010   0.01434375
6.70000009e-010   0.01409375
6.80000009e-010   0.01385156
6.90000009e-010    0.0136875
7.00000009e-010   0.01358594
7.10000009e-010   0.01354688
7.2000001e-010   0.01355469
7.3000001e-010   0.01360156
7.4000001e-010     0.013625
7.5000001e-010   0.01361719
7.6000001e-010   0.01357031
7.7000001e-010   0.01351563
7.8000001e-010   0.01354688
7.90000011e-010   0.01363281
8.00000011e-010   0.01378906
8.10000011e-010   0.01402344
8.20000011e-010   0.01432813
8.30000011e-010   0.01465625
8.40000011e-010   0.01494531
8.50000011e-010   0.01522656
8.60000011e-010   0.01542188
8.70000012e-010   0.01558594
8.80000012e-010   0.01565625
8.90000012e-010   0.01571875
9.00000012e-010   0.01572656
9.10000012e-010   0.01574219
9.20000012e-010      0.01575
9.30000012e-010   0.01579688
9.40000013e-010   0.01583594
9.50000013e-010   0.01590625
9.60000013e-010        0.016
9.70000013e-010   0.01607031
9.80000013e-010   0.01617969
9.90000013e-010   0.01622656
1.00000001e-009   0.01622656
1.01000001e-009    0.0161875
1.02000001e-009   0.01607031
1.03000001e-009   0.01592969
1.04000001e-009   0.01577344
1.05000001e-009   0.01565625
1.06000001e-009    0.0155625
1.07000001e-009   0.01557031
1.08000001e-009   0.01569531
1.09000001e-009   0.01585938
1.10000001e-009   0.01611719
1.11000001e-009   0.01639844
1.12000001e-009    0.0166875
1.13000002e-009   0.01694531
1.14000002e-009   0.01714063
1.15000002e-009   0.01728906
1.16000002e-009   0.01742969
1.17000002e-009   0.01754688
1.18000002e-009   0.01767969
1.19000002e-009   0.01776563
1.20000002e-009   0.01791406
1.21000002e-009   0.01802344
1.22000002e-009   0.01813281
1.23000002e-009   0.01816406
1.24000002e-009   0.01822656
1.25000002e-009   0.01823438
1.26000002e-009   0.01823438
1.27000002e-009   0.01819531
1.28000002e-009   0.01821875
1.29000002e-009   0.01820313
1.30000002e-009   0.01824219
1.31000002e-009   0.01828125
1.32000002e-009   0.01835156
1.33000002e-009   0.01838281
1.34000002e-009    0.0184375
1.35000002e-009   0.01842188
1.36000002e-009    0.0184375
1.37000002e-009   0.01846875
1.38000002e-009   0.01852344
1.39000002e-009   0.01853125
1.40000002e-009   0.01859375
1.41000002e-009   0.01867969
1.42000002e-009   0.01870313
1.43000002e-009      0.01875
1.44000002e-009   0.01873438
1.45000002e-009   0.01867969
1.46000002e-009   0.01864844
1.47000002e-009   0.01860938
1.48000002e-009   0.01859375
1.49000002e-009   0.01859375
1.50000002e-009   0.01857813
1.51000002e-009   0.01851563
1.52000002e-009   0.01845313
1.53000002e-009   0.01830469
1.54000002e-009   0.01803906
1.55000002e-009   0.01774219
1.56000002e-009   0.01735156
1.57000002e-009   0.01697656
1.58000002e-009   0.01664844
1.59000002e-009   0.01640625
1.60000002e-009   0.01622656
1.61000002e-009   0.01614063
1.62000002e-009   0.01610938
1.63000002e-009   0.01610156
1.64000002e-009   0.01611719
1.65000002e-009   0.01610938
1.66000002e-009   0.01613281
1.67000002e-009    0.0160625
1.68000002e-009   0.01597656
1.69000002e-009   0.01589844
1.70000002e-009   0.01577344
1.71000002e-009   0.01563281
1.72000002e-009   0.01549219
1.73000002e-009   0.01539844
1.74000002e-009   0.01535156
1.75000002e-009   0.01532813
1.76000002e-009   0.01540625
1.77000002e-009       0.0155
1.78000002e-009     0.015625
1.79000002e-009   0.01569531
1.80000002e-009   0.01573438
1.81000002e-009      0.01575
1.82000002e-009   0.01566406
1.83000002e-009   0.01555469
1.84000002e-009    0.0154375
1.85000002e-009   0.01529688
1.86000002e-009   0.01522656
1.87000002e-009   0.01514844
1.88000003e-009   0.01513281
1.89000003e-009   0.01514063
1.90000003e-009   0.01513281
1.91000003e-009   0.01514844
1.92000003e-009   0.01513281
1.93000003e-009   0.01508594
1.94000003e-009   0.01504688
1.95000003e-009   0.01496875
1.96000003e-009   0.01494531
1.97000003e-009   0.01488281
1.98000003e-009   0.01483594
1.99000003e-009   0.01484375
2.00000003e-009     0.014875
2.01000003e-009     0.014875
2.02000003e-009   0.01498438
2.03000003e-009   0.01502344
2.04000003e-009   0.01505469
2.05000003e-009   0.01508594
2.06000003e-009   0.01507031
2.07000003e-009   0.01502344
2.08000003e-009   0.01489844
2.09000003e-009    0.0148125
2.10000003e-009   0.01467188
2.11000003e-009   0.01458594
2.12000003e-009   0.01457031
2.13000003e-009   0.01457031
2.14000003e-009   0.01467969
2.15000003e-009   0.01475781
2.16000003e-009   0.01490625
2.17000003e-009   0.01497656
2.18000003e-009        0.015
2.19000003e-009   0.01495313
2.20000003e-009   0.01479688
2.21000003e-009   0.01457813
2.22000003e-009   0.01439844
2.23000003e-009   0.01417188
2.24000003e-009   0.01407031
2.25000003e-009   0.01401563
2.26000003e-009   0.01408594
2.27000003e-009   0.01422656
2.28000003e-009   0.01433594
2.29000003e-009   0.01447656
2.30000003e-009   0.01453906
2.31000003e-009   0.01455469
2.32000003e-009   0.01452344
2.33000003e-009   0.01448438
2.34000003e-009   0.01445313
2.35000003e-009   0.01441406
2.36000003e-009   0.01436719
2.37000003e-009    0.0143125
2.38000003e-009   0.01422656
2.39000003e-009   0.01404688
2.40000003e-009   0.01389063
2.41000003e-009   0.01366406
2.42000003e-009   0.01345313
2.43000003e-009   0.01326563
2.44000003e-009   0.01321094
2.45000003e-009   0.01320313
2.46000003e-009   0.01325781
2.47000003e-009    0.0133125
2.48000003e-009   0.01335156
2.49000003e-009   0.01335156
2.50000003e-009   0.01324219
