+3.00000000000E+005  -8.06506966596E+001
+7.79850000000E+006  -8.69749311613E+001
+1.52970000000E+007  -8.04037065803E+001
+2.27955000000E+007  -8.24816630487E+001
+3.02940000000E+007  -7.69983732469E+001
+3.77925000000E+007  -7.31841473128E+001
+4.52910000000E+007  -7.34480830969E+001
+5.27895000000E+007  -7.29000047707E+001
+6.02880000000E+007  -7.61531590296E+001
+6.77865000000E+007  -7.30683782622E+001
+7.52850000000E+007  -7.13504082352E+001
+8.27835000000E+007  -7.21888379582E+001
+9.02820000000E+007  -6.66995540858E+001
+9.77805000000E+007  -6.18852429178E+001
+1.05279000000E+008  -8.11671157070E+001
+1.12777500000E+008  -7.41556218957E+001
+1.20276000000E+008  -6.51246245210E+001
+1.27774500000E+008  -7.39619109140E+001
+1.35273000000E+008  -6.00107092977E+001
+1.42771500000E+008  -6.72200240699E+001
+1.50270000000E+008  -6.64446353785E+001
+1.57768500000E+008  -5.91563177031E+001
+1.65267000000E+008  -5.56888334842E+001
+1.72765500000E+008  -5.85094591478E+001
+1.80264000000E+008  -6.08592442300E+001
+1.87762500000E+008  -5.85571023346E+001
+1.95261000000E+008  -6.73113064009E+001
+2.02759500000E+008  -5.94518902951E+001
+2.10258000000E+008  -6.06190156385E+001
+2.17756500000E+008  -5.71006804513E+001
+2.25255000000E+008  -5.70849493083E+001
+2.32753500000E+008  -5.91569100498E+001
+2.40252000000E+008  -5.85115345782E+001
+2.47750500000E+008  -6.37348029492E+001
+2.55249000000E+008  -5.83090803562E+001
+2.62747500000E+008  -6.65827859425E+001
+2.70246000000E+008  -6.34078538283E+001
+2.77744500000E+008  -6.15613080978E+001
+2.85243000000E+008  -5.78397025597E+001
+2.92741500000E+008  -5.48196198874E+001
+3.00240000000E+008  -5.88765477454E+001
+3.07738500000E+008  -7.68801661789E+001
+3.15237000000E+008  -5.71975532187E+001
+3.22735500000E+008  -6.32261049457E+001
+3.30234000000E+008  -5.90219652971E+001
+3.37732500000E+008  -6.20661690889E+001
+3.45231000000E+008  -6.30391668003E+001
+3.52729500000E+008  -7.00072045103E+001
+3.60228000000E+008  -5.12423194983E+001
+3.67726500000E+008  -5.77422174767E+001
+3.75225000000E+008  -5.70719399813E+001
+3.82723500000E+008  -6.06255871211E+001
+3.90222000000E+008  -6.76868494579E+001
+3.97720500000E+008  -6.47231665716E+001
+4.05219000000E+008  -5.52919084711E+001
+4.12717500000E+008  -5.82684868671E+001
+4.20216000000E+008  -7.51790935275E+001
+4.27714500000E+008  -7.80800654330E+001
+4.35213000000E+008  -5.57886160425E+001
+4.42711500000E+008  -6.07924375890E+001
+4.50210000000E+008  -5.91764122145E+001
+4.57708500000E+008  -6.34799836037E+001
+4.65207000000E+008  -5.99463499392E+001
+4.72705500000E+008  -6.06728441805E+001
+4.80204000000E+008  -5.73936229909E+001
+4.87702500000E+008  -5.94711084938E+001
+4.95201000000E+008  -7.30768664015E+001
+5.02699500000E+008  -6.11306718072E+001
+5.10198000000E+008  -6.69811023660E+001
+5.17696500000E+008  -5.74002973537E+001
+5.25195000000E+008  -6.97593769042E+001
+5.32693500000E+008  -5.83530405108E+001
+5.40192000000E+008  -6.18931452228E+001
+5.47690500000E+008  -5.81782898032E+001
+5.55189000000E+008  -6.16145143409E+001
+5.62687500000E+008  -5.71089909439E+001
+5.70186000000E+008  -6.10837532656E+001
+5.77684500000E+008  -5.62900593929E+001
+5.85183000000E+008  -6.73616735068E+001
+5.92681500000E+008  -6.51158875923E+001
+6.00180000000E+008  -6.02475385816E+001
+6.07678500000E+008  -8.78964615434E+001
+6.15177000000E+008  -6.13430412684E+001
+6.22675500000E+008  -7.08403528592E+001
+6.30174000000E+008  -6.01369553416E+001
+6.37672500000E+008  -6.16724797902E+001
+6.45171000000E+008  -7.82878160885E+001
+6.52669500000E+008  -5.61499143368E+001
+6.60168000000E+008  -5.91063656653E+001
+6.67666500000E+008  -5.71661912717E+001
+6.75165000000E+008  -6.53307137040E+001
+6.82663500000E+008  -6.76465590479E+001
+6.90162000000E+008  -5.84225472123E+001
+6.97660500000E+008  -7.06318656630E+001
+7.05159000000E+008  -6.21008158492E+001
+7.12657500000E+008  -5.56109747907E+001
+7.20156000000E+008  -6.09140446163E+001
+7.27654500000E+008  -6.96018106614E+001
+7.35153000000E+008  -6.58292525900E+001
+7.42651500000E+008  -6.53066827238E+001
+7.50150000000E+008  -6.38391268704E+001
+7.57648500000E+008  -6.39883277738E+001
+7.65147000000E+008  -5.70376972057E+001
+7.72645500000E+008  -6.82520617563E+001
+7.80144000000E+008  -7.19450335634E+001
+7.87642500000E+008  -6.23875382634E+001
+7.95141000000E+008  -6.49725220644E+001
+8.02639500000E+008  -6.41968138677E+001
+8.10138000000E+008  -6.30310251905E+001
+8.17636500000E+008  -7.35724197346E+001
+8.25135000000E+008  -7.69268956392E+001
+8.32633500000E+008  -5.94946062963E+001
+8.40132000000E+008  -6.66948697331E+001
+8.47630500000E+008  -6.11403781365E+001
+8.55129000000E+008  -8.55481457122E+001
+8.62627500000E+008  -6.61796157596E+001
+8.70126000000E+008  -6.25146650899E+001
+8.77624500000E+008  -6.97011317183E+001
+8.85123000000E+008  -5.79808293717E+001
+8.92621500000E+008  -6.18602991263E+001
+9.00120000000E+008  -6.07019133380E+001
+9.07618500000E+008  -6.16904858414E+001
+9.15117000000E+008  -5.91779385348E+001
+9.22615500000E+008  -7.16141226118E+001
+9.30114000000E+008  -6.72488676598E+001
+9.37612500000E+008  -6.39453442774E+001
+9.45111000000E+008  -7.05842405680E+001
+9.52609500000E+008  -5.85738468964E+001
+9.60108000000E+008  -6.38333518689E+001
+9.67606500000E+008  -6.18763567291E+001
+9.75105000000E+008  -7.17237733831E+001
+9.82603500000E+008  -5.97189508351E+001
+9.90102000000E+008  -6.86144976072E+001
+9.97600500000E+008  -5.95648172921E+001
+1.00509900000E+009  -7.10916530856E+001
+1.01259750000E+009  -6.65173312594E+001
+1.02009600000E+009  -6.26164800610E+001
+1.02759450000E+009  -6.63172988511E+001
+1.03509300000E+009  -6.79621199746E+001
+1.04259150000E+009  -6.07177719932E+001
+1.05009000000E+009  -7.01565771150E+001
+1.05758850000E+009  -7.34309633339E+001
+1.06508700000E+009  -6.78839896653E+001
+1.07258550000E+009  -6.75736392358E+001
+1.08008400000E+009  -7.92477548846E+001
+1.08758250000E+009  -7.10039188143E+001
+1.09508100000E+009  -7.01094725731E+001
+1.10257950000E+009  -6.06719575481E+001
+1.11007800000E+009  -6.95330065436E+001
+1.11757650000E+009  -6.96515815867E+001
+1.12507500000E+009  -6.76629895453E+001
+1.13257350000E+009  -6.80120368074E+001
+1.14007200000E+009  -6.18778133738E+001
+1.14757050000E+009  -8.53717634247E+001
+1.15506900000E+009  -6.97341087863E+001
+1.16256750000E+009  -6.34541042704E+001
+1.17006600000E+009  -7.44327005339E+001
+1.17756450000E+009  -6.12988276688E+001
+1.18506300000E+009  -6.33171499531E+001
+1.19256150000E+009  -7.57999868877E+001
+1.20006000000E+009  -6.42802832243E+001
+1.20755850000E+009  -8.76078412461E+001
+1.21505700000E+009  -6.26852679806E+001
+1.22255550000E+009  -6.56624439686E+001
+1.23005400000E+009  -7.12207297442E+001
+1.23755250000E+009  -7.01480412670E+001
+1.24505100000E+009  -6.85741373406E+001
+1.25254950000E+009  -6.47228942988E+001
+1.26004800000E+009  -6.20003403913E+001
+1.26754650000E+009  -7.86114662106E+001
+1.27504500000E+009  -7.19290940059E+001
+1.28254350000E+009  -7.60969107834E+001
+1.29004200000E+009  -6.79257428022E+001
+1.29754050000E+009  -6.35390074908E+001
+1.30503900000E+009  -6.88558537145E+001
+1.31253750000E+009  -7.07468032153E+001
+1.32003600000E+009  -6.68038211666E+001
+1.32753450000E+009  -6.78270248451E+001
+1.33503300000E+009  -6.65950729205E+001
+1.34253150000E+009  -6.62073950241E+001
+1.35003000000E+009  -6.62985536699E+001
+1.35752850000E+009  -6.94086266809E+001
+1.36502700000E+009  -6.59506846053E+001
+1.37252550000E+009  -7.45798830041E+001
+1.38002400000E+009  -6.92507096009E+001
+1.38752250000E+009  -6.84483383600E+001
+1.39502100000E+009  -6.88840496305E+001
+1.40251950000E+009  -7.51120053318E+001
+1.41001800000E+009  -7.76436527916E+001
+1.41751650000E+009  -7.33970061580E+001
+1.42501500000E+009  -7.66615633191E+001
+1.43251350000E+009  -6.98484377399E+001
+1.44001200000E+009  -6.86039286590E+001
+1.44751050000E+009  -7.34311148907E+001
+1.45500900000E+009  -7.66717689885E+001
+1.46250750000E+009  -7.28690422002E+001
+1.47000600000E+009  -9.04759991151E+001
+1.47750450000E+009  -8.17415318990E+001
+1.48500300000E+009  -7.33658826215E+001
+1.49250150000E+009  -7.56150626467E+001
+1.50000000000E+009  -7.75071601373E+001
