+3.00000000000E+005  -8.78878987900E+001
+7.79850000000E+006  -9.52155719251E+001
+1.52970000000E+007  -7.53422526791E+001
+2.27955000000E+007  -8.62520828134E+001
+3.02940000000E+007  -7.53674454175E+001
+3.77925000000E+007  -7.48867551920E+001
+4.52910000000E+007  -7.70271524643E+001
+5.27895000000E+007  -7.04882680521E+001
+6.02880000000E+007  -7.17615565271E+001
+6.77865000000E+007  -7.06147543130E+001
+7.52850000000E+007  -6.68378744226E+001
+8.27835000000E+007  -7.16121716150E+001
+9.02820000000E+007  -7.34339881054E+001
+9.77805000000E+007  -6.97995111842E+001
+1.05279000000E+008  -6.59949280668E+001
+1.12777500000E+008  -7.49411592995E+001
+1.20276000000E+008  -6.75739481356E+001
+1.27774500000E+008  -6.92028071826E+001
+1.35273000000E+008  -6.60017728795E+001
+1.42771500000E+008  -6.62284972625E+001
+1.50270000000E+008  -6.64923522156E+001
+1.57768500000E+008  -5.83224259592E+001
+1.65267000000E+008  -5.93778841889E+001
+1.72765500000E+008  -5.93382890320E+001
+1.80264000000E+008  -5.60596940288E+001
+1.87762500000E+008  -6.83865863041E+001
+1.95261000000E+008  -6.28545116502E+001
+2.02759500000E+008  -6.36264752972E+001
+2.10258000000E+008  -5.09920963571E+001
+2.17756500000E+008  -5.48835707093E+001
+2.25255000000E+008  -7.30918019962E+001
+2.32753500000E+008  -6.56136886665E+001
+2.40252000000E+008  -5.78999275658E+001
+2.47750500000E+008  -8.03839993484E+001
+2.55249000000E+008  -5.55000926267E+001
+2.62747500000E+008  -6.50489382778E+001
+2.70246000000E+008  -5.35610394657E+001
+2.77744500000E+008  -5.85975910099E+001
+2.85243000000E+008  -5.85151152727E+001
+2.92741500000E+008  -5.38954895633E+001
+3.00240000000E+008  -5.96677833015E+001
+3.07738500000E+008  -6.05652287177E+001
+3.15237000000E+008  -5.72512738807E+001
+3.22735500000E+008  -5.93963680481E+001
+3.30234000000E+008  -5.67786402410E+001
+3.37732500000E+008  -5.80756193004E+001
+3.45231000000E+008  -5.74915113884E+001
+3.52729500000E+008  -5.20481688379E+001
+3.60228000000E+008  -5.64400148957E+001
+3.67726500000E+008  -5.97699911533E+001
+3.75225000000E+008  -6.36717567114E+001
+3.82723500000E+008  -5.68152464213E+001
+3.90222000000E+008  -6.00552112791E+001
+3.97720500000E+008  -5.93886848934E+001
+4.05219000000E+008  -5.61413914758E+001
+4.12717500000E+008  -6.17226697966E+001
+4.20216000000E+008  -6.56288680978E+001
+4.27714500000E+008  -5.89286419346E+001
+4.35213000000E+008  -6.62102059796E+001
+4.42711500000E+008  -5.73454871973E+001
+4.50210000000E+008  -5.99430340337E+001
+4.57708500000E+008  -6.07569916054E+001
+4.65207000000E+008  -6.90926034025E+001
+4.72705500000E+008  -7.71992731422E+001
+4.80204000000E+008  -5.79221408219E+001
+4.87702500000E+008  -5.72436207116E+001
+4.95201000000E+008  -6.83324480479E+001
+5.02699500000E+008  -6.25980732912E+001
+5.10198000000E+008  -5.55187364276E+001
+5.17696500000E+008  -6.25761017558E+001
+5.25195000000E+008  -6.48290049047E+001
+5.32693500000E+008  -5.42125004861E+001
+5.40192000000E+008  -7.22625768166E+001
+5.47690500000E+008  -5.79305739552E+001
+5.55189000000E+008  -5.92294229132E+001
+5.62687500000E+008  -6.12391645802E+001
+5.70186000000E+008  -5.92686360436E+001
+5.77684500000E+008  -7.01522420856E+001
+5.85183000000E+008  -6.21350730374E+001
+5.92681500000E+008  -6.29483432451E+001
+6.00180000000E+008  -6.87190265354E+001
+6.07678500000E+008  -6.16939004013E+001
+6.15177000000E+008  -5.63966544349E+001
+6.22675500000E+008  -5.83327181087E+001
+6.30174000000E+008  -5.88076506067E+001
+6.37672500000E+008  -6.70177605739E+001
+6.45171000000E+008  -7.00960130376E+001
+6.52669500000E+008  -5.78533538664E+001
+6.60168000000E+008  -5.84170501172E+001
+6.67666500000E+008  -6.54370246989E+001
+6.75165000000E+008  -5.89693100703E+001
+6.82663500000E+008  -5.95304011124E+001
+6.90162000000E+008  -6.29782315257E+001
+6.97660500000E+008  -6.60910740122E+001
+7.05159000000E+008  -5.82863985922E+001
+7.12657500000E+008  -5.41957703239E+001
+7.20156000000E+008  -5.86693714973E+001
+7.27654500000E+008  -6.22215270807E+001
+7.35153000000E+008  -7.01246004632E+001
+7.42651500000E+008  -5.57440175339E+001
+7.50150000000E+008  -5.99688291986E+001
+7.57648500000E+008  -7.14617898416E+001
+7.65147000000E+008  -6.74045648278E+001
+7.72645500000E+008  -6.27108517983E+001
+7.80144000000E+008  -6.29805125152E+001
+7.87642500000E+008  -6.28693844624E+001
+7.95141000000E+008  -6.22416893136E+001
+8.02639500000E+008  -6.84156563280E+001
+8.10138000000E+008  -6.75775491044E+001
+8.17636500000E+008  -5.73578277448E+001
+8.25135000000E+008  -7.79119926203E+001
+8.32633500000E+008  -7.16205045602E+001
+8.40132000000E+008  -6.97383845968E+001
+8.47630500000E+008  -6.92268285032E+001
+8.55129000000E+008  -6.33705636889E+001
+8.62627500000E+008  -6.78312279844E+001
+8.70126000000E+008  -5.83097551981E+001
+8.77624500000E+008  -6.24801735547E+001
+8.85123000000E+008  -6.39496344205E+001
+8.92621500000E+008  -7.33756996805E+001
+9.00120000000E+008  -6.38818992182E+001
+9.07618500000E+008  -7.25518425007E+001
+9.15117000000E+008  -6.12569662069E+001
+9.22615500000E+008  -6.59770685245E+001
+9.30114000000E+008  -7.75785954543E+001
+9.37612500000E+008  -6.49207283210E+001
+9.45111000000E+008  -6.47850122449E+001
+9.52609500000E+008  -6.89616087454E+001
+9.60108000000E+008  -5.99793364622E+001
+9.67606500000E+008  -7.40033032566E+001
+9.75105000000E+008  -6.44175106011E+001
+9.82603500000E+008  -6.91941186319E+001
+9.90102000000E+008  -6.61965835698E+001
+9.97600500000E+008  -6.57347753811E+001
+1.00509900000E+009  -6.63781948367E+001
+1.01259750000E+009  -6.60984565303E+001
+1.02009600000E+009  -6.68171130741E+001
+1.02759450000E+009  -6.78515553746E+001
+1.03509300000E+009  -6.77281159093E+001
+1.04259150000E+009  -7.01155638388E+001
+1.05009000000E+009  -7.83157929188E+001
+1.05758850000E+009  -5.99821625246E+001
+1.06508700000E+009  -6.80991404620E+001
+1.07258550000E+009  -7.02796494496E+001
+1.08008400000E+009  -6.87960566117E+001
+1.08758250000E+009  -6.19982222224E+001
+1.09508100000E+009  -6.75460104601E+001
+1.10257950000E+009  -7.41404119620E+001
+1.11007800000E+009  -7.64060667722E+001
+1.11757650000E+009  -6.39511670889E+001
+1.12507500000E+009  -6.74629676065E+001
+1.13257350000E+009  -6.83168246922E+001
+1.14007200000E+009  -7.20576558137E+001
+1.14757050000E+009  -6.31446513600E+001
+1.15506900000E+009  -6.72723725413E+001
+1.16256750000E+009  -7.03405634587E+001
+1.17006600000E+009  -6.66701637752E+001
+1.17756450000E+009  -7.21290446108E+001
+1.18506300000E+009  -7.81855023009E+001
+1.19256150000E+009  -6.94394998140E+001
+1.20006000000E+009  -6.46117515964E+001
+1.20755850000E+009  -6.33876476126E+001
+1.21505700000E+009  -6.75185951358E+001
+1.22255550000E+009  -7.76769886672E+001
+1.23005400000E+009  -7.97807898999E+001
+1.23755250000E+009  -8.03775208836E+001
+1.24505100000E+009  -8.83601967787E+001
+1.25254950000E+009  -7.18977179022E+001
+1.26004800000E+009  -7.19133797236E+001
+1.26754650000E+009  -6.42217916347E+001
+1.27504500000E+009  -6.81244591886E+001
+1.28254350000E+009  -7.69216312974E+001
+1.29004200000E+009  -6.73428090475E+001
+1.29754050000E+009  -6.96348600620E+001
+1.30503900000E+009  -7.09219736588E+001
+1.31253750000E+009  -6.61454179205E+001
+1.32003600000E+009  -6.72197517122E+001
+1.32753450000E+009  -6.27437233361E+001
+1.33503300000E+009  -6.68758657132E+001
+1.34253150000E+009  -7.29644852079E+001
+1.35003000000E+009  -6.96137071579E+001
+1.35752850000E+009  -6.86452044226E+001
+1.36502700000E+009  -6.84897496291E+001
+1.37252550000E+009  -7.46502186953E+001
+1.38002400000E+009  -6.55417051774E+001
+1.38752250000E+009  -7.24999372835E+001
+1.39502100000E+009  -7.86823891436E+001
+1.40251950000E+009  -6.94386547626E+001
+1.41001800000E+009  -7.45796609610E+001
+1.41751650000E+009  -7.53362548515E+001
+1.42501500000E+009  -6.62203713603E+001
+1.43251350000E+009  -7.13225461137E+001
+1.44001200000E+009  -7.69327909311E+001
+1.44751050000E+009  -7.06716574653E+001
+1.45500900000E+009  -6.88742161422E+001
+1.46250750000E+009  -7.60013229428E+001
+1.47000600000E+009  -7.20701905592E+001
+1.47750450000E+009  -6.88672378918E+001
+1.48500300000E+009  -9.25527556234E+001
+1.49250150000E+009  -7.32520033674E+001
+1.50000000000E+009  -7.39311007931E+001
