-2.49000003e-009  -0.01154688
-2.48000003e-009 -0.003726562
-2.47000003e-009  -0.01117969
-2.46000003e-009       -0.003
-2.45000003e-009  -0.01128125
-2.44000003e-009 -0.0009999997
-2.43000003e-009       -0.013
-2.42000003e-009 -0.002398437
-2.41000003e-009  -0.01239063
-2.40000003e-009 -0.002960937
-2.39000003e-009  -0.01276563
-2.38000003e-009 -0.002414062
-2.37000003e-009  -0.01289063
-2.36000003e-009 -0.0009999997
-2.35000003e-009       -0.013
-2.34000003e-009 -0.001101562
-2.33000003e-009  -0.01314844
-2.32000003e-009    -0.003625
-2.31000003e-009       -0.013
-2.30000003e-009 -0.003679687
-2.29000003e-009  -0.01134375
-2.28000003e-009 -0.004640625
-2.27000003e-009  -0.01233594
-2.26000003e-009 -0.004179687
-2.25000003e-009       -0.013
-2.24000003e-009       -0.003
-2.23000003e-009  -0.01301563
-2.22000003e-009       -0.003
-2.21000003e-009  -0.01341406
-2.20000003e-009       -0.003
-2.19000003e-009  -0.01388281
-2.18000003e-009   -0.0033125
-2.17000003e-009       -0.013
-2.16000003e-009   -0.0034375
-2.15000003e-009  -0.01319531
-2.14000003e-009 -0.002445312
-2.13000003e-009       -0.013
-2.12000003e-009  -0.00296875
-2.11000003e-009  -0.01285156
-2.10000003e-009 -0.003421875
-2.09000003e-009     -0.01275
-2.08000003e-009       -0.003
-2.07000003e-009  -0.01283594
-2.06000003e-009       -0.003
-2.05000003e-009   -0.0110625
-2.04000003e-009 -0.004289062
-2.03000003e-009  -0.01178906
-2.02000003e-009  -0.00415625
-2.01000003e-009       -0.013
-2.00000003e-009 -0.004023437
-1.99000003e-009     -0.01225
-1.98000003e-009 -0.001328125
-1.97000003e-009       -0.013
-1.96000003e-009   -0.0020625
-1.95000003e-009  -0.01248438
-1.94000003e-009 -0.002304687
-1.93000003e-009       -0.013
-1.92000003e-009 -0.003039062
-1.91000003e-009  -0.01477344
-1.90000003e-009 -0.002007812
-1.89000003e-009  -0.01410938
-1.88000003e-009 -0.0009999997
-1.87000002e-009  -0.01196875
-1.86000002e-009 -0.002570312
-1.85000002e-009    -0.011375
-1.84000002e-009       -0.003
-1.83000002e-009  -0.01196875
-1.82000002e-009 -0.003828125
-1.81000002e-009  -0.01164844
-1.80000002e-009       -0.003
-1.79000002e-009  -0.01134375
-1.78000002e-009       -0.003
-1.77000002e-009  -0.01147656
-1.76000002e-009 -0.002921875
-1.75000002e-009  -0.01274219
-1.74000002e-009    -0.002375
-1.73000002e-009  -0.01245313
-1.72000002e-009 -0.0004765622
-1.71000002e-009  -0.01140625
-1.70000002e-009 -0.001796875
-1.69000002e-009   -0.0114375
-1.68000002e-009       -0.003
-1.67000002e-009  -0.01163281
-1.66000002e-009 -0.002265625
-1.65000002e-009       -0.011
-1.64000002e-009 -0.001726562
-1.63000002e-009       -0.011
-1.62000002e-009  -0.00115625
-1.61000002e-009  -0.01120313
-1.60000002e-009 -0.0009531247
-1.59000002e-009 -0.009835938
-1.58000002e-009 -0.001367187
-1.57000002e-009 -0.009335938
-1.56000002e-009 -0.001765625
-1.55000002e-009 -0.009445313
-1.54000002e-009 -0.0009999997
-1.53000002e-009  -0.01024219
-1.52000002e-009 -0.0009999997
-1.51000002e-009  -0.01133594
-1.50000002e-009 -0.001984375
-1.49000002e-009   -0.0098125
-1.48000002e-009 -0.0004765622
-1.47000002e-009       -0.009
-1.46000002e-009 -0.0008906247
-1.45000002e-009 -0.009429688
-1.44000002e-009 -0.0006328122
-1.43000002e-009  -0.00940625
-1.42000002e-009 -0.0009999997
-1.41000002e-009 -0.009867188
-1.40000002e-009 -0.0009843747
-1.39000002e-009       -0.011
-1.38000002e-009 -0.001054687
-1.37000002e-009 -0.009523438
-1.36000002e-009 -0.0009999997
-1.35000002e-009 -0.009335938
-1.34000002e-009 -0.0005390622
-1.33000002e-009  -0.00984375
-1.32000002e-009 -0.0004531247
-1.31000002e-009 -0.008664063
-1.30000002e-009 -0.0005390622
-1.29000002e-009 -0.008921875
-1.28000002e-009        0.001
-1.27000002e-009  -0.00790625
-1.26000002e-009        0.001
-1.25000002e-009    -0.007375
-1.24000002e-009 0.0003515629
-1.23000002e-009       -0.009
-1.22000002e-009        0.001
-1.21000002e-009 -0.008539063
-1.20000002e-009        0.001
-1.19000002e-009   -0.0095625
-1.18000002e-009 0.0007343754
-1.17000002e-009 -0.008523438
-1.16000002e-009 0.0003125004
-1.15000002e-009 -0.009039063
-1.14000002e-009        0.001
-1.13000002e-009 -0.008554688
-1.12000001e-009     0.002375
-1.11000001e-009 -0.008007813
-1.10000001e-009   0.00240625
-1.09000001e-009 -0.007320312
-1.08000001e-009  0.001929688
-1.07000001e-009  -0.00790625
-1.06000001e-009    0.0028125
-1.05000001e-009 -0.007960938
-1.04000001e-009  0.002328125
-1.03000001e-009 -0.007101562
-1.02000001e-009  0.002140625
-1.01000001e-009 -0.007195312
-1.00000001e-009  0.002453125
-9.90000013e-010 -0.007453125
-9.80000013e-010        0.001
-9.70000013e-010 -0.007484375
-9.60000013e-010  0.001023438
-9.50000013e-010   -0.0088125
-9.40000013e-010 0.0004843754
-9.30000012e-010  -0.00890625
-9.20000012e-010 0.0004218754
-9.10000012e-010 -0.009109375
-9.00000012e-010  0.001726563
-8.90000012e-010  -0.00771875
-8.80000012e-010        0.001
-8.70000012e-010 -0.008757813
-8.60000011e-010 0.0006484379
-8.50000011e-010 -0.009476563
-8.40000011e-010 0.0004609379
-8.30000011e-010  -0.00909375
-8.20000011e-010 -0.0003671872
-8.10000011e-010 -0.009359375
-8.00000011e-010 -0.0007890622
-7.90000011e-010 -0.008890625
-7.8000001e-010 -0.001679687
-7.7000001e-010  -0.01085938
-7.6000001e-010 -0.001578125
-7.5000001e-010       -0.013
-7.4000001e-010 -0.004429687
-7.3000001e-010  -0.01401563
-7.2000001e-010       -0.005
-7.10000009e-010    -0.016125
-7.00000009e-010 -0.007257812
-6.90000009e-010  -0.01770313
-6.80000009e-010       -0.011
-6.70000009e-010   -0.0216875
-6.60000009e-010       -0.015
-6.50000009e-010       -0.029
-6.40000009e-010   -0.0220625
-6.30000008e-010  -0.03798438
-6.20000008e-010       -0.029
-6.10000008e-010    -0.048625
-6.00000008e-010  -0.03898438
-5.90000008e-010       -0.061
-5.80000008e-010  -0.04872656
-5.70000008e-010  -0.07210938
-5.60000007e-010  -0.06065625
-5.50000007e-010  -0.08235938
-5.40000007e-010       -0.073
-5.30000007e-010       -0.095
-5.20000007e-010   -0.0856875
-5.10000007e-010   -0.1050313
-5.00000007e-010  -0.09519532
-4.90000007e-010   -0.1129063
-4.80000006e-010   -0.1035625
-4.70000006e-010   -0.1194375
-4.60000006e-010   -0.1093438
-4.50000006e-010       -0.123
-4.40000006e-010       -0.111
-4.30000006e-010   -0.1238125
-4.20000006e-010   -0.1128438
-4.10000005e-010   -0.1230781
-4.00000005e-010   -0.1119141
-3.90000005e-010   -0.1213828
-3.80000005e-010   -0.1102578
-3.70000005e-010   -0.1184766
-3.60000005e-010   -0.1063828
-3.50000005e-010   -0.1156875
-3.40000005e-010   -0.1035625
-3.30000004e-010   -0.1145859
-3.20000004e-010    -0.103125
-3.10000004e-010   -0.1132031
-3.00000004e-010   -0.1016094
-2.90000004e-010       -0.111
-2.80000004e-010  -0.09996875
-2.70000004e-010   -0.1080156
-2.60000003e-010  -0.09772657
-2.50000003e-010       -0.107
-2.40000003e-010  -0.09496875
-2.30000003e-010       -0.105
-2.20000003e-010  -0.09254688
-2.10000003e-010   -0.1041563
-2.00000003e-010  -0.08746875
-1.90000003e-010  -0.09900782
-1.80000002e-010  -0.08278125
-1.70000002e-010  -0.09282032
-1.60000002e-010  -0.07709375
-1.50000002e-010       -0.087
-1.40000002e-010  -0.07145313
-1.30000002e-010       -0.079
-1.20000002e-010  -0.06205469
-1.10000001e-010       -0.069
-1.00000001e-010  -0.04814844
-9.00000012e-011  -0.05882031
-8.00000011e-011  -0.03611719
-7.00000009e-011  -0.04672656
-6.00000008e-011    -0.025625
-5.00000007e-011  -0.03482031
-4.00000005e-011   -0.0139375
-3.00000004e-011  -0.02178906
-2.00000003e-011 -0.003070312
-1.00000001e-011  -0.01035938
           0  0.007000001
1.00000001e-011 -0.001359375
2.00000003e-011    0.0129375
3.00000004e-011  0.005171876
4.00000005e-011   0.01900781
5.00000007e-011  0.009359376
6.00000008e-011        0.021
7.00000009e-011   0.01122656
8.00000011e-011     0.021125
9.00000012e-011   0.01234375
1.00000001e-010        0.021
1.10000001e-010  0.009914063
1.20000002e-010        0.021
1.30000002e-010  0.009000001
1.40000002e-010   0.01810156
1.50000002e-010  0.006960938
1.60000002e-010        0.017
1.70000002e-010  0.006421876
1.80000002e-010   0.01471875
1.90000003e-010  0.006117188
2.00000003e-010      0.01425
2.10000003e-010  0.005000001
2.20000003e-010    0.0159375
2.30000003e-010  0.005750001
2.40000003e-010   0.01917969
2.50000003e-010  0.009000001
2.60000003e-010   0.02145313
2.70000004e-010   0.01076563
2.80000004e-010   0.02209375
2.90000004e-010   0.01157031
3.00000004e-010   0.02301563
3.10000004e-010   0.01090625
3.20000004e-010   0.02544531
3.30000004e-010    0.0121875
3.40000005e-010   0.02441406
3.50000005e-010        0.013
3.60000005e-010   0.02341406
3.70000005e-010   0.01232813
3.80000005e-010   0.02167969
3.90000005e-010   0.01182813
4.00000005e-010        0.023
4.10000005e-010     0.010375
4.20000006e-010   0.02289063
4.30000006e-010  0.008460938
4.40000006e-010   0.02039844
4.50000006e-010  0.009437501
4.60000006e-010   0.02114844
4.70000006e-010   0.01057031
4.80000006e-010   0.01965625
4.90000007e-010   0.01014844
5.00000007e-010   0.02270313
5.10000007e-010   0.01064063
5.20000007e-010   0.02170313
5.30000007e-010  0.009765626
5.40000007e-010   0.02057813
5.50000007e-010  0.009921876
5.60000007e-010        0.021
5.70000008e-010   0.01014844
5.80000008e-010   0.02100781
5.90000008e-010    0.0106875
6.00000008e-010        0.023
6.10000008e-010        0.011
6.20000008e-010   0.02203906
6.30000008e-010        0.011
6.40000009e-010   0.02127344
6.50000009e-010   0.01109375
6.60000009e-010        0.021
6.70000009e-010        0.011
6.80000009e-010    0.0223125
6.90000009e-010   0.01075781
7.00000009e-010   0.02270313
7.10000009e-010  0.009000001
7.2000001e-010    0.0200625
7.3000001e-010  0.008164063
7.4000001e-010        0.023
7.5000001e-010  0.009531251
7.6000001e-010   0.02221094
7.7000001e-010  0.008039063
7.8000001e-010   0.01907031
7.90000011e-010  0.008875001
8.00000011e-010        0.019
8.10000011e-010  0.009000001
8.20000011e-010   0.01901563
8.30000011e-010  0.009039063
8.40000011e-010   0.01932031
8.50000011e-010  0.009851563
8.60000011e-010   0.01903906
8.70000012e-010   0.01022656
8.80000012e-010   0.02008594
8.90000012e-010   0.01033594
9.00000012e-010   0.02103125
9.10000012e-010  0.009070313
9.20000012e-010   0.01939063
9.30000012e-010  0.009000001
9.40000013e-010     0.020875
9.50000013e-010        0.011
9.60000013e-010   0.02058594
9.70000013e-010   0.01065625
9.80000013e-010   0.02132813
9.90000013e-010        0.011
1.00000001e-009   0.02082813
1.01000001e-009   0.01119531
1.02000001e-009   0.02003125
1.03000001e-009   0.01223438
1.04000001e-009    0.0204375
1.05000001e-009        0.011
1.06000001e-009   0.02121875
1.07000001e-009   0.01201563
1.08000001e-009   0.02232813
1.09000001e-009   0.01184375
1.10000001e-009   0.02261719
1.11000001e-009   0.01197656
1.12000001e-009        0.021
1.13000002e-009        0.011
1.14000002e-009   0.02092969
1.15000002e-009   0.01267188
1.16000002e-009   0.02123438
1.17000002e-009        0.013
1.18000002e-009       0.0225
1.19000002e-009        0.013
1.20000002e-009        0.023
1.21000002e-009   0.01244531
1.22000002e-009   0.02371875
1.23000002e-009        0.011
1.24000002e-009   0.02310938
1.25000002e-009   0.01060156
1.26000002e-009   0.02435938
1.27000002e-009  0.009000001
1.28000002e-009   0.02455469
1.29000002e-009   0.01178125
1.30000002e-009   0.02246094
1.31000002e-009   0.01203125
1.32000002e-009   0.02230469
1.33000002e-009   0.01150781
1.34000002e-009   0.02334375
1.35000002e-009   0.01127344
1.36000002e-009   0.02299219
1.37000002e-009   0.01197656
1.38000002e-009    0.0244375
1.39000002e-009   0.01346875
1.40000002e-009   0.02428125
1.41000002e-009    0.0128125
1.42000002e-009   0.02171094
1.43000002e-009     0.012625
1.44000002e-009   0.02155469
1.45000002e-009      0.01075
1.46000002e-009    0.0211875
1.47000002e-009   0.01139063
1.48000002e-009        0.023
1.49000002e-009   0.01078125
1.50000002e-009   0.02130469
1.51000002e-009   0.01064063
1.52000002e-009        0.021
1.53000002e-009   0.01048438
1.54000002e-009   0.02255469
1.55000002e-009   0.01005469
1.56000002e-009   0.02204688
1.57000002e-009   0.01047656
1.58000002e-009        0.021
1.59000002e-009   0.01028125
1.60000002e-009   0.01914063
1.61000002e-009  0.009554688
1.62000002e-009   0.01960156
1.63000002e-009  0.009843751
1.64000002e-009        0.019
1.65000002e-009  0.009273438
1.66000002e-009   0.01875781
1.67000002e-009   0.01036719
1.68000002e-009   0.01867969
1.69000002e-009  0.009210938
1.70000002e-009   0.01896094
1.71000002e-009  0.009257813
1.72000002e-009   0.01878125
1.73000002e-009  0.009695313
1.74000002e-009   0.01960156
1.75000002e-009  0.009000001
1.76000002e-009   0.01807031
1.77000002e-009  0.009242188
1.78000002e-009   0.01807813
1.79000002e-009  0.009398438
1.80000002e-009   0.01950781
1.81000002e-009  0.008226563
1.82000002e-009        0.019
1.83000002e-009  0.006296876
1.84000002e-009        0.019
1.85000002e-009  0.006570313
1.86000002e-009   0.01932031
1.87000002e-009  0.008937501
1.88000003e-009        0.019
1.89000003e-009  0.009000001
1.90000003e-009     0.017625
1.91000003e-009  0.009000001
1.92000003e-009   0.01760156
1.93000003e-009  0.007734376
1.94000003e-009     0.017375
1.95000003e-009  0.009000001
1.96000003e-009   0.01727344
1.97000003e-009  0.008960938
1.98000003e-009        0.017
1.99000003e-009  0.006851563
2.00000003e-009   0.01785156
2.01000003e-009  0.008351563
2.02000003e-009   0.01738281
2.03000003e-009  0.008500001
2.04000003e-009   0.01742969
2.05000003e-009  0.008953126
2.06000003e-009   0.01839063
2.07000003e-009  0.008429688
2.08000003e-009   0.01908594
2.09000003e-009  0.009085938
2.10000003e-009   0.01738281
2.11000003e-009  0.009000001
2.12000003e-009        0.019
2.13000003e-009  0.009000001
2.14000003e-009   0.01895313
2.15000003e-009  0.008281251
2.16000003e-009        0.019
2.17000003e-009  0.008429688
2.18000003e-009   0.01972656
2.19000003e-009  0.008828126
2.20000003e-009   0.02003906
2.21000003e-009  0.008429688
2.22000003e-009   0.01821094
2.23000003e-009  0.008609376
2.24000003e-009   0.01782813
2.25000003e-009  0.008789063
2.26000003e-009   0.01796094
2.27000003e-009  0.008234376
2.28000003e-009   0.01914063
2.29000003e-009  0.006789063
2.30000003e-009   0.01832813
2.31000003e-009  0.006609376
2.32000003e-009        0.019
2.33000003e-009  0.007000001
2.34000003e-009   0.02083594
2.35000003e-009  0.008320313
2.36000003e-009   0.02005469
2.37000003e-009  0.008171876
2.38000003e-009        0.017
2.39000003e-009  0.008531251
2.40000003e-009   0.01808594
2.41000003e-009  0.008140626
2.42000003e-009   0.01910938
2.43000003e-009  0.008078126
2.44000003e-009   0.01774219
2.45000003e-009  0.008210938
2.46000003e-009   0.01780469
2.47000003e-009  0.008742188
2.48000003e-009   0.01725781
2.49000003e-009  0.009000001
2.50000003e-009        0.017
