+3.00000000000E+005  -8.40423563603E+001
+7.79850000000E+006  -8.73313873914E+001
+1.52970000000E+007  -7.64913556931E+001
+2.27955000000E+007  -7.51618497786E+001
+3.02940000000E+007  -8.01785746286E+001
+3.77925000000E+007  -7.95204760198E+001
+4.52910000000E+007  -7.89978613703E+001
+5.27895000000E+007  -7.58603927017E+001
+6.02880000000E+007  -6.80311998332E+001
+6.77865000000E+007  -7.03540375457E+001
+7.52850000000E+007  -7.11411033209E+001
+8.27835000000E+007  -6.27564454130E+001
+9.02820000000E+007  -8.24245281543E+001
+9.77805000000E+007  -6.65984434103E+001
+1.05279000000E+008  -6.10293222296E+001
+1.12777500000E+008  -6.36581046371E+001
+1.20276000000E+008  -6.58385782897E+001
+1.27774500000E+008  -7.01300129426E+001
+1.35273000000E+008  -6.42384379194E+001
+1.42771500000E+008  -8.18353956983E+001
+1.50270000000E+008  -6.79314846214E+001
+1.57768500000E+008  -5.98899317101E+001
+1.65267000000E+008  -7.35731814392E+001
+1.72765500000E+008  -5.76288881653E+001
+1.80264000000E+008  -6.52144708235E+001
+1.87762500000E+008  -6.60372159683E+001
+1.95261000000E+008  -5.87250906823E+001
+2.02759500000E+008  -7.97227380112E+001
+2.10258000000E+008  -5.83964248506E+001
+2.17756500000E+008  -5.91507487491E+001
+2.25255000000E+008  -6.42563146319E+001
+2.32753500000E+008  -5.59438226924E+001
+2.40252000000E+008  -6.03979567283E+001
+2.47750500000E+008  -6.23753324244E+001
+2.55249000000E+008  -5.79956046539E+001
+2.62747500000E+008  -6.17712990701E+001
+2.70246000000E+008  -5.58456812152E+001
+2.77744500000E+008  -5.77362613460E+001
+2.85243000000E+008  -7.57043277175E+001
+2.92741500000E+008  -6.08156392949E+001
+3.00240000000E+008  -5.98267541838E+001
+3.07738500000E+008  -6.07529835568E+001
+3.15237000000E+008  -7.00174655635E+001
+3.22735500000E+008  -7.56767083995E+001
+3.30234000000E+008  -5.02453060625E+001
+3.37732500000E+008  -6.22543438337E+001
+3.45231000000E+008  -6.50345465950E+001
+3.52729500000E+008  -5.96702878482E+001
+3.60228000000E+008  -5.91892558009E+001
+3.67726500000E+008  -6.39673100220E+001
+3.75225000000E+008  -5.65510899678E+001
+3.82723500000E+008  -5.86399401429E+001
+3.90222000000E+008  -5.84966491243E+001
+3.97720500000E+008  -6.16658565010E+001
+4.05219000000E+008  -6.17757697263E+001
+4.12717500000E+008  -5.29387643758E+001
+4.20216000000E+008  -5.34906646912E+001
+4.27714500000E+008  -6.31282222025E+001
+4.35213000000E+008  -5.53788009141E+001
+4.42711500000E+008  -5.32690067129E+001
+4.50210000000E+008  -5.55578872809E+001
+4.57708500000E+008  -5.25472353336E+001
+4.65207000000E+008  -6.47504708592E+001
+4.72705500000E+008  -5.61496190146E+001
+4.80204000000E+008  -5.69663544176E+001
+4.87702500000E+008  -6.33157995470E+001
+4.95201000000E+008  -6.46800567271E+001
+5.02699500000E+008  -5.55652376381E+001
+5.10198000000E+008  -6.34510767869E+001
+5.17696500000E+008  -6.07573279817E+001
+5.25195000000E+008  -5.56152049771E+001
+5.32693500000E+008  -6.89748241250E+001
+5.40192000000E+008  -5.90638881869E+001
+5.47690500000E+008  -5.68931511309E+001
+5.55189000000E+008  -6.46115491656E+001
+5.62687500000E+008  -6.24165203221E+001
+5.70186000000E+008  -6.66081480025E+001
+5.77684500000E+008  -5.56442203477E+001
+5.85183000000E+008  -6.26167218576E+001
+5.92681500000E+008  -5.55412090955E+001
+6.00180000000E+008  -6.40844220428E+001
+6.07678500000E+008  -6.93590211190E+001
+6.15177000000E+008  -6.37878101508E+001
+6.22675500000E+008  -6.48111782821E+001
+6.30174000000E+008  -5.92003210073E+001
+6.37672500000E+008  -6.18415126363E+001
+6.45171000000E+008  -6.87505814178E+001
+6.52669500000E+008  -6.94773157806E+001
+6.60168000000E+008  -6.26794601389E+001
+6.67666500000E+008  -7.96294346605E+001
+6.75165000000E+008  -5.91793502413E+001
+6.82663500000E+008  -6.07267788996E+001
+6.90162000000E+008  -6.51091963451E+001
+6.97660500000E+008  -5.52774081299E+001
+7.05159000000E+008  -5.67805620804E+001
+7.12657500000E+008  -6.69388410872E+001
+7.20156000000E+008  -5.97702508131E+001
+7.27654500000E+008  -5.84799051834E+001
+7.35153000000E+008  -7.33489352142E+001
+7.42651500000E+008  -5.73627996032E+001
+7.50150000000E+008  -6.12332362178E+001
+7.57648500000E+008  -6.98995610171E+001
+7.65147000000E+008  -6.04946656085E+001
+7.72645500000E+008  -6.70886695109E+001
+7.80144000000E+008  -6.74128385034E+001
+7.87642500000E+008  -7.59609233705E+001
+7.95141000000E+008  -5.77915670315E+001
+8.02639500000E+008  -5.77765859862E+001
+8.10138000000E+008  -6.75333347411E+001
+8.17636500000E+008  -6.38891872855E+001
+8.25135000000E+008  -6.01411506112E+001
+8.32633500000E+008  -6.82021801247E+001
+8.40132000000E+008  -6.43183256621E+001
+8.47630500000E+008  -6.18276376232E+001
+8.55129000000E+008  -8.59509007428E+001
+8.62627500000E+008  -5.78121905209E+001
+8.70126000000E+008  -5.92428350745E+001
+8.77624500000E+008  -6.53948000537E+001
+8.85123000000E+008  -6.37909451159E+001
+8.92621500000E+008  -6.22260003834E+001
+9.00120000000E+008  -6.56721234488E+001
+9.07618500000E+008  -7.37813582384E+001
+9.15117000000E+008  -6.56132358331E+001
+9.22615500000E+008  -6.77653816074E+001
+9.30114000000E+008  -6.33548927501E+001
+9.37612500000E+008  -7.51281989269E+001
+9.45111000000E+008  -6.44105510849E+001
+9.52609500000E+008  -6.58029823768E+001
+9.60108000000E+008  -7.29701905052E+001
+9.67606500000E+008  -6.83701928635E+001
+9.75105000000E+008  -6.60400747126E+001
+9.82603500000E+008  -6.65394046832E+001
+9.90102000000E+008  -5.92402170705E+001
+9.97600500000E+008  -6.69055170166E+001
+1.00509900000E+009  -6.61074032581E+001
+1.01259750000E+009  -6.47613430701E+001
+1.02009600000E+009  -5.95818056961E+001
+1.02759450000E+009  -6.89943038371E+001
+1.03509300000E+009  -6.91707232975E+001
+1.04259150000E+009  -6.51991845964E+001
+1.05009000000E+009  -6.52459133120E+001
+1.05758850000E+009  -6.85601539291E+001
+1.06508700000E+009  -7.35105092778E+001
+1.07258550000E+009  -7.15508758950E+001
+1.08008400000E+009  -6.58132300940E+001
+1.08758250000E+009  -5.94634880133E+001
+1.09508100000E+009  -6.40340353548E+001
+1.10257950000E+009  -7.63957965459E+001
+1.11007800000E+009  -6.43530071549E+001
+1.11757650000E+009  -6.98093259404E+001
+1.12507500000E+009  -6.83542778486E+001
+1.13257350000E+009  -6.42826042070E+001
+1.14007200000E+009  -6.24762214976E+001
+1.14757050000E+009  -8.46648184647E+001
+1.15506900000E+009  -6.89371382344E+001
+1.16256750000E+009  -6.74734118628E+001
+1.17006600000E+009  -6.87792014333E+001
+1.17756450000E+009  -7.38540829832E+001
+1.18506300000E+009  -6.91638225608E+001
+1.19256150000E+009  -6.74671301692E+001
+1.20006000000E+009  -6.76597893905E+001
+1.20755850000E+009  -6.65804037172E+001
+1.21505700000E+009  -6.30518699723E+001
+1.22255550000E+009  -6.67724942130E+001
+1.23005400000E+009  -7.14489777981E+001
+1.23755250000E+009  -7.05781519695E+001
+1.24505100000E+009  -7.53221767030E+001
+1.25254950000E+009  -7.35175939998E+001
+1.26004800000E+009  -6.65154522250E+001
+1.26754650000E+009  -7.90924150688E+001
+1.27504500000E+009  -7.04844448366E+001
+1.28254350000E+009  -7.45292903054E+001
+1.29004200000E+009  -6.84896523927E+001
+1.29754050000E+009  -7.67628161018E+001
+1.30503900000E+009  -6.67792590809E+001
+1.31253750000E+009  -7.17354335628E+001
+1.32003600000E+009  -6.58408393963E+001
+1.32753450000E+009  -7.19593753772E+001
+1.33503300000E+009  -7.59754271124E+001
+1.34253150000E+009  -7.94049859899E+001
+1.35003000000E+009  -6.99877547764E+001
+1.35752850000E+009  -7.29845326025E+001
+1.36502700000E+009  -7.04473893960E+001
+1.37252550000E+009  -7.44860085233E+001
+1.38002400000E+009  -7.19668261622E+001
+1.38752250000E+009  -6.55129411273E+001
+1.39502100000E+009  -6.92757284043E+001
+1.40251950000E+009  -7.13957718122E+001
+1.41001800000E+009  -7.60292760456E+001
+1.41751650000E+009  -7.69951246169E+001
+1.42501500000E+009  -7.18510707668E+001
+1.43251350000E+009  -6.75479616255E+001
+1.44001200000E+009  -7.23986506114E+001
+1.44751050000E+009  -7.68548421746E+001
+1.45500900000E+009  -7.33058138383E+001
+1.46250750000E+009  -7.52316390640E+001
+1.47000600000E+009  -7.28213351021E+001
+1.47750450000E+009  -7.70148478260E+001
+1.48500300000E+009  -7.55691044519E+001
+1.49250150000E+009  -7.93203442118E+001
+1.50000000000E+009  -8.92457705048E+001
