-4.98000007e-009 -0.004531251
-4.96000007e-009  0.004851562
-4.94000007e-009 -0.004453126
-4.92000007e-009        0.005
-4.90000007e-009 -0.005000001
-4.88000007e-009  0.006140625
-4.86000006e-009 -0.004085938
-4.84000006e-009   0.00503125
-4.82000006e-009 -0.004531251
-4.80000006e-009  0.004351562
-4.78000006e-009 -0.006703126
-4.76000006e-009  0.005070312
-4.74000006e-009 -0.004734376
-4.72000006e-009        0.005
-4.70000006e-009 -0.005000001
-4.68000006e-009  0.005046875
-4.66000006e-009 -0.003742188
-4.64000006e-009        0.007
-4.62000006e-009 -0.003562501
-4.60000006e-009  0.006148437
-4.58000006e-009 -0.003875001
-4.56000006e-009  0.005359375
-4.54000006e-009 -0.004531251
-4.52000006e-009  0.005492187
-4.50000006e-009 -0.003273438
-4.48000006e-009   0.00559375
-4.46000006e-009 -0.003695313
-4.44000006e-009        0.005
-4.42000006e-009 -0.004343751
-4.40000006e-009        0.005
-4.38000006e-009 -0.007109376
-4.36000006e-009  0.005390625
-4.34000006e-009 -0.007195313
-4.32000006e-009        0.005
-4.30000006e-009 -0.004539063
-4.28000006e-009  0.005015625
-4.26000006e-009 -0.003937501
-4.24000006e-009        0.005
-4.22000006e-009 -0.007000001
-4.20000006e-009        0.005
-4.18000006e-009 -0.005398438
-4.16000006e-009   0.00534375
-4.14000006e-009 -0.003562501
-4.12000006e-009  0.003992187
-4.10000005e-009 -0.004015626
-4.08000005e-009  0.005164062
-4.06000005e-009 -0.004804688
-4.04000005e-009  0.005882812
-4.02000005e-009 -0.003898438
-4.00000005e-009      0.00575
-3.98000005e-009 -0.005390626
-3.96000005e-009  0.005273437
-3.94000005e-009 -0.003640626
-3.92000005e-009        0.005
-3.90000005e-009 -0.005000001
-3.88000005e-009  0.006476562
-3.86000005e-009 -0.004937501
-3.84000005e-009        0.005
-3.82000005e-009 -0.005000001
-3.80000005e-009   0.00371875
-3.78000005e-009 -0.004710938
-3.76000005e-009    0.0035625
-3.74000005e-009 -0.005218751
-3.72000005e-009        0.003
-3.70000005e-009 -0.005000001
-3.68000005e-009   0.00303125
-3.66000005e-009 -0.005132813
-3.64000005e-009  0.004523437
-3.62000005e-009 -0.007000001
-3.60000005e-009   0.00228125
-3.58000005e-009 -0.009953126
-3.56000005e-009      0.00275
-3.54000005e-009 -0.008343751
-3.52000005e-009   0.00103125
-3.50000005e-009 -0.008007813
-3.48000005e-009 0.0003515622
-3.46000005e-009 -0.009367188
-3.44000005e-009      -0.0015
-3.42000005e-009  -0.01107813
-3.40000005e-009 -0.0007890629
-3.38000005e-009    -0.012375
-3.36000004e-009 -0.001539063
-3.34000004e-009       -0.013
-3.32000004e-009       -0.003
-3.30000004e-009  -0.01126563
-3.28000004e-009 -0.002304688
-3.26000004e-009  -0.01205469
-3.24000004e-009 -0.002804688
-3.22000004e-009  -0.01286719
-3.20000004e-009 -0.004523438
-3.18000004e-009  -0.01458594
-3.16000004e-009 -0.004375001
-3.14000004e-009  -0.01538281
-3.12000004e-009 -0.005000001
-3.10000004e-009       -0.015
-3.08000004e-009 -0.004601563
-3.06000004e-009  -0.01579688
-3.04000004e-009 -0.004523438
-3.02000004e-009       -0.015
-3.00000004e-009 -0.004843751
-2.98000004e-009  -0.01415625
-2.96000004e-009 -0.004726563
-2.94000004e-009  -0.01675781
-2.92000004e-009 -0.004500001
-2.90000004e-009       -0.015
-2.88000004e-009 -0.005703126
-2.86000004e-009  -0.01564844
-2.84000004e-009 -0.004226563
-2.82000004e-009       -0.015
-2.80000004e-009 -0.005000001
-2.78000004e-009  -0.01599219
-2.76000004e-009 -0.004226563
-2.74000004e-009  -0.01557813
-2.72000004e-009 -0.004906251
-2.70000004e-009  -0.01509375
-2.68000004e-009 -0.003109375
-2.66000004e-009  -0.01534375
-2.64000004e-009 -0.004820313
-2.62000003e-009  -0.01414844
-2.60000003e-009 -0.004460938
-2.58000003e-009  -0.01407031
-2.56000003e-009 -0.005257813
-2.54000003e-009  -0.01357031
-2.52000003e-009 -0.003578126
-2.50000003e-009  -0.01394531
-2.48000003e-009 -0.004515626
-2.46000003e-009      -0.0135
-2.44000003e-009 -0.004140626
-2.42000003e-009       -0.013
-2.40000003e-009 -0.003531251
-2.38000003e-009  -0.01307813
-2.36000003e-009 -0.003968751
-2.34000003e-009   -0.0130625
-2.32000003e-009 -0.002960938
-2.30000003e-009  -0.01308594
-2.28000003e-009 -0.003335938
-2.26000003e-009    -0.012625
-2.24000003e-009 -0.0007343754
-2.22000003e-009       -0.015
-2.20000003e-009 -0.001546875
-2.18000003e-009  -0.01146094
-2.16000003e-009 -0.0004453129
-2.14000003e-009  -0.01074219
-2.12000003e-009 -0.0008828129
-2.10000003e-009 -0.009726563
-2.08000003e-009 -0.0009453129
-2.06000003e-009  -0.01092969
-2.04000003e-009 0.0009999997
-2.02000003e-009       -0.011
-2.00000003e-009 0.0004296872
-1.98000003e-009  -0.01075781
-1.96000003e-009 0.0007265622
-1.94000003e-009 -0.008710938
-1.92000003e-009  0.001296875
-1.90000003e-009 -0.009000001
-1.88000003e-009 0.0009921872
-1.86000002e-009  -0.01011719
-1.84000002e-009  0.001804687
-1.82000002e-009 -0.008726563
-1.80000002e-009   0.00165625
-1.78000002e-009 -0.008507813
-1.76000002e-009    0.0019375
-1.74000002e-009 -0.009000001
-1.72000002e-009  0.001585937
-1.70000002e-009 -0.007000001
-1.68000002e-009  0.002664062
-1.66000002e-009 -0.007203126
-1.64000002e-009    0.0031875
-1.62000002e-009 -0.007625001
-1.60000002e-009   0.00146875
-1.58000002e-009 -0.006828126
-1.56000002e-009  0.002789062
-1.54000002e-009 -0.007632813
-1.52000002e-009        0.003
-1.50000002e-009 -0.007273438
-1.48000002e-009  0.003148437
-1.46000002e-009 -0.006765626
-1.44000002e-009  0.002476562
-1.42000002e-009 -0.007000001
-1.40000002e-009        0.003
-1.38000002e-009 -0.007171876
-1.36000002e-009  0.002546875
-1.34000002e-009 -0.006632813
-1.32000002e-009        0.003
-1.30000002e-009 -0.009000001
-1.28000002e-009  0.002492187
-1.26000002e-009 -0.007828126
-1.24000002e-009  0.002195312
-1.22000002e-009 -0.008078126
-1.20000002e-009  0.003601562
-1.18000002e-009 -0.007500001
-1.16000002e-009   0.00365625
-1.14000002e-009 -0.007000001
-1.12000001e-009        0.003
-1.10000001e-009 -0.007000001
-1.08000001e-009  0.003585937
-1.06000001e-009 -0.008351563
-1.04000001e-009        0.003
-1.02000001e-009 -0.007000001
-1.00000001e-009        0.003
-9.80000013e-010 -0.009523438
-9.60000013e-010  0.002890625
-9.40000013e-010  -0.01159375
-9.20000012e-010 0.0009999997
-9.00000012e-010 -0.009390626
-8.80000012e-010  0.001484375
-8.60000011e-010  -0.01146875
-8.40000011e-010 -0.0002890629
-8.20000011e-010  -0.01074219
-8.00000011e-010       -0.001
-7.8000001e-010  -0.01479688
-7.6000001e-010 -0.004859376
-7.4000001e-010  -0.02742969
-7.2000001e-010 -0.007000001
-7.00000009e-010       -0.047
-6.80000009e-010  -0.01757813
-6.60000009e-010  -0.07103907
-6.40000009e-010       -0.029
-6.20000008e-010   -0.1066719
-6.00000008e-010  -0.05119532
-5.80000008e-010   -0.1333047
-5.60000007e-010  -0.07534375
-5.40000007e-010   -0.1512578
-5.20000007e-010   -0.1045938
-5.00000007e-010       -0.167
-4.80000006e-010   -0.1351563
-4.60000006e-010   -0.1645703
-4.40000006e-010       -0.153
-4.20000006e-010       -0.167
-4.00000005e-010   -0.1506094
-3.80000005e-010   -0.1612813
-3.60000005e-010   -0.1376328
-3.40000005e-010       -0.157
-3.20000004e-010   -0.1254688
-3.00000004e-010   -0.1482266
-2.80000004e-010   -0.1020234
-2.60000003e-010   -0.1402656
-2.40000003e-010  -0.06665625
-2.20000003e-010       -0.125
-2.00000003e-010       -0.035
-1.80000002e-010   -0.0975625
-1.60000002e-010 -0.003382813
-1.40000002e-010       -0.065
-1.20000002e-010   0.01249219
-1.00000001e-010  -0.03046875
-8.00000011e-011   0.01759375
-6.00000008e-011 -0.005820313
-4.00000005e-011   0.02158594
-2.00000003e-011   0.01117969
           0        0.023
2.00000003e-011  0.007601563
4.00000005e-011   0.02163281
6.00000008e-011  0.008257813
8.00000011e-011        0.019
1.00000001e-010  0.008554688
1.20000002e-010   0.02235938
1.40000002e-010   0.00934375
1.60000002e-010   0.02397656
1.80000002e-010        0.013
2.00000003e-010        0.029
2.20000003e-010     0.018625
2.40000003e-010   0.03064844
2.60000003e-010   0.02165625
2.80000004e-010   0.03107813
3.00000004e-010   0.01932031
3.20000004e-010    0.0308125
3.40000005e-010   0.01646875
3.60000005e-010   0.02677344
3.80000005e-010        0.015
4.00000005e-010   0.02639063
4.20000006e-010   0.01285156
4.40000006e-010    0.0243125
4.60000006e-010   0.01230469
4.80000006e-010        0.023
5.00000007e-010   0.01233594
5.20000007e-010   0.02344531
5.40000007e-010   0.01169531
5.60000007e-010   0.02546094
5.80000008e-010        0.013
6.00000008e-010   0.02144531
6.20000008e-010   0.01078906
6.40000009e-010   0.02130469
6.60000009e-010   0.01034375
6.80000009e-010        0.021
7.00000009e-010   0.01013281
7.2000001e-010   0.02124219
7.4000001e-010  0.006953125
7.6000001e-010     0.019375
7.8000001e-010  0.008734375
8.00000011e-010   0.02110156
8.20000011e-010   0.01152344
8.40000011e-010   0.02032031
8.60000011e-010   0.01141406
8.80000012e-010   0.02145313
9.00000012e-010        0.011
9.20000012e-010   0.02265625
9.40000013e-010   0.01367969
9.60000013e-010        0.023
9.80000013e-010        0.013
1.00000001e-009   0.02394531
1.02000001e-009   0.01305469
1.04000001e-009   0.02464063
1.06000001e-009   0.01385156
1.08000001e-009   0.02563281
1.10000001e-009   0.01528125
1.12000001e-009    0.0264375
1.14000002e-009   0.01604688
1.16000002e-009   0.02817188
1.18000002e-009   0.01577344
1.20000002e-009    0.0255625
1.22000002e-009   0.01819531
1.24000002e-009   0.02764063
1.26000002e-009        0.017
1.28000002e-009       0.0275
1.30000002e-009     0.017625
1.32000002e-009   0.02729688
1.34000002e-009   0.01484375
1.36000002e-009   0.02669531
1.38000002e-009        0.015
1.40000002e-009   0.02750781
1.42000002e-009   0.01678906
1.44000002e-009   0.02520313
1.46000002e-009   0.01465625
1.48000002e-009        0.025
1.50000002e-009   0.01421094
1.52000002e-009   0.02363281
1.54000002e-009   0.01241406
1.56000002e-009   0.02111719
1.58000002e-009   0.01147656
1.60000002e-009   0.02171094
1.62000002e-009    0.0115625
1.64000002e-009   0.02071094
1.66000002e-009        0.011
1.68000002e-009        0.021
1.70000002e-009        0.011
1.72000002e-009   0.02267969
1.74000002e-009  0.009304688
1.76000002e-009        0.021
1.78000002e-009    0.0108125
1.80000002e-009        0.019
1.82000002e-009   0.01107813
1.84000002e-009   0.02089063
1.86000002e-009  0.009789063
1.88000003e-009        0.021
1.90000003e-009   0.01025781
1.92000003e-009   0.02060938
1.94000003e-009   0.01010938
1.96000003e-009   0.02098438
1.98000003e-009        0.011
2.00000003e-009      0.02125
2.02000003e-009   0.01035938
2.04000003e-009       0.0235
2.06000003e-009   0.01182813
2.08000003e-009        0.021
2.10000003e-009   0.01167969
2.12000003e-009    0.0208125
2.14000003e-009   0.01022656
2.16000003e-009   0.02305469
2.18000003e-009        0.011
2.20000003e-009        0.023
2.22000003e-009   0.01174219
2.24000003e-009   0.02196875
2.26000003e-009   0.01192969
2.28000003e-009        0.021
2.30000003e-009   0.01188281
2.32000003e-009   0.02101563
2.34000003e-009   0.01100781
2.36000003e-009   0.02028906
2.38000003e-009   0.01017969
2.40000003e-009   0.02057813
2.42000003e-009   0.01002344
2.44000003e-009   0.02061719
2.46000003e-009        0.009
2.48000003e-009        0.019
2.50000003e-009        0.009
2.52000003e-009   0.01961719
2.54000003e-009  0.009515625
2.56000003e-009   0.02083594
2.58000003e-009        0.009
2.60000003e-009      0.01825
2.62000003e-009  0.008585938
2.64000004e-009   0.01842188
2.66000004e-009    0.0086875
2.68000004e-009        0.019
2.70000004e-009  0.007789063
2.72000004e-009   0.01840625
2.74000004e-009  0.008078125
2.76000004e-009        0.019
2.78000004e-009     0.007875
2.80000004e-009   0.01796094
2.82000004e-009  0.007953125
2.84000004e-009   0.01740625
2.86000004e-009    0.0081875
2.88000004e-009   0.01789063
2.90000004e-009  0.007796875
2.92000004e-009   0.01858594
2.94000004e-009  0.009195313
2.96000004e-009   0.02017969
2.98000004e-009        0.009
3.00000004e-009        0.019
3.02000004e-009  0.007835938
3.04000004e-009   0.01870313
3.06000004e-009  0.008578125
3.08000004e-009        0.019
3.10000004e-009  0.008703125
3.12000004e-009   0.01854688
3.14000004e-009  0.005570312
3.16000004e-009   0.01839063
3.18000004e-009  0.006140625
3.20000004e-009        0.021
3.22000004e-009       0.0085
3.24000004e-009   0.01753125
3.26000004e-009        0.007
3.28000004e-009        0.017
3.30000004e-009  0.007445313
3.32000004e-009   0.01747656
3.34000004e-009  0.007367188
3.36000004e-009   0.01711719
3.38000005e-009  0.006945312
3.40000005e-009      0.01575
3.42000005e-009    0.0060625
3.44000005e-009   0.01397656
3.46000005e-009   0.00578125
3.48000005e-009        0.017
3.50000005e-009  0.005976562
3.52000005e-009   0.01615625
3.54000005e-009  0.006203125
3.56000005e-009   0.01564063
3.58000005e-009        0.005
3.60000005e-009        0.015
3.62000005e-009    0.0051875
3.64000005e-009   0.01819531
3.66000005e-009        0.005
3.68000005e-009        0.015
3.70000005e-009  0.004671875
3.72000005e-009   0.01663281
3.74000005e-009  0.006046875
3.76000005e-009   0.01503125
3.78000005e-009        0.005
3.80000005e-009        0.015
3.82000005e-009  0.004664062
3.84000005e-009   0.01536719
3.86000005e-009   0.00353125
3.88000005e-009   0.01388281
3.90000005e-009  0.005710937
3.92000005e-009   0.01447656
3.94000005e-009   0.00309375
3.96000005e-009   0.01332813
3.98000005e-009  0.005054687
4.00000005e-009   0.01324219
4.02000005e-009    0.0051875
4.04000005e-009   0.01441406
4.06000005e-009  0.004742187
4.08000005e-009        0.013
4.10000005e-009        0.005
4.12000006e-009   0.01617188
4.14000006e-009  0.002976562
4.16000006e-009   0.01464844
4.18000006e-009        0.003
4.20000006e-009        0.013
4.22000006e-009  0.004257812
4.24000006e-009   0.01235938
4.26000006e-009  0.002109375
4.28000006e-009   0.01357813
4.30000006e-009  0.004101562
4.32000006e-009   0.01453125
4.34000006e-009  0.003320312
4.36000006e-009   0.01233594
4.38000006e-009  0.001851562
4.40000006e-009        0.013
4.42000006e-009  0.002359375
4.44000006e-009   0.01332031
4.46000006e-009  0.003226562
4.48000006e-009   0.01110156
4.50000006e-009  0.003539062
4.52000006e-009   0.01242969
4.54000006e-009  0.002578125
4.56000006e-009   0.01329688
4.58000006e-009  0.003492187
4.60000006e-009   0.01153906
4.62000006e-009  0.003078125
4.64000006e-009   0.01398438
4.66000006e-009  0.002890625
4.68000006e-009        0.013
4.70000006e-009  0.003132812
4.72000006e-009   0.01289844
4.74000006e-009  0.002515625
4.76000006e-009   0.01161719
4.78000006e-009  0.001671875
4.80000006e-009   0.01253906
4.82000006e-009  0.003640625
4.84000006e-009   0.01167188
4.86000006e-009        0.003
4.88000007e-009   0.01169531
4.90000007e-009        0.003
4.92000007e-009   0.01232813
4.94000007e-009   0.00303125
4.96000007e-009   0.01275781
4.98000007e-009   0.00171875
5.00000007e-009   0.01101563
