-1.24500002e-009 -0.006398438
-1.24000002e-009  0.001703125
-1.23500002e-009 -0.005921876
-1.23000002e-009    0.0015625
-1.22500002e-009 -0.007000001
-1.22000002e-009  0.001617187
-1.21500002e-009 -0.007632813
-1.21000002e-009   0.00159375
-1.20500002e-009 -0.008804688
-1.20000002e-009    0.0024375
-1.19500002e-009 -0.008843751
-1.19000002e-009        0.003
-1.18500002e-009 -0.007718751
-1.18000002e-009  0.002601562
-1.17500002e-009 -0.007585938
-1.17000002e-009  0.001476562
-1.16500002e-009 -0.007203126
-1.16000002e-009  0.001351562
-1.15500002e-009 -0.007000001
-1.15000002e-009  0.001671875
-1.14500002e-009 -0.006312501
-1.14000002e-009   0.00296875
-1.13500002e-009 -0.006851563
-1.13000002e-009    0.0039375
-1.12500002e-009 -0.007000001
-1.12000001e-009  0.004242187
-1.11500001e-009 -0.007132813
-1.11000001e-009   0.00365625
-1.10500001e-009 -0.007156251
-1.10000001e-009  0.003296875
-1.09500001e-009 -0.006703126
-1.09000001e-009  0.003914062
-1.08500001e-009 -0.006664063
-1.08000001e-009   0.00353125
-1.07500001e-009 -0.007000001
-1.07000001e-009  0.002890625
-1.06500001e-009 -0.007000001
-1.06000001e-009  0.002882812
-1.05500001e-009 -0.007390626
-1.05000001e-009  0.002453125
-1.04500001e-009 -0.008421876
-1.04000001e-009    0.0028125
-1.03500001e-009 -0.009117188
-1.03000001e-009  0.002984375
-1.02500001e-009 -0.009195313
-1.02000001e-009  0.003140625
-1.01500001e-009 -0.009000001
-1.01000001e-009  0.002726562
-1.00500001e-009 -0.008664063
-1.00000001e-009  0.002929687
-9.95000013e-010 -0.008335938
-9.90000013e-010  0.001882812
-9.85000013e-010 -0.007648438
-9.80000013e-010 0.0009453122
-9.75000013e-010 -0.007265626
-9.70000013e-010 0.0009999997
-9.65000013e-010 -0.007023438
-9.60000013e-010  0.001351562
-9.55000013e-010 -0.007101563
-9.50000013e-010     0.001125
-9.45000013e-010 -0.007507813
-9.40000013e-010 -0.0001484379
-9.35000012e-010 -0.008414063
-9.30000012e-010 -0.0007031254
-9.25000012e-010 -0.009000001
-9.20000012e-010 -0.0004296879
-9.15000012e-010 -0.009476563
-9.10000012e-010 0.0004453122
-9.05000012e-010 -0.009414063
-9.00000012e-010 0.0009999997
-8.95000012e-010 -0.009000001
-8.90000012e-010 0.0006796872
-8.85000012e-010 -0.009781251
-8.80000012e-010 -0.0001093754
-8.75000012e-010  -0.01049219
-8.70000012e-010 -0.0006015629
-8.65000012e-010  -0.01098438
-8.60000011e-010 -0.0009062504
-8.55000011e-010  -0.01116406
-8.50000011e-010 -0.0005781254
-8.45000011e-010  -0.01107031
-8.40000011e-010       -0.001
-8.35000011e-010   -0.0114375
-8.30000011e-010 -0.001953125
-8.25000011e-010  -0.01198438
-8.20000011e-010       -0.003
-8.15000011e-010  -0.01428125
-8.10000011e-010 -0.003375001
-8.05000011e-010  -0.01645313
-8.00000011e-010 -0.004757813
-7.95000011e-010  -0.01825781
-7.90000011e-010 -0.004484376
-7.8500001e-010  -0.02009375
-7.8000001e-010 -0.004304688
-7.7500001e-010  -0.02223438
-7.7000001e-010 -0.004414063
-7.6500001e-010  -0.02424219
-7.6000001e-010 -0.005000001
-7.5500001e-010  -0.02658594
-7.5000001e-010 -0.007000001
-7.4500001e-010  -0.03039844
-7.4000001e-010 -0.008671876
-7.3500001e-010  -0.03389063
-7.3000001e-010  -0.01041406
-7.2500001e-010       -0.037
-7.2000001e-010  -0.01265625
-7.1500001e-010  -0.04066406
-7.10000009e-010  -0.01404688
-7.05000009e-010  -0.04467969
-7.00000009e-010  -0.01671094
-6.95000009e-010  -0.04927344
-6.90000009e-010       -0.021
-6.85000009e-010  -0.05465625
-6.80000009e-010  -0.02497656
-6.75000009e-010  -0.06142188
-6.70000009e-010  -0.02885156
-6.65000009e-010  -0.06925782
-6.60000009e-010       -0.033
-6.55000009e-010  -0.07745313
-6.50000009e-010  -0.03760938
-6.45000009e-010  -0.08675782
-6.40000009e-010  -0.04316406
-6.35000008e-010  -0.09609375
-6.30000008e-010   -0.0494375
-6.25000008e-010       -0.105
-6.20000008e-010  -0.05611719
-6.15000008e-010   -0.1128672
-6.10000008e-010       -0.063
-6.05000008e-010   -0.1201172
-6.00000008e-010  -0.07027344
-5.95000008e-010   -0.1268281
-5.90000008e-010   -0.0766875
-5.85000008e-010   -0.1331016
-5.80000008e-010  -0.08339844
-5.75000008e-010       -0.139
-5.70000008e-010  -0.09070313
-5.65000008e-010   -0.1441563
-5.60000007e-010  -0.09869532
-5.55000007e-010   -0.1494844
-5.50000007e-010   -0.1072969
-5.45000007e-010   -0.1547109
-5.40000007e-010   -0.1161563
-5.35000007e-010   -0.1584063
-5.30000007e-010   -0.1248516
-5.25000007e-010   -0.1607109
-5.20000007e-010   -0.1325625
-5.15000007e-010   -0.1624531
-5.10000007e-010   -0.1384453
-5.05000007e-010   -0.1637656
-5.00000007e-010   -0.1429219
-4.95000007e-010   -0.1646797
-4.90000007e-010   -0.1464219
-4.85000006e-010   -0.1646797
-4.80000006e-010   -0.1492031
-4.75000006e-010   -0.1654063
-4.70000006e-010   -0.1520313
-4.65000006e-010       -0.167
-4.60000006e-010   -0.1518438
-4.55000006e-010   -0.1665547
-4.50000006e-010       -0.151
-4.45000006e-010   -0.1671953
-4.40000006e-010    -0.149625
-4.35000006e-010   -0.1656797
-4.30000006e-010   -0.1492422
-4.25000006e-010   -0.1635469
-4.20000006e-010   -0.1496328
-4.15000006e-010   -0.1632344
-4.10000005e-010   -0.1497344
-4.05000005e-010       -0.163
-4.00000005e-010       -0.148
-3.95000005e-010    -0.162625
-3.90000005e-010   -0.1455234
-3.85000005e-010     -0.16225
-3.80000005e-010   -0.1432813
-3.75000005e-010   -0.1615391
-3.70000005e-010   -0.1408906
-3.65000005e-010   -0.1594531
-3.60000005e-010   -0.1385938
-3.55000005e-010       -0.157
-3.50000005e-010   -0.1346406
-3.45000005e-010   -0.1537813
-3.40000005e-010       -0.131
-3.35000004e-010   -0.1513203
-3.30000004e-010   -0.1263906
-3.25000004e-010       -0.149
-3.20000004e-010   -0.1217344
-3.15000004e-010   -0.1458672
-3.10000004e-010   -0.1170156
-3.05000004e-010   -0.1436641
-3.00000004e-010   -0.1121563
-2.95000004e-010   -0.1407813
-2.90000004e-010       -0.107
-2.85000004e-010   -0.1395313
-2.80000004e-010  -0.09939844
-2.75000004e-010   -0.1376641
-2.70000004e-010  -0.09164844
-2.65000004e-010   -0.1341172
-2.60000003e-010  -0.08405469
-2.55000003e-010   -0.1293672
-2.50000003e-010  -0.07664844
-2.45000003e-010      -0.1235
-2.40000003e-010   -0.0686875
-2.35000003e-010   -0.1166953
-2.30000003e-010      -0.0595
-2.25000003e-010   -0.1089688
-2.20000003e-010  -0.05066407
-2.15000003e-010   -0.1021875
-2.10000003e-010  -0.04214844
-2.05000003e-010  -0.09536719
-2.00000003e-010  -0.03363281
-1.95000003e-010  -0.08738282
-1.90000003e-010       -0.025
-1.85000002e-010  -0.07870313
-1.80000002e-010  -0.01738281
-1.75000002e-010   -0.0698125
-1.70000002e-010  -0.01013281
-1.65000002e-010  -0.06222657
-1.60000002e-010 -0.003468751
-1.55000002e-010  -0.05473438
-1.50000002e-010  0.002320312
-1.45000002e-010       -0.047
-1.40000002e-010        0.007
-1.35000002e-010  -0.03908594
-1.30000002e-010  0.009695313
-1.25000002e-010  -0.03085938
-1.20000002e-010   0.01232031
-1.15000002e-010  -0.02250781
-1.10000001e-010   0.01464844
-1.05000001e-010  -0.01574219
-1.00000001e-010   0.01766406
-9.50000013e-011 -0.009453126
-9.00000012e-011   0.01960156
-8.50000011e-011 -0.004101563
-8.00000011e-011    0.0204375
-7.5000001e-011 0.0008984372
-7.00000009e-011   0.02077344
-6.50000009e-011  0.005328125
-6.00000008e-011   0.02079688
-5.50000007e-011        0.009
-5.00000007e-011   0.02114844
-4.50000006e-011   0.01107813
-4.00000005e-011   0.02265625
-3.50000005e-011   0.01285938
-3.00000004e-011    0.0238125
-2.50000003e-011   0.01299219
-2.00000003e-011   0.02435156
-1.50000002e-011   0.01039063
-1.00000001e-011   0.02410156
-5.00000007e-012   0.00834375
           0        0.023
5.00000007e-012  0.007179687
1.00000001e-011   0.02185156
1.50000002e-011  0.006921875
2.00000003e-011   0.02104688
2.50000003e-011  0.007734375
3.00000004e-011        0.021
3.50000005e-011   0.00821875
4.00000005e-011   0.01986719
4.50000006e-011  0.008796875
5.00000007e-011      0.01875
5.50000007e-011  0.007398438
6.00000008e-011   0.01767969
6.50000009e-011        0.007
7.00000009e-011    0.0176875
7.5000001e-011  0.007398438
8.00000011e-011   0.01825781
8.50000011e-011  0.008164063
9.00000012e-011   0.01879688
9.50000013e-011  0.008210938
1.00000001e-010   0.01904688
1.05000001e-010        0.009
1.10000001e-010   0.01948438
1.15000002e-010  0.009414063
1.20000002e-010   0.02064063
1.25000002e-010    0.0106875
1.30000002e-010   0.02222656
1.35000002e-010   0.01042188
1.40000002e-010        0.025
1.45000002e-010   0.01025781
1.50000002e-010   0.02667188
1.55000002e-010   0.01064844
1.60000002e-010   0.02724219
1.65000002e-010   0.01194531
1.70000002e-010        0.027
1.75000002e-010   0.01428906
1.80000002e-010     0.028125
1.85000002e-010   0.01751563
1.90000003e-010   0.02947656
1.95000003e-010   0.01866406
2.00000003e-010   0.02959375
2.05000003e-010   0.01885938
2.10000003e-010   0.03034375
2.15000003e-010   0.01960938
2.20000003e-010   0.03075781
2.25000003e-010   0.02046875
2.30000003e-010   0.03164063
2.35000003e-010   0.02065625
2.40000003e-010   0.03220313
2.45000003e-010   0.02082813
2.50000003e-010   0.03177344
2.55000003e-010   0.02053125
2.60000003e-010      0.03275
2.65000004e-010   0.01942188
2.70000004e-010        0.033
2.75000004e-010   0.01867188
2.80000004e-010   0.03213281
2.85000004e-010   0.01839063
2.90000004e-010   0.03053906
2.95000004e-010   0.01854688
3.00000004e-010   0.02977344
3.05000004e-010   0.01728125
3.10000004e-010   0.02878906
3.15000004e-010    0.0166875
3.20000004e-010   0.02799219
3.25000004e-010        0.015
3.30000004e-010        0.027
3.35000004e-010   0.01438281
3.40000005e-010   0.02634375
3.45000005e-010   0.01398438
3.50000005e-010   0.02497656
3.55000005e-010     0.013875
3.60000005e-010   0.02390625
3.65000005e-010   0.01366406
3.70000005e-010      0.02375
3.75000005e-010   0.01350781
3.80000005e-010   0.02336719
3.85000005e-010    0.0129375
3.90000005e-010   0.02285156
3.95000005e-010   0.01285938
4.00000005e-010   0.02300781
4.05000005e-010   0.01326563
4.10000005e-010   0.02314844
4.15000006e-010   0.01336719
4.20000006e-010    0.0230625
4.25000006e-010     0.012875
4.30000006e-010   0.02323438
4.35000006e-010        0.013
4.40000006e-010   0.02363281
4.45000006e-010   0.01305469
4.50000006e-010   0.02384375
4.55000006e-010   0.01301563
4.60000006e-010   0.02376563
4.65000006e-010   0.01334375
4.70000006e-010   0.02334375
4.75000006e-010        0.013
4.80000006e-010   0.02332813
4.85000006e-010   0.01223438
4.90000007e-010   0.02333594
4.95000007e-010   0.01217969
5.00000007e-010   0.02300781
5.05000007e-010   0.01253125
5.10000007e-010   0.02335156
5.15000007e-010   0.01296875
5.20000007e-010   0.02326563
5.25000007e-010   0.01264063
5.30000007e-010   0.02325781
5.35000007e-010   0.01183594
5.40000007e-010   0.02265625
5.45000007e-010   0.01082813
5.50000007e-010   0.02310938
5.55000007e-010   0.01071094
5.60000007e-010        0.023
5.65000008e-010   0.01154688
5.70000008e-010   0.02305469
5.75000008e-010        0.013
5.80000008e-010   0.02301563
5.85000008e-010   0.01278906
5.90000008e-010   0.02228125
5.95000008e-010   0.01265625
6.00000008e-010   0.02217188
6.05000008e-010   0.01227344
6.10000008e-010   0.02296875
6.15000008e-010   0.01105469
6.20000008e-010   0.02272656
6.25000008e-010   0.01028125
6.30000008e-010   0.02146875
6.35000008e-010  0.009507813
6.40000009e-010     0.022125
6.45000009e-010  0.008828125
6.50000009e-010   0.02308594
6.55000009e-010  0.008953125
6.60000009e-010   0.02246875
6.65000009e-010      0.00975
6.70000009e-010   0.02101563
6.75000009e-010   0.01090625
6.80000009e-010   0.02051563
6.85000009e-010   0.01082031
6.90000009e-010        0.021
6.95000009e-010        0.011
7.00000009e-010   0.02092188
7.05000009e-010    0.0103125
7.10000009e-010   0.02027344
7.1500001e-010   0.01008594
7.2000001e-010   0.01923438
7.2500001e-010   0.01022656
7.3000001e-010   0.02064844
7.3500001e-010   0.01041406
7.4000001e-010   0.02246094
7.4500001e-010  0.009492188
7.5000001e-010   0.02316406
7.5500001e-010  0.009078125
7.6000001e-010    0.0224375
7.6500001e-010        0.009
7.7000001e-010   0.02046875
7.7500001e-010  0.009054688
7.8000001e-010   0.02057031
7.8500001e-010  0.009921875
7.90000011e-010   0.02130469
7.95000011e-010   0.01025781
8.00000011e-010    0.0215625
8.05000011e-010   0.01048438
8.10000011e-010   0.02133594
8.15000011e-010   0.01071094
8.20000011e-010   0.02091406
8.25000011e-010   0.01094531
8.30000011e-010   0.02088281
8.35000011e-010   0.01176563
8.40000011e-010   0.02108594
8.45000011e-010   0.01248438
8.50000011e-010        0.021
8.55000011e-010   0.01267188
8.60000011e-010   0.02153906
8.65000012e-010   0.01292188
8.70000012e-010   0.02199219
8.75000012e-010   0.01336719
8.80000012e-010        0.023
8.85000012e-010   0.01307813
8.90000012e-010   0.02279688
8.95000012e-010        0.013
9.00000012e-010   0.02297656
9.05000012e-010   0.01282031
9.10000012e-010   0.02299219
9.15000012e-010    0.0128125
9.20000012e-010   0.02251563
9.25000012e-010   0.01320313
9.30000012e-010   0.02289063
9.35000012e-010   0.01298438
9.40000013e-010   0.02292969
9.45000013e-010   0.01232813
9.50000013e-010   0.02309375
9.55000013e-010    0.0111875
9.60000013e-010   0.02304688
9.65000013e-010   0.01113281
9.70000013e-010   0.02404688
9.75000013e-010   0.01219531
9.80000013e-010   0.02488281
9.85000013e-010   0.01285156
9.90000013e-010   0.02484375
9.95000013e-010      0.01275
1.00000001e-009   0.02396094
1.00500001e-009   0.01295313
1.01000001e-009   0.02371094
1.01500001e-009   0.01332813
1.02000001e-009   0.02320313
1.02500001e-009   0.01416406
1.03000001e-009     0.022625
1.03500001e-009   0.01358594
1.04000001e-009   0.02347656
1.04500001e-009        0.013
1.05000001e-009   0.02382813
1.05500001e-009   0.01340625
1.06000001e-009   0.02457813
1.06500001e-009   0.01441406
1.07000001e-009   0.02560156
1.07500001e-009   0.01495313
1.08000001e-009   0.02642969
1.08500001e-009        0.015
1.09000001e-009   0.02691406
1.09500001e-009   0.01471094
1.10000001e-009   0.02689844
1.10500001e-009   0.01517188
1.11000001e-009   0.02638281
1.11500001e-009    0.0158125
1.12000001e-009   0.02554688
1.12500002e-009   0.01646875
1.13000002e-009   0.02588281
1.13500002e-009   0.01667969
1.14000002e-009   0.02678906
1.14500002e-009   0.01654688
1.15000002e-009   0.02697656
1.15500002e-009        0.017
1.16000002e-009    0.0268125
1.16500002e-009   0.01803125
1.17000002e-009        0.027
1.17500002e-009   0.01748438
1.18000002e-009   0.02655469
1.18500002e-009   0.01605469
1.19000002e-009   0.02592188
1.19500002e-009   0.01515625
1.20000002e-009   0.02657813
1.20500002e-009   0.01509375
1.21000002e-009   0.02717969
1.21500002e-009   0.01589063
1.22000002e-009   0.02708594
1.22500002e-009   0.01728906
1.23000002e-009   0.02711719
1.23500002e-009    0.0175625
1.24000002e-009      0.02675
1.24500002e-009   0.01790625
1.25000002e-009        0.027
