+3.00000000000E+005  -8.82358279840E+001
+7.79850000000E+006  -8.81186202835E+001
+1.52970000000E+007  -7.70226497144E+001
+2.27955000000E+007  -8.22937942697E+001
+3.02940000000E+007  -9.58960255778E+001
+3.77925000000E+007  -7.65343059092E+001
+4.52910000000E+007  -7.55197307779E+001
+5.27895000000E+007  -7.05899231750E+001
+6.02880000000E+007  -7.46620922865E+001
+6.77865000000E+007  -7.49561102244E+001
+7.52850000000E+007  -6.59406203621E+001
+8.27835000000E+007  -7.05905406079E+001
+9.02820000000E+007  -7.69428141928E+001
+9.77805000000E+007  -6.82058590170E+001
+1.05279000000E+008  -6.65713862012E+001
+1.12777500000E+008  -6.78981302487E+001
+1.20276000000E+008  -6.61073797678E+001
+1.27774500000E+008  -6.39668671611E+001
+1.35273000000E+008  -6.72123367325E+001
+1.42771500000E+008  -6.84622943254E+001
+1.50270000000E+008  -6.03680781706E+001
+1.57768500000E+008  -6.70691940422E+001
+1.65267000000E+008  -6.34188069152E+001
+1.72765500000E+008  -6.39627095495E+001
+1.80264000000E+008  -6.67679450234E+001
+1.87762500000E+008  -6.17718140064E+001
+1.95261000000E+008  -6.65698068989E+001
+2.02759500000E+008  -5.72051735140E+001
+2.10258000000E+008  -6.55603411595E+001
+2.17756500000E+008  -5.86330993110E+001
+2.25255000000E+008  -6.31744540135E+001
+2.32753500000E+008  -7.20504897385E+001
+2.40252000000E+008  -6.35740739977E+001
+2.47750500000E+008  -5.32882625551E+001
+2.55249000000E+008  -6.15487218540E+001
+2.62747500000E+008  -6.94103793527E+001
+2.70246000000E+008  -6.68966424869E+001
+2.77744500000E+008  -5.92666622602E+001
+2.85243000000E+008  -5.50259492814E+001
+2.92741500000E+008  -5.48256545399E+001
+3.00240000000E+008  -6.91617560786E+001
+3.07738500000E+008  -5.82925973282E+001
+3.15237000000E+008  -6.67154203614E+001
+3.22735500000E+008  -6.26710734116E+001
+3.30234000000E+008  -6.14218556740E+001
+3.37732500000E+008  -5.79290176455E+001
+3.45231000000E+008  -5.25855164263E+001
+3.52729500000E+008  -5.13255718940E+001
+3.60228000000E+008  -5.43168965451E+001
+3.67726500000E+008  -7.20921303274E+001
+3.75225000000E+008  -5.86887839469E+001
+3.82723500000E+008  -5.74501773724E+001
+3.90222000000E+008  -6.03211397212E+001
+3.97720500000E+008  -5.29380680962E+001
+4.05219000000E+008  -5.35007057348E+001
+4.12717500000E+008  -5.46391553732E+001
+4.20216000000E+008  -5.28587322033E+001
+4.27714500000E+008  -5.39109916447E+001
+4.35213000000E+008  -6.10192681699E+001
+4.42711500000E+008  -5.53528414469E+001
+4.50210000000E+008  -5.74244004794E+001
+4.57708500000E+008  -5.61003340553E+001
+4.65207000000E+008  -6.19817593983E+001
+4.72705500000E+008  -5.39714609893E+001
+4.80204000000E+008  -5.03492754009E+001
+4.87702500000E+008  -6.10563197029E+001
+4.95201000000E+008  -5.91202587052E+001
+5.02699500000E+008  -6.12704051975E+001
+5.10198000000E+008  -6.02036545431E+001
+5.17696500000E+008  -5.52234978255E+001
+5.25195000000E+008  -5.98971699204E+001
+5.32693500000E+008  -6.00836988106E+001
+5.40192000000E+008  -7.05385023267E+001
+5.47690500000E+008  -6.18578618244E+001
+5.55189000000E+008  -5.77644456970E+001
+5.62687500000E+008  -6.44748977733E+001
+5.70186000000E+008  -6.17431030268E+001
+5.77684500000E+008  -6.81432909556E+001
+5.85183000000E+008  -7.06361441610E+001
+5.92681500000E+008  -6.44506644839E+001
+6.00180000000E+008  -6.26848980097E+001
+6.07678500000E+008  -6.14863420125E+001
+6.15177000000E+008  -5.65300834650E+001
+6.22675500000E+008  -5.85641057766E+001
+6.30174000000E+008  -5.50409234582E+001
+6.37672500000E+008  -5.86699336604E+001
+6.45171000000E+008  -5.94914212714E+001
+6.52669500000E+008  -6.02174251586E+001
+6.60168000000E+008  -6.03006057829E+001
+6.67666500000E+008  -5.51076645569E+001
+6.75165000000E+008  -6.81451099662E+001
+6.82663500000E+008  -5.68851106530E+001
+6.90162000000E+008  -5.86964899335E+001
+6.97660500000E+008  -6.62082633270E+001
+7.05159000000E+008  -6.29264485262E+001
+7.12657500000E+008  -6.70649900038E+001
+7.20156000000E+008  -6.22701325295E+001
+7.27654500000E+008  -5.96250315495E+001
+7.35153000000E+008  -6.62496817217E+001
+7.42651500000E+008  -6.40461152455E+001
+7.50150000000E+008  -6.57371583785E+001
+7.57648500000E+008  -6.04863603733E+001
+7.65147000000E+008  -6.38153959189E+001
+7.72645500000E+008  -7.33451151584E+001
+7.80144000000E+008  -6.27670655891E+001
+7.87642500000E+008  -5.93088183716E+001
+7.95141000000E+008  -5.88334165401E+001
+8.02639500000E+008  -6.39100920922E+001
+8.10138000000E+008  -6.36374600396E+001
+8.17636500000E+008  -5.77632897474E+001
+8.25135000000E+008  -5.82337978357E+001
+8.32633500000E+008  -5.82274000332E+001
+8.40132000000E+008  -6.61130344047E+001
+8.47630500000E+008  -5.66672413175E+001
+8.55129000000E+008  -6.37497994011E+001
+8.62627500000E+008  -6.30624409428E+001
+8.70126000000E+008  -7.61427669169E+001
+8.77624500000E+008  -6.53909284034E+001
+8.85123000000E+008  -6.50087310990E+001
+8.92621500000E+008  -7.17814583813E+001
+9.00120000000E+008  -5.99872583600E+001
+9.07618500000E+008  -6.15042141204E+001
+9.15117000000E+008  -5.92956662213E+001
+9.22615500000E+008  -6.29970757442E+001
+9.30114000000E+008  -5.82947433776E+001
+9.37612500000E+008  -6.81826096315E+001
+9.45111000000E+008  -7.82004205047E+001
+9.52609500000E+008  -6.23505340146E+001
+9.60108000000E+008  -6.32485060418E+001
+9.67606500000E+008  -6.76483419948E+001
+9.75105000000E+008  -6.30993513708E+001
+9.82603500000E+008  -6.19716829350E+001
+9.90102000000E+008  -8.15890915495E+001
+9.97600500000E+008  -6.41146558127E+001
+1.00509900000E+009  -6.37735498546E+001
+1.01259750000E+009  -7.29351740929E+001
+1.02009600000E+009  -6.41220273665E+001
+1.02759450000E+009  -7.33444074555E+001
+1.03509300000E+009  -6.13075231251E+001
+1.04259150000E+009  -6.36596880101E+001
+1.05009000000E+009  -6.24972383252E+001
+1.05758850000E+009  -6.56008091071E+001
+1.06508700000E+009  -6.19345974253E+001
+1.07258550000E+009  -6.70191526944E+001
+1.08008400000E+009  -6.80294774792E+001
+1.08758250000E+009  -6.92878252691E+001
+1.09508100000E+009  -8.17813339843E+001
+1.10257950000E+009  -7.03104517642E+001
+1.11007800000E+009  -7.13468732557E+001
+1.11757650000E+009  -6.59132991740E+001
+1.12507500000E+009  -6.99550220028E+001
+1.13257350000E+009  -7.49479347896E+001
+1.14007200000E+009  -7.52471027157E+001
+1.14757050000E+009  -6.31411900326E+001
+1.15506900000E+009  -6.74618201072E+001
+1.16256750000E+009  -6.53665115169E+001
+1.17006600000E+009  -7.11519613302E+001
+1.17756450000E+009  -7.07501057840E+001
+1.18506300000E+009  -6.62081303309E+001
+1.19256150000E+009  -6.65624257434E+001
+1.20006000000E+009  -7.30566555896E+001
+1.20755850000E+009  -6.94107637357E+001
+1.21505700000E+009  -7.71841657318E+001
+1.22255550000E+009  -6.79714726339E+001
+1.23005400000E+009  -7.79659240193E+001
+1.23755250000E+009  -7.29403319248E+001
+1.24505100000E+009  -6.71931329931E+001
+1.25254950000E+009  -7.43616775601E+001
+1.26004800000E+009  -6.32102006447E+001
+1.26754650000E+009  -7.65034461746E+001
+1.27504500000E+009  -6.60979980310E+001
+1.28254350000E+009  -6.62929017106E+001
+1.29004200000E+009  -6.85168156953E+001
+1.29754050000E+009  -7.49296646141E+001
+1.30503900000E+009  -7.39734582315E+001
+1.31253750000E+009  -8.38586169456E+001
+1.32003600000E+009  -6.94635709108E+001
+1.32753450000E+009  -6.49876561107E+001
+1.33503300000E+009  -6.91589107421E+001
+1.34253150000E+009  -9.42651596444E+001
+1.35003000000E+009  -6.76129735916E+001
+1.35752850000E+009  -6.91470329365E+001
+1.36502700000E+009  -6.73231883285E+001
+1.37252550000E+009  -7.26126831043E+001
+1.38002400000E+009  -7.15095293117E+001
+1.38752250000E+009  -8.02494982334E+001
+1.39502100000E+009  -7.32337130919E+001
+1.40251950000E+009  -6.41226973686E+001
+1.41001800000E+009  -7.54415637457E+001
+1.41751650000E+009  -6.89609112497E+001
+1.42501500000E+009  -7.07264738132E+001
+1.43251350000E+009  -6.85112191687E+001
+1.44001200000E+009  -7.11103089030E+001
+1.44751050000E+009  -7.42347918554E+001
+1.45500900000E+009  -7.06345737396E+001
+1.46250750000E+009  -6.89214841074E+001
+1.47000600000E+009  -6.93411411194E+001
+1.47750450000E+009  -7.97918653109E+001
+1.48500300000E+009  -7.27177088041E+001
+1.49250150000E+009  -6.68477477291E+001
+1.50000000000E+009  -8.10014406178E+001
