-2.49000003e-009 -0.008828126
-2.48000003e-009 -0.008765626
-2.47000003e-009 -0.008703126
-2.46000003e-009 -0.008664063
-2.45000003e-009 -0.008656251
-2.44000003e-009 -0.008671876
-2.43000003e-009 -0.008695313
-2.42000003e-009 -0.008648438
-2.41000003e-009 -0.008617188
-2.40000003e-009 -0.008554688
-2.39000003e-009 -0.008460938
-2.38000003e-009 -0.008414063
-2.37000003e-009 -0.008304688
-2.36000003e-009 -0.008242188
-2.35000003e-009 -0.008187501
-2.34000003e-009 -0.008085938
-2.33000003e-009 -0.007914063
-2.32000003e-009 -0.007773438
-2.31000003e-009 -0.007562501
-2.30000003e-009 -0.007382813
-2.29000003e-009 -0.007210938
-2.28000003e-009 -0.007023438
-2.27000003e-009 -0.006914063
-2.26000003e-009 -0.006851563
-2.25000003e-009 -0.006890626
-2.24000003e-009 -0.006968751
-2.23000003e-009 -0.007062501
-2.22000003e-009 -0.007148438
-2.21000003e-009 -0.007148438
-2.20000003e-009 -0.007132813
-2.19000003e-009 -0.007015626
-2.18000003e-009 -0.006843751
-2.17000003e-009 -0.006609376
-2.16000003e-009 -0.006390626
-2.15000003e-009 -0.006203126
-2.14000003e-009 -0.006015626
-2.13000003e-009 -0.005882813
-2.12000003e-009 -0.005804688
-2.11000003e-009 -0.005703126
-2.10000003e-009 -0.005664063
-2.09000003e-009 -0.005632813
-2.08000003e-009 -0.005578126
-2.07000003e-009 -0.005523438
-2.06000003e-009 -0.005429688
-2.05000003e-009 -0.005351563
-2.04000003e-009 -0.005203126
-2.03000003e-009 -0.005039063
-2.02000003e-009 -0.004851563
-2.01000003e-009 -0.004656251
-2.00000003e-009 -0.004476563
-1.99000003e-009 -0.004375001
-1.98000003e-009 -0.004328126
-1.97000003e-009 -0.004312501
-1.96000003e-009 -0.004398438
-1.95000003e-009 -0.004460938
-1.94000003e-009 -0.004492188
-1.93000003e-009 -0.004492188
-1.92000003e-009 -0.004382813
-1.91000003e-009 -0.004234376
-1.90000003e-009 -0.004054688
-1.89000003e-009 -0.003882813
-1.88000003e-009 -0.003757813
-1.87000002e-009 -0.003695313
-1.86000002e-009 -0.003687501
-1.85000002e-009 -0.003750001
-1.84000002e-009 -0.003851563
-1.83000002e-009 -0.003914063
-1.82000002e-009 -0.003921876
-1.81000002e-009 -0.003859376
-1.80000002e-009 -0.003726563
-1.79000002e-009 -0.003554688
-1.78000002e-009 -0.003335938
-1.77000002e-009 -0.003132813
-1.76000002e-009 -0.002945313
-1.75000002e-009    -0.002875
-1.74000002e-009   -0.0028125
-1.73000002e-009  -0.00278125
-1.72000002e-009 -0.002773438
-1.71000002e-009 -0.002765625
-1.70000002e-009 -0.002765625
-1.69000002e-009 -0.002742188
-1.68000002e-009 -0.002695313
-1.67000002e-009 -0.002679688
-1.66000002e-009 -0.002703125
-1.65000002e-009 -0.002757813
-1.64000002e-009 -0.002835938
-1.63000002e-009 -0.002929688
-1.62000002e-009 -0.003007813
-1.61000002e-009 -0.003015625
-1.60000002e-009       -0.003
-1.59000002e-009 -0.002898438
-1.58000002e-009  -0.00271875
-1.57000002e-009 -0.002515625
-1.56000002e-009  -0.00234375
-1.55000002e-009 -0.002179688
-1.54000002e-009 -0.002132813
-1.53000002e-009 -0.002046875
-1.52000002e-009 -0.002078125
-1.51000002e-009 -0.002109375
-1.50000002e-009 -0.002179688
-1.49000002e-009 -0.002195313
-1.48000002e-009 -0.002226563
-1.47000002e-009 -0.002210938
-1.46000002e-009  -0.00215625
-1.45000002e-009 -0.002109375
-1.44000002e-009 -0.002054688
-1.43000002e-009 -0.002039063
-1.42000002e-009   -0.0020625
-1.41000002e-009  -0.00203125
-1.40000002e-009  -0.00203125
-1.39000002e-009 -0.002046875
-1.38000002e-009       -0.002
-1.37000002e-009  -0.00196875
-1.36000002e-009 -0.001945313
-1.35000002e-009  -0.00190625
-1.34000002e-009 -0.001921875
-1.33000002e-009   -0.0019375
-1.32000002e-009 -0.001984375
-1.31000002e-009 -0.002023438
-1.30000002e-009 -0.002078125
-1.29000002e-009 -0.002148438
-1.28000002e-009 -0.002203125
-1.27000002e-009 -0.002265625
-1.26000002e-009 -0.002335938
-1.25000002e-009 -0.002359375
-1.24000002e-009 -0.002398438
-1.23000002e-009 -0.002390625
-1.22000002e-009 -0.002382813
-1.21000002e-009  -0.00234375
-1.20000002e-009 -0.002304688
-1.19000002e-009 -0.002226563
-1.18000002e-009    -0.002125
-1.17000002e-009   -0.0020625
-1.16000002e-009 -0.002039063
-1.15000002e-009 -0.002015625
-1.14000002e-009 -0.002070313
-1.13000002e-009 -0.002109375
-1.12000001e-009 -0.002164063
-1.11000001e-009 -0.002210938
-1.10000001e-009 -0.002289063
-1.09000001e-009 -0.002328125
-1.08000001e-009 -0.002390625
-1.07000001e-009 -0.002390625
-1.06000001e-009 -0.002453125
-1.05000001e-009 -0.002515625
-1.04000001e-009  -0.00259375
-1.03000001e-009 -0.002726563
-1.02000001e-009 -0.002820313
-1.01000001e-009 -0.002960938
-1.00000001e-009 -0.003085938
-9.90000013e-010 -0.003203126
-9.80000013e-010 -0.003273438
-9.70000013e-010 -0.003328126
-9.60000013e-010 -0.003359376
-9.50000013e-010 -0.003414063
-9.40000013e-010 -0.003453126
-9.30000012e-010 -0.003445313
-9.20000012e-010 -0.003515626
-9.10000012e-010 -0.003593751
-9.00000012e-010 -0.003695313
-8.90000012e-010 -0.003859376
-8.80000012e-010 -0.004070313
-8.70000012e-010 -0.004281251
-8.60000011e-010 -0.004546876
-8.50000011e-010 -0.004820313
-8.40000011e-010 -0.005164063
-8.30000011e-010 -0.005570313
-8.20000011e-010 -0.005960938
-8.10000011e-010 -0.006375001
-8.00000011e-010 -0.006875001
-7.90000011e-010 -0.007382813
-7.8000001e-010 -0.007914063
-7.7000001e-010 -0.008429688
-7.6000001e-010 -0.009007813
-7.5000001e-010 -0.009710938
-7.4000001e-010  -0.01054688
-7.3000001e-010  -0.01163281
-7.2000001e-010  -0.01292188
-7.10000009e-010  -0.01450781
-7.00000009e-010  -0.01652344
-6.90000009e-010  -0.01892188
-6.80000009e-010  -0.02178125
-6.70000009e-010  -0.02497656
-6.60000009e-010  -0.02863281
-6.50000009e-010  -0.03265625
-6.40000009e-010  -0.03717969
-6.30000008e-010    -0.042125
-6.20000008e-010  -0.04757813
-6.10000008e-010    -0.053625
-6.00000008e-010  -0.06023438
-5.90000008e-010  -0.06739844
-5.80000008e-010  -0.07503907
-5.70000008e-010  -0.08305469
-5.60000007e-010  -0.09121094
-5.50000007e-010  -0.09934376
-5.40000007e-010   -0.1072891
-5.30000007e-010   -0.1149297
-5.20000007e-010    -0.122125
-5.10000007e-010   -0.1288438
-5.00000007e-010   -0.1350625
-4.90000007e-010   -0.1407188
-4.80000006e-010     -0.14575
-4.70000006e-010   -0.1501875
-4.60000006e-010   -0.1538359
-4.50000006e-010   -0.1566797
-4.40000006e-010   -0.1586953
-4.30000006e-010   -0.1598828
-4.20000006e-010   -0.1604141
-4.10000005e-010   -0.1602969
-4.00000005e-010   -0.1597188
-3.90000005e-010   -0.1587422
-3.80000005e-010   -0.1575547
-3.70000005e-010   -0.1562656
-3.60000005e-010   -0.1548281
-3.50000005e-010   -0.1532891
-3.40000005e-010   -0.1516094
-3.30000004e-010   -0.1498047
-3.20000004e-010   -0.1479922
-3.10000004e-010   -0.1459609
-3.00000004e-010   -0.1436797
-2.90000004e-010   -0.1412109
-2.80000004e-010   -0.1383984
-2.70000004e-010   -0.1352656
-2.60000003e-010   -0.1316797
-2.50000003e-010   -0.1275391
-2.40000003e-010   -0.1228906
-2.30000003e-010   -0.1176875
-2.20000003e-010   -0.1118594
-2.10000003e-010   -0.1055156
-2.00000003e-010  -0.09865626
-1.90000003e-010  -0.09130469
-1.80000002e-010  -0.08349219
-1.70000002e-010  -0.07535938
-1.60000002e-010  -0.06702344
-1.50000002e-010      -0.0585
-1.40000002e-010  -0.04997657
-1.30000002e-010  -0.04157813
-1.20000002e-010  -0.03336719
-1.10000001e-010  -0.02557031
-1.00000001e-010  -0.01820313
-9.00000012e-011   -0.0114375
-8.00000011e-011 -0.005304688
-7.00000009e-011 0.0001718747
-6.00000008e-011   0.00478125
-5.00000007e-011  0.008671875
-4.00000005e-011   0.01174219
-3.00000004e-011   0.01405469
-2.00000003e-011      0.01575
-1.00000001e-011   0.01682031
           0   0.01740625
1.00000001e-011    0.0175625
2.00000003e-011   0.01742969
3.00000004e-011   0.01713281
4.00000005e-011   0.01660156
5.00000007e-011   0.01597656
6.00000008e-011   0.01528125
7.00000009e-011   0.01453906
8.00000011e-011   0.01385156
9.00000012e-011   0.01325781
1.00000001e-010      0.01275
1.10000001e-010   0.01240625
1.20000002e-010   0.01232813
1.30000002e-010   0.01252344
1.40000002e-010   0.01297656
1.50000002e-010   0.01369531
1.60000002e-010   0.01465625
1.70000002e-010   0.01580469
1.80000002e-010   0.01704688
1.90000003e-010   0.01838281
2.00000003e-010   0.01971094
2.10000003e-010   0.02102344
2.20000003e-010   0.02226563
2.30000003e-010     0.023375
2.40000003e-010   0.02435938
2.50000003e-010   0.02516406
2.60000003e-010      0.02575
2.70000004e-010   0.02608594
2.80000004e-010   0.02619531
2.90000004e-010   0.02602344
3.00000004e-010     0.025625
3.10000004e-010   0.02505469
3.20000004e-010   0.02432031
3.30000004e-010   0.02353906
3.40000005e-010   0.02273438
3.50000005e-010   0.02191406
3.60000005e-010   0.02117969
3.70000005e-010   0.02054688
3.80000005e-010   0.02007031
3.90000005e-010   0.01960156
4.00000005e-010      0.01925
4.10000005e-010   0.01892969
4.20000006e-010    0.0186875
4.30000006e-010   0.01852344
4.40000006e-010   0.01839063
4.50000006e-010   0.01835156
4.60000006e-010   0.01834375
4.70000006e-010   0.01840625
4.80000006e-010   0.01850781
4.90000007e-010   0.01860938
5.00000007e-010   0.01869531
5.10000007e-010    0.0186875
5.20000007e-010     0.018625
5.30000007e-010   0.01853906
5.40000007e-010   0.01834375
5.50000007e-010   0.01817969
5.60000007e-010    0.0179375
5.70000008e-010   0.01771094
5.80000008e-010   0.01750781
5.90000008e-010   0.01734375
6.00000008e-010   0.01714844
6.10000008e-010   0.01698438
6.20000008e-010   0.01685156
6.30000008e-010   0.01670313
6.40000009e-010   0.01653906
6.50000009e-010   0.01642188
6.60000009e-010   0.01628906
6.70000009e-010   0.01619531
6.80000009e-010   0.01607813
6.90000009e-010   0.01596094
7.00000009e-010   0.01582031
7.10000009e-010   0.01567969
7.2000001e-010   0.01552344
7.3000001e-010   0.01535938
7.4000001e-010   0.01522656
7.5000001e-010   0.01514844
7.6000001e-010   0.01511719
7.7000001e-010     0.015125
7.8000001e-010   0.01517969
7.90000011e-010      0.01525
8.00000011e-010   0.01532813
8.10000011e-010   0.01540625
8.20000011e-010       0.0155
8.30000011e-010   0.01567188
8.40000011e-010   0.01583594
8.50000011e-010   0.01609375
8.60000011e-010   0.01633594
8.70000012e-010   0.01670313
8.80000012e-010        0.017
8.90000012e-010   0.01733594
9.00000012e-010   0.01755469
9.10000012e-010   0.01771875
9.20000012e-010   0.01776563
9.30000012e-010      0.01775
9.40000013e-010    0.0176875
9.50000013e-010   0.01758594
9.60000013e-010   0.01752344
9.70000013e-010   0.01745313
9.80000013e-010   0.01746094
9.90000013e-010   0.01751563
1.00000001e-009   0.01757031
1.01000001e-009   0.01767188
1.02000001e-009   0.01772656
1.03000001e-009   0.01782031
1.04000001e-009   0.01791406
1.05000001e-009   0.01804688
1.06000001e-009   0.01822656
1.07000001e-009   0.01842969
1.08000001e-009    0.0186875
1.09000001e-009        0.019
1.10000001e-009   0.01935156
1.11000001e-009      0.01975
1.12000001e-009   0.02001563
1.13000002e-009   0.02027344
1.14000002e-009   0.02049219
1.15000002e-009   0.02064063
1.16000002e-009   0.02078906
1.17000002e-009   0.02083594
1.18000002e-009   0.02092188
1.19000002e-009   0.02100781
1.20000002e-009   0.02113281
1.21000002e-009   0.02128125
1.22000002e-009   0.02142969
1.23000002e-009   0.02160156
1.24000002e-009   0.02178125
1.25000002e-009   0.02195313
1.26000002e-009   0.02210156
1.27000002e-009   0.02219531
1.28000002e-009   0.02224219
1.29000002e-009   0.02221875
1.30000002e-009   0.02217188
1.31000002e-009   0.02207813
1.32000002e-009        0.022
1.33000002e-009   0.02192969
1.34000002e-009   0.02189063
1.35000002e-009   0.02184375
1.36000002e-009   0.02182813
1.37000002e-009      0.02175
1.38000002e-009   0.02171094
1.39000002e-009   0.02159375
1.40000002e-009   0.02142188
1.41000002e-009   0.02124219
1.42000002e-009   0.02107813
1.43000002e-009     0.020875
1.44000002e-009   0.02071094
1.45000002e-009   0.02057031
1.46000002e-009   0.02045313
1.47000002e-009   0.02034375
1.48000002e-009    0.0201875
1.49000002e-009   0.02001563
1.50000002e-009   0.01980469
1.51000002e-009   0.01953125
1.52000002e-009   0.01926563
1.53000002e-009   0.01890625
1.54000002e-009   0.01853125
1.55000002e-009    0.0181875
1.56000002e-009   0.01785938
1.57000002e-009   0.01752344
1.58000002e-009   0.01725781
1.59000002e-009   0.01703125
1.60000002e-009   0.01678125
1.61000002e-009   0.01664844
1.62000002e-009   0.01653125
1.63000002e-009   0.01640625
1.64000002e-009   0.01634375
1.65000002e-009   0.01635938
1.66000002e-009   0.01635156
1.67000002e-009   0.01632813
1.68000002e-009   0.01629688
1.69000002e-009   0.01626563
1.70000002e-009   0.01607031
1.71000002e-009   0.01586719
1.72000002e-009   0.01559375
1.73000002e-009   0.01535938
1.74000002e-009   0.01511719
1.75000002e-009   0.01489063
1.76000002e-009   0.01476563
1.77000002e-009   0.01474219
1.78000002e-009   0.01471094
1.79000002e-009   0.01476563
1.80000002e-009   0.01480469
1.81000002e-009   0.01488281
1.82000002e-009    0.0149375
1.83000002e-009   0.01498438
1.84000002e-009   0.01507031
1.85000002e-009   0.01510938
1.86000002e-009   0.01511719
1.87000002e-009   0.01517188
1.88000003e-009   0.01517188
1.89000003e-009   0.01519531
1.90000003e-009   0.01519531
1.91000003e-009    0.0151875
1.92000003e-009    0.0151875
1.93000003e-009      0.01525
1.94000003e-009   0.01530469
1.95000003e-009   0.01536719
1.96000003e-009   0.01545313
1.97000003e-009   0.01552344
1.98000003e-009   0.01554688
1.99000003e-009   0.01557813
2.00000003e-009   0.01555469
2.01000003e-009   0.01557813
2.02000003e-009   0.01561719
2.03000003e-009   0.01569531
2.04000003e-009   0.01578906
2.05000003e-009   0.01596875
2.06000003e-009    0.0161875
2.07000003e-009   0.01638281
2.08000003e-009   0.01657031
2.09000003e-009   0.01673438
2.10000003e-009   0.01685156
2.11000003e-009   0.01689063
2.12000003e-009   0.01685938
2.13000003e-009   0.01680469
2.14000003e-009   0.01671875
2.15000003e-009   0.01667188
2.16000003e-009   0.01659375
2.17000003e-009   0.01657031
2.18000003e-009   0.01658594
2.19000003e-009   0.01661719
2.20000003e-009   0.01665625
2.21000003e-009   0.01676563
2.22000003e-009   0.01680469
2.23000003e-009   0.01684375
2.24000003e-009   0.01682031
2.25000003e-009   0.01680469
2.26000003e-009   0.01675781
2.27000003e-009   0.01671094
2.28000003e-009     0.016625
2.29000003e-009   0.01657031
2.30000003e-009   0.01652344
2.31000003e-009   0.01647656
2.32000003e-009   0.01642188
2.33000003e-009   0.01638281
2.34000003e-009   0.01627344
2.35000003e-009   0.01621094
2.36000003e-009   0.01605469
2.37000003e-009   0.01589063
2.38000003e-009   0.01573438
2.39000003e-009   0.01559375
2.40000003e-009   0.01547656
2.41000003e-009   0.01536719
2.42000003e-009   0.01529688
2.43000003e-009   0.01528125
2.44000003e-009   0.01528125
2.45000003e-009   0.01528125
2.46000003e-009   0.01529688
2.47000003e-009   0.01525781
2.48000003e-009   0.01521094
2.49000003e-009   0.01511719
2.50000003e-009   0.01502344
