-4.98000007e-009 0.0003671872
-4.96000007e-009 0.0003828122
-4.94000007e-009 0.0005468747
-4.92000007e-009 0.0007499997
-4.90000007e-009 0.0007343747
-4.88000007e-009 0.0005859372
-4.86000006e-009 0.0002812497
-4.84000006e-009 4.687465e-005
-4.82000006e-009 -5.468785e-005
-4.80000006e-009 -1.562535e-005
-4.78000006e-009 0.0001406247
-4.76000006e-009 0.0002656247
-4.74000006e-009 0.0003046872
-4.72000006e-009 0.0002343747
-4.70000006e-009 0.0003046872
-4.68000006e-009 0.0005624997
-4.66000006e-009 0.0008515622
-4.64000006e-009 0.0009062497
-4.62000006e-009 0.0007031247
-4.60000006e-009 0.0003906247
-4.58000006e-009 0.0002421872
-4.56000006e-009 0.0002968747
-4.54000006e-009 0.0004843747
-4.52000006e-009 0.0006093747
-4.50000006e-009 0.0006171872
-4.48000006e-009 0.0006406247
-4.46000006e-009 0.0005937497
-4.44000006e-009 0.0005078122
-4.42000006e-009 0.0003828122
-4.40000006e-009 0.0002578122
-4.38000006e-009 0.0002968747
-4.36000006e-009 0.0003984372
-4.34000006e-009 0.0004453122
-4.32000006e-009 0.0004140622
-4.30000006e-009 0.0002499997
-4.28000006e-009 0.0002109372
-4.26000006e-009 0.0002578122
-4.24000006e-009 0.0002968747
-4.22000006e-009 0.0003124997
-4.20000006e-009 0.0002890622
-4.18000006e-009 0.0003515622
-4.16000006e-009 0.0004453122
-4.14000006e-009 0.0004453122
-4.12000006e-009 0.0004218747
-4.10000005e-009 0.0002812497
-4.08000005e-009 0.0001640622
-4.06000005e-009 6.249965e-005
-4.04000005e-009 4.687465e-005
-4.02000005e-009 0.0001484372
-4.00000005e-009 0.0002734372
-3.98000005e-009 0.0003984372
-3.96000005e-009 0.0004921872
-3.94000005e-009 0.0005546872
-3.92000005e-009 0.0005859372
-3.90000005e-009 0.0005546872
-3.88000005e-009 0.0004453122
-3.86000005e-009 0.0003203122
-3.84000005e-009 0.0003203122
-3.82000005e-009 0.0003437497
-3.80000005e-009 0.0002812497
-3.78000005e-009 7.031215e-005
-3.76000005e-009 -0.0001718754
-3.74000005e-009 -0.0002500004
-3.72000005e-009 -6.250035e-005
-3.70000005e-009 4.687465e-005
-3.68000005e-009 -0.0001484379
-3.66000005e-009 -0.0005781254
-3.64000005e-009 -0.001046875
-3.62000005e-009 -0.001265625
-3.60000005e-009  -0.00134375
-3.58000005e-009 -0.001507813
-3.56000005e-009 -0.001851563
-3.54000005e-009 -0.002328125
-3.52000005e-009 -0.002851563
-3.50000005e-009 -0.003273438
-3.48000005e-009 -0.003648438
-3.46000005e-009 -0.003851563
-3.44000005e-009 -0.004031251
-3.42000005e-009 -0.004281251
-3.40000005e-009 -0.004640626
-3.38000005e-009 -0.005101563
-3.36000004e-009 -0.005414063
-3.34000004e-009 -0.005601563
-3.32000004e-009 -0.005757813
-3.30000004e-009 -0.006046876
-3.28000004e-009 -0.006429688
-3.26000004e-009 -0.006843751
-3.24000004e-009 -0.007218751
-3.22000004e-009 -0.007664063
-3.20000004e-009 -0.008117188
-3.18000004e-009 -0.008421876
-3.16000004e-009 -0.008554688
-3.14000004e-009 -0.008593751
-3.12000004e-009 -0.008726563
-3.10000004e-009 -0.009054688
-3.08000004e-009 -0.009328126
-3.06000004e-009 -0.009406251
-3.04000004e-009 -0.009304688
-3.02000004e-009 -0.009265626
-3.00000004e-009 -0.009421876
-2.98000004e-009 -0.009710938
-2.96000004e-009 -0.009976563
-2.94000004e-009        -0.01
-2.92000004e-009 -0.009882813
-2.90000004e-009 -0.009773438
-2.88000004e-009 -0.009781251
-2.86000004e-009 -0.009914063
-2.84000004e-009   -0.0100625
-2.82000004e-009  -0.01016406
-2.80000004e-009  -0.01017188
-2.78000004e-009  -0.01011719
-2.76000004e-009 -0.009992188
-2.74000004e-009 -0.009859376
-2.72000004e-009 -0.009718751
-2.70000004e-009 -0.009656251
-2.68000004e-009 -0.009640626
-2.66000004e-009 -0.009578126
-2.64000004e-009 -0.009468751
-2.62000003e-009 -0.009421876
-2.60000003e-009 -0.009578126
-2.58000003e-009 -0.009796876
-2.56000003e-009 -0.009804688
-2.54000003e-009 -0.009539063
-2.52000003e-009 -0.009117188
-2.50000003e-009 -0.008820313
-2.48000003e-009 -0.008812501
-2.46000003e-009 -0.009062501
-2.44000003e-009 -0.009273438
-2.42000003e-009 -0.009273438
-2.40000003e-009 -0.009039063
-2.38000003e-009 -0.008734376
-2.36000003e-009 -0.008546876
-2.34000003e-009 -0.008554688
-2.32000003e-009 -0.008515626
-2.30000003e-009 -0.008304688
-2.28000003e-009 -0.007921876
-2.26000003e-009 -0.007531251
-2.24000003e-009 -0.007367188
-2.22000003e-009 -0.007250001
-2.20000003e-009 -0.007078126
-2.18000003e-009 -0.006804688
-2.16000003e-009 -0.006578126
-2.14000003e-009 -0.006500001
-2.12000003e-009 -0.006296876
-2.10000003e-009 -0.005890626
-2.08000003e-009 -0.005296876
-2.06000003e-009 -0.004937501
-2.04000003e-009 -0.004906251
-2.02000003e-009 -0.004976563
-2.00000003e-009 -0.004960938
-1.98000003e-009 -0.004718751
-1.96000003e-009 -0.004476563
-1.94000003e-009 -0.004468751
-1.92000003e-009 -0.004585938
-1.90000003e-009 -0.004632813
-1.88000003e-009 -0.004500001
-1.86000002e-009 -0.004125001
-1.84000002e-009 -0.003765626
-1.82000002e-009 -0.003460938
-1.80000002e-009 -0.003335938
-1.78000002e-009 -0.003312501
-1.76000002e-009 -0.003265626
-1.74000002e-009 -0.003187501
-1.72000002e-009 -0.003054688
-1.70000002e-009 -0.002960938
-1.68000002e-009 -0.002953125
-1.66000002e-009    -0.002875
-1.64000002e-009 -0.002734375
-1.62000002e-009 -0.002507813
-1.60000002e-009 -0.002328125
-1.58000002e-009 -0.002226563
-1.56000002e-009 -0.002203125
-1.54000002e-009 -0.002171875
-1.52000002e-009 -0.002140625
-1.50000002e-009 -0.002101563
-1.48000002e-009 -0.002085938
-1.46000002e-009 -0.002046875
-1.44000002e-009 -0.001945313
-1.42000002e-009 -0.001851563
-1.40000002e-009 -0.001867188
-1.38000002e-009  -0.00203125
-1.36000002e-009 -0.002117188
-1.34000002e-009 -0.002078125
-1.32000002e-009 -0.001929688
-1.30000002e-009 -0.001867188
-1.28000002e-009 -0.002085938
-1.26000002e-009  -0.00234375
-1.24000002e-009 -0.002523438
-1.22000002e-009 -0.002445313
-1.20000002e-009 -0.002242188
-1.18000002e-009 -0.002078125
-1.16000002e-009 -0.002039063
-1.14000002e-009  -0.00203125
-1.12000001e-009       -0.002
-1.10000001e-009 -0.002132813
-1.08000001e-009 -0.002351563
-1.06000001e-009 -0.002507813
-1.04000001e-009 -0.002492188
-1.02000001e-009   -0.0024375
-1.00000001e-009 -0.002492188
-9.80000013e-010     -0.00275
-9.60000013e-010 -0.002992188
-9.40000013e-010 -0.003046875
-9.20000012e-010  -0.00303125
-9.00000012e-010 -0.003117188
-8.80000012e-010 -0.003632813
-8.60000011e-010 -0.004304688
-8.40000011e-010 -0.004976563
-8.20000011e-010 -0.005507813
-8.00000011e-010 -0.005898438
-7.8000001e-010 -0.006585938
-7.6000001e-010 -0.007562501
-7.4000001e-010 -0.009054688
-7.2000001e-010  -0.01134375
-7.00000009e-010  -0.01407813
-6.80000009e-010    -0.018125
-6.60000009e-010  -0.02342188
-6.40000009e-010  -0.03057031
-6.20000008e-010  -0.03985938
-6.00000008e-010  -0.05088282
-5.80000008e-010  -0.06385938
-5.60000007e-010  -0.07863282
-5.40000007e-010  -0.09460157
-5.20000007e-010     -0.11075
-5.00000007e-010   -0.1256328
-4.80000006e-010   -0.1378359
-4.60000006e-010   -0.1476328
-4.40000006e-010   -0.1545703
-4.20000006e-010   -0.1587578
-4.00000005e-010   -0.1603594
-3.80000005e-010   -0.1589922
-3.60000005e-010   -0.1566719
-3.40000005e-010   -0.1536094
-3.20000004e-010   -0.1503047
-3.00000004e-010   -0.1467891
-2.80000004e-010   -0.1417422
-2.60000003e-010   -0.1357734
-2.40000003e-010   -0.1282578
-2.20000003e-010   -0.1186484
-2.00000003e-010   -0.1067813
-1.80000002e-010     -0.09225
-1.60000002e-010  -0.07591407
-1.40000002e-010  -0.05880469
-1.20000002e-010   -0.0418125
-1.00000001e-010  -0.02590625
-8.00000011e-011  -0.01205469
-6.00000008e-011 -0.0005234379
-4.00000005e-011  0.007953125
-2.00000003e-011   0.01355469
           0   0.01672656
2.00000003e-011   0.01754688
4.00000005e-011   0.01732031
6.00000008e-011   0.01605469
8.00000011e-011   0.01452344
1.00000001e-010    0.0133125
1.20000002e-010   0.01257031
1.40000002e-010   0.01288281
1.60000002e-010   0.01402344
1.80000002e-010   0.01583594
2.00000003e-010   0.01817188
2.20000003e-010   0.02073438
2.40000003e-010   0.02310156
2.60000003e-010   0.02492188
2.80000004e-010   0.02583594
3.00000004e-010      0.02575
3.20000004e-010   0.02485938
3.40000005e-010       0.0235
3.60000005e-010   0.02199219
3.80000005e-010   0.02060156
4.00000005e-010   0.01964844
4.20000006e-010   0.01910156
4.40000006e-010   0.01879688
4.60000006e-010   0.01850781
4.80000006e-010   0.01819531
5.00000007e-010   0.01809375
5.20000007e-010   0.01826563
5.40000007e-010   0.01849219
5.60000007e-010   0.01846094
5.80000008e-010   0.01803906
6.00000008e-010   0.01746875
6.20000008e-010   0.01694531
6.40000009e-010   0.01660938
6.60000009e-010   0.01633594
6.80000009e-010   0.01602344
7.00000009e-010   0.01567969
7.2000001e-010   0.01538281
7.4000001e-010   0.01515625
7.6000001e-010   0.01510156
7.8000001e-010   0.01521094
8.00000011e-010   0.01542969
8.20000011e-010   0.01567188
8.40000011e-010   0.01591406
8.60000011e-010   0.01621094
8.80000012e-010   0.01653906
9.00000012e-010   0.01680469
9.20000012e-010    0.0170625
9.40000013e-010   0.01721094
9.60000013e-010    0.0174375
9.80000013e-010   0.01769531
1.00000001e-009   0.01791406
1.02000001e-009   0.01800781
1.04000001e-009   0.01803125
1.06000001e-009   0.01804688
1.08000001e-009    0.0183125
1.10000001e-009   0.01880469
1.12000001e-009    0.0194375
1.14000002e-009   0.02004688
1.16000002e-009   0.02054688
1.18000002e-009   0.02091406
1.20000002e-009   0.02121875
1.22000002e-009   0.02149219
1.24000002e-009   0.02169531
1.26000002e-009   0.02179688
1.28000002e-009   0.02178906
1.30000002e-009   0.02184375
1.32000002e-009   0.02190625
1.34000002e-009    0.0220625
1.36000002e-009   0.02217969
1.38000002e-009   0.02210156
1.40000002e-009     0.021875
1.42000002e-009   0.02144531
1.44000002e-009   0.02097656
1.46000002e-009       0.0205
1.48000002e-009   0.02011719
1.50000002e-009      0.01975
1.52000002e-009    0.0191875
1.54000002e-009    0.0184375
1.56000002e-009     0.017625
1.58000002e-009   0.01703906
1.60000002e-009      0.01675
1.62000002e-009   0.01666406
1.64000002e-009   0.01660938
1.66000002e-009   0.01639063
1.68000002e-009   0.01607813
1.70000002e-009   0.01569531
1.72000002e-009   0.01545313
1.74000002e-009   0.01534375
1.76000002e-009   0.01524219
1.78000002e-009   0.01511719
1.80000002e-009        0.015
1.82000002e-009   0.01490625
1.84000002e-009   0.01489844
1.86000002e-009   0.01492969
1.88000003e-009        0.015
1.90000003e-009   0.01500781
1.92000003e-009   0.01499219
1.94000003e-009   0.01491406
1.96000003e-009   0.01491406
1.98000003e-009   0.01497656
2.00000003e-009   0.01524219
2.02000003e-009   0.01559375
2.04000003e-009   0.01585156
2.06000003e-009   0.01598438
2.08000003e-009   0.01603125
2.10000003e-009    0.0160625
2.12000003e-009   0.01623438
2.14000003e-009   0.01635938
2.16000003e-009   0.01641406
2.18000003e-009   0.01635156
2.20000003e-009   0.01621094
2.22000003e-009   0.01614063
2.24000003e-009   0.01613281
2.26000003e-009   0.01621094
2.28000003e-009    0.0163125
2.30000003e-009   0.01635938
2.32000003e-009   0.01628906
2.34000003e-009   0.01608594
2.36000003e-009   0.01577344
2.38000003e-009       0.0155
2.40000003e-009    0.0154375
2.42000003e-009   0.01551563
2.44000003e-009   0.01550781
2.46000003e-009   0.01534375
2.48000003e-009    0.0149375
2.50000003e-009   0.01455469
2.52000003e-009   0.01432813
2.54000003e-009   0.01428906
2.56000003e-009   0.01436719
2.58000003e-009   0.01428125
2.60000003e-009   0.01407813
2.62000003e-009   0.01382813
2.64000004e-009   0.01373438
2.66000004e-009   0.01388281
2.68000004e-009   0.01417188
2.70000004e-009   0.01427344
2.72000004e-009   0.01408594
2.74000004e-009   0.01370313
2.76000004e-009   0.01342969
2.78000004e-009     0.013375
2.80000004e-009   0.01336719
2.82000004e-009   0.01314063
2.84000004e-009   0.01297656
2.86000004e-009   0.01296875
2.88000004e-009   0.01300781
2.90000004e-009   0.01303906
2.92000004e-009   0.01296875
2.94000004e-009   0.01294531
2.96000004e-009   0.01316406
2.98000004e-009   0.01341406
3.00000004e-009   0.01345313
3.02000004e-009   0.01332031
3.04000004e-009   0.01315625
3.06000004e-009     0.013125
3.08000004e-009    0.0131875
3.10000004e-009   0.01311719
3.12000004e-009   0.01283594
3.14000004e-009   0.01241406
3.16000004e-009   0.01215625
3.18000004e-009   0.01214063
3.20000004e-009   0.01242188
3.22000004e-009   0.01277344
3.24000004e-009   0.01292188
3.26000004e-009   0.01280469
3.28000004e-009   0.01258594
3.30000004e-009   0.01242188
3.32000004e-009     0.012375
3.34000004e-009   0.01232813
3.36000004e-009   0.01214844
3.38000005e-009   0.01182031
3.40000005e-009   0.01146875
3.42000005e-009     0.011125
3.44000005e-009   0.01080469
3.46000005e-009   0.01064063
3.48000005e-009   0.01069531
3.50000005e-009   0.01094531
3.52000005e-009   0.01109375
3.54000005e-009    0.0109375
3.56000005e-009   0.01057813
3.58000005e-009   0.01030469
3.60000005e-009   0.01032031
3.62000005e-009   0.01046094
3.64000005e-009   0.01040625
3.66000005e-009   0.01017188
3.68000005e-009         0.01
3.70000005e-009   0.01003125
3.72000005e-009   0.01010938
3.74000005e-009   0.01000781
3.76000005e-009   0.00971875
3.78000005e-009   0.00959375
3.80000005e-009  0.009773438
3.82000005e-009   0.01002344
3.84000005e-009   0.01010156
3.86000005e-009   0.00996875
3.88000005e-009  0.009882813
3.90000005e-009  0.009898438
3.92000005e-009  0.009898438
3.94000005e-009  0.009765625
3.96000005e-009  0.009453125
3.98000005e-009    0.0093125
4.00000005e-009  0.009296875
4.02000005e-009  0.009398438
4.04000005e-009  0.009398438
4.06000005e-009  0.009242188
4.08000005e-009  0.008976563
4.10000005e-009  0.008882813
4.12000006e-009  0.008859375
4.14000006e-009     0.008875
4.16000006e-009  0.008828125
4.18000006e-009  0.008664063
4.20000006e-009  0.008460938
4.22000006e-009  0.008242188
4.24000006e-009  0.008148438
4.26000006e-009  0.008148438
4.28000006e-009  0.008273438
4.30000006e-009  0.008414063
4.32000006e-009  0.008484375
4.34000006e-009  0.008421875
4.36000006e-009  0.008226563
4.38000006e-009  0.007953125
4.40000006e-009  0.007796875
4.42000006e-009  0.007726563
4.44000006e-009    0.0076875
4.46000006e-009  0.007726563
4.48000006e-009  0.007773438
4.50000006e-009   0.00784375
4.52000006e-009  0.007898438
4.54000006e-009  0.007851563
4.56000006e-009  0.007734375
4.58000006e-009    0.0076875
4.60000006e-009  0.007765625
4.62000006e-009  0.007828125
4.64000006e-009  0.007742188
4.66000006e-009  0.007546875
4.68000006e-009    0.0074375
4.70000006e-009  0.007554688
4.72000006e-009  0.007726563
4.74000006e-009  0.007796875
4.76000006e-009  0.007710938
4.78000006e-009  0.007617188
4.80000006e-009    0.0075625
4.82000006e-009  0.007507813
4.84000006e-009  0.007453125
4.86000006e-009  0.007296875
4.88000007e-009  0.007203125
4.90000007e-009     0.007125
4.92000007e-009  0.007179687
4.94000007e-009  0.007265625
4.96000007e-009   0.00740625
4.98000007e-009  0.007546875
5.00000007e-009    0.0076875
