-2.49000003e-009 -0.007492188
-2.48000003e-009 -0.007539063
-2.47000003e-009 -0.007632813
-2.46000003e-009 -0.007750001
-2.45000003e-009 -0.007796876
-2.44000003e-009 -0.007851563
-2.43000003e-009 -0.007765626
-2.42000003e-009 -0.007609376
-2.41000003e-009 -0.007351563
-2.40000003e-009 -0.007039063
-2.39000003e-009 -0.006773438
-2.38000003e-009 -0.006554688
-2.37000003e-009 -0.006382813
-2.36000003e-009 -0.006328126
-2.35000003e-009 -0.006351563
-2.34000003e-009 -0.006414063
-2.33000003e-009 -0.006492188
-2.32000003e-009 -0.006507813
-2.31000003e-009 -0.006453126
-2.30000003e-009 -0.006375001
-2.29000003e-009 -0.006234376
-2.28000003e-009 -0.006078126
-2.27000003e-009 -0.005953126
-2.26000003e-009 -0.005875001
-2.25000003e-009 -0.005859376
-2.24000003e-009 -0.005828126
-2.23000003e-009 -0.005835938
-2.22000003e-009 -0.005812501
-2.21000003e-009 -0.005781251
-2.20000003e-009 -0.005710938
-2.19000003e-009 -0.005578126
-2.18000003e-009 -0.005484376
-2.17000003e-009 -0.005359376
-2.16000003e-009 -0.005242188
-2.15000003e-009 -0.005125001
-2.14000003e-009 -0.005000001
-2.13000003e-009 -0.004867188
-2.12000003e-009 -0.004750001
-2.11000003e-009 -0.004632813
-2.10000003e-009 -0.004500001
-2.09000003e-009 -0.004367188
-2.08000003e-009 -0.004242188
-2.07000003e-009 -0.004156251
-2.06000003e-009 -0.004054688
-2.05000003e-009 -0.003960938
-2.04000003e-009 -0.003867188
-2.03000003e-009 -0.003765626
-2.02000003e-009 -0.003625001
-2.01000003e-009 -0.003484376
-2.00000003e-009 -0.003343751
-1.99000003e-009 -0.003203126
-1.98000003e-009   -0.0030625
-1.97000003e-009 -0.002929688
-1.96000003e-009   -0.0028125
-1.95000003e-009 -0.002734375
-1.94000003e-009 -0.002640625
-1.93000003e-009 -0.002570313
-1.92000003e-009 -0.002515625
-1.91000003e-009 -0.002484375
-1.90000003e-009 -0.002460938
-1.89000003e-009 -0.002476563
-1.88000003e-009 -0.002492188
-1.87000002e-009 -0.002484375
-1.86000002e-009 -0.002484375
-1.85000002e-009 -0.002421875
-1.84000002e-009  -0.00234375
-1.83000002e-009 -0.002234375
-1.82000002e-009 -0.002148438
-1.81000002e-009 -0.002085938
-1.80000002e-009 -0.002046875
-1.79000002e-009  -0.00203125
-1.78000002e-009  -0.00203125
-1.77000002e-009 -0.002023438
-1.76000002e-009 -0.002046875
-1.75000002e-009 -0.001976563
-1.74000002e-009 -0.001820313
-1.73000002e-009  -0.00171875
-1.72000002e-009 -0.001554688
-1.71000002e-009 -0.001421875
-1.70000002e-009  -0.00128125
-1.69000002e-009   -0.0011875
-1.68000002e-009 -0.001132813
-1.67000002e-009 -0.001085938
-1.66000002e-009 -0.001039063
-1.65000002e-009 -0.001023438
-1.64000002e-009 -0.0009296879
-1.63000002e-009 -0.0008671879
-1.62000002e-009 -0.0008359379
-1.61000002e-009 -0.0008437504
-1.60000002e-009 -0.0008515629
-1.59000002e-009 -0.0008593754
-1.58000002e-009 -0.0008906254
-1.57000002e-009 -0.0009687504
-1.56000002e-009 -0.0009609379
-1.55000002e-009 -0.0009453129
-1.54000002e-009 -0.0009453129
-1.53000002e-009 -0.0009062504
-1.52000002e-009 -0.0008671879
-1.51000002e-009 -0.0008046879
-1.50000002e-009 -0.0007734379
-1.49000002e-009 -0.0007500004
-1.48000002e-009 -0.0007421879
-1.47000002e-009 -0.0007187504
-1.46000002e-009 -0.0007265629
-1.45000002e-009 -0.0006796879
-1.44000002e-009 -0.0006484379
-1.43000002e-009 -0.0006796879
-1.42000002e-009 -0.0006406254
-1.41000002e-009 -0.0006796879
-1.40000002e-009 -0.0007109379
-1.39000002e-009 -0.0007734379
-1.38000002e-009 -0.0008671879
-1.37000002e-009 -0.0009218754
-1.36000002e-009 -0.0009687504
-1.35000002e-009 -0.0009765629
-1.34000002e-009 -0.0009687504
-1.33000002e-009 -0.0009296879
-1.32000002e-009 -0.0009140629
-1.31000002e-009 -0.0008281254
-1.30000002e-009 -0.0008281254
-1.29000002e-009 -0.0008593754
-1.28000002e-009 -0.0009140629
-1.27000002e-009 -0.0009687504
-1.26000002e-009 -0.001046875
-1.25000002e-009 -0.001101563
-1.24000002e-009 -0.001140625
-1.23000002e-009 -0.001140625
-1.22000002e-009 -0.001117188
-1.21000002e-009 -0.001140625
-1.20000002e-009 -0.001117188
-1.19000002e-009  -0.00115625
-1.18000002e-009 -0.001140625
-1.17000002e-009 -0.001148438
-1.16000002e-009   -0.0011875
-1.15000002e-009 -0.001210938
-1.14000002e-009 -0.001195313
-1.13000002e-009  -0.00115625
-1.12000001e-009 -0.001140625
-1.11000001e-009 -0.001117188
-1.10000001e-009 -0.001148438
-1.09000001e-009  -0.00121875
-1.08000001e-009 -0.001320313
-1.07000001e-009   -0.0014375
-1.06000001e-009 -0.001507813
-1.05000001e-009 -0.001617188
-1.04000001e-009 -0.001671875
-1.03000001e-009   -0.0016875
-1.02000001e-009 -0.001671875
-1.01000001e-009  -0.00165625
-1.00000001e-009 -0.001679688
-9.90000013e-010   -0.0016875
-9.80000013e-010 -0.001757813
-9.70000013e-010 -0.001835938
-9.60000013e-010 -0.001921875
-9.50000013e-010 -0.001992188
-9.40000013e-010 -0.002109375
-9.30000012e-010 -0.002179688
-9.20000012e-010 -0.002328125
-9.10000012e-010 -0.002484375
-9.00000012e-010    -0.002625
-8.90000012e-010 -0.002835938
-8.80000012e-010 -0.003015625
-8.70000012e-010 -0.003273438
-8.60000011e-010 -0.003507813
-8.50000011e-010 -0.003687501
-8.40000011e-010 -0.003890626
-8.30000011e-010 -0.004109376
-8.20000011e-010 -0.004445313
-8.10000011e-010 -0.004820313
-8.00000011e-010 -0.005218751
-7.90000011e-010 -0.005804688
-7.8000001e-010 -0.006554688
-7.7000001e-010 -0.007460938
-7.6000001e-010 -0.008507813
-7.5000001e-010 -0.009632813
-7.4000001e-010  -0.01098438
-7.3000001e-010  -0.01258594
-7.2000001e-010      -0.0145
-7.10000009e-010  -0.01672656
-7.00000009e-010     -0.01925
-6.90000009e-010  -0.02219531
-6.80000009e-010  -0.02558594
-6.70000009e-010  -0.02952344
-6.60000009e-010  -0.03391406
-6.50000009e-010   -0.0388125
-6.40000009e-010  -0.04432031
-6.30000008e-010  -0.05042188
-6.20000008e-010  -0.05716407
-6.10000008e-010  -0.06447657
-6.00000008e-010  -0.07225782
-5.90000008e-010  -0.08038282
-5.80000008e-010  -0.08871875
-5.70000008e-010  -0.09708594
-5.60000007e-010   -0.1053516
-5.50000007e-010   -0.1133047
-5.40000007e-010   -0.1207656
-5.30000007e-010   -0.1277422
-5.20000007e-010   -0.1340703
-5.10000007e-010   -0.1398438
-5.00000007e-010       -0.145
-4.90000007e-010   -0.1494141
-4.80000006e-010       -0.153
-4.70000006e-010   -0.1558281
-4.60000006e-010   -0.1579844
-4.50000006e-010   -0.1593594
-4.40000006e-010   -0.1599844
-4.30000006e-010   -0.1599375
-4.20000006e-010   -0.1593203
-4.10000005e-010   -0.1584063
-4.00000005e-010   -0.1573281
-3.90000005e-010   -0.1560781
-3.80000005e-010   -0.1547266
-3.70000005e-010   -0.1533828
-3.60000005e-010   -0.1522188
-3.50000005e-010   -0.1511641
-3.40000005e-010   -0.1500391
-3.30000004e-010   -0.1488047
-3.20000004e-010   -0.1474141
-3.10000004e-010   -0.1459453
-3.00000004e-010   -0.1444219
-2.90000004e-010   -0.1426953
-2.80000004e-010   -0.1407578
-2.70000004e-010   -0.1386094
-2.60000003e-010   -0.1363594
-2.50000003e-010       -0.134
-2.40000003e-010   -0.1313984
-2.30000003e-010   -0.1284766
-2.20000003e-010    -0.125125
-2.10000003e-010   -0.1212891
-2.00000003e-010   -0.1169063
-1.90000003e-010   -0.1119609
-1.80000002e-010   -0.1063672
-1.70000002e-010   -0.1001797
-1.60000002e-010  -0.09349219
-1.50000002e-010  -0.08646094
-1.40000002e-010    -0.079125
-1.30000002e-010  -0.07149219
-1.20000002e-010  -0.06370313
-1.10000001e-010  -0.05569532
-1.00000001e-010  -0.04764844
-9.00000012e-011    -0.039625
-8.00000011e-011  -0.03170313
-7.00000009e-011  -0.02401563
-6.00000008e-011     -0.01675
-5.00000007e-011 -0.009929688
-4.00000005e-011 -0.003804688
-3.00000004e-011  0.001539062
-2.00000003e-011   0.00615625
-1.00000001e-011   0.01015625
           0   0.01346875
1.00000001e-011   0.01610156
2.00000003e-011   0.01813281
3.00000004e-011   0.01965625
4.00000005e-011   0.02067188
5.00000007e-011   0.02127344
6.00000008e-011   0.02139844
7.00000009e-011   0.02111719
8.00000011e-011   0.02057813
9.00000012e-011   0.01989844
1.00000001e-010   0.01917969
1.10000001e-010   0.01842188
1.20000002e-010   0.01772656
1.30000002e-010   0.01709375
1.40000002e-010   0.01665625
1.50000002e-010   0.01641406
1.60000002e-010   0.01634375
1.70000002e-010   0.01648438
1.80000002e-010   0.01691406
1.90000003e-010   0.01757813
2.00000003e-010   0.01848438
2.10000003e-010   0.01955469
2.20000003e-010   0.02075781
2.30000003e-010   0.02202344
2.40000003e-010   0.02326563
2.50000003e-010   0.02439063
2.60000003e-010   0.02539063
2.70000004e-010   0.02622656
2.80000004e-010   0.02683594
2.90000004e-010   0.02721094
3.00000004e-010   0.02739063
3.10000004e-010   0.02736719
3.20000004e-010   0.02715625
3.30000004e-010   0.02678125
3.40000005e-010   0.02626563
3.50000005e-010   0.02576563
3.60000005e-010    0.0251875
3.70000005e-010   0.02463281
3.80000005e-010   0.02414844
3.90000005e-010   0.02379688
4.00000005e-010   0.02353125
4.10000005e-010   0.02332031
4.20000006e-010   0.02320313
4.30000006e-010   0.02314063
4.40000006e-010   0.02310938
4.50000006e-010   0.02304688
4.60000006e-010        0.023
4.70000006e-010   0.02292188
4.80000006e-010   0.02285156
4.90000007e-010   0.02269531
5.00000007e-010   0.02260156
5.10000007e-010   0.02242969
5.20000007e-010   0.02224219
5.30000007e-010   0.02201563
5.40000007e-010   0.02179688
5.50000007e-010   0.02153906
5.60000007e-010   0.02129688
5.70000008e-010   0.02107031
5.80000008e-010     0.020875
5.90000008e-010   0.02071094
6.00000008e-010   0.02059375
6.10000008e-010   0.02044531
6.20000008e-010    0.0203125
6.30000008e-010   0.02020313
6.40000009e-010   0.02011719
6.50000009e-010    0.0200625
6.60000009e-010   0.02001563
6.70000009e-010         0.02
6.80000009e-010   0.02001563
6.90000009e-010         0.02
7.00000009e-010   0.01998438
7.10000009e-010   0.01996094
7.2000001e-010     0.019875
7.3000001e-010   0.01975781
7.4000001e-010   0.01961719
7.5000001e-010   0.01946094
7.6000001e-010   0.01935156
7.7000001e-010   0.01924219
7.8000001e-010   0.01921094
7.90000011e-010    0.0191875
8.00000011e-010   0.01916406
8.10000011e-010    0.0191875
8.20000011e-010   0.01919531
8.30000011e-010   0.01915625
8.40000011e-010   0.01917188
8.50000011e-010   0.01914844
8.60000011e-010   0.01917969
8.70000012e-010   0.01921875
8.80000012e-010   0.01933594
8.90000012e-010   0.01950781
9.00000012e-010   0.01964063
9.10000012e-010   0.01980469
9.20000012e-010   0.02000781
9.30000012e-010    0.0201875
9.40000013e-010   0.02042188
9.50000013e-010   0.02060156
9.60000013e-010   0.02076563
9.70000013e-010   0.02094531
9.80000013e-010   0.02107031
9.90000013e-010   0.02117969
1.00000001e-009    0.0213125
1.01000001e-009    0.0214375
1.02000001e-009   0.02163281
1.03000001e-009    0.0218125
1.04000001e-009   0.02207813
1.05000001e-009     0.022375
1.06000001e-009   0.02266406
1.07000001e-009   0.02297656
1.08000001e-009   0.02323438
1.09000001e-009   0.02344531
1.10000001e-009   0.02360938
1.11000001e-009   0.02380469
1.12000001e-009   0.02389063
1.13000002e-009   0.02405469
1.14000002e-009   0.02421094
1.15000002e-009   0.02434375
1.16000002e-009   0.02448438
1.17000002e-009   0.02460156
1.18000002e-009   0.02469531
1.19000002e-009   0.02471875
1.20000002e-009   0.02469531
1.21000002e-009   0.02464063
1.22000002e-009   0.02465625
1.23000002e-009   0.02461719
1.24000002e-009   0.02466406
1.25000002e-009   0.02478906
1.26000002e-009   0.02492969
1.27000002e-009   0.02510938
1.28000002e-009   0.02525781
1.29000002e-009   0.02544531
1.30000002e-009     0.025625
1.31000002e-009   0.02584375
1.32000002e-009   0.02604688
1.33000002e-009   0.02622656
1.34000002e-009   0.02640625
1.35000002e-009   0.02650781
1.36000002e-009   0.02657813
1.37000002e-009   0.02655469
1.38000002e-009   0.02638281
1.39000002e-009   0.02614063
1.40000002e-009   0.02585156
1.41000002e-009   0.02552344
1.42000002e-009   0.02520313
1.43000002e-009   0.02491406
1.44000002e-009   0.02467969
1.45000002e-009       0.0245
1.46000002e-009   0.02430469
1.47000002e-009   0.02407813
1.48000002e-009   0.02383594
1.49000002e-009   0.02351563
1.50000002e-009    0.0231875
1.51000002e-009   0.02282031
1.52000002e-009   0.02246094
1.53000002e-009   0.02209375
1.54000002e-009   0.02179688
1.55000002e-009       0.0215
1.56000002e-009      0.02125
1.57000002e-009   0.02105469
1.58000002e-009   0.02089844
1.59000002e-009   0.02078125
1.60000002e-009    0.0206875
1.61000002e-009   0.02058594
1.62000002e-009   0.02047656
1.63000002e-009   0.02027344
1.64000002e-009   0.02009375
1.65000002e-009   0.01983594
1.66000002e-009   0.01955469
1.67000002e-009    0.0193125
1.68000002e-009   0.01904688
1.69000002e-009     0.018875
1.70000002e-009   0.01879688
1.71000002e-009   0.01880469
1.72000002e-009    0.0188125
1.73000002e-009   0.01885938
1.74000002e-009   0.01884375
1.75000002e-009    0.0188125
1.76000002e-009   0.01867188
1.77000002e-009   0.01847656
1.78000002e-009   0.01821094
1.79000002e-009   0.01798438
1.80000002e-009   0.01780469
1.81000002e-009   0.01766406
1.82000002e-009   0.01759375
1.83000002e-009   0.01758594
1.84000002e-009     0.017625
1.85000002e-009   0.01765625
1.86000002e-009   0.01771875
1.87000002e-009      0.01775
1.88000003e-009   0.01775781
1.89000003e-009   0.01777344
1.90000003e-009   0.01771094
1.91000003e-009   0.01774219
1.92000003e-009   0.01771094
1.93000003e-009   0.01777344
1.94000003e-009   0.01789844
1.95000003e-009   0.01804688
1.96000003e-009      0.01825
1.97000003e-009   0.01849219
1.98000003e-009   0.01876563
1.99000003e-009   0.01903125
2.00000003e-009   0.01923438
2.01000003e-009   0.01936719
2.02000003e-009       0.0195
2.03000003e-009   0.01955469
2.04000003e-009   0.01952344
2.05000003e-009   0.01947656
2.06000003e-009   0.01942188
2.07000003e-009   0.01934375
2.08000003e-009   0.01928125
2.09000003e-009   0.01920313
2.10000003e-009   0.01919531
2.11000003e-009   0.01916406
2.12000003e-009   0.01914844
2.13000003e-009   0.01917969
2.14000003e-009   0.01923438
2.15000003e-009   0.01928125
2.16000003e-009   0.01932813
2.17000003e-009   0.01938281
2.18000003e-009    0.0194375
2.19000003e-009   0.01940625
2.20000003e-009   0.01938281
2.21000003e-009   0.01932813
2.22000003e-009   0.01928906
2.23000003e-009      0.01925
2.24000003e-009   0.01927344
2.25000003e-009   0.01935938
2.26000003e-009   0.01950781
2.27000003e-009   0.01967969
2.28000003e-009   0.01988281
2.29000003e-009   0.01999219
2.30000003e-009   0.02009375
2.31000003e-009    0.0200625
2.32000003e-009   0.01996094
2.33000003e-009   0.01975781
2.34000003e-009   0.01948438
2.35000003e-009   0.01919531
2.36000003e-009   0.01898438
2.37000003e-009   0.01880469
2.38000003e-009      0.01875
2.39000003e-009   0.01869531
2.40000003e-009   0.01871875
2.41000003e-009   0.01869531
2.42000003e-009   0.01864844
2.43000003e-009   0.01852344
2.44000003e-009   0.01833594
2.45000003e-009   0.01817188
2.46000003e-009   0.01796875
2.47000003e-009   0.01777344
2.48000003e-009   0.01764844
2.49000003e-009   0.01760156
2.50000003e-009   0.01755469
