-1.24500002e-009 -0.0008671879
-1.24000002e-009 -0.0008671879
-1.23500002e-009 -0.0008593754
-1.23000002e-009 -0.0008593754
-1.22500002e-009 -0.0009062504
-1.22000002e-009 -0.0009140629
-1.21500002e-009 -0.0009296879
-1.21000002e-009 -0.0009609379
-1.20500002e-009 -0.001015625
-1.20000002e-009 -0.001054688
-1.19500002e-009 -0.001085938
-1.19000002e-009 -0.001148438
-1.18500002e-009  -0.00115625
-1.18000002e-009   -0.0011875
-1.17500002e-009 -0.001226563
-1.17000002e-009 -0.001195313
-1.16500002e-009 -0.001179688
-1.16000002e-009 -0.001210938
-1.15500002e-009 -0.001195313
-1.15000002e-009 -0.001203125
-1.14500002e-009 -0.001171875
-1.14000002e-009 -0.001203125
-1.13500002e-009 -0.001210938
-1.13000002e-009  -0.00121875
-1.12500002e-009     -0.00125
-1.12000001e-009 -0.001289063
-1.11500001e-009  -0.00134375
-1.11000001e-009 -0.001414063
-1.10500001e-009 -0.001460938
-1.10000001e-009  -0.00153125
-1.09500001e-009 -0.001617188
-1.09000001e-009 -0.001648438
-1.08500001e-009 -0.001726563
-1.08000001e-009  -0.00171875
-1.07500001e-009 -0.001726563
-1.07000001e-009     -0.00175
-1.06500001e-009 -0.001703125
-1.06000001e-009 -0.001679688
-1.05500001e-009 -0.001640625
-1.05000001e-009 -0.001585938
-1.04500001e-009 -0.001554688
-1.04000001e-009 -0.001507813
-1.03500001e-009   -0.0014375
-1.03000001e-009  -0.00140625
-1.02500001e-009 -0.001398438
-1.02000001e-009 -0.001398438
-1.01500001e-009 -0.001429688
-1.01000001e-009   -0.0014375
-1.00500001e-009      -0.0015
-1.00000001e-009  -0.00153125
-9.95000013e-010  -0.00159375
-9.90000013e-010 -0.001640625
-9.85000013e-010 -0.001710938
-9.80000013e-010 -0.001757813
-9.75000013e-010 -0.001796875
-9.70000013e-010 -0.001851563
-9.65000013e-010 -0.001882813
-9.60000013e-010  -0.00190625
-9.55000013e-010 -0.001953125
-9.50000013e-010  -0.00196875
-9.45000013e-010 -0.002007813
-9.40000013e-010 -0.002046875
-9.35000012e-010  -0.00209375
-9.30000012e-010    -0.002125
-9.25000012e-010   -0.0021875
-9.20000012e-010 -0.002265625
-9.15000012e-010 -0.002328125
-9.10000012e-010 -0.002429688
-9.05000012e-010 -0.002523438
-9.00000012e-010    -0.002625
-8.95000012e-010 -0.002726563
-8.90000012e-010 -0.002859375
-8.85000012e-010  -0.00296875
-8.80000012e-010 -0.003070313
-8.75000012e-010 -0.003179688
-8.70000012e-010 -0.003242188
-8.65000012e-010 -0.003328126
-8.60000011e-010 -0.003398438
-8.55000011e-010 -0.003523438
-8.50000011e-010 -0.003648438
-8.45000011e-010 -0.003804688
-8.40000011e-010 -0.003984376
-8.35000011e-010 -0.004179688
-8.30000011e-010 -0.004398438
-8.25000011e-010 -0.004601563
-8.20000011e-010 -0.004796876
-8.15000011e-010 -0.005062501
-8.10000011e-010 -0.005343751
-8.05000011e-010 -0.005671876
-8.00000011e-010 -0.006023438
-7.95000011e-010 -0.006414063
-7.90000011e-010 -0.006843751
-7.8500001e-010 -0.007265626
-7.8000001e-010 -0.007710938
-7.7500001e-010 -0.008132813
-7.7000001e-010 -0.008578126
-7.6500001e-010 -0.009054688
-7.6000001e-010 -0.009578126
-7.5500001e-010  -0.01017969
-7.5000001e-010  -0.01089063
-7.4500001e-010  -0.01163281
-7.4000001e-010  -0.01246094
-7.3500001e-010  -0.01339844
-7.3000001e-010  -0.01438281
-7.2500001e-010  -0.01542969
-7.2000001e-010  -0.01657031
-7.1500001e-010  -0.01784375
-7.10000009e-010  -0.01917188
-7.05000009e-010  -0.02066406
-7.00000009e-010  -0.02226563
-6.95000009e-010       -0.024
-6.90000009e-010  -0.02585938
-6.85000009e-010  -0.02780469
-6.80000009e-010  -0.02982813
-6.75000009e-010       -0.032
-6.70000009e-010  -0.03419531
-6.65000009e-010   -0.0365625
-6.60000009e-010   -0.0390625
-6.55000009e-010  -0.04167969
-6.50000009e-010  -0.04445313
-6.45000009e-010   -0.0474375
-6.40000009e-010  -0.05053125
-6.35000008e-010  -0.05379688
-6.30000008e-010  -0.05717969
-6.25000008e-010  -0.06072657
-6.20000008e-010  -0.06438282
-6.15000008e-010   -0.0681875
-6.10000008e-010  -0.07205469
-6.05000008e-010  -0.07604688
-6.00000008e-010  -0.08010938
-5.95000008e-010  -0.08424219
-5.90000008e-010  -0.08842969
-5.85000008e-010  -0.09260938
-5.80000008e-010  -0.09679688
-5.75000008e-010   -0.1009609
-5.70000008e-010   -0.1050234
-5.65000008e-010   -0.1090781
-5.60000007e-010       -0.113
-5.55000007e-010   -0.1167969
-5.50000007e-010   -0.1204766
-5.45000007e-010   -0.1240313
-5.40000007e-010      -0.1275
-5.35000007e-010   -0.1308203
-5.30000007e-010   -0.1340156
-5.25000007e-010   -0.1370547
-5.20000007e-010   -0.1399063
-5.15000007e-010   -0.1425547
-5.10000007e-010   -0.1450625
-5.05000007e-010   -0.1473125
-5.00000007e-010   -0.1493516
-4.95000007e-010   -0.1511797
-4.90000007e-010   -0.1528516
-4.85000006e-010   -0.1543359
-4.80000006e-010    -0.155625
-4.75000006e-010   -0.1567188
-4.70000006e-010   -0.1576563
-4.65000006e-010    -0.158375
-4.60000006e-010   -0.1589297
-4.55000006e-010   -0.1592344
-4.50000006e-010   -0.1594141
-4.45000006e-010   -0.1594219
-4.40000006e-010   -0.1593594
-4.35000006e-010   -0.1592422
-4.30000006e-010   -0.1590391
-4.25000006e-010   -0.1588047
-4.20000006e-010   -0.1584844
-4.15000006e-010   -0.1581172
-4.10000005e-010   -0.1576641
-4.05000005e-010   -0.1571484
-4.00000005e-010   -0.1565313
-3.95000005e-010   -0.1559219
-3.90000005e-010   -0.1552969
-3.85000005e-010   -0.1546484
-3.80000005e-010   -0.1540313
-3.75000005e-010   -0.1534219
-3.70000005e-010   -0.1528359
-3.65000005e-010   -0.1522344
-3.60000005e-010    -0.151625
-3.55000005e-010   -0.1509766
-3.50000005e-010   -0.1503203
-3.45000005e-010   -0.1496406
-3.40000005e-010   -0.1490391
-3.35000004e-010   -0.1483984
-3.30000004e-010   -0.1477891
-3.25000004e-010   -0.1472031
-3.20000004e-010   -0.1465938
-3.15000004e-010   -0.1459922
-3.10000004e-010   -0.1453281
-3.05000004e-010   -0.1445625
-3.00000004e-010   -0.1437344
-2.95000004e-010   -0.1428125
-2.90000004e-010   -0.1418516
-2.85000004e-010   -0.1407813
-2.80000004e-010   -0.1397109
-2.75000004e-010   -0.1385859
-2.70000004e-010   -0.1373906
-2.65000004e-010   -0.1361563
-2.60000003e-010   -0.1348125
-2.55000003e-010   -0.1334609
-2.50000003e-010   -0.1319063
-2.45000003e-010   -0.1302969
-2.40000003e-010   -0.1286406
-2.35000003e-010   -0.1268906
-2.30000003e-010   -0.1250859
-2.25000003e-010   -0.1232344
-2.20000003e-010   -0.1212578
-2.15000003e-010   -0.1191719
-2.10000003e-010   -0.1169688
-2.05000003e-010   -0.1146484
-2.00000003e-010   -0.1121797
-1.95000003e-010   -0.1095234
-1.90000003e-010   -0.1068125
-1.85000002e-010   -0.1038984
-1.80000002e-010   -0.1008516
-1.75000002e-010  -0.09771875
-1.70000002e-010  -0.09447657
-1.65000002e-010  -0.09110938
-1.60000002e-010  -0.08764844
-1.55000002e-010  -0.08410157
-1.50000002e-010  -0.08046094
-1.45000002e-010  -0.07671094
-1.40000002e-010  -0.07289063
-1.35000002e-010       -0.069
-1.30000002e-010  -0.06507032
-1.25000002e-010  -0.06109375
-1.20000002e-010  -0.05709375
-1.15000002e-010   -0.0530625
-1.10000001e-010  -0.04903125
-1.05000001e-010  -0.04499219
-1.00000001e-010  -0.04103125
-9.50000013e-011  -0.03703906
-9.00000012e-011  -0.03310938
-8.50000011e-011  -0.02919531
-8.00000011e-011  -0.02542188
-7.5000001e-011  -0.02165625
-7.00000009e-011       -0.018
-6.50000009e-011  -0.01453125
-6.00000008e-011  -0.01119531
-5.50000007e-011 -0.008000001
-5.00000007e-011 -0.005015626
-4.50000006e-011 -0.002148438
-4.00000005e-011 0.0005078122
-3.50000005e-011  0.003046875
-3.00000004e-011  0.005445312
-2.50000003e-011    0.0076875
-2.00000003e-011      0.00975
-1.50000002e-011   0.01160156
-1.00000001e-011   0.01328906
-5.00000007e-012   0.01478906
           0   0.01610156
5.00000007e-012   0.01723438
1.00000001e-011   0.01825781
1.50000002e-011   0.01910156
2.00000003e-011   0.01982813
2.50000003e-011   0.02046094
3.00000004e-011   0.02089844
3.50000005e-011   0.02125781
4.00000005e-011    0.0214375
4.50000006e-011   0.02146875
5.00000007e-011   0.02139063
5.50000007e-011   0.02123438
6.00000008e-011   0.02100781
6.50000009e-011   0.02072656
7.00000009e-011   0.02042969
7.5000001e-011   0.02015625
8.00000011e-011   0.01978906
8.50000011e-011   0.01939844
9.00000012e-011   0.01900781
9.50000013e-011   0.01860156
1.00000001e-010   0.01817969
1.05000001e-010    0.0178125
1.10000001e-010   0.01745313
1.15000002e-010   0.01714063
1.20000002e-010   0.01690625
1.25000002e-010   0.01665625
1.30000002e-010   0.01652344
1.35000002e-010   0.01640625
1.40000002e-010   0.01630469
1.45000002e-010   0.01626563
1.50000002e-010      0.01625
1.55000002e-010   0.01632031
1.60000002e-010   0.01642969
1.65000002e-010   0.01658594
1.70000002e-010   0.01686719
1.75000002e-010   0.01717969
1.80000002e-010   0.01753906
1.85000002e-010   0.01796875
1.90000003e-010   0.01840625
1.95000003e-010   0.01894531
2.00000003e-010   0.01950781
2.05000003e-010   0.02009375
2.10000003e-010   0.02071094
2.15000003e-010   0.02136719
2.20000003e-010   0.02201563
2.25000003e-010   0.02270313
2.30000003e-010   0.02335156
2.35000003e-010   0.02399219
2.40000003e-010   0.02459375
2.45000003e-010   0.02516406
2.50000003e-010      0.02575
2.55000003e-010   0.02621875
2.60000003e-010   0.02664063
2.65000004e-010   0.02702344
2.70000004e-010    0.0273125
2.75000004e-010   0.02754688
2.80000004e-010   0.02771875
2.85000004e-010   0.02780469
2.90000004e-010   0.02782813
2.95000004e-010   0.02775781
3.00000004e-010   0.02764844
3.05000004e-010   0.02748438
3.10000004e-010   0.02724219
3.15000004e-010   0.02698438
3.20000004e-010   0.02670313
3.25000004e-010   0.02641406
3.30000004e-010   0.02611719
3.35000004e-010   0.02578125
3.40000005e-010   0.02544531
3.45000005e-010   0.02517188
3.50000005e-010   0.02485156
3.55000005e-010   0.02459375
3.60000005e-010   0.02435156
3.65000005e-010   0.02415625
3.70000005e-010   0.02397656
3.75000005e-010    0.0238125
3.80000005e-010   0.02371875
3.85000005e-010   0.02364063
3.90000005e-010   0.02355469
3.95000005e-010    0.0234375
4.00000005e-010   0.02339063
4.05000005e-010   0.02335938
4.10000005e-010   0.02332813
4.15000006e-010   0.02326563
4.20000006e-010   0.02322656
4.25000006e-010   0.02315625
4.30000006e-010   0.02311719
4.35000006e-010   0.02303125
4.40000006e-010   0.02296875
4.45000006e-010   0.02291406
4.50000006e-010    0.0228125
4.55000006e-010   0.02271875
4.60000006e-010   0.02266406
4.65000006e-010   0.02255469
4.70000006e-010   0.02246875
4.75000006e-010   0.02240625
4.80000006e-010   0.02232813
4.85000006e-010      0.02225
4.90000007e-010   0.02217188
4.95000007e-010   0.02210938
5.00000007e-010    0.0220625
5.05000007e-010   0.02195313
5.10000007e-010   0.02185156
5.15000007e-010   0.02179688
5.20000007e-010   0.02169531
5.25000007e-010     0.021625
5.30000007e-010   0.02148438
5.35000007e-010   0.02139844
5.40000007e-010   0.02125781
5.45000007e-010   0.02116406
5.50000007e-010   0.02107031
5.55000007e-010   0.02097656
5.60000007e-010     0.020875
5.65000008e-010   0.02078125
5.70000008e-010   0.02072656
5.75000008e-010   0.02065625
5.80000008e-010     0.020625
5.85000008e-010   0.02061719
5.90000008e-010   0.02057813
5.95000008e-010     0.020625
6.00000008e-010   0.02060156
6.05000008e-010   0.02060938
6.10000008e-010     0.020625
6.15000008e-010   0.02063281
6.20000008e-010   0.02064063
6.25000008e-010   0.02061719
6.30000008e-010   0.02063281
6.35000008e-010   0.02060156
6.40000009e-010    0.0205625
6.45000009e-010   0.02054688
6.50000009e-010   0.02053125
6.55000009e-010   0.02046875
6.60000009e-010   0.02040625
6.65000009e-010     0.020375
6.70000009e-010   0.02028906
6.75000009e-010   0.02021094
6.80000009e-010   0.02013281
6.85000009e-010   0.02003125
6.90000009e-010   0.01994531
6.95000009e-010   0.01989063
7.00000009e-010   0.01982031
7.05000009e-010   0.01971875
7.10000009e-010     0.019625
7.1500001e-010   0.01954688
7.2000001e-010   0.01942969
7.2500001e-010     0.019375
7.3000001e-010   0.01925781
7.3500001e-010   0.01922656
7.4000001e-010   0.01914844
7.4500001e-010   0.01911719
7.5000001e-010   0.01907031
7.5500001e-010   0.01905469
7.6000001e-010   0.01903125
7.6500001e-010   0.01905469
7.7000001e-010   0.01907813
7.7500001e-010   0.01910156
7.8000001e-010   0.01914063
7.8500001e-010   0.01917188
7.90000011e-010    0.0191875
7.95000011e-010   0.01921094
8.00000011e-010   0.01924219
8.05000011e-010   0.01926563
8.10000011e-010   0.01928906
8.15000011e-010   0.01927344
8.20000011e-010   0.01921875
8.25000011e-010   0.01920313
8.30000011e-010   0.01914063
8.35000011e-010   0.01907813
8.40000011e-010   0.01903906
8.45000011e-010   0.01896875
8.50000011e-010   0.01895313
8.55000011e-010   0.01889844
8.60000011e-010   0.01889844
8.65000012e-010     0.018875
8.70000012e-010     0.018875
8.75000012e-010   0.01888281
8.80000012e-010   0.01892188
8.85000012e-010   0.01896094
8.90000012e-010   0.01900781
8.95000012e-010    0.0190625
9.00000012e-010   0.01914844
9.05000012e-010   0.01925781
9.10000012e-010   0.01935938
9.15000012e-010   0.01941406
9.20000012e-010   0.01955469
9.25000012e-010   0.01965625
9.30000012e-010   0.01975781
9.35000012e-010   0.01985156
9.40000013e-010   0.01994531
9.45000013e-010   0.02007813
9.50000013e-010   0.02017188
9.55000013e-010   0.02030469
9.60000013e-010   0.02040625
9.65000013e-010   0.02052344
9.70000013e-010     0.020625
9.75000013e-010   0.02077344
9.80000013e-010   0.02092188
9.85000013e-010   0.02103125
9.90000013e-010   0.02117969
9.95000013e-010   0.02130469
1.00000001e-009   0.02147656
1.00500001e-009   0.02165625
1.01000001e-009   0.02178906
1.01500001e-009    0.0219375
1.02000001e-009   0.02210938
1.02500001e-009   0.02225781
1.03000001e-009   0.02242969
1.03500001e-009   0.02258594
1.04000001e-009   0.02269531
1.04500001e-009   0.02285156
1.05000001e-009   0.02295313
1.05500001e-009   0.02307813
1.06000001e-009   0.02316406
1.06500001e-009   0.02325781
1.07000001e-009   0.02330469
1.07500001e-009     0.023375
1.08000001e-009   0.02339844
1.08500001e-009    0.0234375
1.09000001e-009   0.02346094
1.09500001e-009   0.02348438
1.10000001e-009   0.02353125
1.10500001e-009   0.02355469
1.11000001e-009    0.0235625
1.11500001e-009   0.02357813
1.12000001e-009     0.023625
1.12500002e-009   0.02367969
1.13000002e-009   0.02371875
1.13500002e-009   0.02378125
1.14000002e-009   0.02385938
1.14500002e-009   0.02392188
1.15000002e-009   0.02398438
1.15500002e-009   0.02409375
1.16000002e-009   0.02414063
1.16500002e-009   0.02421875
1.17000002e-009   0.02427344
1.17500002e-009   0.02435938
1.18000002e-009   0.02439844
1.18500002e-009   0.02444531
1.19000002e-009   0.02448438
1.19500002e-009   0.02455469
1.20000002e-009   0.02453906
1.20500002e-009   0.02457813
1.21000002e-009   0.02457031
1.21500002e-009   0.02457031
1.22000002e-009   0.02457031
1.22500002e-009    0.0245625
1.23000002e-009   0.02453906
1.23500002e-009   0.02451563
1.24000002e-009       0.0245
1.24500002e-009   0.02452344
1.25000002e-009   0.02450781
