-1.24500002e-009 -0.006398438
-1.24000002e-009        0.005
-1.23500002e-009 -0.007765626
-1.23000002e-009  0.004953125
-1.22500002e-009 -0.008734376
-1.22000002e-009        0.005
-1.21500002e-009 -0.009023438
-1.21000002e-009        0.005
-1.20500002e-009 -0.008539063
-1.20000002e-009     0.004375
-1.19500002e-009 -0.007406251
-1.19000002e-009  0.004023437
-1.18500002e-009 -0.006523438
-1.18000002e-009      0.00525
-1.17500002e-009 -0.005906251
-1.17000002e-009  0.006234375
-1.16500002e-009 -0.006859376
-1.16000002e-009  0.006445312
-1.15500002e-009 -0.007000001
-1.15000002e-009  0.005710937
-1.14500002e-009 -0.007000001
-1.14000002e-009      0.00525
-1.13500002e-009 -0.007023438
-1.13000002e-009        0.005
-1.12500002e-009 -0.006523438
-1.12000001e-009     0.003375
-1.11500001e-009 -0.005570313
-1.11000001e-009  0.002820312
-1.10500001e-009 -0.005226563
-1.10000001e-009  0.002953125
-1.09500001e-009 -0.005367188
-1.09000001e-009  0.003335937
-1.08500001e-009 -0.005250001
-1.08000001e-009  0.003390625
-1.07500001e-009 -0.005328126
-1.07000001e-009  0.003179687
-1.06500001e-009 -0.004968751
-1.06000001e-009  0.003273437
-1.05500001e-009 -0.004539063
-1.05000001e-009     0.003375
-1.04500001e-009 -0.006593751
-1.04000001e-009  0.003078125
-1.03500001e-009 -0.008210938
-1.03000001e-009        0.003
-1.02500001e-009 -0.009000001
-1.02000001e-009  0.002765625
-1.01500001e-009 -0.008765626
-1.01000001e-009  0.002164062
-1.00500001e-009 -0.007679688
-1.00000001e-009    0.0026875
-9.95000013e-010 -0.007000001
-9.90000013e-010        0.003
-9.85000013e-010 -0.007093751
-9.80000013e-010  0.003671875
-9.75000013e-010 -0.007476563
-9.70000013e-010  0.003726562
-9.65000013e-010 -0.008703126
-9.60000013e-010  0.003203125
-9.55000013e-010 -0.009117188
-9.50000013e-010  0.002242187
-9.45000013e-010 -0.008687501
-9.40000013e-010  0.001257812
-9.35000012e-010 -0.007484376
-9.30000012e-010  0.001296875
-9.25000012e-010 -0.008687501
-9.20000012e-010  0.001132812
-9.15000012e-010 -0.009148438
-9.10000012e-010     0.001125
-9.05000012e-010 -0.008687501
-9.00000012e-010  0.001226562
-8.95000012e-010 -0.007750001
-8.90000012e-010 0.0009999997
-8.85000012e-010 -0.008570313
-8.80000012e-010 0.0009999997
-8.75000012e-010 -0.009085938
-8.70000012e-010 0.0001953122
-8.65000012e-010  -0.01063281
-8.60000011e-010 0.0008281247
-8.55000011e-010  -0.01142969
-8.50000011e-010 0.0005859372
-8.45000011e-010       -0.011
-8.40000011e-010 -0.0008671879
-8.35000011e-010  -0.01028125
-8.30000011e-010 -0.001015625
-8.25000011e-010       -0.011
-8.20000011e-010       -0.001
-8.15000011e-010  -0.01234375
-8.10000011e-010 -0.001328125
-8.05000011e-010   -0.0135625
-8.00000011e-010 -0.002054688
-7.95000011e-010  -0.01448438
-7.90000011e-010 -0.003078125
-7.8500001e-010  -0.01545313
-7.8000001e-010 -0.004312501
-7.7500001e-010    -0.016875
-7.7000001e-010 -0.006273438
-7.6500001e-010  -0.01825781
-7.6000001e-010 -0.009117188
-7.5500001e-010       -0.021
-7.5000001e-010  -0.01145313
-7.4500001e-010  -0.02534375
-7.4000001e-010       -0.013
-7.3500001e-010   -0.0303125
-7.3000001e-010  -0.01575781
-7.2500001e-010      -0.0355
-7.2000001e-010  -0.01883594
-7.1500001e-010  -0.04048438
-7.10000009e-010  -0.02282031
-7.05000009e-010       -0.045
-7.00000009e-010  -0.02671875
-6.95000009e-010   -0.0496875
-6.90000009e-010  -0.03114844
-6.85000009e-010    -0.054375
-6.80000009e-010  -0.03632031
-6.75000009e-010  -0.05930469
-6.70000009e-010  -0.04194531
-6.65000009e-010  -0.06475782
-6.60000009e-010  -0.04816407
-6.55000009e-010  -0.07136719
-6.50000009e-010   -0.0555625
-6.45000009e-010  -0.07834375
-6.40000009e-010  -0.06341407
-6.35000008e-010  -0.08673438
-6.30000008e-010  -0.06984375
-6.25000008e-010  -0.09557813
-6.20000008e-010  -0.07620313
-6.15000008e-010   -0.1045156
-6.10000008e-010  -0.08289844
-6.05000008e-010       -0.113
-6.00000008e-010  -0.09010938
-5.95000008e-010     -0.12025
-5.90000008e-010  -0.09797657
-5.85000008e-010   -0.1274141
-5.80000008e-010   -0.1065078
-5.75000008e-010   -0.1348047
-5.70000008e-010    -0.115375
-5.65000008e-010   -0.1412891
-5.60000007e-010   -0.1244375
-5.55000007e-010   -0.1467109
-5.50000007e-010   -0.1317266
-5.45000007e-010   -0.1504766
-5.40000007e-010   -0.1387266
-5.35000007e-010       -0.155
-5.30000007e-010   -0.1431875
-5.25000007e-010   -0.1580547
-5.20000007e-010   -0.1473125
-5.15000007e-010   -0.1612188
-5.10000007e-010       -0.151
-5.05000007e-010   -0.1637813
-5.00000007e-010   -0.1527188
-4.95000007e-010   -0.1645156
-4.90000007e-010    -0.154125
-4.85000006e-010   -0.1647266
-4.80000006e-010       -0.155
-4.75000006e-010       -0.165
-4.70000006e-010   -0.1542031
-4.65000006e-010   -0.1647656
-4.60000006e-010   -0.1535625
-4.55000006e-010   -0.1640391
-4.50000006e-010       -0.153
-4.45000006e-010   -0.1639453
-4.40000006e-010   -0.1508281
-4.35000006e-010   -0.1634297
-4.30000006e-010       -0.149
-4.25000006e-010   -0.1617422
-4.20000006e-010   -0.1473828
-4.15000006e-010   -0.1604063
-4.10000005e-010   -0.1464766
-4.05000005e-010   -0.1597969
-4.00000005e-010   -0.1444297
-3.95000005e-010       -0.159
-3.90000005e-010   -0.1432734
-3.85000005e-010       -0.157
-3.80000005e-010   -0.1429297
-3.75000005e-010   -0.1551016
-3.70000005e-010   -0.1418672
-3.65000005e-010   -0.1540625
-3.60000005e-010       -0.141
-3.55000005e-010       -0.155
-3.50000005e-010     -0.14025
-3.45000005e-010   -0.1532344
-3.40000005e-010   -0.1394531
-3.35000004e-010   -0.1510781
-3.30000004e-010   -0.1372578
-3.25000004e-010   -0.1500156
-3.20000004e-010   -0.1337734
-3.15000004e-010    -0.147375
-3.10000004e-010   -0.1305156
-3.05000004e-010   -0.1457969
-3.00000004e-010   -0.1277891
-2.95000004e-010   -0.1425781
-2.90000004e-010   -0.1257578
-2.85000004e-010   -0.1395391
-2.80000004e-010   -0.1239219
-2.75000004e-010   -0.1359609
-2.70000004e-010   -0.1211094
-2.65000004e-010   -0.1326641
-2.60000003e-010   -0.1176328
-2.55000003e-010   -0.1298984
-2.50000003e-010   -0.1144922
-2.45000003e-010   -0.1269297
-2.40000003e-010   -0.1096328
-2.35000003e-010       -0.123
-2.30000003e-010   -0.1042734
-2.25000003e-010       -0.119
-2.20000003e-010  -0.09852344
-2.15000003e-010   -0.1131016
-2.10000003e-010  -0.09230469
-2.05000003e-010       -0.107
-2.00000003e-010  -0.08535157
-1.95000003e-010   -0.1009688
-1.90000003e-010  -0.07745313
-1.85000002e-010  -0.09442969
-1.80000002e-010  -0.06891407
-1.75000002e-010  -0.08751563
-1.70000002e-010  -0.06007032
-1.65000002e-010  -0.08035938
-1.60000002e-010  -0.05128125
-1.55000002e-010       -0.073
-1.50000002e-010   -0.0429375
-1.45000002e-010  -0.06519532
-1.40000002e-010  -0.03496094
-1.35000002e-010     -0.05775
-1.30000002e-010   -0.0271875
-1.25000002e-010       -0.051
-1.20000002e-010  -0.01965625
-1.15000002e-010  -0.04354688
-1.10000001e-010  -0.01244531
-1.05000001e-010  -0.03514063
-1.00000001e-010 -0.006007813
-9.50000013e-011  -0.02617188
-9.00000012e-011 -0.0002343754
-8.50000011e-011  -0.01725781
-8.00000011e-011  0.005132812
-7.5000001e-011 -0.009000001
-7.00000009e-011  0.009820313
-6.50000009e-011 -0.003273438
-6.00000008e-011   0.01355469
-5.50000007e-011 0.0002343747
-5.00000007e-011   0.01570313
-4.50000006e-011  0.003445312
-4.00000005e-011   0.01789063
-3.50000005e-011   0.00615625
-3.00000004e-011     0.021625
-2.50000003e-011  0.008804688
-2.00000003e-011   0.02342188
-1.50000002e-011   0.01183594
-1.00000001e-011   0.02504688
-5.00000007e-012   0.01426563
           0   0.02621094
5.00000007e-012   0.01551563
1.00000001e-011   0.02686719
1.50000002e-011    0.0150625
2.00000003e-011        0.027
2.50000003e-011        0.015
3.00000004e-011   0.02619531
3.50000005e-011    0.0149375
4.00000005e-011   0.02521094
4.50000006e-011   0.01501563
5.00000007e-011   0.02536719
5.50000007e-011   0.01485938
6.00000008e-011   0.02396094
6.50000009e-011   0.01403906
7.00000009e-011   0.02320313
7.5000001e-011   0.01207813
8.00000011e-011        0.023
8.50000011e-011        0.011
9.00000012e-011   0.02272656
9.50000013e-011   0.01071094
1.00000001e-010   0.02217969
1.05000001e-010   0.01128906
1.10000001e-010        0.021
1.15000002e-010   0.01099219
1.20000002e-010        0.021
1.25000002e-010   0.01065625
1.30000002e-010   0.02094531
1.35000002e-010   0.01128125
1.40000002e-010   0.02133594
1.45000002e-010   0.01247656
1.50000002e-010        0.023
1.55000002e-010   0.01260938
1.60000002e-010   0.02338281
1.65000002e-010   0.01276563
1.70000002e-010   0.02482813
1.75000002e-010   0.01349219
1.80000002e-010   0.02564063
1.85000002e-010   0.01532031
1.90000003e-010   0.02784375
1.95000003e-010   0.01798438
2.00000003e-010   0.02973438
2.05000003e-010        0.019
2.10000003e-010   0.03032813
2.15000003e-010   0.01999219
2.20000003e-010   0.03141406
2.25000003e-010        0.021
2.30000003e-010   0.03176563
2.35000003e-010   0.02160938
2.40000003e-010       0.0315
2.45000003e-010   0.02178125
2.50000003e-010   0.03167188
2.55000003e-010   0.02096094
2.60000003e-010   0.03260156
2.65000004e-010        0.021
2.70000004e-010   0.03329688
2.75000004e-010   0.02199219
2.80000004e-010        0.033
2.85000004e-010   0.02186719
2.90000004e-010   0.03249219
2.95000004e-010   0.02207031
3.00000004e-010   0.03167969
3.05000004e-010   0.02172656
3.10000004e-010   0.03014844
3.15000004e-010   0.02123438
3.20000004e-010     0.030125
3.25000004e-010   0.02065625
3.30000004e-010   0.02967188
3.35000004e-010   0.01917188
3.40000005e-010   0.02914844
3.45000005e-010   0.01821094
3.50000005e-010   0.02869531
3.55000005e-010   0.01810938
3.60000005e-010   0.02917188
3.65000005e-010   0.01853125
3.70000005e-010   0.02967969
3.75000005e-010   0.01834375
3.80000005e-010   0.02954688
3.85000005e-010   0.01878906
3.90000005e-010   0.02860938
3.95000005e-010   0.01892969
4.00000005e-010   0.02751563
4.05000005e-010   0.01788281
4.10000005e-010        0.027
4.15000006e-010   0.01700781
4.20000006e-010   0.02705469
4.25000006e-010   0.01730469
4.30000006e-010   0.02736719
4.35000006e-010   0.01791406
4.40000006e-010   0.02751563
4.45000006e-010   0.01760938
4.50000006e-010   0.02704688
4.55000006e-010   0.01730469
4.60000006e-010   0.02696094
4.65000006e-010   0.01686719
4.70000006e-010   0.02749219
4.75000006e-010     0.015875
4.80000006e-010      0.02775
4.85000006e-010   0.01434375
4.90000007e-010   0.02740625
4.95000007e-010   0.01364063
5.00000007e-010   0.02642969
5.05000007e-010   0.01375781
5.10000007e-010   0.02629688
5.15000007e-010   0.01464063
5.20000007e-010   0.02705469
5.25000007e-010   0.01524219
5.30000007e-010   0.02723438
5.35000007e-010    0.0149375
5.40000007e-010    0.0264375
5.45000007e-010   0.01490625
5.50000007e-010   0.02532813
5.55000007e-010   0.01517969
5.60000007e-010   0.02609375
5.65000008e-010   0.01480469
5.70000008e-010        0.027
5.75000008e-010   0.01495313
5.80000008e-010   0.02725781
5.85000008e-010   0.01473438
5.90000008e-010   0.02690625
5.95000008e-010   0.01364844
6.00000008e-010   0.02597656
6.05000008e-010   0.01336719
6.10000008e-010   0.02509375
6.15000008e-010   0.01402344
6.20000008e-010   0.02496875
6.25000008e-010   0.01534375
6.30000008e-010   0.02533594
6.35000008e-010    0.0159375
6.40000009e-010   0.02515625
6.45000009e-010   0.01551563
6.50000009e-010   0.02570313
6.55000009e-010   0.01490625
6.60000009e-010   0.02538281
6.65000009e-010        0.015
6.70000009e-010   0.02461719
6.75000009e-010   0.01582031
6.80000009e-010        0.025
6.85000009e-010   0.01605469
6.90000009e-010   0.02467188
6.95000009e-010   0.01528906
7.00000009e-010   0.02382813
7.05000009e-010   0.01497656
7.10000009e-010   0.02429688
7.1500001e-010   0.01489063
7.2000001e-010    0.0246875
7.2500001e-010   0.01480469
7.3000001e-010   0.02494531
7.3500001e-010   0.01448438
7.4000001e-010   0.02496094
7.4500001e-010   0.01389063
7.5000001e-010   0.02466406
7.5500001e-010   0.01339844
7.6000001e-010   0.02403125
7.6500001e-010   0.01264844
7.7000001e-010   0.02305469
7.7500001e-010   0.01266406
7.8000001e-010   0.02342969
7.8500001e-010   0.01357813
7.90000011e-010   0.02360938
7.95000011e-010   0.01333594
8.00000011e-010   0.02463281
8.05000011e-010   0.01297656
8.10000011e-010   0.02530469
8.15000011e-010     0.013625
8.20000011e-010   0.02552344
8.25000011e-010   0.01352344
8.30000011e-010   0.02528125
8.35000011e-010   0.01396875
8.40000011e-010        0.025
8.45000011e-010   0.01361719
8.50000011e-010        0.025
8.55000011e-010   0.01263281
8.60000011e-010   0.02404688
8.65000012e-010   0.01258594
8.70000012e-010   0.02405469
8.75000012e-010   0.01376563
8.80000012e-010        0.025
8.85000012e-010        0.015
8.90000012e-010       0.0255
8.95000012e-010   0.01460938
9.00000012e-010   0.02553125
9.05000012e-010   0.01351563
9.10000012e-010   0.02507031
9.15000012e-010        0.013
9.20000012e-010        0.025
9.25000012e-010   0.01367188
9.30000012e-010   0.02570313
9.35000012e-010      0.01525
9.40000013e-010     0.025625
9.45000013e-010        0.017
9.50000013e-010   0.02682031
9.55000013e-010   0.01715625
9.60000013e-010   0.02739063
9.65000013e-010      0.01775
9.70000013e-010   0.02735156
9.75000013e-010        0.017
9.80000013e-010        0.027
9.85000013e-010   0.01586719
9.90000013e-010        0.027
9.95000013e-010   0.01552344
1.00000001e-009   0.02679688
1.00500001e-009   0.01549219
1.01000001e-009   0.02729688
1.01500001e-009   0.01626563
1.02000001e-009   0.02747656
1.02500001e-009   0.01685938
1.03000001e-009   0.02714063
1.03500001e-009        0.017
1.04000001e-009        0.027
1.04500001e-009      0.01675
1.05000001e-009   0.02845313
1.05500001e-009   0.01739063
1.06000001e-009   0.02921875
1.06500001e-009   0.01835938
1.07000001e-009   0.02946094
1.07500001e-009   0.01894531
1.08000001e-009   0.02946094
1.08500001e-009   0.01920313
1.09000001e-009   0.02969531
1.09500001e-009   0.01996094
1.10000001e-009    0.0308125
1.10500001e-009   0.01917188
1.11000001e-009        0.031
1.11500001e-009   0.01909375
1.12000001e-009   0.03015625
1.12500002e-009   0.01998438
1.13000002e-009   0.02952344
1.13500002e-009    0.0208125
1.14000002e-009   0.03017188
1.14500002e-009   0.01967969
1.15000002e-009   0.03027344
1.15500002e-009   0.01853906
1.16000002e-009   0.03021094
1.16500002e-009   0.01826563
1.17000002e-009   0.03007813
1.17500002e-009   0.01871875
1.18000002e-009   0.03086719
1.18500002e-009   0.01960156
1.19000002e-009   0.03086719
1.19500002e-009   0.02057031
1.20000002e-009   0.03008594
1.20500002e-009   0.02078125
1.21000002e-009   0.02902344
1.21500002e-009   0.02078125
1.22000002e-009   0.02915625
1.22500002e-009   0.02039063
1.23000002e-009   0.02938281
1.23500002e-009   0.01957031
1.24000002e-009   0.02946875
1.24500002e-009        0.019
1.25000002e-009   0.02939844
