+3.00000000000E+005  -8.45592105316E+001
+7.79850000000E+006  -8.23294091918E+001
+1.52970000000E+007  -8.35543343103E+001
+2.27955000000E+007  -7.64441984564E+001
+3.02940000000E+007  -8.80517303555E+001
+3.77925000000E+007  -7.97441572038E+001
+4.52910000000E+007  -7.16226712028E+001
+5.27895000000E+007  -9.07330733453E+001
+6.02880000000E+007  -6.77043041425E+001
+6.77865000000E+007  -6.53504138817E+001
+7.52850000000E+007  -7.72301722889E+001
+8.27835000000E+007  -6.62091707736E+001
+9.02820000000E+007  -6.96904598571E+001
+9.77805000000E+007  -7.06913260956E+001
+1.05279000000E+008  -7.23333103947E+001
+1.12777500000E+008  -6.84648665376E+001
+1.20276000000E+008  -6.62498624931E+001
+1.27774500000E+008  -7.69522821795E+001
+1.35273000000E+008  -6.26656671712E+001
+1.42771500000E+008  -6.55919628284E+001
+1.50270000000E+008  -6.83471195977E+001
+1.57768500000E+008  -6.90912623988E+001
+1.65267000000E+008  -6.03581658773E+001
+1.72765500000E+008  -6.41767710909E+001
+1.80264000000E+008  -5.65299561016E+001
+1.87762500000E+008  -6.37189743827E+001
+1.95261000000E+008  -5.66744730694E+001
+2.02759500000E+008  -5.78016784402E+001
+2.10258000000E+008  -6.22979637960E+001
+2.17756500000E+008  -5.98486133789E+001
+2.25255000000E+008  -6.11192106376E+001
+2.32753500000E+008  -5.40838058365E+001
+2.40252000000E+008  -5.64459645479E+001
+2.47750500000E+008  -6.08112385182E+001
+2.55249000000E+008  -5.64972778896E+001
+2.62747500000E+008  -5.81033773788E+001
+2.70246000000E+008  -6.11951779801E+001
+2.77744500000E+008  -6.60464788445E+001
+2.85243000000E+008  -5.74608431080E+001
+2.92741500000E+008  -6.05068424601E+001
+3.00240000000E+008  -5.66536395030E+001
+3.07738500000E+008  -6.24405455360E+001
+3.15237000000E+008  -5.94283042909E+001
+3.22735500000E+008  -6.51869655682E+001
+3.30234000000E+008  -6.14514465299E+001
+3.37732500000E+008  -5.87770600496E+001
+3.45231000000E+008  -5.67290362283E+001
+3.52729500000E+008  -6.17549021970E+001
+3.60228000000E+008  -5.56287915848E+001
+3.67726500000E+008  -5.29275509010E+001
+3.75225000000E+008  -5.21326461798E+001
+3.82723500000E+008  -5.68420333374E+001
+3.90222000000E+008  -5.77303213506E+001
+3.97720500000E+008  -6.39737158282E+001
+4.05219000000E+008  -5.56205341889E+001
+4.12717500000E+008  -5.62333926942E+001
+4.20216000000E+008  -5.17005732871E+001
+4.27714500000E+008  -5.57328760688E+001
+4.35213000000E+008  -5.22347193233E+001
+4.42711500000E+008  -5.94971692843E+001
+4.50210000000E+008  -6.20682661096E+001
+4.57708500000E+008  -5.38294116760E+001
+4.65207000000E+008  -5.93198310837E+001
+4.72705500000E+008  -5.69689534713E+001
+4.80204000000E+008  -5.75079554901E+001
+4.87702500000E+008  -6.30479498291E+001
+4.95201000000E+008  -5.19973573125E+001
+5.02699500000E+008  -6.36766910047E+001
+5.10198000000E+008  -5.53632776363E+001
+5.17696500000E+008  -5.50529477121E+001
+5.25195000000E+008  -5.90514077350E+001
+5.32693500000E+008  -5.90974579633E+001
+5.40192000000E+008  -5.56330878416E+001
+5.47690500000E+008  -6.54749566598E+001
+5.55189000000E+008  -6.19584462361E+001
+5.62687500000E+008  -6.16191706019E+001
+5.70186000000E+008  -6.07382720562E+001
+5.77684500000E+008  -5.40881171477E+001
+5.85183000000E+008  -8.29210518433E+001
+5.92681500000E+008  -5.94133649401E+001
+6.00180000000E+008  -7.54225483812E+001
+6.07678500000E+008  -5.87821732048E+001
+6.15177000000E+008  -6.34898340203E+001
+6.22675500000E+008  -7.28032874346E+001
+6.30174000000E+008  -5.82637287359E+001
+6.37672500000E+008  -6.25576691865E+001
+6.45171000000E+008  -5.48162573354E+001
+6.52669500000E+008  -6.35167327445E+001
+6.60168000000E+008  -6.07309085514E+001
+6.67666500000E+008  -5.54940500227E+001
+6.75165000000E+008  -5.49155753932E+001
+6.82663500000E+008  -7.45976040741E+001
+6.90162000000E+008  -6.28394709781E+001
+6.97660500000E+008  -6.93705320788E+001
+7.05159000000E+008  -5.51473869599E+001
+7.12657500000E+008  -6.11999852639E+001
+7.20156000000E+008  -6.20768460973E+001
+7.27654500000E+008  -5.81562491776E+001
+7.35153000000E+008  -6.12139096546E+001
+7.42651500000E+008  -6.51935787789E+001
+7.50150000000E+008  -5.44341683800E+001
+7.57648500000E+008  -6.87172906813E+001
+7.65147000000E+008  -6.10140159239E+001
+7.72645500000E+008  -5.65002783673E+001
+7.80144000000E+008  -6.86590638092E+001
+7.87642500000E+008  -6.08912080581E+001
+7.95141000000E+008  -6.28236904060E+001
+8.02639500000E+008  -6.41617743197E+001
+8.10138000000E+008  -5.76767083889E+001
+8.17636500000E+008  -6.96731566026E+001
+8.25135000000E+008  -6.17663243084E+001
+8.32633500000E+008  -7.10019397816E+001
+8.40132000000E+008  -6.39735185199E+001
+8.47630500000E+008  -5.92303043945E+001
+8.55129000000E+008  -6.78763944696E+001
+8.62627500000E+008  -5.97306577037E+001
+8.70126000000E+008  -7.33763676002E+001
+8.77624500000E+008  -5.68998707483E+001
+8.85123000000E+008  -6.58499553001E+001
+8.92621500000E+008  -6.74956009583E+001
+9.00120000000E+008  -7.81683729306E+001
+9.07618500000E+008  -5.90638869885E+001
+9.15117000000E+008  -6.07884765742E+001
+9.22615500000E+008  -6.08373594103E+001
+9.30114000000E+008  -5.77808660887E+001
+9.37612500000E+008  -6.25048759708E+001
+9.45111000000E+008  -6.83021937319E+001
+9.52609500000E+008  -6.60717196848E+001
+9.60108000000E+008  -6.02455896906E+001
+9.67606500000E+008  -6.55686106131E+001
+9.75105000000E+008  -6.54874372685E+001
+9.82603500000E+008  -6.81323386901E+001
+9.90102000000E+008  -5.93758638458E+001
+9.97600500000E+008  -6.56975924624E+001
+1.00509900000E+009  -6.77342129722E+001
+1.01259750000E+009  -6.20530200155E+001
+1.02009600000E+009  -6.67813530728E+001
+1.02759450000E+009  -6.26930114517E+001
+1.03509300000E+009  -7.17334498338E+001
+1.04259150000E+009  -6.20702385573E+001
+1.05009000000E+009  -7.76315613666E+001
+1.05758850000E+009  -6.39664000124E+001
+1.06508700000E+009  -7.19373005269E+001
+1.07258550000E+009  -6.46859494342E+001
+1.08008400000E+009  -6.59554987856E+001
+1.08758250000E+009  -6.21796414081E+001
+1.09508100000E+009  -6.90148071331E+001
+1.10257950000E+009  -7.13809469602E+001
+1.11007800000E+009  -6.45875376263E+001
+1.11757650000E+009  -7.35919104863E+001
+1.12507500000E+009  -7.04411066528E+001
+1.13257350000E+009  -6.97956835901E+001
+1.14007200000E+009  -7.65807958734E+001
+1.14757050000E+009  -6.39507745357E+001
+1.15506900000E+009  -6.55877860172E+001
+1.16256750000E+009  -6.49124142229E+001
+1.17006600000E+009  -7.46597968537E+001
+1.17756450000E+009  -7.04507815733E+001
+1.18506300000E+009  -6.04779400077E+001
+1.19256150000E+009  -7.25556237291E+001
+1.20006000000E+009  -6.82856227794E+001
+1.20755850000E+009  -7.14019344592E+001
+1.21505700000E+009  -7.05578127324E+001
+1.22255550000E+009  -7.91884880050E+001
+1.23005400000E+009  -6.81641918487E+001
+1.23755250000E+009  -6.56387763787E+001
+1.24505100000E+009  -8.28302664429E+001
+1.25254950000E+009  -7.95195123391E+001
+1.26004800000E+009  -6.74143498816E+001
+1.26754650000E+009  -6.64475526825E+001
+1.27504500000E+009  -7.18888816916E+001
+1.28254350000E+009  -7.03472832775E+001
+1.29004200000E+009  -6.40653579414E+001
+1.29754050000E+009  -6.77630726681E+001
+1.30503900000E+009  -8.97691118051E+001
+1.31253750000E+009  -6.93327148143E+001
+1.32003600000E+009  -7.17831201158E+001
+1.32753450000E+009  -6.43005591737E+001
+1.33503300000E+009  -7.01039254786E+001
+1.34253150000E+009  -7.41020472440E+001
+1.35003000000E+009  -8.37082578364E+001
+1.35752850000E+009  -6.97843616038E+001
+1.36502700000E+009  -6.97564950563E+001
+1.37252550000E+009  -7.64489273674E+001
+1.38002400000E+009  -7.20148374363E+001
+1.38752250000E+009  -7.72674580396E+001
+1.39502100000E+009  -7.47042538459E+001
+1.40251950000E+009  -6.56005486546E+001
+1.41001800000E+009  -7.78071441854E+001
+1.41751650000E+009  -6.61518847215E+001
+1.42501500000E+009  -7.48733173543E+001
+1.43251350000E+009  -7.40187853090E+001
+1.44001200000E+009  -6.84003662047E+001
+1.44751050000E+009  -6.48886059501E+001
+1.45500900000E+009  -7.33399721558E+001
+1.46250750000E+009  -7.19876157241E+001
+1.47000600000E+009  -7.17718812683E+001
+1.47750450000E+009  -7.07862767044E+001
+1.48500300000E+009  -7.42504750754E+001
+1.49250150000E+009  -7.26926187839E+001
+1.50000000000E+009  -7.33332758411E+001
