-1.24500002e-009 -0.006476563
-1.24000002e-009  0.003585937
-1.23500002e-009 -0.007226563
-1.23000002e-009  0.003382812
-1.22500002e-009 -0.007554688
-1.22000002e-009  0.003242187
-1.21500002e-009 -0.007328126
-1.21000002e-009  0.003546875
-1.20500002e-009 -0.006484376
-1.20000002e-009  0.003320312
-1.19500002e-009 -0.005148438
-1.19000002e-009  0.002992187
-1.18500002e-009 -0.004867188
-1.18000002e-009   0.00321875
-1.17500002e-009 -0.005226563
-1.17000002e-009   0.00309375
-1.16500002e-009 -0.005375001
-1.16000002e-009  0.002710937
-1.15500002e-009 -0.005296876
-1.15000002e-009  0.002304687
-1.14500002e-009 -0.005460938
-1.14000002e-009  0.003507812
-1.13500002e-009 -0.005101563
-1.13000002e-009  0.004828125
-1.12500002e-009 -0.005000001
-1.12000001e-009        0.005
-1.11500001e-009 -0.005265626
-1.11000001e-009    0.0038125
-1.10500001e-009 -0.005023438
-1.10000001e-009  0.002445312
-1.09500001e-009 -0.005140626
-1.09000001e-009  0.002664062
-1.08500001e-009 -0.006445313
-1.08000001e-009  0.003671875
-1.07500001e-009 -0.008429688
-1.07000001e-009   0.00478125
-1.06500001e-009 -0.009000001
-1.06000001e-009    0.0049375
-1.05500001e-009 -0.007820313
-1.05000001e-009   0.00415625
-1.04500001e-009 -0.005546876
-1.04000001e-009  0.004273437
-1.03500001e-009 -0.006773438
-1.03000001e-009   0.00371875
-1.02500001e-009 -0.007000001
-1.02000001e-009        0.003
-1.01500001e-009 -0.006890626
-1.01000001e-009  0.003476562
-1.00500001e-009 -0.006140626
-1.00000001e-009  0.003304687
-9.95000013e-010 -0.005843751
-9.90000013e-010        0.003
-9.85000013e-010 -0.005921876
-9.80000013e-010    0.0024375
-9.75000013e-010 -0.006617188
-9.70000013e-010  0.001320312
-9.65000013e-010 -0.007281251
-9.60000013e-010  0.001320312
-9.55000013e-010 -0.007421876
-9.50000013e-010  0.001445312
-9.45000013e-010 -0.007820313
-9.40000013e-010    0.0016875
-9.35000012e-010 -0.007609376
-9.30000012e-010   0.00134375
-9.25000012e-010 -0.007554688
-9.20000012e-010  0.001453125
-9.15000012e-010 -0.007757813
-9.10000012e-010 0.0009999997
-9.05000012e-010 -0.008601563
-9.00000012e-010 0.0007031247
-8.95000012e-010 -0.009015626
-8.90000012e-010 0.0008515622
-8.85000012e-010 -0.009437501
-8.80000012e-010 -3.906285e-005
-8.75000012e-010 -0.009664063
-8.70000012e-010 -0.0008125004
-8.65000012e-010 -0.009367188
-8.60000011e-010 -0.0002812504
-8.55000011e-010 -0.009593751
-8.50000011e-010 0.0007578122
-8.45000011e-010  -0.01071875
-8.40000011e-010  0.001140625
-8.35000011e-010     -0.01125
-8.30000011e-010 0.0008124997
-8.25000011e-010  -0.01177344
-8.20000011e-010 -0.0002265629
-8.15000011e-010  -0.01290625
-8.10000011e-010 -0.002109375
-8.05000011e-010   -0.0133125
-8.00000011e-010 -0.003609376
-7.95000011e-010  -0.01386719
-7.90000011e-010 -0.004953126
-7.8500001e-010  -0.01471875
-7.8000001e-010 -0.005000001
-7.7500001e-010  -0.01661719
-7.7000001e-010 -0.006500001
-7.6500001e-010   -0.0183125
-7.6000001e-010 -0.008164063
-7.5500001e-010  -0.02020313
-7.5000001e-010 -0.009000001
-7.4500001e-010  -0.02291406
-7.4000001e-010  -0.01148438
-7.3500001e-010  -0.02600781
-7.3000001e-010  -0.01536719
-7.2500001e-010  -0.02942188
-7.2000001e-010  -0.01867969
-7.1500001e-010  -0.03307813
-7.10000009e-010   -0.0225625
-7.05000009e-010  -0.03784375
-7.00000009e-010  -0.02680469
-6.95000009e-010   -0.0435625
-6.90000009e-010  -0.03061719
-6.85000009e-010  -0.04921094
-6.80000009e-010       -0.035
-6.75000009e-010  -0.05474219
-6.70000009e-010  -0.04096094
-6.65000009e-010  -0.06022657
-6.60000009e-010  -0.04610157
-6.55000009e-010  -0.06696875
-6.50000009e-010  -0.05239063
-6.45000009e-010  -0.07517969
-6.40000009e-010  -0.06014063
-6.35000008e-010  -0.08314844
-6.30000008e-010  -0.06895313
-6.25000008e-010  -0.09071875
-6.20000008e-010  -0.07649219
-6.15000008e-010  -0.09805469
-6.10000008e-010  -0.08440625
-6.05000008e-010   -0.1052891
-6.00000008e-010  -0.09139844
-5.95000008e-010   -0.1130469
-5.90000008e-010  -0.09900001
-5.85000008e-010   -0.1208828
-5.80000008e-010   -0.1068672
-5.75000008e-010   -0.1297813
-5.70000008e-010   -0.1140078
-5.65000008e-010   -0.1376563
-5.60000007e-010   -0.1201797
-5.55000007e-010   -0.1434375
-5.50000007e-010       -0.127
-5.45000007e-010     -0.14725
-5.40000007e-010   -0.1337031
-5.35000007e-010   -0.1508516
-5.30000007e-010   -0.1386328
-5.25000007e-010    -0.155375
-5.20000007e-010   -0.1421328
-5.15000007e-010       -0.159
-5.10000007e-010   -0.1456484
-5.05000007e-010       -0.161
-5.00000007e-010   -0.1492188
-4.95000007e-010       -0.163
-4.90000007e-010   -0.1504063
-4.85000006e-010   -0.1637344
-4.80000006e-010   -0.1503906
-4.75000006e-010   -0.1651563
-4.70000006e-010       -0.151
-4.65000006e-010    -0.164875
-4.60000006e-010   -0.1512109
-4.55000006e-010   -0.1641641
-4.50000006e-010   -0.1517656
-4.45000006e-010   -0.1637969
-4.40000006e-010   -0.1511641
-4.35000006e-010       -0.163
-4.30000006e-010   -0.1504766
-4.25000006e-010   -0.1612031
-4.20000006e-010   -0.1495234
-4.15000006e-010   -0.1601484
-4.10000005e-010   -0.1475547
-4.05000005e-010   -0.1594844
-4.00000005e-010   -0.1461641
-3.95000005e-010   -0.1581172
-3.90000005e-010   -0.1454922
-3.85000005e-010   -0.1573438
-3.80000005e-010       -0.145
-3.75000005e-010       -0.157
-3.70000005e-010   -0.1436875
-3.65000005e-010   -0.1555781
-3.60000005e-010   -0.1418906
-3.55000005e-010   -0.1534922
-3.50000005e-010   -0.1409219
-3.45000005e-010   -0.1516484
-3.40000005e-010   -0.1390938
-3.35000004e-010   -0.1484141
-3.30000004e-010    -0.137375
-3.25000004e-010   -0.1474219
-3.20000004e-010   -0.1353125
-3.15000004e-010   -0.1459844
-3.10000004e-010   -0.1320547
-3.05000004e-010   -0.1438516
-3.00000004e-010   -0.1295078
-2.95000004e-010   -0.1415703
-2.90000004e-010   -0.1278594
-2.85000004e-010   -0.1391406
-2.80000004e-010       -0.125
-2.75000004e-010   -0.1364688
-2.70000004e-010   -0.1205703
-2.65000004e-010   -0.1328984
-2.60000003e-010   -0.1168047
-2.55000003e-010   -0.1298281
-2.50000003e-010   -0.1137266
-2.45000003e-010   -0.1268516
-2.40000003e-010       -0.111
-2.35000003e-010   -0.1230859
-2.30000003e-010   -0.1056406
-2.25000003e-010   -0.1186484
-2.20000003e-010  -0.09960157
-2.15000003e-010   -0.1136641
-2.10000003e-010  -0.09260938
-2.05000003e-010   -0.1078516
-2.00000003e-010  -0.08567969
-1.95000003e-010   -0.1010625
-1.90000003e-010  -0.07922657
-1.85000002e-010  -0.09453125
-1.80000002e-010       -0.073
-1.75000002e-010  -0.08765625
-1.70000002e-010  -0.06544532
-1.65000002e-010  -0.08078125
-1.60000002e-010  -0.05844532
-1.55000002e-010  -0.07291407
-1.50000002e-010  -0.05185157
-1.45000002e-010  -0.06507813
-1.40000002e-010  -0.04544532
-1.35000002e-010  -0.05728125
-1.30000002e-010  -0.03755469
-1.25000002e-010  -0.04898438
-1.20000002e-010  -0.02961719
-1.15000002e-010  -0.04078906
-1.10000001e-010  -0.02235156
-1.05000001e-010  -0.03341406
-1.00000001e-010  -0.01605469
-9.50000013e-011  -0.02596094
-9.00000012e-011 -0.008906251
-8.50000011e-011  -0.01832813
-8.00000011e-011 -0.001710938
-7.5000001e-011  -0.01135156
-7.00000009e-011  0.004421875
-6.50000009e-011 -0.005781251
-6.00000008e-011        0.009
-5.50000007e-011 -0.0005859379
-5.00000007e-011   0.01338281
-4.50000006e-011  0.003867187
-4.00000005e-011        0.017
-3.50000005e-011        0.007
-3.00000004e-011   0.01989844
-2.50000003e-011         0.01
-2.00000003e-011   0.02132031
-1.50000002e-011   0.01351563
-1.00000001e-011        0.023
-5.00000007e-012   0.01504688
           0   0.02433594
5.00000007e-012   0.01598438
1.00000001e-011   0.02651563
1.50000002e-011   0.01667188
2.00000003e-011       0.0275
2.50000003e-011   0.01678125
3.00000004e-011   0.02778125
3.50000005e-011   0.01680469
4.00000005e-011   0.02719531
4.50000006e-011   0.01626563
5.00000007e-011        0.027
5.50000007e-011   0.01540625
6.00000008e-011   0.02561719
6.50000009e-011   0.01534375
7.00000009e-011   0.02451563
7.5000001e-011   0.01546875
8.00000011e-011   0.02367969
8.50000011e-011   0.01349219
9.00000012e-011        0.023
9.50000013e-011   0.01153125
1.00000001e-010   0.02205469
1.05000001e-010   0.01064844
1.10000001e-010   0.02264063
1.15000002e-010   0.01086719
1.20000002e-010     0.022875
1.25000002e-010        0.011
1.30000002e-010     0.022125
1.35000002e-010        0.011
1.40000002e-010        0.021
1.45000002e-010   0.01032813
1.50000002e-010   0.02177344
1.55000002e-010   0.01008594
1.60000002e-010   0.02346094
1.65000002e-010        0.011
1.70000002e-010        0.025
1.75000002e-010   0.01292188
1.80000002e-010   0.02572656
1.85000002e-010        0.015
1.90000003e-010        0.027
1.95000003e-010   0.01680469
2.00000003e-010     0.027125
2.05000003e-010   0.01801563
2.10000003e-010   0.02667969
2.15000003e-010      0.01825
2.20000003e-010   0.02764844
2.25000003e-010        0.019
2.30000003e-010        0.029
2.35000003e-010   0.02052344
2.40000003e-010   0.03027344
2.45000003e-010   0.02088281
2.50000003e-010        0.031
2.55000003e-010   0.02126563
2.60000003e-010   0.03188281
2.65000004e-010   0.02113281
2.70000004e-010   0.03192969
2.75000004e-010   0.02079688
2.80000004e-010   0.03178125
2.85000004e-010   0.02077344
2.90000004e-010   0.03213281
2.95000004e-010   0.02120313
3.00000004e-010        0.033
3.05000004e-010   0.02189844
3.10000004e-010   0.03297656
3.15000004e-010   0.02142188
3.20000004e-010   0.03221875
3.25000004e-010        0.021
3.30000004e-010        0.031
3.35000004e-010   0.01977344
3.40000005e-010   0.03026563
3.45000005e-010   0.01932813
3.50000005e-010   0.02989844
3.55000005e-010   0.01953125
3.60000005e-010   0.02909375
3.65000005e-010     0.019375
3.70000005e-010   0.02895313
3.75000005e-010    0.0188125
3.80000005e-010   0.02992969
3.85000005e-010    0.0183125
3.90000005e-010   0.03083594
3.95000005e-010   0.01798438
4.00000005e-010   0.03113281
4.05000005e-010   0.01745313
4.10000005e-010   0.03057813
4.15000006e-010   0.01745313
4.20000006e-010   0.02924219
4.25000006e-010   0.01799219
4.30000006e-010   0.02742969
4.35000006e-010   0.01725781
4.40000006e-010        0.027
4.45000006e-010   0.01692969
4.50000006e-010   0.02757031
4.55000006e-010   0.01714063
4.60000006e-010   0.02871875
4.65000006e-010   0.01692188
4.70000006e-010        0.029
4.75000006e-010   0.01603125
4.80000006e-010   0.02811719
4.85000006e-010     0.015875
4.90000007e-010       0.0265
4.95000007e-010   0.01620313
5.00000007e-010   0.02697656
5.05000007e-010   0.01602344
5.10000007e-010   0.02710156
5.15000007e-010   0.01578906
5.20000007e-010        0.027
5.25000007e-010   0.01551563
5.30000007e-010   0.02705469
5.35000007e-010   0.01573438
5.40000007e-010   0.02844531
5.45000007e-010   0.01584375
5.50000007e-010        0.029
5.55000007e-010   0.01539844
5.60000007e-010   0.02847656
5.65000008e-010        0.015
5.70000008e-010   0.02708594
5.75000008e-010   0.01457813
5.80000008e-010        0.027
5.85000008e-010     0.014875
5.90000008e-010      0.02725
5.95000008e-010   0.01577344
6.00000008e-010   0.02665625
6.05000008e-010   0.01530469
6.10000008e-010   0.02630469
6.15000008e-010   0.01497656
6.20000008e-010   0.02675781
6.25000008e-010        0.015
6.30000008e-010   0.02692188
6.35000008e-010    0.0148125
6.40000009e-010   0.02599219
6.45000009e-010   0.01494531
6.50000009e-010   0.02567188
6.55000009e-010   0.01538281
6.60000009e-010        0.025
6.65000009e-010   0.01488281
6.70000009e-010   0.02497656
6.75000009e-010   0.01465625
6.80000009e-010   0.02509375
6.85000009e-010   0.01485938
6.90000009e-010   0.02564844
6.95000009e-010   0.01433594
7.00000009e-010        0.027
7.05000009e-010   0.01339844
7.10000009e-010   0.02704688
7.1500001e-010   0.01309375
7.2000001e-010   0.02589063
7.2500001e-010    0.0134375
7.3000001e-010   0.02492969
7.3500001e-010   0.01435938
7.4000001e-010   0.02534375
7.4500001e-010   0.01408594
7.5000001e-010        0.025
7.5500001e-010   0.01247656
7.6000001e-010   0.02388281
7.6500001e-010   0.01132031
7.7000001e-010   0.02335938
7.7500001e-010        0.011
7.8000001e-010        0.023
7.8500001e-010   0.01178125
7.90000011e-010        0.023
7.95000011e-010     0.013375
8.00000011e-010   0.02314063
8.05000011e-010   0.01475781
8.10000011e-010   0.02303125
8.15000011e-010   0.01363281
8.20000011e-010   0.02319531
8.25000011e-010   0.01295313
8.30000011e-010    0.0243125
8.35000011e-010   0.01339063
8.40000011e-010   0.02497656
8.45000011e-010        0.013
8.50000011e-010   0.02514063
8.55000011e-010     0.012875
8.60000011e-010   0.02479688
8.65000012e-010    0.0135625
8.70000012e-010        0.025
8.75000012e-010   0.01369531
8.80000012e-010   0.02535156
8.85000012e-010   0.01353906
8.90000012e-010   0.02471094
8.95000012e-010   0.01395313
9.00000012e-010   0.02476563
9.05000012e-010        0.015
9.10000012e-010        0.025
9.15000012e-010   0.01625781
9.20000012e-010        0.025
9.25000012e-010        0.017
9.30000012e-010   0.02514844
9.35000012e-010   0.01667188
9.40000013e-010   0.02514844
9.45000013e-010   0.01680469
9.50000013e-010   0.02642188
9.55000013e-010        0.017
9.60000013e-010   0.02735938
9.65000013e-010   0.01780469
9.70000013e-010   0.02744531
9.75000013e-010   0.01845313
9.80000013e-010   0.02672656
9.85000013e-010   0.01750781
9.90000013e-010   0.02571094
9.95000013e-010        0.017
1.00000001e-009   0.02534375
1.00500001e-009   0.01721094
1.01000001e-009   0.02615625
1.01500001e-009        0.017
1.02000001e-009   0.02717188
1.02500001e-009   0.01764844
1.03000001e-009   0.02800781
1.03500001e-009        0.019
1.04000001e-009   0.02861719
1.04500001e-009   0.01764844
1.05000001e-009        0.029
1.05500001e-009   0.01660156
1.06000001e-009    0.0290625
1.06500001e-009   0.01654688
1.07000001e-009   0.02889063
1.07500001e-009   0.01736719
1.08000001e-009   0.02903906
1.08500001e-009   0.01735938
1.09000001e-009   0.02923438
1.09500001e-009        0.017
1.10000001e-009        0.029
1.10500001e-009   0.01657813
1.11000001e-009   0.02920313
1.11500001e-009   0.01694531
1.12000001e-009   0.02914063
1.12500002e-009   0.01796875
1.13000002e-009   0.02860938
1.13500002e-009   0.01940625
1.14000002e-009   0.02916406
1.14500002e-009   0.02035938
1.15000002e-009   0.03028125
1.15500002e-009   0.02033594
1.16000002e-009        0.031
1.16500002e-009   0.02054688
1.17000002e-009     0.030875
1.17500002e-009        0.021
1.18000002e-009   0.03017969
1.18500002e-009        0.021
1.19000002e-009   0.02998438
1.19500002e-009   0.02050781
1.20000002e-009   0.02988281
1.20500002e-009   0.01919531
1.21000002e-009   0.02951563
1.21500002e-009   0.01916406
1.22000002e-009   0.02909375
1.22500002e-009   0.02048438
1.23000002e-009   0.02933594
1.23500002e-009     0.020625
1.24000002e-009   0.02903906
1.24500002e-009   0.02128125
1.25000002e-009   0.02982031
