-2.49000003e-009   -0.0111875
-2.48000003e-009   -0.0029375
-2.47000003e-009     -0.01125
-2.46000003e-009  -0.00296875
-2.45000003e-009   -0.0131875
-2.44000003e-009 -0.001898438
-2.43000003e-009  -0.01128906
-2.42000003e-009 -0.001546875
-2.41000003e-009  -0.01154688
-2.40000003e-009 -0.002414063
-2.39000003e-009       -0.011
-2.38000003e-009 -0.0007500004
-2.37000003e-009  -0.01192188
-2.36000003e-009   -0.0026875
-2.35000003e-009  -0.01175781
-2.34000003e-009 -0.002867188
-2.33000003e-009       -0.011
-2.32000003e-009 -0.002046875
-2.31000003e-009    -0.010375
-2.30000003e-009 -0.001632813
-2.29000003e-009       -0.011
-2.28000003e-009 -0.0006171879
-2.27000003e-009  -0.01035938
-2.26000003e-009 0.0004921872
-2.25000003e-009  -0.01096094
-2.24000003e-009 0.0009999997
-2.23000003e-009       -0.011
-2.22000003e-009 -0.0001562504
-2.21000003e-009  -0.01016406
-2.20000003e-009 -0.0005234379
-2.19000003e-009 -0.009437501
-2.18000003e-009 0.0009999997
-2.17000003e-009 -0.009070313
-2.16000003e-009  0.001101562
-2.15000003e-009 -0.008242188
-2.14000003e-009 0.0009999997
-2.13000003e-009 -0.009257813
-2.12000003e-009 0.0005234372
-2.11000003e-009 -0.008570313
-2.10000003e-009 0.0009999997
-2.09000003e-009 -0.009476563
-2.08000003e-009 0.0008281247
-2.07000003e-009       -0.011
-2.06000003e-009  0.001445312
-2.05000003e-009  -0.01205469
-2.04000003e-009        0.003
-2.03000003e-009 -0.009281251
-2.02000003e-009  0.001960937
-2.01000003e-009 -0.007398438
-2.00000003e-009    0.0030625
-1.99000003e-009 -0.007000001
-1.98000003e-009  0.002226562
-1.97000003e-009 -0.007109376
-1.96000003e-009  0.002226562
-1.95000003e-009 -0.007296876
-1.94000003e-009  0.004679687
-1.93000003e-009 -0.007703126
-1.92000003e-009  0.004296875
-1.91000003e-009 -0.007046876
-1.90000003e-009  0.002554687
-1.89000003e-009 -0.007000001
-1.88000003e-009  0.003414062
-1.87000002e-009 -0.009000001
-1.86000002e-009        0.003
-1.85000002e-009 -0.009000001
-1.84000002e-009  0.002351562
-1.83000002e-009 -0.008195313
-1.82000002e-009  0.001726562
-1.81000002e-009 -0.006398438
-1.80000002e-009        0.003
-1.79000002e-009 -0.007117188
-1.78000002e-009        0.003
-1.77000002e-009 -0.006273438
-1.76000002e-009  0.003117187
-1.75000002e-009 -0.005695313
-1.74000002e-009  0.004679687
-1.73000002e-009 -0.007203126
-1.72000002e-009  0.004835937
-1.71000002e-009 -0.007632813
-1.70000002e-009  0.003398437
-1.69000002e-009 -0.009000001
-1.68000002e-009  0.002859375
-1.67000002e-009 -0.007289063
-1.66000002e-009  0.003578125
-1.65000002e-009 -0.007000001
-1.64000002e-009  0.003960937
-1.63000002e-009 -0.006554688
-1.62000002e-009  0.001914062
-1.61000002e-009 -0.006742188
-1.60000002e-009        0.003
-1.59000002e-009 -0.006906251
-1.58000002e-009    0.0034375
-1.57000002e-009 -0.007000001
-1.56000002e-009   0.00303125
-1.55000002e-009 -0.006835938
-1.54000002e-009  0.003507812
-1.53000002e-009 -0.005750001
-1.52000002e-009    0.0030625
-1.51000002e-009 -0.005945313
-1.50000002e-009    0.0031875
-1.49000002e-009 -0.006140626
-1.48000002e-009  0.003265625
-1.47000002e-009 -0.006734376
-1.46000002e-009        0.003
-1.45000002e-009 -0.007000001
-1.44000002e-009        0.003
-1.43000002e-009 -0.005804688
-1.42000002e-009        0.003
-1.41000002e-009 -0.005320313
-1.40000002e-009  0.003695312
-1.39000002e-009 -0.006109376
-1.38000002e-009  0.002804687
-1.37000002e-009 -0.007125001
-1.36000002e-009  0.003078125
-1.35000002e-009 -0.006539063
-1.34000002e-009      0.00425
-1.33000002e-009 -0.006062501
-1.32000002e-009        0.005
-1.31000002e-009 -0.005320313
-1.30000002e-009  0.003210937
-1.29000002e-009 -0.005453126
-1.28000002e-009   0.00365625
-1.27000002e-009 -0.005164063
-1.26000002e-009  0.003890625
-1.25000002e-009 -0.007000001
-1.24000002e-009   0.00340625
-1.23000002e-009 -0.007390626
-1.22000002e-009   0.00309375
-1.21000002e-009 -0.006992188
-1.20000002e-009  0.003335937
-1.19000002e-009 -0.007382813
-1.18000002e-009  0.003210937
-1.17000002e-009 -0.005765626
-1.16000002e-009  0.002992187
-1.15000002e-009 -0.005414063
-1.14000002e-009  0.003195312
-1.13000002e-009 -0.005632813
-1.12000001e-009        0.003
-1.11000001e-009 -0.006523438
-1.10000001e-009    0.0031875
-1.09000001e-009 -0.007515626
-1.08000001e-009   0.00184375
-1.07000001e-009 -0.007804688
-1.06000001e-009  0.002789062
-1.05000001e-009 -0.007476563
-1.04000001e-009        0.003
-1.03000001e-009 -0.007757813
-1.02000001e-009   0.00221875
-1.01000001e-009 -0.007000001
-1.00000001e-009  0.002695312
-9.90000013e-010 -0.009507813
-9.80000013e-010        0.003
-9.70000013e-010  -0.01164844
-9.60000013e-010  0.001601562
-9.50000013e-010  -0.01035156
-9.40000013e-010  0.001289062
-9.30000012e-010 -0.008226563
-9.20000012e-010    0.0011875
-9.10000012e-010  -0.01003125
-9.00000012e-010  0.001164062
-8.90000012e-010  -0.01002344
-8.80000012e-010 0.0009999997
-8.70000012e-010 -0.009000001
-8.60000011e-010 -0.0001406254
-8.50000011e-010  -0.01032031
-8.40000011e-010 -0.0004218754
-8.30000011e-010  -0.01221094
-8.20000011e-010 -0.001765625
-8.10000011e-010  -0.01460156
-8.00000011e-010 -0.003546876
-7.90000011e-010  -0.01595313
-7.8000001e-010 -0.005789063
-7.7000001e-010  -0.01842969
-7.6000001e-010 -0.007984376
-7.5000001e-010       -0.023
-7.4000001e-010  -0.01220313
-7.3000001e-010  -0.03239063
-7.2000001e-010  -0.01751563
-7.10000009e-010   -0.0435625
-7.00000009e-010     -0.02425
-6.90000009e-010  -0.05467969
-6.80000009e-010  -0.03278125
-6.70000009e-010  -0.06621875
-6.60000009e-010  -0.04267969
-6.50000009e-010       -0.079
-6.40000009e-010  -0.05671875
-6.30000008e-010  -0.09448438
-6.20000008e-010       -0.069
-6.10000008e-010   -0.1121875
-6.00000008e-010    -0.084375
-5.90000008e-010   -0.1287266
-5.80000008e-010   -0.1023281
-5.70000008e-010   -0.1424766
-5.60000007e-010   -0.1175703
-5.50000007e-010       -0.153
-5.40000007e-010     -0.12775
-5.30000007e-010   -0.1575313
-5.20000007e-010   -0.1375547
-5.10000007e-010       -0.161
-5.00000007e-010   -0.1470703
-4.90000007e-010   -0.1655547
-4.80000006e-010   -0.1528203
-4.70000006e-010   -0.1653359
-4.60000006e-010   -0.1517734
-4.50000006e-010   -0.1636719
-4.40000006e-010   -0.1494844
-4.30000006e-010   -0.1636328
-4.20000006e-010   -0.1484063
-4.10000005e-010       -0.163
-4.00000005e-010   -0.1469141
-3.90000005e-010   -0.1592891
-3.80000005e-010   -0.1442969
-3.70000005e-010       -0.157
-3.60000005e-010   -0.1406875
-3.50000005e-010   -0.1514375
-3.40000005e-010   -0.1369844
-3.30000004e-010   -0.1484688
-3.20000004e-010   -0.1305938
-3.10000004e-010       -0.145
-3.00000004e-010       -0.125
-2.90000004e-010       -0.141
-2.80000004e-010   -0.1182656
-2.70000004e-010   -0.1339141
-2.60000003e-010   -0.1100156
-2.50000003e-010   -0.1252188
-2.40000003e-010  -0.09863282
-2.30000003e-010   -0.1158516
-2.20000003e-010  -0.08385157
-2.10000003e-010   -0.1061094
-2.00000003e-010       -0.069
-1.90000003e-010  -0.09516407
-1.80000002e-010  -0.05505469
-1.70000002e-010       -0.083
-1.60000002e-010  -0.04067188
-1.50000002e-010  -0.06726563
-1.40000002e-010  -0.02536719
-1.30000002e-010  -0.04958594
-1.20000002e-010 -0.009687501
-1.10000001e-010  -0.03322656
-1.00000001e-010        0.003
-9.00000012e-011   -0.0190625
-8.00000011e-011  0.008835938
-7.00000009e-011 -0.007710938
-6.00000008e-011   0.01230469
-5.00000007e-011   0.00190625
-4.00000005e-011   0.01732031
-3.00000004e-011  0.007007812
-2.00000003e-011        0.021
-1.00000001e-011   0.01163281
           0   0.02399219
1.00000001e-011   0.01278125
2.00000003e-011        0.025
3.00000004e-011   0.01405469
4.00000005e-011        0.025
5.00000007e-011   0.01311719
6.00000008e-011   0.02178906
7.00000009e-011        0.011
8.00000011e-011        0.021
9.00000012e-011   0.01071094
1.00000001e-010   0.01938281
1.10000001e-010  0.007429688
1.20000002e-010   0.01903906
1.30000002e-010  0.007132812
1.40000002e-010   0.01997656
1.50000002e-010        0.011
1.60000002e-010        0.023
1.70000002e-010   0.01382031
1.80000002e-010    0.0253125
1.90000003e-010   0.01572656
2.00000003e-010   0.02811719
2.10000003e-010   0.01799219
2.20000003e-010        0.029
2.30000003e-010       0.0195
2.40000003e-010   0.02961719
2.50000003e-010   0.01995313
2.60000003e-010   0.03038281
2.70000004e-010   0.02017188
2.80000004e-010   0.03146094
2.90000004e-010   0.02150781
3.00000004e-010        0.031
3.10000004e-010   0.01945313
3.20000004e-010   0.03079688
3.30000004e-010   0.01926563
3.40000005e-010   0.02958594
3.50000005e-010   0.01825781
3.60000005e-010        0.029
3.70000005e-010   0.01653906
3.80000005e-010        0.027
3.90000005e-010        0.017
4.00000005e-010   0.02592969
4.10000005e-010   0.01526563
4.20000006e-010        0.025
4.30000006e-010   0.01684375
4.40000006e-010   0.02641406
4.50000006e-010   0.01494531
4.60000006e-010   0.02679688
4.70000006e-010   0.01567969
4.80000006e-010        0.025
4.90000007e-010   0.01533594
5.00000007e-010   0.02810938
5.10000007e-010        0.015
5.20000007e-010   0.02890625
5.30000007e-010        0.015
5.40000007e-010   0.02649219
5.50000007e-010   0.01460156
5.60000007e-010        0.027
5.70000008e-010        0.015
5.80000008e-010   0.02644531
5.90000008e-010   0.01385156
6.00000008e-010        0.025
6.10000008e-010   0.01342969
6.20000008e-010   0.02559375
6.30000008e-010        0.013
6.40000009e-010        0.025
6.50000009e-010        0.013
6.60000009e-010   0.02426563
6.70000009e-010        0.013
6.80000009e-010        0.023
6.90000009e-010   0.01296875
7.00000009e-010   0.02241406
7.10000009e-010    0.0111875
7.2000001e-010   0.02296094
7.3000001e-010        0.011
7.4000001e-010   0.02159375
7.5000001e-010   0.01327344
7.6000001e-010   0.02190625
7.7000001e-010   0.01344531
7.8000001e-010   0.02221094
7.90000011e-010   0.01338281
8.00000011e-010        0.023
8.10000011e-010        0.013
8.20000011e-010        0.025
8.30000011e-010    0.0125625
8.40000011e-010   0.02510938
8.50000011e-010   0.01248438
8.60000011e-010   0.02253906
8.70000012e-010        0.013
8.80000012e-010   0.02410938
8.90000012e-010   0.01363281
9.00000012e-010   0.02482813
9.10000012e-010        0.013
9.20000012e-010        0.025
9.30000012e-010   0.01359375
9.40000013e-010   0.02482031
9.50000013e-010   0.01409375
9.60000013e-010   0.02346094
9.70000013e-010   0.01275781
9.80000013e-010   0.02411719
9.90000013e-010   0.01435938
1.00000001e-009        0.025
1.01000001e-009    0.0163125
1.02000001e-009        0.025
1.03000001e-009   0.01607031
1.04000001e-009   0.02572656
1.05000001e-009   0.01666406
1.06000001e-009   0.02638281
1.07000001e-009   0.01615625
1.08000001e-009        0.027
1.09000001e-009   0.01816406
1.10000001e-009   0.02695313
1.11000001e-009   0.01742188
1.12000001e-009   0.02732031
1.13000002e-009   0.01604688
1.14000002e-009   0.02957813
1.15000002e-009        0.015
1.16000002e-009        0.031
1.17000002e-009    0.0174375
1.18000002e-009   0.03028906
1.19000002e-009      0.01775
1.20000002e-009    0.0288125
1.21000002e-009        0.017
1.22000002e-009   0.02851563
1.23000002e-009   0.01860156
1.24000002e-009   0.02915625
1.25000002e-009   0.01875781
1.26000002e-009        0.031
1.27000002e-009      0.01975
1.28000002e-009   0.03027344
1.29000002e-009   0.01916406
1.30000002e-009   0.03210156
1.31000002e-009   0.01836719
1.32000002e-009   0.03173438
1.33000002e-009   0.01854688
1.34000002e-009   0.02919531
1.35000002e-009   0.01857031
1.36000002e-009      0.02875
1.37000002e-009        0.019
1.38000002e-009   0.02953906
1.39000002e-009   0.01891406
1.40000002e-009        0.029
1.41000002e-009   0.01739063
1.42000002e-009        0.029
1.43000002e-009        0.015
1.44000002e-009        0.029
1.45000002e-009        0.015
1.46000002e-009        0.029
1.47000002e-009   0.01627344
1.48000002e-009   0.02626563
1.49000002e-009   0.01694531
1.50000002e-009   0.02551563
1.51000002e-009   0.01642188
1.52000002e-009   0.02465625
1.53000002e-009   0.01570313
1.54000002e-009        0.025
1.55000002e-009        0.015
1.56000002e-009        0.025
1.57000002e-009     0.014875
1.58000002e-009        0.025
1.59000002e-009        0.013
1.60000002e-009   0.02364844
1.61000002e-009   0.01285156
1.62000002e-009   0.02364063
1.63000002e-009        0.013
1.64000002e-009   0.02414063
1.65000002e-009    0.0129375
1.66000002e-009        0.025
1.67000002e-009   0.01282031
1.68000002e-009   0.02317969
1.69000002e-009        0.013
1.70000002e-009   0.02364063
1.71000002e-009        0.013
1.72000002e-009        0.023
1.73000002e-009        0.013
1.74000002e-009   0.02139063
1.75000002e-009        0.011
1.76000002e-009   0.02238281
1.77000002e-009   0.01142188
1.78000002e-009      0.02175
1.79000002e-009        0.013
1.80000002e-009   0.02151563
1.81000002e-009   0.01214063
1.82000002e-009        0.021
1.83000002e-009   0.01044531
1.84000002e-009   0.02165625
1.85000002e-009   0.01114844
1.86000002e-009   0.02221094
1.87000002e-009   0.01189844
1.88000003e-009   0.02235938
1.89000003e-009   0.01292188
1.90000003e-009   0.02307031
1.91000003e-009        0.013
1.92000003e-009   0.02279688
1.93000003e-009   0.01269531
1.94000003e-009   0.02294531
1.95000003e-009        0.013
1.96000003e-009        0.023
1.97000003e-009   0.01201563
1.98000003e-009   0.02353125
1.99000003e-009   0.01267969
2.00000003e-009   0.02208594
2.01000003e-009   0.01346094
2.02000003e-009        0.023
2.03000003e-009        0.013
2.04000003e-009   0.02235938
2.05000003e-009   0.01336719
2.06000003e-009    0.0229375
2.07000003e-009   0.01311719
2.08000003e-009   0.02210156
2.09000003e-009        0.013
2.10000003e-009   0.02180469
2.11000003e-009    0.0123125
2.12000003e-009        0.023
2.13000003e-009     0.012125
2.14000003e-009   0.02360156
2.15000003e-009   0.01285156
2.16000003e-009   0.02244531
2.17000003e-009   0.01200781
2.18000003e-009     0.022125
2.19000003e-009        0.013
2.20000003e-009        0.025
2.21000003e-009   0.01296875
2.22000003e-009        0.025
2.23000003e-009        0.013
2.24000003e-009        0.025
2.25000003e-009       0.0125
2.26000003e-009   0.02453125
2.27000003e-009     0.012875
2.28000003e-009        0.025
2.29000003e-009   0.01292969
2.30000003e-009   0.02309375
2.31000003e-009   0.01259375
2.32000003e-009        0.023
2.33000003e-009        0.013
2.34000003e-009   0.02272656
2.35000003e-009        0.013
2.36000003e-009        0.023
2.37000003e-009   0.01226563
2.38000003e-009        0.021
2.39000003e-009   0.01265625
2.40000003e-009   0.02166406
2.41000003e-009   0.01171094
2.42000003e-009   0.02182813
2.43000003e-009        0.011
2.44000003e-009   0.02189063
2.45000003e-009   0.01160938
2.46000003e-009        0.021
2.47000003e-009     0.012125
2.48000003e-009   0.02302344
2.49000003e-009   0.01071094
2.50000003e-009   0.02165625
