-4.98000007e-009 -0.005132813
-4.96000007e-009  0.005007812
-4.94000007e-009 -0.004898438
-4.92000007e-009  0.005015625
-4.90000007e-009 -0.003257813
-4.88000007e-009    0.0055625
-4.86000006e-009 -0.004812501
-4.84000006e-009   0.00515625
-4.82000006e-009 -0.005625001
-4.80000006e-009        0.005
-4.78000006e-009 -0.005804688
-4.76000006e-009  0.007640625
-4.74000006e-009 -0.005890626
-4.72000006e-009        0.005
-4.70000006e-009 -0.005000001
-4.68000006e-009  0.006164062
-4.66000006e-009 -0.006562501
-4.64000006e-009  0.005109375
-4.62000006e-009 -0.005601563
-4.60000006e-009        0.005
-4.58000006e-009 -0.004773438
-4.56000006e-009      0.00475
-4.54000006e-009 -0.003710938
-4.52000006e-009        0.005
-4.50000006e-009       -0.003
-4.48000006e-009  0.005609375
-4.46000006e-009 -0.003101563
-4.44000006e-009  0.005960937
-4.42000006e-009       -0.003
-4.40000006e-009  0.005617187
-4.38000006e-009 -0.004304688
-4.36000006e-009  0.005695312
-4.34000006e-009 -0.004968751
-4.32000006e-009  0.006257812
-4.30000006e-009 -0.007000001
-4.28000006e-009  0.004945312
-4.26000006e-009 -0.005515626
-4.24000006e-009  0.005671875
-4.22000006e-009 -0.003406251
-4.20000006e-009        0.005
-4.18000006e-009 -0.004875001
-4.16000006e-009     0.004875
-4.14000006e-009 -0.004984376
-4.12000006e-009        0.005
-4.10000005e-009 -0.004835938
-4.08000005e-009  0.005046875
-4.06000005e-009  -0.00296875
-4.04000005e-009  0.005054687
-4.02000005e-009 -0.004226563
-4.00000005e-009        0.005
-3.98000005e-009 -0.003554688
-3.96000005e-009  0.004101562
-3.94000005e-009 -0.003671876
-3.92000005e-009      0.00375
-3.90000005e-009 -0.003703126
-3.88000005e-009  0.005476562
-3.86000005e-009 -0.006281251
-3.84000005e-009  0.006203125
-3.82000005e-009 -0.007000001
-3.80000005e-009        0.005
-3.78000005e-009 -0.007171876
-3.76000005e-009  0.005101562
-3.74000005e-009 -0.006296876
-3.72000005e-009        0.003
-3.70000005e-009 -0.007000001
-3.68000005e-009  0.002679687
-3.66000005e-009 -0.006929688
-3.64000005e-009  0.002898437
-3.62000005e-009 -0.007843751
-3.60000005e-009 0.0008437497
-3.58000005e-009  -0.01115625
-3.56000005e-009  0.002070312
-3.54000005e-009  -0.01114063
-3.52000005e-009 9.374966e-005
-3.50000005e-009  -0.01057813
-3.48000005e-009 -0.0005937504
-3.46000005e-009  -0.01089063
-3.44000005e-009 -0.002164063
-3.42000005e-009       -0.011
-3.40000005e-009 -0.002265625
-3.38000005e-009  -0.01138281
-3.36000004e-009 -0.003625001
-3.34000004e-009       -0.013
-3.32000004e-009 -0.003312501
-3.30000004e-009       -0.013
-3.28000004e-009 -0.002796875
-3.26000004e-009  -0.01303125
-3.24000004e-009 -0.004492188
-3.22000004e-009       -0.013
-3.20000004e-009       -0.003
-3.18000004e-009   -0.0144375
-3.16000004e-009 -0.004796876
-3.14000004e-009       -0.015
-3.12000004e-009 -0.004609376
-3.10000004e-009  -0.01348438
-3.08000004e-009 -0.005093751
-3.06000004e-009    -0.013125
-3.04000004e-009 -0.005000001
-3.02000004e-009       -0.015
-3.00000004e-009 -0.004515626
-2.98000004e-009  -0.01417188
-2.96000004e-009   -0.0025625
-2.94000004e-009       -0.015
-2.92000004e-009 -0.004718751
-2.90000004e-009  -0.01508594
-2.88000004e-009 -0.004148438
-2.86000004e-009    -0.014875
-2.84000004e-009 -0.005000001
-2.82000004e-009       -0.015
-2.80000004e-009       -0.003
-2.78000004e-009  -0.01463281
-2.76000004e-009 -0.004031251
-2.74000004e-009  -0.01463281
-2.72000004e-009       -0.003
-2.70000004e-009  -0.01471875
-2.68000004e-009 -0.001867188
-2.66000004e-009  -0.01292188
-2.64000004e-009 -0.002953125
-2.62000003e-009       -0.013
-2.60000003e-009 -0.002710938
-2.58000003e-009  -0.01300781
-2.56000003e-009 -0.002078125
-2.54000003e-009  -0.01249219
-2.52000003e-009       -0.003
-2.50000003e-009  -0.01400781
-2.48000003e-009 -0.001835938
-2.46000003e-009  -0.01235156
-2.44000003e-009 -0.003039063
-2.42000003e-009  -0.01108594
-2.40000003e-009       -0.001
-2.38000003e-009  -0.01114844
-2.36000003e-009 -0.0007421879
-2.34000003e-009  -0.01132813
-2.32000003e-009 0.0009999997
-2.30000003e-009       -0.011
-2.28000003e-009 -0.002359375
-2.26000003e-009  -0.01063281
-2.24000003e-009 9.374966e-005
-2.22000003e-009 -0.009351563
-2.20000003e-009       -0.001
-2.18000003e-009 -0.009328126
-2.16000003e-009 0.0007499997
-2.14000003e-009 -0.009382813
-2.12000003e-009  0.001421875
-2.10000003e-009 -0.009218751
-2.08000003e-009 0.0004140622
-2.06000003e-009 -0.009031251
-2.04000003e-009  0.001398437
-2.02000003e-009 -0.008445313
-2.00000003e-009 0.0009999997
-1.98000003e-009 -0.007125001
-1.96000003e-009   0.00196875
-1.94000003e-009 -0.007218751
-1.92000003e-009 0.0009999997
-1.90000003e-009 -0.007218751
-1.88000003e-009  0.002320312
-1.86000002e-009 -0.006835938
-1.84000002e-009        0.003
-1.82000002e-009 -0.007000001
-1.80000002e-009  0.002609375
-1.78000002e-009 -0.006593751
-1.76000002e-009  0.002835937
-1.74000002e-009 -0.005390626
-1.72000002e-009  0.002320312
-1.70000002e-009 -0.007000001
-1.68000002e-009  0.003335937
-1.66000002e-009 -0.007148438
-1.64000002e-009  0.003039062
-1.62000002e-009 -0.005468751
-1.60000002e-009        0.005
-1.58000002e-009 -0.006164063
-1.56000002e-009   0.00459375
-1.54000002e-009 -0.007000001
-1.52000002e-009        0.003
-1.50000002e-009 -0.007000001
-1.48000002e-009  0.003382812
-1.46000002e-009 -0.006757813
-1.44000002e-009  0.005679687
-1.42000002e-009 -0.009406251
-1.40000002e-009        0.003
-1.38000002e-009 -0.007289063
-1.36000002e-009  0.003257812
-1.34000002e-009 -0.006476563
-1.32000002e-009   0.00509375
-1.30000002e-009 -0.005296876
-1.28000002e-009  0.003265625
-1.26000002e-009 -0.006351563
-1.24000002e-009  0.002382812
-1.22000002e-009 -0.007687501
-1.20000002e-009        0.003
-1.18000002e-009 -0.006578126
-1.16000002e-009   0.00303125
-1.14000002e-009 -0.006273438
-1.12000001e-009        0.003
-1.10000001e-009 -0.007000001
-1.08000001e-009  0.001976562
-1.06000001e-009 -0.005976563
-1.04000001e-009  0.002328125
-1.02000001e-009 -0.007000001
-1.00000001e-009  0.004382812
-9.80000013e-010 -0.008695313
-9.60000013e-010    0.0036875
-9.40000013e-010 -0.007828126
-9.20000012e-010  0.001632812
-9.00000012e-010 -0.009281251
-8.80000012e-010  0.002390625
-8.60000011e-010 -0.009312501
-8.40000011e-010       -0.001
-8.20000011e-010       -0.011
-8.00000011e-010       -0.003
-7.8000001e-010  -0.01386719
-7.6000001e-010 -0.005156251
-7.4000001e-010  -0.02180469
-7.2000001e-010       -0.013
-7.00000009e-010  -0.03750781
-6.80000009e-010    -0.023375
-6.60000009e-010  -0.05833594
-6.40000009e-010  -0.04429688
-6.20000008e-010       -0.089
-6.00000008e-010       -0.067
-5.80000008e-010   -0.1171719
-5.60000007e-010   -0.1012969
-5.40000007e-010   -0.1443984
-5.20000007e-010       -0.131
-5.00000007e-010       -0.159
-4.80000006e-010   -0.1471953
-4.60000006e-010   -0.1653984
-4.40000006e-010   -0.1525234
-4.20000006e-010       -0.165
-4.00000005e-010   -0.1506563
-3.80000005e-010   -0.1604766
-3.60000005e-010   -0.1443047
-3.40000005e-010   -0.1551641
-3.20000004e-010    -0.137375
-3.00000004e-010       -0.147
-2.80000004e-010   -0.1280781
-2.60000003e-010   -0.1378672
-2.40000003e-010   -0.1122266
-2.20000003e-010       -0.125
-2.00000003e-010       -0.087
-1.80000002e-010   -0.1021719
-1.60000002e-010  -0.05478125
-1.40000002e-010  -0.07217188
-1.20000002e-010       -0.027
-1.00000001e-010       -0.043
-8.00000011e-011 -0.001617188
-6.00000008e-011  -0.01339063
-4.00000005e-011    0.0169375
-2.00000003e-011   0.00553125
           0   0.02217188
2.00000003e-011   0.01369531
4.00000005e-011   0.02396875
6.00000008e-011        0.013
8.00000011e-011        0.023
1.00000001e-010   0.01053906
1.20000002e-010    0.0201875
1.40000002e-010   0.01039063
1.60000002e-010   0.02278125
1.80000002e-010        0.013
2.00000003e-010   0.02538281
2.20000003e-010   0.01602344
2.40000003e-010   0.02969531
2.60000003e-010   0.01835938
2.80000004e-010        0.031
3.00000004e-010        0.021
3.20000004e-010     0.033125
3.40000005e-010   0.02010156
3.60000005e-010   0.02875781
3.80000005e-010   0.01647656
4.00000005e-010        0.027
4.20000006e-010   0.01607813
4.40000006e-010       0.0265
4.60000006e-010   0.01609375
4.80000006e-010   0.02525781
5.00000007e-010   0.01510156
5.20000007e-010      0.02525
5.40000007e-010   0.01621094
5.60000007e-010   0.02533594
5.80000008e-010        0.015
6.00000008e-010        0.027
6.20000008e-010   0.01460938
6.40000009e-010   0.02707031
6.60000009e-010   0.01447656
6.80000009e-010   0.02322656
7.00000009e-010        0.011
7.2000001e-010        0.026
7.4000001e-010    0.0120625
7.6000001e-010   0.02194531
7.8000001e-010        0.013
8.00000011e-010   0.02260156
8.20000011e-010   0.01119531
8.40000011e-010   0.02489063
8.60000011e-010   0.01285156
8.80000012e-010        0.025
9.00000012e-010        0.013
9.20000012e-010   0.02496875
9.40000013e-010   0.01461719
9.60000013e-010   0.02479688
9.80000013e-010   0.01396875
1.00000001e-009        0.027
1.02000001e-009   0.01423438
1.04000001e-009   0.02608594
1.06000001e-009        0.015
1.08000001e-009   0.02583594
1.10000001e-009        0.013
1.12000001e-009   0.02835156
1.14000002e-009   0.01670313
1.16000002e-009   0.02936719
1.18000002e-009   0.01758594
1.20000002e-009   0.02910938
1.22000002e-009   0.01904688
1.24000002e-009    0.0286875
1.26000002e-009   0.01898438
1.28000002e-009    0.0291875
1.30000002e-009        0.019
1.32000002e-009   0.02917188
1.34000002e-009   0.01855469
1.36000002e-009   0.03039844
1.38000002e-009    0.0174375
1.40000002e-009        0.029
1.42000002e-009   0.01884375
1.44000002e-009   0.02846875
1.46000002e-009   0.01753125
1.48000002e-009        0.029
1.50000002e-009        0.017
1.52000002e-009   0.02510156
1.54000002e-009   0.01335156
1.56000002e-009   0.02517188
1.58000002e-009   0.01628906
1.60000002e-009        0.025
1.62000002e-009   0.01413281
1.64000002e-009        0.025
1.66000002e-009   0.01200781
1.68000002e-009   0.02484375
1.70000002e-009        0.013
1.72000002e-009    0.0223125
1.74000002e-009   0.01032813
1.76000002e-009        0.021
1.78000002e-009   0.01258594
1.80000002e-009        0.021
1.82000002e-009   0.01139844
1.84000002e-009   0.02179688
1.86000002e-009        0.011
1.88000003e-009        0.023
1.90000003e-009   0.01257813
1.92000003e-009   0.02364063
1.94000003e-009   0.01196094
1.96000003e-009    0.0235625
1.98000003e-009   0.01097656
2.00000003e-009        0.023
2.02000003e-009   0.01416406
2.04000003e-009   0.02348438
2.06000003e-009   0.01402344
2.08000003e-009        0.025
2.10000003e-009        0.011
2.12000003e-009   0.02477344
2.14000003e-009   0.01467969
2.16000003e-009   0.02323438
2.18000003e-009        0.013
2.20000003e-009        0.023
2.22000003e-009   0.01289844
2.24000003e-009   0.02342188
2.26000003e-009   0.01233594
2.28000003e-009        0.023
2.30000003e-009   0.01247656
2.32000003e-009   0.02278125
2.34000003e-009    0.0109375
2.36000003e-009    0.0245625
2.38000003e-009        0.013
2.40000003e-009     0.021375
2.42000003e-009   0.01100781
2.44000003e-009   0.02064844
2.46000003e-009   0.01296094
2.48000003e-009        0.021
2.50000003e-009   0.01253906
2.52000003e-009   0.02148438
2.54000003e-009   0.01122656
2.56000003e-009   0.02048438
2.58000003e-009        0.011
2.60000003e-009        0.023
2.62000003e-009   0.01033594
2.64000004e-009   0.02010156
2.66000004e-009        0.011
2.68000004e-009        0.021
2.70000004e-009   0.01044531
2.72000004e-009   0.01946875
2.74000004e-009  0.009867188
2.76000004e-009   0.01861719
2.78000004e-009        0.009
2.80000004e-009        0.019
2.82000004e-009  0.009492188
2.84000004e-009   0.02069531
2.86000004e-009   0.01044531
2.88000004e-009        0.019
2.90000004e-009        0.009
2.92000004e-009   0.02115625
2.94000004e-009    0.0084375
2.96000004e-009    0.0201875
2.98000004e-009  0.007320312
3.00000004e-009   0.01969531
3.02000004e-009   0.00759375
3.04000004e-009   0.01892188
3.06000004e-009  0.007539063
3.08000004e-009   0.01902344
3.10000004e-009        0.009
3.12000004e-009   0.01908594
3.14000004e-009  0.005617187
3.16000004e-009   0.01929688
3.18000004e-009        0.009
3.20000004e-009        0.021
3.22000004e-009  0.008304688
3.24000004e-009   0.01917969
3.26000004e-009   0.00840625
3.28000004e-009        0.019
3.30000004e-009  0.007976563
3.32000004e-009   0.01778906
3.34000004e-009  0.008414063
3.36000004e-009   0.01853125
3.38000005e-009        0.007
3.40000005e-009   0.01689844
3.42000005e-009  0.006945312
3.44000005e-009   0.01886719
3.46000005e-009   0.00746875
3.48000005e-009        0.017
3.50000005e-009        0.007
3.52000005e-009   0.01635156
3.54000005e-009  0.005953125
3.56000005e-009   0.01577344
3.58000005e-009        0.007
3.60000005e-009        0.015
3.62000005e-009  0.004984375
3.64000005e-009   0.01717188
3.66000005e-009        0.007
3.68000005e-009        0.017
3.70000005e-009  0.006601562
3.72000005e-009   0.01603906
3.74000005e-009  0.004960937
3.76000005e-009   0.01592188
3.78000005e-009  0.005726562
3.80000005e-009        0.017
3.82000005e-009  0.005953125
3.84000005e-009   0.01709375
3.86000005e-009       0.0055
3.88000005e-009        0.017
3.90000005e-009  0.005390625
3.92000005e-009      0.01475
3.94000005e-009  0.006070312
3.96000005e-009   0.01504688
3.98000005e-009        0.007
4.00000005e-009        0.015
4.02000005e-009   0.00628125
4.04000005e-009    0.0169375
4.06000005e-009  0.005695312
4.08000005e-009        0.017
4.10000005e-009  0.006679687
4.12000006e-009   0.01571875
4.14000006e-009     0.005875
4.16000006e-009        0.013
4.18000006e-009    0.0038125
4.20000006e-009   0.01332813
4.22000006e-009  0.003007812
4.24000006e-009    0.0153125
4.26000006e-009    0.0055625
4.28000006e-009   0.01460156
4.30000006e-009  0.004359375
4.32000006e-009   0.01364844
4.34000006e-009  0.004328125
4.36000006e-009   0.01302344
4.38000006e-009  0.004382812
4.40000006e-009   0.01457031
4.42000006e-009  0.003617187
4.44000006e-009   0.01442188
4.46000006e-009  0.004710937
4.48000006e-009        0.015
4.50000006e-009  0.003992187
4.52000006e-009   0.01314844
4.54000006e-009  0.002765625
4.56000006e-009   0.01284375
4.58000006e-009  0.003023437
4.60000006e-009   0.01553906
4.62000006e-009   0.00384375
4.64000006e-009   0.01315625
4.66000006e-009  0.004515625
4.68000006e-009        0.013
4.70000006e-009  0.004226562
4.72000006e-009   0.01264844
4.74000006e-009  0.003140625
4.76000006e-009   0.01308594
4.78000006e-009  0.003890625
4.80000006e-009        0.011
4.82000006e-009  0.003851562
4.84000006e-009   0.01253906
4.86000006e-009        0.003
4.88000007e-009   0.01392188
4.90000007e-009        0.005
4.92000007e-009   0.01330469
4.94000007e-009  0.004085937
4.96000007e-009   0.01354688
4.98000007e-009        0.003
5.00000007e-009        0.013
