-2.49000003e-009  -0.01267969
-2.48000003e-009 -0.003148438
-2.47000003e-009       -0.013
-2.46000003e-009 -0.003414063
-2.45000003e-009       -0.011
-2.44000003e-009 -0.002804688
-2.43000003e-009     -0.01125
-2.42000003e-009    -0.002375
-2.41000003e-009       -0.011
-2.40000003e-009       -0.001
-2.39000003e-009       -0.011
-2.38000003e-009 -0.001421875
-2.37000003e-009  -0.01125781
-2.36000003e-009 -0.0006875004
-2.35000003e-009       -0.011
-2.34000003e-009 -0.001929688
-2.33000003e-009  -0.01188281
-2.32000003e-009 -0.001546875
-2.31000003e-009      -0.0125
-2.30000003e-009       -0.001
-2.29000003e-009       -0.011
-2.28000003e-009       -0.001
-2.27000003e-009 -0.009484376
-2.26000003e-009       -0.001
-2.25000003e-009 -0.009000001
-2.24000003e-009 0.0004218747
-2.23000003e-009    -0.010625
-2.22000003e-009 0.0006562497
-2.21000003e-009  -0.01035938
-2.20000003e-009 -2.343785e-005
-2.19000003e-009 -0.009000001
-2.18000003e-009  0.001570312
-2.17000003e-009 -0.007601563
-2.16000003e-009   0.00115625
-2.15000003e-009 -0.008625001
-2.14000003e-009 0.0009999997
-2.13000003e-009  -0.01051563
-2.12000003e-009  0.002882812
-2.11000003e-009 -0.009000001
-2.10000003e-009        0.003
-2.09000003e-009 -0.009273438
-2.08000003e-009 0.0009999997
-2.07000003e-009 -0.008820313
-2.06000003e-009 0.0009999997
-2.05000003e-009 -0.008054688
-2.04000003e-009  0.001398437
-2.03000003e-009 -0.007656251
-2.02000003e-009        0.003
-2.01000003e-009 -0.006304688
-2.00000003e-009  0.001421875
-1.99000003e-009 -0.009000001
-1.98000003e-009   0.00159375
-1.97000003e-009 -0.009398438
-1.96000003e-009   0.00315625
-1.95000003e-009 -0.007921876
-1.94000003e-009        0.003
-1.93000003e-009 -0.007625001
-1.92000003e-009  0.002367187
-1.91000003e-009 -0.009195313
-1.90000003e-009  0.002882812
-1.89000003e-009 -0.007117188
-1.88000003e-009  0.003492187
-1.87000002e-009 -0.006851563
-1.86000002e-009        0.003
-1.85000002e-009 -0.005781251
-1.84000002e-009        0.003
-1.83000002e-009 -0.009000001
-1.82000002e-009  0.003789062
-1.81000002e-009 -0.007609376
-1.80000002e-009        0.005
-1.79000002e-009 -0.007937501
-1.78000002e-009  0.004398437
-1.77000002e-009 -0.009000001
-1.76000002e-009        0.003
-1.75000002e-009 -0.007000001
-1.74000002e-009        0.005
-1.73000002e-009 -0.005343751
-1.72000002e-009  0.003484375
-1.71000002e-009 -0.005710938
-1.70000002e-009  0.003164062
-1.69000002e-009 -0.006062501
-1.68000002e-009   0.00303125
-1.67000002e-009 -0.005382813
-1.66000002e-009  0.003601562
-1.65000002e-009 -0.005343751
-1.64000002e-009        0.005
-1.63000002e-009 -0.005367188
-1.62000002e-009    0.0034375
-1.61000002e-009 -0.005015626
-1.60000002e-009  0.003445312
-1.59000002e-009 -0.006140626
-1.58000002e-009        0.003
-1.57000002e-009 -0.006757813
-1.56000002e-009    0.0033125
-1.55000002e-009 -0.005773438
-1.54000002e-009        0.003
-1.53000002e-009 -0.005125001
-1.52000002e-009  0.003117187
-1.51000002e-009 -0.005000001
-1.50000002e-009  0.003132812
-1.49000002e-009 -0.005039063
-1.48000002e-009  0.003929687
-1.47000002e-009 -0.005265626
-1.46000002e-009        0.005
-1.45000002e-009 -0.004398438
-1.44000002e-009  0.003609375
-1.43000002e-009 -0.006843751
-1.42000002e-009     0.003125
-1.41000002e-009 -0.006265626
-1.40000002e-009        0.005
-1.39000002e-009 -0.007000001
-1.38000002e-009   0.00353125
-1.37000002e-009 -0.005906251
-1.36000002e-009  0.004585937
-1.35000002e-009 -0.005156251
-1.34000002e-009  0.005117187
-1.33000002e-009 -0.005000001
-1.32000002e-009  0.004320312
-1.31000002e-009 -0.006179688
-1.30000002e-009        0.005
-1.29000002e-009 -0.006046876
-1.28000002e-009  0.004453125
-1.27000002e-009 -0.005187501
-1.26000002e-009  0.003492187
-1.25000002e-009 -0.005382813
-1.24000002e-009        0.003
-1.23000002e-009 -0.005000001
-1.22000002e-009  0.003132812
-1.21000002e-009 -0.005968751
-1.20000002e-009        0.003
-1.19000002e-009 -0.007000001
-1.18000002e-009  0.003109375
-1.17000002e-009 -0.007000001
-1.16000002e-009  0.003695312
-1.15000002e-009 -0.006101563
-1.14000002e-009     0.002875
-1.13000002e-009 -0.005187501
-1.12000001e-009        0.003
-1.11000001e-009 -0.006476563
-1.10000001e-009  0.002992187
-1.09000001e-009 -0.007937501
-1.08000001e-009  0.002695312
-1.07000001e-009 -0.009000001
-1.06000001e-009        0.003
-1.05000001e-009 -0.008140626
-1.04000001e-009    0.0039375
-1.03000001e-009 -0.007000001
-1.02000001e-009  0.003796875
-1.01000001e-009 -0.005929688
-1.00000001e-009        0.003
-9.90000013e-010 -0.007890626
-9.80000013e-010  0.002703125
-9.70000013e-010 -0.009000001
-9.60000013e-010        0.003
-9.50000013e-010 -0.007929688
-9.40000013e-010      0.00275
-9.30000012e-010 -0.007140626
-9.20000012e-010        0.003
-9.10000012e-010 -0.009000001
-9.00000012e-010  0.003023437
-8.90000012e-010 -0.009390626
-8.80000012e-010  0.001273437
-8.70000012e-010 -0.008570313
-8.60000011e-010 -0.0008828129
-8.50000011e-010    -0.011125
-8.40000011e-010       -0.001
-8.30000011e-010  -0.01292188
-8.20000011e-010       -0.003
-8.10000011e-010  -0.01521875
-8.00000011e-010 -0.005000001
-7.90000011e-010  -0.01711719
-7.8000001e-010 -0.006296876
-7.7000001e-010  -0.02190625
-7.6000001e-010 -0.008789063
-7.5000001e-010  -0.02713281
-7.4000001e-010       -0.011
-7.3000001e-010  -0.03397656
-7.2000001e-010  -0.01785156
-7.10000009e-010  -0.04165625
-7.00000009e-010       -0.023
-6.90000009e-010   -0.0545625
-6.80000009e-010  -0.03328125
-6.70000009e-010  -0.06800782
-6.60000009e-010  -0.04455469
-6.50000009e-010  -0.08164063
-6.40000009e-010       -0.057
-6.30000008e-010  -0.09708594
-6.20000008e-010   -0.0710625
-6.10000008e-010   -0.1136875
-6.00000008e-010  -0.08665625
-5.90000008e-010     -0.12875
-5.80000008e-010   -0.1033828
-5.70000008e-010   -0.1410469
-5.60000007e-010   -0.1169766
-5.50000007e-010    -0.151375
-5.40000007e-010       -0.129
-5.30000007e-010   -0.1572734
-5.20000007e-010   -0.1390547
-5.10000007e-010   -0.1610156
-5.00000007e-010   -0.1475234
-4.90000007e-010       -0.165
-4.80000006e-010      -0.1525
-4.70000006e-010   -0.1656641
-4.60000006e-010   -0.1527109
-4.50000006e-010   -0.1632969
-4.40000006e-010   -0.1514531
-4.30000006e-010   -0.1622656
-4.20000006e-010   -0.1464219
-4.10000005e-010   -0.1644922
-4.00000005e-010       -0.145
-3.90000005e-010   -0.1631172
-3.80000005e-010   -0.1427734
-3.70000005e-010   -0.1573828
-3.60000005e-010   -0.1374922
-3.50000005e-010       -0.151
-3.40000005e-010   -0.1325313
-3.30000004e-010   -0.1470234
-3.20000004e-010   -0.1289766
-3.10000004e-010       -0.143
-3.00000004e-010   -0.1233516
-2.90000004e-010       -0.139
-2.80000004e-010   -0.1163281
-2.70000004e-010       -0.133
-2.60000003e-010   -0.1070469
-2.50000003e-010   -0.1251953
-2.40000003e-010  -0.09221875
-2.30000003e-010   -0.1155078
-2.20000003e-010   -0.0779375
-2.10000003e-010   -0.1048281
-2.00000003e-010  -0.06444532
-1.90000003e-010  -0.08986719
-1.80000002e-010       -0.051
-1.70000002e-010  -0.07524219
-1.60000002e-010     -0.03675
-1.50000002e-010  -0.05984375
-1.40000002e-010   -0.0218125
-1.30000002e-010  -0.04345313
-1.20000002e-010 -0.009546876
-1.10000001e-010  -0.02813281
-1.00000001e-010  0.003601562
-9.00000012e-011       -0.015
-8.00000011e-011        0.013
-7.00000009e-011 -0.006429688
-6.00000008e-011   0.01589063
-5.00000007e-011  0.001148437
-4.00000005e-011   0.01914844
-3.00000004e-011  0.008203125
-2.00000003e-011        0.023
-1.00000001e-011   0.01280469
           0   0.02251563
1.00000001e-011   0.01390625
2.00000003e-011        0.023
3.00000004e-011   0.01184375
4.00000005e-011   0.02247656
5.00000007e-011        0.009
6.00000008e-011   0.02158594
7.00000009e-011  0.008851563
8.00000011e-011        0.021
9.00000012e-011  0.008992188
1.00000001e-010        0.019
1.10000001e-010   0.00815625
1.20000002e-010        0.019
1.30000002e-010  0.008695313
1.40000002e-010   0.02019531
1.50000002e-010         0.01
1.60000002e-010    0.0233125
1.70000002e-010   0.01167188
1.80000002e-010   0.02641406
1.90000003e-010   0.01589844
2.00000003e-010     0.027625
2.10000003e-010   0.01789844
2.20000003e-010    0.0303125
2.30000003e-010   0.01871094
2.40000003e-010   0.03255469
2.50000003e-010   0.02034375
2.60000003e-010   0.03360938
2.70000004e-010   0.02104688
2.80000004e-010        0.034
2.90000004e-010        0.021
3.00000004e-010        0.033
3.10000004e-010   0.02173438
3.20000004e-010   0.02990625
3.30000004e-010      0.01975
3.40000005e-010    0.0293125
3.50000005e-010        0.017
3.60000005e-010        0.029
3.70000005e-010   0.01672656
3.80000005e-010        0.027
3.90000005e-010   0.01601563
4.00000005e-010        0.027
4.10000005e-010   0.01610938
4.20000006e-010   0.02624219
4.30000006e-010   0.01653906
4.40000006e-010   0.02795313
4.50000006e-010   0.01548438
4.60000006e-010   0.02849219
4.70000006e-010    0.0149375
4.80000006e-010   0.02666406
4.90000007e-010   0.01611719
5.00000007e-010        0.027
5.10000007e-010        0.017
5.20000007e-010   0.02654688
5.30000007e-010   0.01660156
5.40000007e-010        0.027
5.50000007e-010        0.017
5.60000007e-010      0.02925
5.70000008e-010   0.01657031
5.80000008e-010        0.029
5.90000008e-010   0.01641406
6.00000008e-010   0.02610156
6.10000008e-010   0.01490625
6.20000008e-010    0.0271875
6.30000008e-010        0.013
6.40000009e-010   0.02724219
6.50000009e-010   0.01489844
6.60000009e-010   0.02614063
6.70000009e-010   0.01253125
6.80000009e-010   0.02496875
6.90000009e-010        0.013
7.00000009e-010   0.02566406
7.10000009e-010    0.0124375
7.2000001e-010   0.02354688
7.3000001e-010   0.01189063
7.4000001e-010   0.02179688
7.5000001e-010        0.011
7.6000001e-010   0.02110156
7.7000001e-010   0.01279688
7.8000001e-010   0.02288281
7.90000011e-010        0.011
8.00000011e-010    0.0225625
8.10000011e-010   0.01170313
8.20000011e-010        0.023
8.30000011e-010        0.013
8.40000011e-010   0.02310156
8.50000011e-010   0.01290625
8.60000011e-010   0.02370313
8.70000012e-010   0.01407813
8.80000012e-010   0.02415625
8.90000012e-010   0.01450781
9.00000012e-010   0.02546094
9.10000012e-010   0.01447656
9.20000012e-010   0.02717188
9.30000012e-010   0.01579688
9.40000013e-010   0.02763281
9.50000013e-010        0.017
9.60000013e-010   0.02576563
9.70000013e-010   0.01680469
9.80000013e-010        0.027
9.90000013e-010   0.01570313
1.00000001e-009   0.02616406
1.01000001e-009   0.01496094
1.02000001e-009   0.02405469
1.03000001e-009        0.015
1.04000001e-009   0.02532031
1.05000001e-009   0.01565625
1.06000001e-009   0.02760938
1.07000001e-009   0.01650781
1.08000001e-009   0.02605469
1.09000001e-009   0.01678125
1.10000001e-009   0.02795313
1.11000001e-009        0.017
1.12000001e-009   0.02775781
1.13000002e-009   0.01800781
1.14000002e-009   0.02707813
1.15000002e-009        0.017
1.16000002e-009        0.029
1.17000002e-009        0.017
1.18000002e-009     0.028375
1.19000002e-009        0.019
1.20000002e-009        0.031
1.21000002e-009   0.01869531
1.22000002e-009   0.02864063
1.23000002e-009   0.01860156
1.24000002e-009        0.031
1.25000002e-009   0.01877344
1.26000002e-009   0.02930469
1.27000002e-009        0.019
1.28000002e-009   0.03096094
1.29000002e-009   0.01982031
1.30000002e-009        0.031
1.31000002e-009   0.02020313
1.32000002e-009        0.031
1.33000002e-009    0.0189375
1.34000002e-009   0.03044531
1.35000002e-009        0.019
1.36000002e-009        0.029
1.37000002e-009   0.01798438
1.38000002e-009   0.02935156
1.39000002e-009   0.01835938
1.40000002e-009   0.02898438
1.41000002e-009     0.018875
1.42000002e-009   0.02784375
1.43000002e-009   0.01875781
1.44000002e-009   0.02785938
1.45000002e-009   0.01840625
1.46000002e-009   0.02945313
1.47000002e-009   0.01773438
1.48000002e-009   0.02830469
1.49000002e-009   0.01665625
1.50000002e-009   0.02545313
1.51000002e-009   0.01622656
1.52000002e-009   0.02663281
1.53000002e-009        0.015
1.54000002e-009   0.02672656
1.55000002e-009   0.01517969
1.56000002e-009   0.02529688
1.57000002e-009   0.01524219
1.58000002e-009   0.02488281
1.59000002e-009   0.01405469
1.60000002e-009   0.02425781
1.61000002e-009        0.013
1.62000002e-009   0.02320313
1.63000002e-009    0.0141875
1.64000002e-009   0.02378125
1.65000002e-009   0.01396094
1.66000002e-009   0.02353125
1.67000002e-009        0.013
1.68000002e-009        0.023
1.69000002e-009   0.01127344
1.70000002e-009   0.02278125
1.71000002e-009   0.01208594
1.72000002e-009        0.025
1.73000002e-009   0.01267969
1.74000002e-009        0.023
1.75000002e-009        0.013
1.76000002e-009   0.02245313
1.77000002e-009   0.01265625
1.78000002e-009    0.0230625
1.79000002e-009   0.01241406
1.80000002e-009   0.02232813
1.81000002e-009   0.01226563
1.82000002e-009   0.02227344
1.83000002e-009   0.01274219
1.84000002e-009   0.02241406
1.85000002e-009    0.0129375
1.86000002e-009   0.02300781
1.87000002e-009   0.01167969
1.88000003e-009   0.02278125
1.89000003e-009   0.01148438
1.90000003e-009   0.02202344
1.91000003e-009        0.011
1.92000003e-009   0.02340625
1.93000003e-009   0.01228125
1.94000003e-009   0.02307813
1.95000003e-009   0.01298438
1.96000003e-009    0.0246875
1.97000003e-009   0.01298438
1.98000003e-009      0.02475
1.99000003e-009   0.01389063
2.00000003e-009   0.02311719
2.01000003e-009        0.013
2.02000003e-009   0.02354688
2.03000003e-009   0.01353125
2.04000003e-009   0.02319531
2.05000003e-009   0.01423438
2.06000003e-009   0.02323438
2.07000003e-009   0.01383594
2.08000003e-009   0.02248438
2.09000003e-009   0.01382813
2.10000003e-009        0.023
2.11000003e-009      0.01275
2.12000003e-009   0.02340625
2.13000003e-009        0.013
2.14000003e-009   0.02340625
2.15000003e-009   0.01389844
2.16000003e-009   0.02370313
2.17000003e-009   0.01457031
2.18000003e-009        0.025
2.19000003e-009   0.01335156
2.20000003e-009   0.02566406
2.21000003e-009   0.01346094
2.22000003e-009      0.02575
2.23000003e-009      0.01325
2.24000003e-009   0.02328906
2.25000003e-009   0.01315625
2.26000003e-009   0.02192969
2.27000003e-009        0.013
2.28000003e-009        0.023
2.29000003e-009        0.013
2.30000003e-009   0.02364063
2.31000003e-009   0.01313281
2.32000003e-009   0.02214844
2.33000003e-009   0.01469531
2.34000003e-009   0.02328125
2.35000003e-009   0.01255469
2.36000003e-009   0.02455469
2.37000003e-009   0.01021875
2.38000003e-009        0.023
2.39000003e-009   0.01084375
2.40000003e-009   0.02304688
2.41000003e-009   0.01280469
2.42000003e-009   0.02267188
2.43000003e-009   0.01219531
2.44000003e-009   0.02132031
2.45000003e-009        0.013
2.46000003e-009   0.02125781
2.47000003e-009   0.01165625
2.48000003e-009   0.02289063
2.49000003e-009   0.01092969
2.50000003e-009   0.02248438
