+3.00000000000E+005  -7.54329300590E+001
+7.79850000000E+006  -8.25204339040E+001
+1.52970000000E+007  -8.78175230660E+001
+2.27955000000E+007  -7.33321658301E+001
+3.02940000000E+007  -7.19737649838E+001
+3.77925000000E+007  -8.71719675752E+001
+4.52910000000E+007  -7.38497860363E+001
+5.27895000000E+007  -7.24777858720E+001
+6.02880000000E+007  -6.57429423811E+001
+6.77865000000E+007  -6.93682278368E+001
+7.52850000000E+007  -7.08761877830E+001
+8.27835000000E+007  -6.71342574099E+001
+9.02820000000E+007  -7.00509430526E+001
+9.77805000000E+007  -6.32729887567E+001
+1.05279000000E+008  -6.73747933495E+001
+1.12777500000E+008  -7.46478057697E+001
+1.20276000000E+008  -6.26956225031E+001
+1.27774500000E+008  -7.29821508207E+001
+1.35273000000E+008  -6.69082238002E+001
+1.42771500000E+008  -6.09583082523E+001
+1.50270000000E+008  -6.10411747842E+001
+1.57768500000E+008  -6.36257461371E+001
+1.65267000000E+008  -6.36418040280E+001
+1.72765500000E+008  -6.03080850896E+001
+1.80264000000E+008  -6.48914256879E+001
+1.87762500000E+008  -5.51862085509E+001
+1.95261000000E+008  -5.48709619113E+001
+2.02759500000E+008  -6.19158493371E+001
+2.10258000000E+008  -6.64480471693E+001
+2.17756500000E+008  -6.57210824591E+001
+2.25255000000E+008  -5.22977951184E+001
+2.32753500000E+008  -5.19800237056E+001
+2.40252000000E+008  -5.83585663532E+001
+2.47750500000E+008  -5.35679661289E+001
+2.55249000000E+008  -5.92315564628E+001
+2.62747500000E+008  -5.59413031744E+001
+2.70246000000E+008  -5.47105330017E+001
+2.77744500000E+008  -6.29813223910E+001
+2.85243000000E+008  -5.41596571727E+001
+2.92741500000E+008  -5.27645440724E+001
+3.00240000000E+008  -6.23127878934E+001
+3.07738500000E+008  -5.24709284934E+001
+3.15237000000E+008  -6.41912569191E+001
+3.22735500000E+008  -6.80905543242E+001
+3.30234000000E+008  -5.55869747893E+001
+3.37732500000E+008  -6.96235971987E+001
+3.45231000000E+008  -5.94793711451E+001
+3.52729500000E+008  -5.97927430955E+001
+3.60228000000E+008  -5.29248747894E+001
+3.67726500000E+008  -7.24563018276E+001
+3.75225000000E+008  -6.08319217071E+001
+3.82723500000E+008  -6.75983501567E+001
+3.90222000000E+008  -5.21149086553E+001
+3.97720500000E+008  -6.29530722923E+001
+4.05219000000E+008  -5.23743374728E+001
+4.12717500000E+008  -5.58391951247E+001
+4.20216000000E+008  -5.13980313631E+001
+4.27714500000E+008  -5.20078593132E+001
+4.35213000000E+008  -6.53871660159E+001
+4.42711500000E+008  -5.70380894271E+001
+4.50210000000E+008  -5.61917037592E+001
+4.57708500000E+008  -7.10124760941E+001
+4.65207000000E+008  -6.23913635069E+001
+4.72705500000E+008  -6.26861903348E+001
+4.80204000000E+008  -6.59909628693E+001
+4.87702500000E+008  -5.18247408563E+001
+4.95201000000E+008  -5.74202002402E+001
+5.02699500000E+008  -6.00553802630E+001
+5.10198000000E+008  -5.86745713665E+001
+5.17696500000E+008  -5.75598246248E+001
+5.25195000000E+008  -5.29655400734E+001
+5.32693500000E+008  -6.00264341231E+001
+5.40192000000E+008  -6.10830608758E+001
+5.47690500000E+008  -6.73485735939E+001
+5.55189000000E+008  -5.72301329766E+001
+5.62687500000E+008  -7.65946949243E+001
+5.70186000000E+008  -5.92177466391E+001
+5.77684500000E+008  -5.62784314697E+001
+5.85183000000E+008  -7.07747980007E+001
+5.92681500000E+008  -5.60060457098E+001
+6.00180000000E+008  -5.99665918114E+001
+6.07678500000E+008  -5.62436668300E+001
+6.15177000000E+008  -5.69574453708E+001
+6.22675500000E+008  -6.03225650141E+001
+6.30174000000E+008  -5.43818057563E+001
+6.37672500000E+008  -5.30529822515E+001
+6.45171000000E+008  -5.65602900450E+001
+6.52669500000E+008  -5.62332181609E+001
+6.60168000000E+008  -6.31401026775E+001
+6.67666500000E+008  -6.98240753268E+001
+6.75165000000E+008  -6.75892782017E+001
+6.82663500000E+008  -7.76075411244E+001
+6.90162000000E+008  -6.21549934090E+001
+6.97660500000E+008  -6.18934227626E+001
+7.05159000000E+008  -6.11449357229E+001
+7.12657500000E+008  -6.84888693874E+001
+7.20156000000E+008  -6.31774544688E+001
+7.27654500000E+008  -5.92499283638E+001
+7.35153000000E+008  -5.96320556803E+001
+7.42651500000E+008  -5.46950668816E+001
+7.50150000000E+008  -7.66940436233E+001
+7.57648500000E+008  -6.78827426221E+001
+7.65147000000E+008  -6.79544500157E+001
+7.72645500000E+008  -6.19227771624E+001
+7.80144000000E+008  -5.67237503375E+001
+7.87642500000E+008  -5.91041937885E+001
+7.95141000000E+008  -5.79794409729E+001
+8.02639500000E+008  -6.35523315561E+001
+8.10138000000E+008  -6.56110072800E+001
+8.17636500000E+008  -7.31173844058E+001
+8.25135000000E+008  -6.82046640028E+001
+8.32633500000E+008  -6.18565989063E+001
+8.40132000000E+008  -6.90177586970E+001
+8.47630500000E+008  -6.21073560913E+001
+8.55129000000E+008  -6.97851915578E+001
+8.62627500000E+008  -6.83923684561E+001
+8.70126000000E+008  -6.80117115690E+001
+8.77624500000E+008  -6.28419209489E+001
+8.85123000000E+008  -6.89172293656E+001
+8.92621500000E+008  -6.50941715440E+001
+9.00120000000E+008  -6.10318561544E+001
+9.07618500000E+008  -5.87114585002E+001
+9.15117000000E+008  -5.82499469818E+001
+9.22615500000E+008  -6.26351095735E+001
+9.30114000000E+008  -7.11025804692E+001
+9.37612500000E+008  -5.84931084818E+001
+9.45111000000E+008  -5.80907495528E+001
+9.52609500000E+008  -6.06204523302E+001
+9.60108000000E+008  -6.26721409252E+001
+9.67606500000E+008  -6.48555090311E+001
+9.75105000000E+008  -6.80125149604E+001
+9.82603500000E+008  -6.38377869576E+001
+9.90102000000E+008  -7.80488986795E+001
+9.97600500000E+008  -6.47333926075E+001
+1.00509900000E+009  -7.55507011430E+001
+1.01259750000E+009  -6.48511717887E+001
+1.02009600000E+009  -6.76422463371E+001
+1.02759450000E+009  -6.16230362557E+001
+1.03509300000E+009  -6.38970588282E+001
+1.04259150000E+009  -6.41717683550E+001
+1.05009000000E+009  -6.08996547817E+001
+1.05758850000E+009  -6.09065035934E+001
+1.06508700000E+009  -6.30140341991E+001
+1.07258550000E+009  -7.80156194711E+001
+1.08008400000E+009  -5.94288553305E+001
+1.08758250000E+009  -6.04976729288E+001
+1.09508100000E+009  -6.52065551424E+001
+1.10257950000E+009  -6.36808918313E+001
+1.11007800000E+009  -7.69216717529E+001
+1.11757650000E+009  -6.51450868874E+001
+1.12507500000E+009  -6.94872475730E+001
+1.13257350000E+009  -7.06251196860E+001
+1.14007200000E+009  -8.26393917713E+001
+1.14757050000E+009  -6.68556455399E+001
+1.15506900000E+009  -6.22081483958E+001
+1.16256750000E+009  -6.83101782775E+001
+1.17006600000E+009  -7.43337331920E+001
+1.17756450000E+009  -6.85358328433E+001
+1.18506300000E+009  -7.56720697359E+001
+1.19256150000E+009  -6.62206616002E+001
+1.20006000000E+009  -6.43922428070E+001
+1.20755850000E+009  -7.01196500140E+001
+1.21505700000E+009  -6.77297712016E+001
+1.22255550000E+009  -8.48989219093E+001
+1.23005400000E+009  -7.25751963394E+001
+1.23755250000E+009  -6.45521436114E+001
+1.24505100000E+009  -7.17556610514E+001
+1.25254950000E+009  -6.18200662809E+001
+1.26004800000E+009  -7.67390897499E+001
+1.26754650000E+009  -6.69790395636E+001
+1.27504500000E+009  -7.83994527319E+001
+1.28254350000E+009  -6.65654188641E+001
+1.29004200000E+009  -6.97254284767E+001
+1.29754050000E+009  -7.15531556048E+001
+1.30503900000E+009  -9.44031183447E+001
+1.31253750000E+009  -6.65559865069E+001
+1.32003600000E+009  -6.67362284804E+001
+1.32753450000E+009  -6.93468328089E+001
+1.33503300000E+009  -6.88392896963E+001
+1.34253150000E+009  -6.76232030889E+001
+1.35003000000E+009  -6.82079146706E+001
+1.35752850000E+009  -7.23982601887E+001
+1.36502700000E+009  -7.46511034387E+001
+1.37252550000E+009  -6.83493138399E+001
+1.38002400000E+009  -7.75109650134E+001
+1.38752250000E+009  -7.09303609205E+001
+1.39502100000E+009  -6.78174545646E+001
+1.40251950000E+009  -7.83302501496E+001
+1.41001800000E+009  -6.79964950190E+001
+1.41751650000E+009  -6.99447831457E+001
+1.42501500000E+009  -9.21587233200E+001
+1.43251350000E+009  -7.73953816975E+001
+1.44001200000E+009  -7.51244181785E+001
+1.44751050000E+009  -8.04217810415E+001
+1.45500900000E+009  -7.70750208655E+001
+1.46250750000E+009  -7.45361501686E+001
+1.47000600000E+009  -7.25939384228E+001
+1.47750450000E+009  -7.67030273146E+001
+1.48500300000E+009  -8.04513055048E+001
+1.49250150000E+009  -7.23522260769E+001
+1.50000000000E+009  -7.04841124890E+001
