-1.24500002e-009 -0.006539063
-1.24000002e-009   0.00303125
-1.23500002e-009 -0.006179688
-1.23000002e-009        0.003
-1.22500002e-009 -0.007156251
-1.22000002e-009  0.003195312
-1.21500002e-009 -0.007718751
-1.21000002e-009    0.0031875
-1.20500002e-009 -0.007687501
-1.20000002e-009  0.003304687
-1.19500002e-009 -0.007218751
-1.19000002e-009  0.002984375
-1.18500002e-009 -0.007320313
-1.18000002e-009        0.003
-1.17500002e-009 -0.007000001
-1.17000002e-009  0.002679687
-1.16500002e-009 -0.007000001
-1.16000002e-009  0.002359375
-1.15500002e-009 -0.007195313
-1.15000002e-009        0.003
-1.14500002e-009 -0.007257813
-1.14000002e-009  0.003289062
-1.13500002e-009 -0.007296876
-1.13000002e-009  0.003570312
-1.12500002e-009 -0.007335938
-1.12000001e-009    0.0036875
-1.11500001e-009 -0.008726563
-1.11000001e-009        0.003
-1.10500001e-009 -0.009000001
-1.10000001e-009  0.003335937
-1.09500001e-009 -0.007984376
-1.09000001e-009  0.003390625
-1.08500001e-009 -0.007226563
-1.08000001e-009  0.004078125
-1.07500001e-009 -0.007437501
-1.07000001e-009   0.00421875
-1.06500001e-009 -0.008054688
-1.06000001e-009   0.00359375
-1.05500001e-009 -0.008250001
-1.05000001e-009  0.004054687
-1.04500001e-009 -0.008054688
-1.04000001e-009  0.003929687
-1.03500001e-009 -0.007781251
-1.03000001e-009   0.00315625
-1.02500001e-009 -0.007843751
-1.02000001e-009  0.002367187
-1.01500001e-009 -0.007250001
-1.01000001e-009  0.003078125
-1.00500001e-009 -0.007000001
-1.00000001e-009    0.0030625
-9.95000013e-010 -0.007125001
-9.90000013e-010  0.002976562
-9.85000013e-010 -0.007343751
-9.80000013e-010        0.003
-9.75000013e-010 -0.007640626
-9.70000013e-010  0.001859375
-9.65000013e-010 -0.007382813
-9.60000013e-010  0.002492187
-9.55000013e-010 -0.007445313
-9.50000013e-010  0.002976562
-9.45000013e-010 -0.007773438
-9.40000013e-010        0.003
-9.35000012e-010 -0.008265626
-9.30000012e-010  0.002171875
-9.25000012e-010 -0.008335938
-9.20000012e-010 0.0009999997
-9.15000012e-010 -0.008804688
-9.10000012e-010 0.0009999997
-9.05000012e-010 -0.008984376
-9.00000012e-010 0.0008437497
-8.95000012e-010 -0.009125001
-8.90000012e-010     0.001125
-8.85000012e-010 -0.009867188
-8.80000012e-010 0.0009999997
-8.75000012e-010 -0.009953126
-8.70000012e-010 0.0006562497
-8.65000012e-010 -0.009515626
-8.60000011e-010  0.001171875
-8.55000011e-010  -0.01019531
-8.50000011e-010 0.0009296872
-8.45000011e-010  -0.01035938
-8.40000011e-010 5.468715e-005
-8.35000011e-010       -0.011
-8.30000011e-010  -0.00103125
-8.25000011e-010  -0.01257813
-8.20000011e-010 -0.001671875
-8.15000011e-010  -0.01403906
-8.10000011e-010 -0.002507813
-8.05000011e-010  -0.01507031
-8.00000011e-010 -0.004015626
-7.95000011e-010  -0.01572656
-7.90000011e-010 -0.004593751
-7.8500001e-010  -0.01733594
-7.8000001e-010 -0.006109376
-7.7500001e-010       -0.019
-7.7000001e-010 -0.009000001
-7.6500001e-010  -0.02184375
-7.6000001e-010  -0.01089063
-7.5500001e-010  -0.02433594
-7.5000001e-010      -0.0125
-7.4500001e-010  -0.02703125
-7.4000001e-010  -0.01411719
-7.3500001e-010  -0.03130469
-7.3000001e-010  -0.01705469
-7.2500001e-010  -0.03507813
-7.2000001e-010  -0.02085938
-7.1500001e-010  -0.04060938
-7.10000009e-010       -0.025
-7.05000009e-010  -0.04645313
-7.00000009e-010  -0.02898438
-6.95000009e-010   -0.0521875
-6.90000009e-010  -0.03419531
-6.85000009e-010   -0.0584375
-6.80000009e-010  -0.03947656
-6.75000009e-010  -0.06495313
-6.70000009e-010   -0.0446875
-6.65000009e-010  -0.07160938
-6.60000009e-010       -0.051
-6.55000009e-010  -0.07845313
-6.50000009e-010  -0.05692969
-6.45000009e-010  -0.08561719
-6.40000009e-010   -0.0636875
-6.35000008e-010       -0.093
-6.30000008e-010       -0.071
-6.25000008e-010   -0.1003906
-6.20000008e-010   -0.0773125
-6.15000008e-010   -0.1089219
-6.10000008e-010       -0.083
-6.05000008e-010   -0.1166328
-6.00000008e-010  -0.08917188
-5.95000008e-010   -0.1245547
-5.90000008e-010   -0.0961875
-5.85000008e-010   -0.1325469
-5.80000008e-010       -0.104
-5.75000008e-010       -0.139
-5.70000008e-010   -0.1123828
-5.65000008e-010   -0.1432031
-5.60000007e-010       -0.121
-5.55000007e-010   -0.1485703
-5.50000007e-010   -0.1288906
-5.45000007e-010   -0.1530938
-5.40000007e-010    -0.136375
-5.35000007e-010   -0.1560781
-5.30000007e-010   -0.1416563
-5.25000007e-010       -0.159
-5.20000007e-010   -0.1461328
-5.15000007e-010       -0.163
-5.10000007e-010   -0.1479453
-5.05000007e-010   -0.1651094
-5.00000007e-010   -0.1498359
-4.95000007e-010   -0.1658984
-4.90000007e-010   -0.1518828
-4.85000006e-010   -0.1656172
-4.80000006e-010       -0.153
-4.75000006e-010   -0.1652031
-4.70000006e-010   -0.1529141
-4.65000006e-010   -0.1640859
-4.60000006e-010    -0.152875
-4.55000006e-010       -0.165
-4.50000006e-010   -0.1526094
-4.45000006e-010    -0.163625
-4.40000006e-010   -0.1517422
-4.35000006e-010   -0.1621406
-4.30000006e-010   -0.1510625
-4.25000006e-010   -0.1601719
-4.20000006e-010   -0.1502031
-4.15000006e-010   -0.1594922
-4.10000005e-010   -0.1480078
-4.05000005e-010   -0.1580391
-4.00000005e-010   -0.1464609
-3.95000005e-010       -0.157
-3.90000005e-010   -0.1443359
-3.85000005e-010   -0.1557813
-3.80000005e-010   -0.1426172
-3.75000005e-010       -0.155
-3.70000005e-010   -0.1413984
-3.65000005e-010   -0.1522969
-3.60000005e-010   -0.1401172
-3.55000005e-010       -0.151
-3.50000005e-010   -0.1385703
-3.45000005e-010   -0.1492188
-3.40000005e-010   -0.1368281
-3.35000004e-010    -0.148375
-3.30000004e-010   -0.1345625
-3.25000004e-010   -0.1465625
-3.20000004e-010   -0.1321016
-3.15000004e-010   -0.1456719
-3.10000004e-010   -0.1290625
-3.05000004e-010   -0.1434531
-3.00000004e-010       -0.125
-2.95000004e-010   -0.1395469
-2.90000004e-010   -0.1211641
-2.85000004e-010   -0.1362422
-2.80000004e-010   -0.1182344
-2.75000004e-010   -0.1328203
-2.70000004e-010   -0.1141016
-2.65000004e-010   -0.1301953
-2.60000003e-010   -0.1085703
-2.55000003e-010   -0.1272344
-2.50000003e-010   -0.1012656
-2.45000003e-010   -0.1232109
-2.40000003e-010     -0.09425
-2.35000003e-010   -0.1185625
-2.30000003e-010  -0.08788282
-2.25000003e-010   -0.1134219
-2.20000003e-010  -0.08216407
-2.15000003e-010   -0.1078984
-2.10000003e-010  -0.07666407
-2.05000003e-010   -0.1017344
-2.00000003e-010  -0.06898438
-1.95000003e-010  -0.09471875
-1.90000003e-010  -0.06124219
-1.85000002e-010  -0.08716407
-1.80000002e-010  -0.05377344
-1.75000002e-010  -0.07922657
-1.70000002e-010  -0.04622657
-1.65000002e-010  -0.07109375
-1.60000002e-010  -0.03744531
-1.55000002e-010  -0.06289063
-1.50000002e-010  -0.02890625
-1.45000002e-010  -0.05455469
-1.40000002e-010       -0.021
-1.35000002e-010  -0.04623438
-1.30000002e-010  -0.01452344
-1.25000002e-010  -0.03816406
-1.20000002e-010 -0.008695313
-1.15000002e-010  -0.03057031
-1.10000001e-010 -0.003500001
-1.05000001e-010  -0.02382031
-1.00000001e-010  0.001070312
-9.50000013e-011  -0.01766406
-9.00000012e-011    0.0050625
-8.50000011e-011    -0.011625
-8.00000011e-011  0.009085938
-7.5000001e-011 -0.005664063
-7.00000009e-011   0.01224219
-6.50000009e-011 -7.81285e-006
-6.00000008e-011     0.014375
-5.50000007e-011  0.004507812
-5.00000007e-011    0.0161875
-4.50000006e-011      0.00725
-4.00000005e-011        0.019
-3.50000005e-011  0.009492188
-3.00000004e-011   0.01969531
-2.50000003e-011   0.01180469
-2.00000003e-011        0.021
-1.50000002e-011   0.01271875
-1.00000001e-011        0.023
-5.00000007e-012   0.01338281
           0   0.02328906
5.00000007e-012   0.01296875
1.00000001e-011        0.024
1.50000002e-011   0.01294531
2.00000003e-011   0.02488281
2.50000003e-011   0.01380469
3.00000004e-011   0.02447656
3.50000005e-011     0.013125
4.00000005e-011   0.02303125
4.50000006e-011        0.013
5.00000007e-011   0.02334375
5.50000007e-011   0.01195313
6.00000008e-011   0.02240625
6.50000009e-011       0.0115
7.00000009e-011   0.02082813
7.5000001e-011        0.011
8.00000011e-011   0.01919531
8.50000011e-011   0.01071094
9.00000012e-011   0.01902344
9.50000013e-011  0.009445313
1.00000001e-010   0.01903906
1.05000001e-010  0.008828125
1.10000001e-010     0.019875
1.15000002e-010  0.008679688
1.20000002e-010        0.021
1.25000002e-010  0.008984375
1.30000002e-010   0.02245313
1.35000002e-010    0.0104375
1.40000002e-010   0.02304688
1.45000002e-010    0.0113125
1.50000002e-010   0.02227344
1.55000002e-010   0.01223438
1.60000002e-010        0.023
1.65000002e-010   0.01340625
1.70000002e-010   0.02424219
1.75000002e-010   0.01447656
1.80000002e-010        0.026
1.85000002e-010   0.01548438
1.90000003e-010   0.02770313
1.95000003e-010   0.01601563
2.00000003e-010   0.02847656
2.05000003e-010     0.016625
2.10000003e-010       0.0285
2.15000003e-010   0.01751563
2.20000003e-010        0.029
2.25000003e-010   0.01830469
2.30000003e-010   0.03059375
2.35000003e-010   0.01986719
2.40000003e-010    0.0321875
2.45000003e-010   0.02017969
2.50000003e-010   0.03296875
2.55000003e-010   0.01992188
2.60000003e-010   0.03269531
2.65000004e-010   0.02003906
2.70000004e-010   0.03146094
2.75000004e-010   0.02057813
2.80000004e-010   0.03094531
2.85000004e-010   0.02090625
2.90000004e-010        0.031
2.95000004e-010   0.01939844
3.00000004e-010    0.0301875
3.05000004e-010   0.01888281
3.10000004e-010        0.029
3.15000004e-010   0.01947656
3.20000004e-010    0.0296875
3.25000004e-010   0.01960938
3.30000004e-010   0.02949219
3.35000004e-010   0.01770313
3.40000005e-010   0.02891406
3.45000005e-010       0.0165
3.50000005e-010   0.02827344
3.55000005e-010   0.01613281
3.60000005e-010   0.02845313
3.65000005e-010       0.0165
3.70000005e-010   0.02921094
3.75000005e-010        0.017
3.80000005e-010    0.0295625
3.85000005e-010     0.016375
3.90000005e-010   0.02934375
3.95000005e-010   0.01515625
4.00000005e-010   0.02841406
4.05000005e-010   0.01480469
4.10000005e-010   0.02752344
4.15000006e-010   0.01385938
4.20000006e-010   0.02754688
4.25000006e-010   0.01357031
4.30000006e-010   0.02721875
4.35000006e-010   0.01425781
4.40000006e-010   0.02653125
4.45000006e-010   0.01565625
4.50000006e-010   0.02523438
4.55000006e-010   0.01497656
4.60000006e-010   0.02626563
4.65000006e-010   0.01463281
4.70000006e-010        0.027
4.75000006e-010   0.01453125
4.80000006e-010   0.02667188
4.85000006e-010   0.01346875
4.90000007e-010   0.02552344
4.95000007e-010   0.01288281
5.00000007e-010   0.02592188
5.05000007e-010        0.013
5.10000007e-010   0.02649219
5.15000007e-010   0.01395313
5.20000007e-010   0.02638281
5.25000007e-010   0.01490625
5.30000007e-010   0.02695313
5.35000007e-010   0.01535156
5.40000007e-010   0.02682813
5.45000007e-010   0.01547656
5.50000007e-010   0.02603906
5.55000007e-010   0.01528125
5.60000007e-010   0.02511719
5.65000008e-010   0.01448438
5.70000008e-010   0.02557031
5.75000008e-010   0.01457813
5.80000008e-010   0.02503125
5.85000008e-010   0.01471875
5.90000008e-010   0.02532813
5.95000008e-010   0.01475781
6.00000008e-010        0.027
6.05000008e-010   0.01447656
6.10000008e-010   0.02752344
6.15000008e-010   0.01335938
6.20000008e-010   0.02692969
6.25000008e-010   0.01292969
6.30000008e-010   0.02540625
6.35000008e-010   0.01328906
6.40000009e-010   0.02542188
6.45000009e-010   0.01432813
6.50000009e-010   0.02491406
6.55000009e-010   0.01510938
6.60000009e-010        0.025
6.65000009e-010   0.01472656
6.70000009e-010        0.025
6.75000009e-010   0.01478125
6.80000009e-010   0.02478906
6.85000009e-010   0.01360938
6.90000009e-010        0.025
6.95000009e-010   0.01258594
7.00000009e-010   0.02467969
7.05000009e-010   0.01209375
7.10000009e-010   0.02321875
7.1500001e-010   0.01222656
7.2000001e-010   0.02321875
7.2500001e-010   0.01271875
7.3000001e-010   0.02311719
7.3500001e-010        0.013
7.4000001e-010    0.0236875
7.4500001e-010   0.01321875
7.5000001e-010   0.02415625
7.5500001e-010   0.01295313
7.6000001e-010   0.02426563
7.6500001e-010        0.013
7.7000001e-010   0.02389844
7.7500001e-010   0.01339844
7.8000001e-010        0.023
7.8500001e-010   0.01400781
7.90000011e-010   0.02328906
7.95000011e-010   0.01367969
8.00000011e-010   0.02322656
8.05000011e-010   0.01163281
8.10000011e-010   0.02289844
8.15000011e-010  0.009734375
8.20000011e-010   0.02282031
8.25000011e-010        0.009
8.30000011e-010     0.022875
8.35000011e-010   0.00978125
8.40000011e-010   0.02313281
8.45000011e-010   0.01157813
8.50000011e-010   0.02342188
8.55000011e-010   0.01117188
8.60000011e-010        0.024
8.65000012e-010   0.01096875
8.70000012e-010     0.023875
8.75000012e-010        0.011
8.80000012e-010        0.023
8.85000012e-010   0.01142188
8.90000012e-010   0.02379688
8.95000012e-010   0.01207813
9.00000012e-010   0.02460938
9.05000012e-010   0.01292188
9.10000012e-010   0.02499219
9.15000012e-010   0.01391406
9.20000012e-010   0.02483594
9.25000012e-010        0.015
9.30000012e-010   0.02491406
9.35000012e-010   0.01473438
9.40000013e-010   0.02529688
9.45000013e-010   0.01439844
9.50000013e-010   0.02548438
9.55000013e-010   0.01444531
9.60000013e-010   0.02514844
9.65000013e-010   0.01494531
9.70000013e-010   0.02477344
9.75000013e-010   0.01532813
9.80000013e-010        0.025
9.85000013e-010   0.01482813
9.90000013e-010   0.02567188
9.95000013e-010     0.014875
1.00000001e-009    0.0263125
1.00500001e-009   0.01404688
1.01000001e-009   0.02692969
1.01500001e-009   0.01397656
1.02000001e-009    0.0268125
1.02500001e-009   0.01439844
1.03000001e-009   0.02599219
1.03500001e-009   0.01336719
1.04000001e-009   0.02521094
1.04500001e-009   0.01283594
1.05000001e-009        0.025
1.05500001e-009   0.01292188
1.06000001e-009        0.025
1.06500001e-009   0.01354688
1.07000001e-009   0.02528125
1.07500001e-009   0.01465625
1.08000001e-009      0.02675
1.08500001e-009   0.01614063
1.09000001e-009    0.0271875
1.09500001e-009   0.01688281
1.10000001e-009   0.02652344
1.10500001e-009        0.017
1.11000001e-009   0.02664844
1.11500001e-009   0.01685938
1.12000001e-009   0.02710156
1.12500002e-009   0.01724219
1.13000002e-009   0.02716406
1.13500002e-009   0.01782031
1.14000002e-009   0.02830469
1.14500002e-009   0.01754688
1.15000002e-009        0.029
1.15500002e-009        0.017
1.16000002e-009   0.02901563
1.16500002e-009     0.017375
1.17000002e-009   0.02849219
1.17500002e-009   0.01833594
1.18000002e-009   0.02801563
1.18500002e-009   0.01823438
1.19000002e-009   0.02788281
1.19500002e-009   0.01828125
1.20000002e-009   0.02804688
1.20500002e-009      0.01875
1.21000002e-009   0.02889063
1.21500002e-009   0.01759375
1.22000002e-009   0.02880469
1.22500002e-009   0.01667188
1.23000002e-009   0.02871875
1.23500002e-009        0.017
1.24000002e-009   0.02898438
1.24500002e-009   0.01871094
1.25000002e-009        0.029
