-1.24500002e-009 -0.002304688
-1.24000002e-009   -0.0023125
-1.23500002e-009 -0.002289063
-1.23000002e-009 -0.002273438
-1.22500002e-009 -0.002265625
-1.22000002e-009 -0.002273438
-1.21500002e-009 -0.002242188
-1.21000002e-009 -0.002226563
-1.20500002e-009 -0.002242188
-1.20000002e-009 -0.002234375
-1.19500002e-009 -0.002234375
-1.19000002e-009 -0.002257813
-1.18500002e-009 -0.002226563
-1.18000002e-009 -0.002265625
-1.17500002e-009 -0.002289063
-1.17000002e-009 -0.002328125
-1.16500002e-009 -0.002367188
-1.16000002e-009 -0.002367188
-1.15500002e-009 -0.002390625
-1.15000002e-009 -0.002414063
-1.14500002e-009 -0.002429688
-1.14000002e-009 -0.002421875
-1.13500002e-009 -0.002429688
-1.13000002e-009 -0.002429688
-1.12500002e-009 -0.002421875
-1.12000001e-009 -0.002445313
-1.11500001e-009 -0.002421875
-1.11000001e-009 -0.002429688
-1.10500001e-009 -0.002453125
-1.10000001e-009 -0.002484375
-1.09500001e-009  -0.00253125
-1.09000001e-009  -0.00253125
-1.08500001e-009  -0.00259375
-1.08000001e-009 -0.002640625
-1.07500001e-009  -0.00271875
-1.07000001e-009  -0.00278125
-1.06500001e-009  -0.00284375
-1.06000001e-009 -0.002914063
-1.05500001e-009  -0.00296875
-1.05000001e-009 -0.003015625
-1.04500001e-009   -0.0030625
-1.04000001e-009 -0.003101563
-1.03500001e-009 -0.003109375
-1.03000001e-009 -0.003117188
-1.02500001e-009 -0.003117188
-1.02000001e-009 -0.003109375
-1.01500001e-009 -0.003101563
-1.01000001e-009  -0.00309375
-1.00500001e-009 -0.003148438
-1.00000001e-009  -0.00315625
-9.95000013e-010 -0.003140625
-9.90000013e-010 -0.003179688
-9.85000013e-010 -0.003218751
-9.80000013e-010 -0.003250001
-9.75000013e-010 -0.003304688
-9.70000013e-010 -0.003367188
-9.65000013e-010 -0.003398438
-9.60000013e-010 -0.003507813
-9.55000013e-010 -0.003562501
-9.50000013e-010 -0.003625001
-9.45000013e-010 -0.003703126
-9.40000013e-010 -0.003796876
-9.35000012e-010 -0.003867188
-9.30000012e-010 -0.003953126
-9.25000012e-010 -0.004070313
-9.20000012e-010 -0.004195313
-9.15000012e-010 -0.004351563
-9.10000012e-010 -0.004500001
-9.05000012e-010 -0.004710938
-9.00000012e-010 -0.004898438
-8.95000012e-010 -0.005125001
-8.90000012e-010 -0.005328126
-8.85000012e-010 -0.005617188
-8.80000012e-010 -0.005906251
-8.75000012e-010 -0.006171876
-8.70000012e-010 -0.006421876
-8.65000012e-010 -0.006742188
-8.60000011e-010 -0.007046876
-8.55000011e-010 -0.007359376
-8.50000011e-010 -0.007679688
-8.45000011e-010 -0.008007813
-8.40000011e-010 -0.008312501
-8.35000011e-010 -0.008671876
-8.30000011e-010 -0.009046876
-8.25000011e-010 -0.009398438
-8.20000011e-010 -0.009789063
-8.15000011e-010  -0.01023438
-8.10000011e-010  -0.01075781
-8.05000011e-010  -0.01132813
-8.00000011e-010   -0.0119375
-7.95000011e-010  -0.01258594
-7.90000011e-010  -0.01332813
-7.8500001e-010  -0.01416406
-7.8000001e-010  -0.01507031
-7.7500001e-010  -0.01603906
-7.7000001e-010  -0.01713281
-7.6500001e-010  -0.01833594
-7.6000001e-010  -0.01967969
-7.5500001e-010  -0.02108594
-7.5000001e-010  -0.02264844
-7.4500001e-010  -0.02432031
-7.4000001e-010  -0.02609375
-7.3500001e-010  -0.02801563
-7.3000001e-010  -0.03007813
-7.2500001e-010  -0.03219531
-7.2000001e-010  -0.03449219
-7.1500001e-010   -0.0369375
-7.10000009e-010  -0.03951563
-7.05000009e-010  -0.04224219
-7.00000009e-010  -0.04510156
-6.95000009e-010  -0.04805469
-6.90000009e-010   -0.0511875
-6.85000009e-010  -0.05441407
-6.80000009e-010  -0.05778125
-6.75000009e-010  -0.06125782
-6.70000009e-010  -0.06490625
-6.65000009e-010  -0.06864063
-6.60000009e-010  -0.07247657
-6.55000009e-010  -0.07644532
-6.50000009e-010  -0.08045313
-6.45000009e-010  -0.08455469
-6.40000009e-010  -0.08865625
-6.35000008e-010  -0.09283594
-6.30000008e-010  -0.09699219
-6.25000008e-010   -0.1011094
-6.20000008e-010   -0.1052266
-6.15000008e-010   -0.1092578
-6.10000008e-010   -0.1131953
-6.05000008e-010   -0.1170156
-6.00000008e-010   -0.1207422
-5.95000008e-010   -0.1243359
-5.90000008e-010   -0.1277891
-5.85000008e-010   -0.1310781
-5.80000008e-010   -0.1341797
-5.75000008e-010    -0.137125
-5.70000008e-010   -0.1398516
-5.65000008e-010   -0.1424141
-5.60000007e-010   -0.1447969
-5.55000007e-010       -0.147
-5.50000007e-010   -0.1490313
-5.45000007e-010   -0.1508906
-5.40000007e-010   -0.1525625
-5.35000007e-010   -0.1540703
-5.30000007e-010   -0.1553984
-5.25000007e-010   -0.1565859
-5.20000007e-010   -0.1575703
-5.15000007e-010   -0.1583516
-5.10000007e-010   -0.1590391
-5.05000007e-010   -0.1595469
-5.00000007e-010    -0.159875
-4.95000007e-010   -0.1601328
-4.90000007e-010   -0.1602422
-4.85000006e-010   -0.1602031
-4.80000006e-010   -0.1601094
-4.75000006e-010   -0.1598359
-4.70000006e-010   -0.1595625
-4.65000006e-010   -0.1591406
-4.60000006e-010   -0.1587031
-4.55000006e-010   -0.1581797
-4.50000006e-010   -0.1577031
-4.45000006e-010   -0.1571328
-4.40000006e-010   -0.1566484
-4.35000006e-010   -0.1561172
-4.30000006e-010   -0.1555938
-4.25000006e-010   -0.1551016
-4.20000006e-010   -0.1546016
-4.15000006e-010   -0.1541484
-4.10000005e-010   -0.1536719
-4.05000005e-010   -0.1531953
-4.00000005e-010   -0.1527266
-3.95000005e-010   -0.1523125
-3.90000005e-010   -0.1518906
-3.85000005e-010   -0.1514375
-3.80000005e-010   -0.1510156
-3.75000005e-010   -0.1505313
-3.70000005e-010   -0.1500469
-3.65000005e-010   -0.1495078
-3.60000005e-010   -0.1489453
-3.55000005e-010    -0.148375
-3.50000005e-010   -0.1477109
-3.45000005e-010   -0.1471172
-3.40000005e-010   -0.1465313
-3.35000004e-010   -0.1458359
-3.30000004e-010   -0.1451641
-3.25000004e-010   -0.1444844
-3.20000004e-010   -0.1437969
-3.15000004e-010   -0.1430156
-3.10000004e-010   -0.1422656
-3.05000004e-010   -0.1415469
-3.00000004e-010   -0.1407266
-2.95000004e-010   -0.1399609
-2.90000004e-010   -0.1391953
-2.85000004e-010   -0.1383438
-2.80000004e-010   -0.1375078
-2.75000004e-010   -0.1366406
-2.70000004e-010   -0.1357344
-2.65000004e-010     -0.13475
-2.60000003e-010   -0.1337422
-2.55000003e-010   -0.1326484
-2.50000003e-010   -0.1314922
-2.45000003e-010   -0.1303359
-2.40000003e-010   -0.1290313
-2.35000003e-010   -0.1277109
-2.30000003e-010   -0.1262578
-2.25000003e-010   -0.1247422
-2.20000003e-010   -0.1231328
-2.15000003e-010   -0.1213984
-2.10000003e-010   -0.1195469
-2.05000003e-010   -0.1175391
-2.00000003e-010   -0.1154375
-1.95000003e-010   -0.1132266
-1.90000003e-010   -0.1108516
-1.85000002e-010   -0.1083672
-1.80000002e-010   -0.1057422
-1.75000002e-010   -0.1029375
-1.70000002e-010   -0.1000234
-1.65000002e-010  -0.09692969
-1.60000002e-010  -0.09374219
-1.55000002e-010    -0.090375
-1.50000002e-010  -0.08686719
-1.45000002e-010  -0.08328907
-1.40000002e-010  -0.07958594
-1.35000002e-010  -0.07577344
-1.30000002e-010  -0.07188282
-1.25000002e-010    -0.067875
-1.20000002e-010   -0.0638125
-1.15000002e-010  -0.05973438
-1.10000001e-010  -0.05554688
-1.05000001e-010  -0.05139844
-1.00000001e-010  -0.04716407
-9.50000013e-011  -0.04296094
-9.00000012e-011  -0.03875781
-8.50000011e-011  -0.03457031
-8.00000011e-011  -0.03047656
-7.5000001e-011  -0.02640625
-7.00000009e-011  -0.02248438
-6.50000009e-011  -0.01858594
-6.00000008e-011  -0.01482031
-5.50000007e-011  -0.01123438
-5.00000007e-011 -0.007773438
-4.50000006e-011 -0.004406251
-4.00000005e-011  -0.00128125
-3.50000005e-011  0.001671875
-3.00000004e-011  0.004445312
-2.50000003e-011  0.007039062
-2.00000003e-011  0.009398438
-1.50000002e-011   0.01160938
-1.00000001e-011   0.01358594
-5.00000007e-012   0.01538281
           0   0.01702344
5.00000007e-012   0.01852344
1.00000001e-011   0.01983594
1.50000002e-011   0.02097656
2.00000003e-011   0.02192188
2.50000003e-011      0.02275
3.00000004e-011   0.02344531
3.50000005e-011    0.0239375
4.00000005e-011   0.02430469
4.50000006e-011   0.02454688
5.00000007e-011   0.02466406
5.50000007e-011   0.02465625
6.00000008e-011   0.02451563
6.50000009e-011    0.0243125
7.00000009e-011   0.02396875
7.5000001e-011   0.02355469
8.00000011e-011   0.02303125
8.50000011e-011       0.0225
9.00000012e-011     0.021875
9.50000013e-011      0.02125
1.00000001e-010   0.02065625
1.05000001e-010   0.02007813
1.10000001e-010   0.01957031
1.15000002e-010   0.01903906
1.20000002e-010     0.018625
1.25000002e-010      0.01825
1.30000002e-010   0.01796094
1.35000002e-010   0.01777344
1.40000002e-010   0.01764844
1.45000002e-010   0.01758594
1.50000002e-010   0.01760938
1.55000002e-010   0.01777344
1.60000002e-010   0.01798438
1.65000002e-010   0.01820313
1.70000002e-010   0.01854688
1.75000002e-010   0.01889063
1.80000002e-010   0.01930469
1.85000002e-010   0.01979688
1.90000003e-010   0.02026563
1.95000003e-010    0.0208125
2.00000003e-010   0.02138281
2.05000003e-010   0.02196094
2.10000003e-010   0.02255469
2.15000003e-010   0.02315625
2.20000003e-010   0.02380469
2.25000003e-010   0.02440625
2.30000003e-010   0.02503906
2.35000003e-010   0.02563281
2.40000003e-010    0.0261875
2.45000003e-010   0.02673438
2.50000003e-010   0.02725781
2.55000003e-010   0.02765625
2.60000003e-010   0.02809375
2.65000004e-010   0.02844531
2.70000004e-010   0.02872656
2.75000004e-010   0.02896875
2.80000004e-010   0.02914063
2.85000004e-010   0.02926563
2.90000004e-010   0.02932813
2.95000004e-010   0.02935156
3.00000004e-010   0.02934375
3.05000004e-010   0.02928125
3.10000004e-010   0.02917969
3.15000004e-010    0.0290625
3.20000004e-010   0.02890625
3.25000004e-010   0.02875781
3.30000004e-010   0.02853125
3.35000004e-010   0.02834375
3.40000005e-010   0.02814063
3.45000005e-010   0.02792188
3.50000005e-010   0.02771875
3.55000005e-010   0.02753125
3.60000005e-010   0.02732031
3.65000005e-010     0.027125
3.70000005e-010   0.02691406
3.75000005e-010   0.02680469
3.80000005e-010   0.02661719
3.85000005e-010   0.02651563
3.90000005e-010   0.02639844
3.95000005e-010   0.02630469
4.00000005e-010   0.02624219
4.05000005e-010   0.02615625
4.10000005e-010   0.02608594
4.15000006e-010    0.0260625
4.20000006e-010   0.02598438
4.25000006e-010   0.02596875
4.30000006e-010   0.02586719
4.35000006e-010   0.02583594
4.40000006e-010   0.02577344
4.45000006e-010   0.02565625
4.50000006e-010   0.02559375
4.55000006e-010   0.02550781
4.60000006e-010   0.02539844
4.65000006e-010   0.02532031
4.70000006e-010      0.02525
4.75000006e-010   0.02514844
4.80000006e-010    0.0250625
4.85000006e-010   0.02502344
4.90000007e-010    0.0249375
4.95000007e-010   0.02488281
5.00000007e-010   0.02482813
5.05000007e-010   0.02478125
5.10000007e-010   0.02471875
5.15000007e-010   0.02467188
5.20000007e-010   0.02467969
5.25000007e-010   0.02460938
5.30000007e-010   0.02453125
5.35000007e-010   0.02447656
5.40000007e-010   0.02441406
5.45000007e-010   0.02435156
5.50000007e-010      0.02425
5.55000007e-010      0.02425
5.60000007e-010    0.0241875
5.65000008e-010   0.02408594
5.70000008e-010   0.02408594
5.75000008e-010   0.02410156
5.80000008e-010   0.02405469
5.85000008e-010   0.02403125
5.90000008e-010   0.02400781
5.95000008e-010   0.02399219
6.00000008e-010   0.02396094
6.05000008e-010   0.02391406
6.10000008e-010   0.02386719
6.15000008e-010   0.02379688
6.20000008e-010   0.02369531
6.25000008e-010   0.02360938
6.30000008e-010   0.02346875
6.35000008e-010   0.02328906
6.40000009e-010   0.02317188
6.45000009e-010   0.02296094
6.50000009e-010   0.02276563
6.55000009e-010   0.02258594
6.60000009e-010     0.022375
6.65000009e-010   0.02214844
6.70000009e-010    0.0219375
6.75000009e-010   0.02172656
6.80000009e-010       0.0215
6.85000009e-010   0.02128906
6.90000009e-010   0.02110156
6.95000009e-010     0.020875
7.00000009e-010   0.02065625
7.05000009e-010   0.02045313
7.10000009e-010   0.02025781
7.1500001e-010   0.02003125
7.2000001e-010   0.01982813
7.2500001e-010   0.01963281
7.3000001e-010    0.0194375
7.3500001e-010      0.01925
7.4000001e-010   0.01903906
7.4500001e-010   0.01891406
7.5000001e-010      0.01875
7.5500001e-010   0.01864844
7.6000001e-010   0.01850781
7.6500001e-010   0.01842969
7.7000001e-010   0.01835938
7.7500001e-010   0.01829688
7.8000001e-010   0.01828125
7.8500001e-010   0.01828906
7.90000011e-010   0.01832031
7.95000011e-010   0.01833594
8.00000011e-010   0.01838281
8.05000011e-010   0.01849219
8.10000011e-010   0.01858594
8.15000011e-010   0.01867188
8.20000011e-010   0.01875781
8.25000011e-010   0.01889844
8.30000011e-010        0.019
8.35000011e-010   0.01913281
8.40000011e-010   0.01923438
8.45000011e-010   0.01938281
8.50000011e-010   0.01945313
8.55000011e-010    0.0195625
8.60000011e-010   0.01965625
8.65000012e-010   0.01971875
8.70000012e-010      0.01975
8.75000012e-010   0.01978906
8.80000012e-010   0.01984375
8.85000012e-010   0.01985938
8.90000012e-010   0.01989063
8.95000012e-010   0.01990625
9.00000012e-010   0.01994531
9.05000012e-010   0.02002344
9.10000012e-010   0.02007031
9.15000012e-010   0.02016406
9.20000012e-010   0.02027344
9.25000012e-010   0.02036719
9.30000012e-010   0.02049219
9.35000012e-010    0.0206875
9.40000013e-010   0.02089063
9.45000013e-010   0.02104688
9.50000013e-010   0.02126563
9.55000013e-010    0.0214375
9.60000013e-010   0.02160938
9.65000013e-010   0.02180469
9.70000013e-010   0.02192969
9.75000013e-010   0.02204688
9.80000013e-010   0.02217969
9.85000013e-010   0.02225781
9.90000013e-010   0.02229688
9.95000013e-010   0.02239844
1.00000001e-009    0.0224375
1.00500001e-009   0.02241406
1.01000001e-009   0.02245313
1.01500001e-009   0.02249219
1.02000001e-009   0.02257031
1.02500001e-009   0.02261719
1.03000001e-009   0.02269531
1.03500001e-009   0.02278125
1.04000001e-009   0.02289063
1.04500001e-009   0.02301563
1.05000001e-009   0.02315625
1.05500001e-009   0.02329688
1.06000001e-009   0.02347656
1.06500001e-009   0.02360938
1.07000001e-009   0.02377344
1.07500001e-009   0.02388281
1.08000001e-009   0.02401563
1.08500001e-009   0.02410938
1.09000001e-009    0.0241875
1.09500001e-009   0.02425781
1.10000001e-009   0.02433594
1.10500001e-009   0.02439063
1.11000001e-009    0.0244375
1.11500001e-009   0.02447656
1.12000001e-009   0.02454688
1.12500002e-009    0.0245625
1.13000002e-009   0.02461719
1.13500002e-009   0.02467188
1.14000002e-009   0.02472656
1.14500002e-009   0.02482031
1.15000002e-009   0.02490625
1.15500002e-009   0.02497656
1.16000002e-009   0.02503125
1.16500002e-009   0.02515625
1.17000002e-009   0.02524219
1.17500002e-009    0.0253125
1.18000002e-009   0.02541406
1.18500002e-009   0.02546094
1.19000002e-009   0.02553906
1.19500002e-009     0.025625
1.20000002e-009   0.02567188
1.20500002e-009   0.02573438
1.21000002e-009   0.02579688
1.21500002e-009   0.02585156
1.22000002e-009     0.025875
1.22500002e-009    0.0259375
1.23000002e-009   0.02595313
1.23500002e-009   0.02599219
1.24000002e-009   0.02603906
1.24500002e-009   0.02605469
1.25000002e-009   0.02607813
