-4.98000007e-009 -0.005007813
-4.96000007e-009  0.007007812
-4.94000007e-009 -0.003945313
-4.92000007e-009  0.005367187
-4.90000007e-009       -0.003
-4.88000007e-009  0.006210937
-4.86000006e-009 -0.004023438
-4.84000006e-009  0.005757812
-4.82000006e-009 -0.003734376
-4.80000006e-009        0.007
-4.78000006e-009 -0.003195313
-4.76000006e-009     0.004875
-4.74000006e-009 -0.003445313
-4.72000006e-009        0.007
-4.70000006e-009 -0.004453126
-4.68000006e-009    0.0048125
-4.66000006e-009 -0.004875001
-4.64000006e-009   0.00740625
-4.62000006e-009 -0.003421876
-4.60000006e-009        0.007
-4.58000006e-009 -0.003226563
-4.56000006e-009  0.005539062
-4.54000006e-009 -0.003312501
-4.52000006e-009  0.006867187
-4.50000006e-009 -0.003382813
-4.48000006e-009  0.007148437
-4.46000006e-009 -0.002945313
-4.44000006e-009  0.004960937
-4.42000006e-009 -0.003070313
-4.40000006e-009        0.005
-4.38000006e-009 -0.003343751
-4.36000006e-009  0.005273437
-4.34000006e-009 -0.003679688
-4.32000006e-009  0.006992187
-4.30000006e-009 -0.003531251
-4.28000006e-009  0.006476562
-4.26000006e-009 -0.004187501
-4.24000006e-009  0.005226562
-4.22000006e-009 -0.003304688
-4.20000006e-009        0.005
-4.18000006e-009 -0.004039063
-4.16000006e-009  0.005796875
-4.14000006e-009 -0.004984376
-4.12000006e-009  0.005664062
-4.10000005e-009 -0.002273438
-4.08000005e-009  0.006570312
-4.06000005e-009 -0.004843751
-4.04000005e-009  0.006304687
-4.02000005e-009 -0.004117188
-4.00000005e-009        0.005
-3.98000005e-009 -0.005570313
-3.96000005e-009  0.005351562
-3.94000005e-009 -0.004804688
-3.92000005e-009        0.005
-3.90000005e-009 -0.003617188
-3.88000005e-009   0.00465625
-3.86000005e-009 -0.005195313
-3.84000005e-009  0.006773437
-3.82000005e-009 -0.005015626
-3.80000005e-009  0.003203125
-3.78000005e-009 -0.006968751
-3.76000005e-009  0.004976562
-3.74000005e-009 -0.007296876
-3.72000005e-009   0.00278125
-3.70000005e-009 -0.006812501
-3.68000005e-009  0.002554687
-3.66000005e-009 -0.008039063
-3.64000005e-009        0.003
-3.62000005e-009 -0.008562501
-3.60000005e-009        0.003
-3.58000005e-009 -0.009328126
-3.56000005e-009 0.0005703122
-3.54000005e-009       -0.011
-3.52000005e-009 0.0009999997
-3.50000005e-009 -0.009140626
-3.48000005e-009 1.562465e-005
-3.46000005e-009  -0.01039063
-3.44000005e-009 -0.0006796879
-3.42000005e-009       -0.011
-3.40000005e-009       -0.001
-3.38000005e-009  -0.01117188
-3.36000004e-009 -0.002289063
-3.34000004e-009  -0.01102344
-3.32000004e-009 -0.001898438
-3.30000004e-009  -0.01185156
-3.28000004e-009 -0.001039063
-3.26000004e-009  -0.01245313
-3.24000004e-009 -0.003218751
-3.22000004e-009  -0.01341406
-3.20000004e-009 -0.002351563
-3.18000004e-009     -0.01175
-3.16000004e-009 -0.003640626
-3.14000004e-009  -0.01286719
-3.12000004e-009 -0.004054688
-3.10000004e-009       -0.013
-3.08000004e-009 -0.001546875
-3.06000004e-009  -0.01357813
-3.04000004e-009 -0.004664063
-3.02000004e-009  -0.01395313
-3.00000004e-009 -0.002882813
-2.98000004e-009  -0.01235938
-2.96000004e-009 -0.003054688
-2.94000004e-009  -0.01415625
-2.92000004e-009 -0.004000001
-2.90000004e-009  -0.01320313
-2.88000004e-009 -0.002835938
-2.86000004e-009  -0.01451563
-2.84000004e-009       -0.003
-2.82000004e-009       -0.015
-2.80000004e-009 -0.003210938
-2.78000004e-009  -0.01438281
-2.76000004e-009 -0.003039063
-2.74000004e-009       -0.013
-2.72000004e-009       -0.003
-2.70000004e-009  -0.01355469
-2.68000004e-009    -0.003125
-2.66000004e-009  -0.01178125
-2.64000004e-009       -0.003
-2.62000003e-009   -0.0124375
-2.60000003e-009 -0.001773438
-2.58000003e-009  -0.01109375
-2.56000003e-009 -0.0003750004
-2.54000003e-009  -0.01136719
-2.52000003e-009 -0.002203125
-2.50000003e-009  -0.01254688
-2.48000003e-009 -0.0005546879
-2.46000003e-009  -0.01090625
-2.44000003e-009 -0.0006015629
-2.42000003e-009       -0.011
-2.40000003e-009 -0.001703125
-2.38000003e-009  -0.01104688
-2.36000003e-009       -0.001
-2.34000003e-009 -0.009835938
-2.32000003e-009 -0.001929688
-2.30000003e-009 -0.009000001
-2.28000003e-009  0.001898437
-2.26000003e-009 -0.008937501
-2.24000003e-009 0.0009999997
-2.22000003e-009       -0.011
-2.20000003e-009  0.001703125
-2.18000003e-009 -0.008968751
-2.16000003e-009  0.001179687
-2.14000003e-009  -0.01040625
-2.12000003e-009        0.003
-2.10000003e-009 -0.007929688
-2.08000003e-009  0.002179687
-2.06000003e-009 -0.008070313
-2.04000003e-009  0.002140625
-2.02000003e-009 -0.009000001
-2.00000003e-009  0.001773437
-1.98000003e-009 -0.007789063
-1.96000003e-009   0.00384375
-1.94000003e-009 -0.007187501
-1.92000003e-009        0.003
-1.90000003e-009 -0.008476563
-1.88000003e-009     0.002375
-1.86000002e-009 -0.006507813
-1.84000002e-009  0.003421875
-1.82000002e-009 -0.007000001
-1.80000002e-009    0.0043125
-1.78000002e-009 -0.006679688
-1.76000002e-009  0.004148437
-1.74000002e-009 -0.005992188
-1.72000002e-009        0.003
-1.70000002e-009 -0.007007813
-1.68000002e-009     0.003375
-1.66000002e-009 -0.007140626
-1.64000002e-009  0.003570312
-1.62000002e-009 -0.006367188
-1.60000002e-009     0.003625
-1.58000002e-009 -0.005375001
-1.56000002e-009  0.004273437
-1.54000002e-009 -0.005000001
-1.52000002e-009        0.005
-1.50000002e-009 -0.005101563
-1.48000002e-009  0.004648437
-1.46000002e-009 -0.005328126
-1.44000002e-009    0.0039375
-1.42000002e-009 -0.005000001
-1.40000002e-009  0.004765625
-1.38000002e-009 -0.005820313
-1.36000002e-009  0.004101562
-1.34000002e-009 -0.005000001
-1.32000002e-009  0.004148437
-1.30000002e-009 -0.005000001
-1.28000002e-009    0.0034375
-1.26000002e-009 -0.005710938
-1.24000002e-009  0.004046875
-1.22000002e-009 -0.006789063
-1.20000002e-009        0.005
-1.18000002e-009 -0.005421876
-1.16000002e-009   0.00296875
-1.14000002e-009 -0.007468751
-1.12000001e-009  0.003484375
-1.10000001e-009 -0.007687501
-1.08000001e-009     0.003625
-1.06000001e-009 -0.008265626
-1.04000001e-009        0.005
-1.02000001e-009 -0.007468751
-1.00000001e-009    0.0021875
-9.80000013e-010 -0.007164063
-9.60000013e-010       0.0025
-9.40000013e-010 -0.008140626
-9.20000012e-010 0.0009999997
-9.00000012e-010 -0.009257813
-8.80000012e-010 0.0008046872
-8.60000011e-010  -0.01128906
-8.40000011e-010 -0.002578125
-8.20000011e-010  -0.01327344
-8.00000011e-010       -0.003
-7.8000001e-010  -0.02004688
-7.6000001e-010       -0.013
-7.4000001e-010  -0.03316406
-7.2000001e-010       -0.027
-7.00000009e-010  -0.05523438
-6.80000009e-010  -0.04829688
-6.60000009e-010  -0.08520313
-6.40000009e-010  -0.07595313
-6.20000008e-010       -0.115
-6.00000008e-010   -0.1079453
-5.80000008e-010   -0.1441797
-5.60000007e-010   -0.1339063
-5.40000007e-010       -0.159
-5.20000007e-010   -0.1498984
-5.00000007e-010     -0.16375
-4.80000006e-010   -0.1525469
-4.60000006e-010   -0.1622031
-4.40000006e-010   -0.1501016
-4.20000006e-010       -0.161
-4.00000005e-010       -0.145
-3.80000005e-010   -0.1546172
-3.60000005e-010   -0.1405391
-3.40000005e-010       -0.149
-3.20000004e-010   -0.1366875
-3.00000004e-010   -0.1442109
-2.80000004e-010   -0.1287422
-2.60000003e-010   -0.1397188
-2.40000003e-010   -0.1209688
-2.20000003e-010       -0.129
-2.00000003e-010       -0.105
-1.80000002e-010   -0.1144219
-1.60000002e-010  -0.08278907
-1.40000002e-010  -0.09440625
-1.20000002e-010  -0.05216407
-1.00000001e-010       -0.059
-8.00000011e-011  -0.01824219
-6.00000008e-011  -0.02435156
-4.00000005e-011        0.009
-2.00000003e-011  0.001515625
           0        0.023
2.00000003e-011   0.01739844
4.00000005e-011   0.03033594
6.00000008e-011        0.019
8.00000011e-011        0.029
1.00000001e-010   0.01619531
1.20000002e-010   0.02595313
1.40000002e-010   0.01332813
1.60000002e-010   0.02364844
1.80000002e-010        0.015
2.00000003e-010   0.02546094
2.20000003e-010   0.01632031
2.40000003e-010   0.03032031
2.60000003e-010   0.02246875
2.80000004e-010   0.03557813
3.00000004e-010        0.023
3.20000004e-010      0.03525
3.40000005e-010   0.02202344
3.60000005e-010        0.033
3.80000005e-010   0.01996094
4.00000005e-010   0.03171094
4.20000006e-010   0.02194531
4.40000006e-010   0.03113281
4.60000006e-010     0.020125
4.80000006e-010        0.033
5.00000007e-010   0.02046094
5.20000007e-010   0.03132813
5.40000007e-010   0.01880469
5.60000007e-010      0.03125
5.80000008e-010        0.019
6.00000008e-010    0.0294375
6.20000008e-010   0.01810156
6.40000009e-010   0.02765625
6.60000009e-010        0.017
6.80000009e-010        0.027
7.00000009e-010        0.015
7.2000001e-010     0.027375
7.4000001e-010    0.0151875
7.6000001e-010   0.02521094
7.8000001e-010        0.015
8.00000011e-010   0.02380469
8.20000011e-010   0.01584375
8.40000011e-010   0.02622656
8.60000011e-010    0.0153125
8.80000012e-010   0.02660938
9.00000012e-010        0.017
9.20000012e-010   0.02939063
9.40000013e-010   0.01795313
9.60000013e-010   0.02713281
9.80000013e-010        0.017
1.00000001e-009        0.029
1.02000001e-009   0.01713281
1.04000001e-009    0.0283125
1.06000001e-009        0.019
1.08000001e-009        0.031
1.10000001e-009   0.01922656
1.12000001e-009    0.0301875
1.14000002e-009   0.02238281
1.16000002e-009        0.033
1.18000002e-009        0.021
1.20000002e-009    0.0346875
1.22000002e-009   0.02328125
1.24000002e-009   0.03307031
1.26000002e-009   0.02232031
1.28000002e-009        0.033
1.30000002e-009   0.02296875
1.32000002e-009   0.03214844
1.34000002e-009      0.02125
1.36000002e-009   0.03277344
1.38000002e-009   0.02114063
1.40000002e-009   0.03134375
1.42000002e-009   0.02105469
1.44000002e-009   0.03089063
1.46000002e-009        0.021
1.48000002e-009   0.03110938
1.50000002e-009        0.021
1.52000002e-009   0.03077344
1.54000002e-009   0.01935156
1.56000002e-009   0.02844531
1.58000002e-009        0.019
1.60000002e-009   0.02815625
1.62000002e-009   0.01670313
1.64000002e-009   0.02519531
1.66000002e-009   0.01652344
1.68000002e-009        0.025
1.70000002e-009        0.015
1.72000002e-009   0.02476563
1.74000002e-009   0.01557031
1.76000002e-009        0.025
1.78000002e-009        0.013
1.80000002e-009        0.027
1.82000002e-009   0.01476563
1.84000002e-009   0.02685938
1.86000002e-009        0.015
1.88000003e-009        0.027
1.90000003e-009     0.013375
1.92000003e-009   0.02357813
1.94000003e-009   0.01503906
1.96000003e-009   0.02435156
1.98000003e-009   0.01598438
2.00000003e-009        0.025
2.02000003e-009    0.0146875
2.04000003e-009   0.02499219
2.06000003e-009   0.01428125
2.08000003e-009   0.02533594
2.10000003e-009        0.015
2.12000003e-009   0.02657813
2.14000003e-009   0.01425781
2.16000003e-009        0.027
2.18000003e-009        0.017
2.20000003e-009        0.027
2.22000003e-009   0.01546875
2.24000003e-009   0.02420313
2.26000003e-009   0.01464844
2.28000003e-009   0.02591406
2.30000003e-009        0.013
2.32000003e-009   0.02538281
2.34000003e-009   0.01447656
2.36000003e-009   0.02434375
2.38000003e-009   0.01600781
2.40000003e-009        0.025
2.42000003e-009     0.014625
2.44000003e-009   0.02295313
2.46000003e-009   0.01389063
2.48000003e-009   0.02392969
2.50000003e-009   0.01294531
2.52000003e-009   0.02472656
2.54000003e-009   0.01361719
2.56000003e-009    0.0244375
2.58000003e-009   0.01340625
2.60000003e-009        0.025
2.62000003e-009   0.01416406
2.64000004e-009    0.0229375
2.66000004e-009   0.01214063
2.68000004e-009        0.023
2.70000004e-009        0.013
2.72000004e-009   0.02128125
2.74000004e-009     0.011625
2.76000004e-009        0.021
2.78000004e-009   0.01157813
2.80000004e-009     0.021375
2.82000004e-009    0.0118125
2.84000004e-009   0.02235938
2.86000004e-009   0.01038281
2.88000004e-009        0.021
2.90000004e-009        0.011
2.92000004e-009   0.02191406
2.94000004e-009   0.01161719
2.96000004e-009        0.021
2.98000004e-009   0.01250781
3.00000004e-009   0.02201563
3.02000004e-009   0.01201563
3.04000004e-009   0.02185156
3.06000004e-009        0.011
3.08000004e-009   0.02021875
3.10000004e-009   0.01082813
3.12000004e-009   0.02098438
3.14000004e-009  0.009695313
3.16000004e-009   0.01947656
3.18000004e-009   0.01033594
3.20000004e-009        0.021
3.22000004e-009   0.01011719
3.24000004e-009   0.02045313
3.26000004e-009  0.008632813
3.28000004e-009        0.021
3.30000004e-009        0.011
3.32000004e-009   0.02067969
3.34000004e-009   0.00946875
3.36000004e-009   0.01977344
3.38000005e-009         0.01
3.40000005e-009   0.01946875
3.42000005e-009  0.007351562
3.44000005e-009   0.01848438
3.46000005e-009  0.008460938
3.48000005e-009        0.019
3.50000005e-009        0.007
3.52000005e-009   0.01877344
3.54000005e-009    0.0083125
3.56000005e-009        0.019
3.58000005e-009  0.008601563
3.60000005e-009   0.01700781
3.62000005e-009  0.008195313
3.64000005e-009   0.01747656
3.66000005e-009  0.006726562
3.68000005e-009   0.01745313
3.70000005e-009        0.007
3.72000005e-009   0.01733594
3.74000005e-009  0.006429687
3.76000005e-009    0.0181875
3.78000005e-009   0.00821875
3.80000005e-009        0.019
3.82000005e-009      0.00725
3.84000005e-009   0.01828906
3.86000005e-009   0.00759375
3.88000005e-009   0.01739844
3.90000005e-009  0.007453125
3.92000005e-009       0.0185
3.94000005e-009  0.007664063
3.96000005e-009   0.01721094
3.98000005e-009        0.007
4.00000005e-009   0.01594531
4.02000005e-009  0.007015625
4.04000005e-009   0.01779688
4.06000005e-009  0.007554688
4.08000005e-009     0.016875
4.10000005e-009        0.007
4.12000006e-009   0.01748438
4.14000006e-009  0.008273438
4.16000006e-009        0.017
4.18000006e-009  0.005640625
4.20000006e-009        0.017
4.22000006e-009  0.005351562
4.24000006e-009   0.01721094
4.26000006e-009  0.005992187
4.28000006e-009   0.01703906
4.30000006e-009      0.00625
4.32000006e-009   0.01578906
4.34000006e-009  0.006257812
4.36000006e-009        0.015
4.38000006e-009        0.005
4.40000006e-009        0.017
4.42000006e-009  0.005476562
4.44000006e-009   0.01497656
4.46000006e-009  0.004828125
4.48000006e-009   0.01330469
4.50000006e-009   0.00271875
4.52000006e-009    0.0145625
4.54000006e-009  0.004992187
4.56000006e-009        0.015
4.58000006e-009      0.00475
4.60000006e-009   0.01402344
4.62000006e-009  0.005007812
4.64000006e-009   0.01509375
4.66000006e-009  0.004742187
4.68000006e-009    0.0136875
4.70000006e-009  0.003648437
4.72000006e-009   0.01503906
4.74000006e-009  0.004757812
4.76000006e-009   0.01450781
4.78000006e-009        0.005
4.80000006e-009   0.01313281
4.82000006e-009   0.00540625
4.84000006e-009   0.01360938
4.86000006e-009        0.005
4.88000007e-009        0.013
4.90000007e-009        0.005
4.92000007e-009   0.01372656
4.94000007e-009  0.004578125
4.96000007e-009        0.017
4.98000007e-009        0.005
5.00000007e-009   0.01332813
