+3.00000000000E+005  -7.79406679663E+001
+7.79850000000E+006  -7.87547754775E+001
+1.52970000000E+007  -8.29977166130E+001
+2.27955000000E+007  -8.43180024147E+001
+3.02940000000E+007  -7.26965299442E+001
+3.77925000000E+007  -7.02091682291E+001
+4.52910000000E+007  -8.16108769729E+001
+5.27895000000E+007  -7.17782336221E+001
+6.02880000000E+007  -6.90844126458E+001
+6.77865000000E+007  -7.57842573253E+001
+7.52850000000E+007  -7.01715541151E+001
+8.27835000000E+007  -7.81867725066E+001
+9.02820000000E+007  -6.81419164312E+001
+9.77805000000E+007  -6.81986656875E+001
+1.05279000000E+008  -6.89816866011E+001
+1.12777500000E+008  -6.66797845614E+001
+1.20276000000E+008  -6.82296957681E+001
+1.27774500000E+008  -6.60971541536E+001
+1.35273000000E+008  -7.05328421802E+001
+1.42771500000E+008  -6.56897678698E+001
+1.50270000000E+008  -6.36427939120E+001
+1.57768500000E+008  -5.56522375108E+001
+1.65267000000E+008  -6.25010961573E+001
+1.72765500000E+008  -6.10657571232E+001
+1.80264000000E+008  -6.77876154382E+001
+1.87762500000E+008  -5.60498269192E+001
+1.95261000000E+008  -6.05068782750E+001
+2.02759500000E+008  -6.03437322417E+001
+2.10258000000E+008  -6.04596053542E+001
+2.17756500000E+008  -6.40101121716E+001
+2.25255000000E+008  -7.09502374987E+001
+2.32753500000E+008  -6.59137062034E+001
+2.40252000000E+008  -5.68280401966E+001
+2.47750500000E+008  -7.99413112023E+001
+2.55249000000E+008  -6.81513382982E+001
+2.62747500000E+008  -5.56078807306E+001
+2.70246000000E+008  -6.50511165520E+001
+2.77744500000E+008  -5.52918288792E+001
+2.85243000000E+008  -6.85568392504E+001
+2.92741500000E+008  -5.89208340946E+001
+3.00240000000E+008  -6.69351822807E+001
+3.07738500000E+008  -5.74473950134E+001
+3.15237000000E+008  -6.49173908608E+001
+3.22735500000E+008  -5.78308946432E+001
+3.30234000000E+008  -5.88198540438E+001
+3.37732500000E+008  -6.03740584135E+001
+3.45231000000E+008  -5.82470597843E+001
+3.52729500000E+008  -6.87059815572E+001
+3.60228000000E+008  -5.87812215108E+001
+3.67726500000E+008  -5.80149116016E+001
+3.75225000000E+008  -5.78897171611E+001
+3.82723500000E+008  -6.90245325123E+001
+3.90222000000E+008  -6.65082101058E+001
+3.97720500000E+008  -5.31810892836E+001
+4.05219000000E+008  -5.53948565035E+001
+4.12717500000E+008  -6.03169651727E+001
+4.20216000000E+008  -7.30797923627E+001
+4.27714500000E+008  -5.13317358889E+001
+4.35213000000E+008  -6.77362450709E+001
+4.42711500000E+008  -6.32735456444E+001
+4.50210000000E+008  -5.70421157605E+001
+4.57708500000E+008  -5.29856879071E+001
+4.65207000000E+008  -5.57857697077E+001
+4.72705500000E+008  -5.50294445465E+001
+4.80204000000E+008  -5.49383060385E+001
+4.87702500000E+008  -6.22213003780E+001
+4.95201000000E+008  -5.91424472995E+001
+5.02699500000E+008  -5.51460850637E+001
+5.10198000000E+008  -6.72861056964E+001
+5.17696500000E+008  -5.90521307495E+001
+5.25195000000E+008  -5.85409840232E+001
+5.32693500000E+008  -7.07869476915E+001
+5.40192000000E+008  -6.75017555930E+001
+5.47690500000E+008  -5.83521652018E+001
+5.55189000000E+008  -6.02344725930E+001
+5.62687500000E+008  -7.45805264255E+001
+5.70186000000E+008  -6.11818693598E+001
+5.77684500000E+008  -6.82940051152E+001
+5.85183000000E+008  -6.15545679654E+001
+5.92681500000E+008  -6.50791779245E+001
+6.00180000000E+008  -6.35704512478E+001
+6.07678500000E+008  -5.89981957144E+001
+6.15177000000E+008  -6.33004173825E+001
+6.22675500000E+008  -6.31620187267E+001
+6.30174000000E+008  -6.42820322041E+001
+6.37672500000E+008  -6.70928302950E+001
+6.45171000000E+008  -5.70574347863E+001
+6.52669500000E+008  -5.92485078575E+001
+6.60168000000E+008  -6.21148069196E+001
+6.67666500000E+008  -5.97013555668E+001
+6.75165000000E+008  -7.48221045182E+001
+6.82663500000E+008  -5.45961944079E+001
+6.90162000000E+008  -6.94450057504E+001
+6.97660500000E+008  -6.11211733450E+001
+7.05159000000E+008  -6.47366829377E+001
+7.12657500000E+008  -5.83478908737E+001
+7.20156000000E+008  -5.39465896122E+001
+7.27654500000E+008  -7.12621926039E+001
+7.35153000000E+008  -6.01587047427E+001
+7.42651500000E+008  -5.56697289802E+001
+7.50150000000E+008  -5.74827874511E+001
+7.57648500000E+008  -6.65831937774E+001
+7.65147000000E+008  -5.82930593743E+001
+7.72645500000E+008  -7.23358663021E+001
+7.80144000000E+008  -6.35487411880E+001
+7.87642500000E+008  -6.16218554816E+001
+7.95141000000E+008  -6.61166908547E+001
+8.02639500000E+008  -6.63141150674E+001
+8.10138000000E+008  -6.48465494931E+001
+8.17636500000E+008  -5.89325256087E+001
+8.25135000000E+008  -6.58764619119E+001
+8.32633500000E+008  -7.01629058705E+001
+8.40132000000E+008  -6.10598473975E+001
+8.47630500000E+008  -7.51639770567E+001
+8.55129000000E+008  -5.60943145535E+001
+8.62627500000E+008  -6.86212518828E+001
+8.70126000000E+008  -5.64951183482E+001
+8.77624500000E+008  -5.73848520536E+001
+8.85123000000E+008  -6.99004013526E+001
+8.92621500000E+008  -6.13748502431E+001
+9.00120000000E+008  -6.58375163910E+001
+9.07618500000E+008  -6.55306134798E+001
+9.15117000000E+008  -5.72653070566E+001
+9.22615500000E+008  -6.13681525975E+001
+9.30114000000E+008  -6.48370984633E+001
+9.37612500000E+008  -5.77839632121E+001
+9.45111000000E+008  -7.20413634717E+001
+9.52609500000E+008  -6.43530962274E+001
+9.60108000000E+008  -7.08179377654E+001
+9.67606500000E+008  -6.27875238886E+001
+9.75105000000E+008  -6.80398142966E+001
+9.82603500000E+008  -6.57514592269E+001
+9.90102000000E+008  -6.41810767858E+001
+9.97600500000E+008  -7.26905352822E+001
+1.00509900000E+009  -8.08008962771E+001
+1.01259750000E+009  -6.53648402250E+001
+1.02009600000E+009  -7.54730909648E+001
+1.02759450000E+009  -7.07230340137E+001
+1.03509300000E+009  -6.08413309125E+001
+1.04259150000E+009  -6.20505612522E+001
+1.05009000000E+009  -6.41149025223E+001
+1.05758850000E+009  -6.95405687059E+001
+1.06508700000E+009  -6.40718618961E+001
+1.07258550000E+009  -6.36799742299E+001
+1.08008400000E+009  -7.40246364722E+001
+1.08758250000E+009  -6.88966010542E+001
+1.09508100000E+009  -6.43191798879E+001
+1.10257950000E+009  -7.26812079068E+001
+1.11007800000E+009  -7.27962635545E+001
+1.11757650000E+009  -6.99466032490E+001
+1.12507500000E+009  -6.54935152891E+001
+1.13257350000E+009  -8.14598090298E+001
+1.14007200000E+009  -6.90218847921E+001
+1.14757050000E+009  -8.74893524838E+001
+1.15506900000E+009  -7.84104611656E+001
+1.16256750000E+009  -6.51432012669E+001
+1.17006600000E+009  -7.01287376112E+001
+1.17756450000E+009  -6.40039454721E+001
+1.18506300000E+009  -6.95745582183E+001
+1.19256150000E+009  -7.38455929006E+001
+1.20006000000E+009  -7.36144895528E+001
+1.20755850000E+009  -7.82799673684E+001
+1.21505700000E+009  -7.48921031267E+001
+1.22255550000E+009  -6.89205796361E+001
+1.23005400000E+009  -6.93383943806E+001
+1.23755250000E+009  -7.35993872197E+001
+1.24505100000E+009  -6.93980282505E+001
+1.25254950000E+009  -7.91637569640E+001
+1.26004800000E+009  -7.35573416427E+001
+1.26754650000E+009  -6.57385040244E+001
+1.27504500000E+009  -6.76034503195E+001
+1.28254350000E+009  -6.85898068682E+001
+1.29004200000E+009  -6.78920322886E+001
+1.29754050000E+009  -7.16540989602E+001
+1.30503900000E+009  -6.96849998027E+001
+1.31253750000E+009  -6.79209200939E+001
+1.32003600000E+009  -7.73439451105E+001
+1.32753450000E+009  -6.43251565258E+001
+1.33503300000E+009  -7.70497636248E+001
+1.34253150000E+009  -7.39505434529E+001
+1.35003000000E+009  -6.80457671188E+001
+1.35752850000E+009  -7.32807439796E+001
+1.36502700000E+009  -7.77770889525E+001
+1.37252550000E+009  -7.38404843612E+001
+1.38002400000E+009  -6.99656004986E+001
+1.38752250000E+009  -6.77071929529E+001
+1.39502100000E+009  -6.73538507101E+001
+1.40251950000E+009  -7.15723118777E+001
+1.41001800000E+009  -9.08488843593E+001
+1.41751650000E+009  -6.35328830700E+001
+1.42501500000E+009  -7.11965375105E+001
+1.43251350000E+009  -7.86668777786E+001
+1.44001200000E+009  -7.03952281357E+001
+1.44751050000E+009  -8.01187266920E+001
+1.45500900000E+009  -8.10773989061E+001
+1.46250750000E+009  -7.05692806128E+001
+1.47000600000E+009  -8.01589484388E+001
+1.47750450000E+009  -7.09647689378E+001
+1.48500300000E+009  -6.81522406131E+001
+1.49250150000E+009  -6.71700616188E+001
+1.50000000000E+009  -7.28883652315E+001
