+3.00000000000E+005  -7.89864658809E+001
+7.79850000000E+006  -8.36351486509E+001
+1.52970000000E+007  -8.35639036148E+001
+2.27955000000E+007  -7.86040036254E+001
+3.02940000000E+007  -7.94271859150E+001
+3.77925000000E+007  -7.32764434385E+001
+4.52910000000E+007  -7.90473428052E+001
+5.27895000000E+007  -7.35608561764E+001
+6.02880000000E+007  -6.88698842415E+001
+6.77865000000E+007  -6.58445652060E+001
+7.52850000000E+007  -7.13894642087E+001
+8.27835000000E+007  -6.78121259831E+001
+9.02820000000E+007  -7.14774216182E+001
+9.77805000000E+007  -6.42740892868E+001
+1.05279000000E+008  -7.48032012738E+001
+1.12777500000E+008  -6.93489732342E+001
+1.20276000000E+008  -8.25453936297E+001
+1.27774500000E+008  -7.40900903264E+001
+1.35273000000E+008  -7.42607239160E+001
+1.42771500000E+008  -8.19705963902E+001
+1.50270000000E+008  -6.16014038554E+001
+1.57768500000E+008  -6.76064006869E+001
+1.65267000000E+008  -5.89052242641E+001
+1.72765500000E+008  -7.31799384188E+001
+1.80264000000E+008  -6.51266049193E+001
+1.87762500000E+008  -6.43487176436E+001
+1.95261000000E+008  -7.39217626493E+001
+2.02759500000E+008  -6.19926623955E+001
+2.10258000000E+008  -6.24456802532E+001
+2.17756500000E+008  -7.45853096925E+001
+2.25255000000E+008  -5.93726148907E+001
+2.32753500000E+008  -5.43694416339E+001
+2.40252000000E+008  -5.88654854360E+001
+2.47750500000E+008  -5.69561426290E+001
+2.55249000000E+008  -5.60187331740E+001
+2.62747500000E+008  -5.44757128677E+001
+2.70246000000E+008  -6.10596766551E+001
+2.77744500000E+008  -7.83529702566E+001
+2.85243000000E+008  -5.89293229383E+001
+2.92741500000E+008  -5.99773035845E+001
+3.00240000000E+008  -5.57364689998E+001
+3.07738500000E+008  -5.66927091640E+001
+3.15237000000E+008  -6.31103177196E+001
+3.22735500000E+008  -5.66973282920E+001
+3.30234000000E+008  -6.48091839808E+001
+3.37732500000E+008  -5.47405103635E+001
+3.45231000000E+008  -5.87190596440E+001
+3.52729500000E+008  -6.52395386820E+001
+3.60228000000E+008  -6.98924821802E+001
+3.67726500000E+008  -6.07088202353E+001
+3.75225000000E+008  -5.74310246931E+001
+3.82723500000E+008  -6.22783898240E+001
+3.90222000000E+008  -5.97679400621E+001
+3.97720500000E+008  -5.81532644190E+001
+4.05219000000E+008  -5.71734662933E+001
+4.12717500000E+008  -5.63883120379E+001
+4.20216000000E+008  -5.50542229944E+001
+4.27714500000E+008  -5.93999301925E+001
+4.35213000000E+008  -5.31635495698E+001
+4.42711500000E+008  -5.79191179081E+001
+4.50210000000E+008  -5.80243104435E+001
+4.57708500000E+008  -6.06726181750E+001
+4.65207000000E+008  -6.01830775892E+001
+4.72705500000E+008  -6.58437867493E+001
+4.80204000000E+008  -6.26160880933E+001
+4.87702500000E+008  -5.68952261618E+001
+4.95201000000E+008  -5.66086512447E+001
+5.02699500000E+008  -5.70744789867E+001
+5.10198000000E+008  -5.13935238305E+001
+5.17696500000E+008  -7.62726231949E+001
+5.25195000000E+008  -5.51065700657E+001
+5.32693500000E+008  -5.78423780817E+001
+5.40192000000E+008  -6.17524820025E+001
+5.47690500000E+008  -6.43593006284E+001
+5.55189000000E+008  -5.68480792806E+001
+5.62687500000E+008  -7.90302324176E+001
+5.70186000000E+008  -6.34768919364E+001
+5.77684500000E+008  -5.70691792065E+001
+5.85183000000E+008  -5.83691511283E+001
+5.92681500000E+008  -6.01471064630E+001
+6.00180000000E+008  -7.41498516691E+001
+6.07678500000E+008  -6.03592337156E+001
+6.15177000000E+008  -6.27113472267E+001
+6.22675500000E+008  -6.38471553543E+001
+6.30174000000E+008  -6.16048389786E+001
+6.37672500000E+008  -7.04191973405E+001
+6.45171000000E+008  -6.02795658467E+001
+6.52669500000E+008  -5.81502307721E+001
+6.60168000000E+008  -6.96898525904E+001
+6.67666500000E+008  -5.84802537481E+001
+6.75165000000E+008  -6.74889758054E+001
+6.82663500000E+008  -5.79758631283E+001
+6.90162000000E+008  -6.47991148417E+001
+6.97660500000E+008  -6.57088989068E+001
+7.05159000000E+008  -5.66111762908E+001
+7.12657500000E+008  -5.34309517120E+001
+7.20156000000E+008  -6.50657244512E+001
+7.27654500000E+008  -6.22975792879E+001
+7.35153000000E+008  -5.97565264131E+001
+7.42651500000E+008  -6.06263707845E+001
+7.50150000000E+008  -6.29826207029E+001
+7.57648500000E+008  -7.40810190004E+001
+7.65147000000E+008  -6.60193958776E+001
+7.72645500000E+008  -6.82575031457E+001
+7.80144000000E+008  -6.12379824012E+001
+7.87642500000E+008  -6.46910520334E+001
+7.95141000000E+008  -6.14934671106E+001
+8.02639500000E+008  -6.56563448596E+001
+8.10138000000E+008  -6.35857173611E+001
+8.17636500000E+008  -6.41104909368E+001
+8.25135000000E+008  -6.02480079625E+001
+8.32633500000E+008  -5.92568172154E+001
+8.40132000000E+008  -6.15432509466E+001
+8.47630500000E+008  -6.49251464189E+001
+8.55129000000E+008  -6.32403960535E+001
+8.62627500000E+008  -6.38749816380E+001
+8.70126000000E+008  -6.76291703271E+001
+8.77624500000E+008  -6.48641625450E+001
+8.85123000000E+008  -6.77754666282E+001
+8.92621500000E+008  -6.43123402150E+001
+9.00120000000E+008  -6.57532840287E+001
+9.07618500000E+008  -7.77262908390E+001
+9.15117000000E+008  -6.61463261850E+001
+9.22615500000E+008  -6.57548369956E+001
+9.30114000000E+008  -6.67154547381E+001
+9.37612500000E+008  -6.75971360066E+001
+9.45111000000E+008  -6.29445757539E+001
+9.52609500000E+008  -6.66238375413E+001
+9.60108000000E+008  -6.97043421953E+001
+9.67606500000E+008  -6.04196116144E+001
+9.75105000000E+008  -7.09406932600E+001
+9.82603500000E+008  -6.20450837271E+001
+9.90102000000E+008  -6.28589383986E+001
+9.97600500000E+008  -6.49804294271E+001
+1.00509900000E+009  -7.63720717551E+001
+1.01259750000E+009  -6.26441425988E+001
+1.02009600000E+009  -6.43341484696E+001
+1.02759450000E+009  -7.50855943815E+001
+1.03509300000E+009  -6.70448457402E+001
+1.04259150000E+009  -6.75505557567E+001
+1.05009000000E+009  -6.65108221622E+001
+1.05758850000E+009  -6.27169677866E+001
+1.06508700000E+009  -5.86692732987E+001
+1.07258550000E+009  -7.08683612830E+001
+1.08008400000E+009  -6.68897174124E+001
+1.08758250000E+009  -6.78730928409E+001
+1.09508100000E+009  -7.41208998325E+001
+1.10257950000E+009  -6.93701161687E+001
+1.11007800000E+009  -7.62727907573E+001
+1.11757650000E+009  -7.12862151424E+001
+1.12507500000E+009  -6.52119421002E+001
+1.13257350000E+009  -6.53142609227E+001
+1.14007200000E+009  -6.37892616727E+001
+1.14757050000E+009  -6.79471767954E+001
+1.15506900000E+009  -6.79601804575E+001
+1.16256750000E+009  -7.11752893559E+001
+1.17006600000E+009  -6.48835996753E+001
+1.17756450000E+009  -8.66209626261E+001
+1.18506300000E+009  -6.66451326481E+001
+1.19256150000E+009  -7.24685860518E+001
+1.20006000000E+009  -6.46578107270E+001
+1.20755850000E+009  -7.39463982977E+001
+1.21505700000E+009  -7.16688039810E+001
+1.22255550000E+009  -7.04262852952E+001
+1.23005400000E+009  -6.70235825900E+001
+1.23755250000E+009  -6.88054244440E+001
+1.24505100000E+009  -6.93254031879E+001
+1.25254950000E+009  -7.21910258259E+001
+1.26004800000E+009  -7.26546409249E+001
+1.26754650000E+009  -7.03760881739E+001
+1.27504500000E+009  -6.58631011093E+001
+1.28254350000E+009  -6.06361831416E+001
+1.29004200000E+009  -6.63533324815E+001
+1.29754050000E+009  -6.90142335010E+001
+1.30503900000E+009  -6.86770676959E+001
+1.31253750000E+009  -7.41710108051E+001
+1.32003600000E+009  -7.63763311489E+001
+1.32753450000E+009  -6.80091688132E+001
+1.33503300000E+009  -8.35303242376E+001
+1.34253150000E+009  -7.07366092425E+001
+1.35003000000E+009  -7.08198531253E+001
+1.35752850000E+009  -7.04992457104E+001
+1.36502700000E+009  -6.80070370646E+001
+1.37252550000E+009  -7.39303158561E+001
+1.38002400000E+009  -7.50586509891E+001
+1.38752250000E+009  -7.21172348157E+001
+1.39502100000E+009  -7.55870856604E+001
+1.40251950000E+009  -8.11292941536E+001
+1.41001800000E+009  -7.88175610270E+001
+1.41751650000E+009  -6.47684501789E+001
+1.42501500000E+009  -7.23607850413E+001
+1.43251350000E+009  -7.58727737240E+001
+1.44001200000E+009  -7.28184163442E+001
+1.44751050000E+009  -8.24182629926E+001
+1.45500900000E+009  -8.54745447410E+001
+1.46250750000E+009  -7.47092647297E+001
+1.47000600000E+009  -8.04576692610E+001
+1.47750450000E+009  -6.66528223134E+001
+1.48500300000E+009  -7.27007335310E+001
+1.49250150000E+009  -7.62238941114E+001
+1.50000000000E+009  -7.88590945071E+001
