-1.24500002e-009 -0.008929688
-1.24000002e-009  0.003890625
-1.23500002e-009 -0.007687501
-1.23000002e-009   0.00409375
-1.22500002e-009 -0.006687501
-1.22000002e-009  0.003820312
-1.21500002e-009 -0.007000001
-1.21000002e-009     0.003375
-1.20500002e-009 -0.007203126
-1.20000002e-009        0.003
-1.19500002e-009 -0.007000001
-1.19000002e-009  0.002804687
-1.18500002e-009 -0.007000001
-1.18000002e-009  0.002742187
-1.17500002e-009 -0.007398438
-1.17000002e-009  0.002601562
-1.16500002e-009 -0.007328126
-1.16000002e-009  0.002085937
-1.15500002e-009 -0.007695313
-1.15000002e-009  0.001617187
-1.14500002e-009 -0.008351563
-1.14000002e-009  0.001351562
-1.13500002e-009 -0.009000001
-1.13000002e-009  0.002421875
-1.12500002e-009 -0.008781251
-1.12000001e-009  0.003046875
-1.11500001e-009 -0.008023438
-1.11000001e-009        0.003
-1.10500001e-009 -0.008429688
-1.10000001e-009  0.002085937
-1.09500001e-009 -0.009101563
-1.09000001e-009   0.00134375
-1.08500001e-009 -0.009000001
-1.08000001e-009  0.002523437
-1.07500001e-009 -0.007960938
-1.07000001e-009    0.0031875
-1.06500001e-009 -0.007250001
-1.06000001e-009  0.003226562
-1.05500001e-009 -0.007351563
-1.05000001e-009  0.002554687
-1.04500001e-009 -0.007000001
-1.04000001e-009  0.001304687
-1.03500001e-009 -0.007046876
-1.03000001e-009 0.0008593747
-1.02500001e-009 -0.007914063
-1.02000001e-009 0.0008749997
-1.01500001e-009 -0.008468751
-1.01000001e-009 0.0008984372
-1.00500001e-009 -0.009000001
-1.00000001e-009 0.0008515622
-9.95000013e-010  -0.01101563
-9.90000013e-010 0.0009765622
-9.85000013e-010  -0.01224219
-9.80000013e-010 0.0007812497
-9.75000013e-010  -0.01258594
-9.70000013e-010 0.0009140622
-9.65000013e-010  -0.01210156
-9.60000013e-010 0.0007734372
-9.55000013e-010       -0.011
-9.50000013e-010 0.0009999997
-9.45000013e-010 -0.009921876
-9.40000013e-010 0.0006874997
-9.35000012e-010  -0.01030469
-9.30000012e-010  0.001179687
-9.25000012e-010   -0.0109375
-9.20000012e-010  0.001226562
-9.15000012e-010  -0.01114063
-9.10000012e-010 0.0009140622
-9.05000012e-010  -0.01111719
-9.00000012e-010 0.0003046872
-8.95000012e-010  -0.01110938
-8.90000012e-010 -0.0005156254
-8.85000012e-010  -0.01103906
-8.80000012e-010 -0.001859375
-8.75000012e-010  -0.01235156
-8.70000012e-010 -0.003164063
-8.65000012e-010       -0.013
-8.60000011e-010 -0.002976563
-8.55000011e-010    -0.013625
-8.50000011e-010 -0.003617188
-8.45000011e-010  -0.01475781
-8.40000011e-010 -0.005406251
-8.35000011e-010  -0.01657031
-8.30000011e-010 -0.006531251
-8.25000011e-010  -0.01958594
-8.20000011e-010 -0.007765626
-8.15000011e-010    -0.021875
-8.10000011e-010 -0.009242188
-8.05000011e-010       -0.023
-8.00000011e-010       -0.011
-7.95000011e-010  -0.02386719
-7.90000011e-010  -0.01422656
-7.8500001e-010  -0.02642969
-7.8000001e-010  -0.01653906
-7.7500001e-010  -0.03098438
-7.7000001e-010  -0.02078125
-7.6500001e-010       -0.035
-7.6000001e-010  -0.02439844
-7.5500001e-010  -0.03915625
-7.5000001e-010    -0.026375
-7.4500001e-010   -0.0433125
-7.4000001e-010  -0.03047656
-7.3500001e-010       -0.049
-7.3000001e-010  -0.03621094
-7.2500001e-010  -0.05536719
-7.2000001e-010       -0.043
-7.1500001e-010   -0.0620625
-7.10000009e-010  -0.04948438
-7.05000009e-010  -0.06897657
-7.00000009e-010    -0.056875
-6.95000009e-010  -0.07597657
-6.90000009e-010  -0.06398438
-6.85000009e-010       -0.083
-6.80000009e-010  -0.07098438
-6.75000009e-010  -0.09010938
-6.70000009e-010       -0.079
-6.65000009e-010  -0.09847657
-6.60000009e-010  -0.08719532
-6.55000009e-010   -0.1085234
-6.50000009e-010  -0.09485938
-6.45000009e-010   -0.1167891
-6.40000009e-010   -0.1032734
-6.35000008e-010   -0.1248125
-6.30000008e-010   -0.1104297
-6.25000008e-010       -0.132
-6.20000008e-010   -0.1176094
-6.15000008e-010       -0.139
-6.10000008e-010   -0.1245078
-6.05000008e-010   -0.1434688
-6.00000008e-010   -0.1293984
-5.95000008e-010   -0.1480703
-5.90000008e-010   -0.1350859
-5.85000008e-010   -0.1533047
-5.80000008e-010   -0.1416406
-5.75000008e-010   -0.1576875
-5.70000008e-010   -0.1471953
-5.65000008e-010   -0.1616484
-5.60000007e-010   -0.1497656
-5.55000007e-010   -0.1644063
-5.50000007e-010   -0.1517031
-5.45000007e-010   -0.1660703
-5.40000007e-010   -0.1533594
-5.35000007e-010   -0.1668594
-5.30000007e-010   -0.1535234
-5.25000007e-010   -0.1663906
-5.20000007e-010     -0.15375
-5.15000007e-010   -0.1651563
-5.10000007e-010   -0.1541094
-5.05000007e-010   -0.1647188
-5.00000007e-010       -0.153
-4.95000007e-010   -0.1642266
-4.90000007e-010   -0.1516563
-4.85000006e-010       -0.163
-4.80000006e-010   -0.1512969
-4.75000006e-010   -0.1633203
-4.70000006e-010       -0.151
-4.65000006e-010      -0.1635
-4.60000006e-010   -0.1503906
-4.55000006e-010       -0.163
-4.50000006e-010       -0.149
-4.45000006e-010   -0.1605234
-4.40000006e-010    -0.147875
-4.35000006e-010   -0.1581094
-4.30000006e-010   -0.1476563
-4.25000006e-010   -0.1573281
-4.20000006e-010   -0.1455938
-4.15000006e-010       -0.157
-4.10000005e-010   -0.1444453
-4.05000005e-010   -0.1555078
-4.00000005e-010   -0.1441719
-3.95000005e-010       -0.155
-3.90000005e-010   -0.1423594
-3.85000005e-010   -0.1528281
-3.80000005e-010   -0.1412266
-3.75000005e-010   -0.1523906
-3.70000005e-010   -0.1405547
-3.65000005e-010   -0.1517656
-3.60000005e-010   -0.1394844
-3.55000005e-010   -0.1509063
-3.50000005e-010   -0.1370781
-3.45000005e-010   -0.1497344
-3.40000005e-010   -0.1354766
-3.35000004e-010   -0.1477188
-3.30000004e-010   -0.1342969
-3.25000004e-010   -0.1461875
-3.20000004e-010   -0.1331484
-3.15000004e-010   -0.1442734
-3.10000004e-010   -0.1312813
-3.05000004e-010    -0.142125
-3.00000004e-010   -0.1287031
-2.95000004e-010   -0.1402266
-2.90000004e-010   -0.1263047
-2.85000004e-010   -0.1389766
-2.80000004e-010   -0.1245078
-2.75000004e-010   -0.1376875
-2.70000004e-010   -0.1231953
-2.65000004e-010   -0.1357344
-2.60000003e-010   -0.1197578
-2.55000003e-010     -0.13275
-2.50000003e-010   -0.1152891
-2.45000003e-010   -0.1292578
-2.40000003e-010       -0.111
-2.35000003e-010    -0.125375
-2.30000003e-010   -0.1067344
-2.25000003e-010   -0.1213125
-2.20000003e-010   -0.1022031
-2.15000003e-010       -0.117
-2.10000003e-010  -0.09761719
-2.05000003e-010   -0.1113281
-2.00000003e-010  -0.09285938
-1.95000003e-010   -0.1050391
-1.90000003e-010  -0.08492188
-1.85000002e-010  -0.09810157
-1.80000002e-010  -0.07692969
-1.75000002e-010  -0.09075782
-1.70000002e-010  -0.06921875
-1.65000002e-010       -0.083
-1.60000002e-010  -0.06190625
-1.55000002e-010  -0.07520313
-1.50000002e-010       -0.055
-1.45000002e-010  -0.06758594
-1.40000002e-010   -0.0484375
-1.35000002e-010  -0.05935157
-1.30000002e-010  -0.04086719
-1.25000002e-010  -0.05127344
-1.20000002e-010  -0.03279688
-1.15000002e-010  -0.04303125
-1.10000001e-010  -0.02558594
-1.05000001e-010  -0.03507031
-1.00000001e-010  -0.01891406
-9.50000013e-011  -0.02698438
-9.00000012e-011  -0.01039844
-8.50000011e-011  -0.01900781
-8.00000011e-011   -0.0025625
-7.5000001e-011  -0.01246875
-7.00000009e-011  0.003914062
-6.50000009e-011 -0.006148438
-6.00000008e-011  0.009703125
-5.50000007e-011 -0.0002109379
-5.00000007e-011        0.015
-4.50000006e-011   0.00546875
-4.00000005e-011   0.01839063
-3.50000005e-011  0.009132813
-3.00000004e-011   0.02190625
-2.50000003e-011   0.01178906
-2.00000003e-011        0.025
-1.50000002e-011   0.01440625
-1.00000001e-011   0.02786719
-5.00000007e-012        0.017
           0   0.03007813
5.00000007e-012   0.01871875
1.00000001e-011        0.031
1.50000002e-011   0.01915625
2.00000003e-011   0.02969531
2.50000003e-011   0.01839063
3.00000004e-011   0.02922656
3.50000005e-011   0.01779688
4.00000005e-011        0.029
4.50000006e-011    0.0179375
5.00000007e-011    0.0278125
5.50000007e-011   0.01841406
6.00000008e-011   0.02896094
6.50000009e-011   0.01652344
7.00000009e-011   0.02824219
7.5000001e-011     0.014625
8.00000011e-011    0.0259375
8.50000011e-011   0.01282031
9.00000012e-011   0.02353906
9.50000013e-011   0.01185156
1.00000001e-010   0.02324219
1.05000001e-010   0.01191406
1.10000001e-010   0.02324219
1.15000002e-010        0.013
1.20000002e-010   0.02254688
1.25000002e-010   0.01309375
1.30000002e-010   0.02213281
1.35000002e-010   0.01404688
1.40000002e-010        0.023
1.45000002e-010        0.015
1.50000002e-010   0.02382031
1.55000002e-010   0.01542969
1.60000002e-010   0.02502344
1.65000002e-010   0.01630469
1.70000002e-010   0.02627344
1.75000002e-010   0.01664063
1.80000002e-010      0.02825
1.85000002e-010   0.01708594
1.90000003e-010   0.02944531
1.95000003e-010   0.01817969
2.00000003e-010    0.0298125
2.05000003e-010   0.01983594
2.10000003e-010   0.03066406
2.15000003e-010        0.021
2.20000003e-010   0.03172656
2.25000003e-010   0.02227344
2.30000003e-010     0.033875
2.35000003e-010   0.02357813
2.40000003e-010   0.03460156
2.45000003e-010   0.02483594
2.50000003e-010        0.034
2.55000003e-010   0.02489063
2.60000003e-010        0.035
2.65000004e-010   0.02495313
2.70000004e-010        0.035
2.75000004e-010   0.02523438
2.80000004e-010     0.034625
2.85000004e-010        0.025
2.90000004e-010   0.03390625
2.95000004e-010   0.02414063
3.00000004e-010   0.03321875
3.05000004e-010   0.02332031
3.10000004e-010   0.03327344
3.15000004e-010   0.02271094
3.20000004e-010        0.033
3.25000004e-010   0.02277344
3.30000004e-010   0.03217188
3.35000004e-010   0.02288281
3.40000005e-010   0.03215625
3.45000005e-010   0.02260938
3.50000005e-010        0.033
3.55000005e-010     0.022375
3.60000005e-010   0.03327344
3.65000005e-010   0.02153906
3.70000005e-010   0.03302344
3.75000005e-010   0.02072656
3.80000005e-010        0.033
3.85000005e-010   0.02033594
3.90000005e-010   0.03244531
3.95000005e-010   0.02058594
4.00000005e-010   0.03099219
4.05000005e-010   0.02103906
4.10000005e-010   0.03101563
4.15000006e-010        0.021
4.20000006e-010   0.03074219
4.25000006e-010   0.01978906
4.30000006e-010   0.03104688
4.35000006e-010   0.01985938
4.40000006e-010        0.031
4.45000006e-010   0.02080469
4.50000006e-010       0.0305
4.55000006e-010   0.02096875
4.60000006e-010     0.030875
4.65000006e-010   0.02053125
4.70000006e-010        0.031
4.75000006e-010     0.019625
4.80000006e-010   0.03076563
4.85000006e-010   0.01889844
4.90000007e-010   0.02969531
4.95000007e-010   0.01853906
5.00000007e-010   0.02908594
5.05000007e-010   0.01869531
5.10000007e-010   0.02917969
5.15000007e-010   0.01896094
5.20000007e-010     0.029375
5.25000007e-010   0.01928906
5.30000007e-010   0.02922656
5.35000007e-010      0.01925
5.40000007e-010   0.02944531
5.45000007e-010   0.01903125
5.50000007e-010   0.02996875
5.55000007e-010   0.01908594
5.60000007e-010   0.02991406
5.65000008e-010   0.01946875
5.70000008e-010   0.02957031
5.75000008e-010         0.02
5.80000008e-010   0.02964063
5.85000008e-010      0.01925
5.90000008e-010    0.0291875
5.95000008e-010   0.01871094
6.00000008e-010   0.02827344
6.05000008e-010   0.01857813
6.10000008e-010   0.02744531
6.15000008e-010   0.01813281
6.20000008e-010   0.02695313
6.25000008e-010   0.01672656
6.30000008e-010   0.02688281
6.35000008e-010   0.01544531
6.40000009e-010    0.0261875
6.45000009e-010   0.01492188
6.50000009e-010   0.02663281
6.55000009e-010   0.01535938
6.60000009e-010        0.027
6.65000009e-010   0.01629688
6.70000009e-010   0.02661719
6.75000009e-010   0.01638281
6.80000009e-010   0.02711719
6.85000009e-010   0.01541406
6.90000009e-010   0.02667969
6.95000009e-010   0.01483594
7.00000009e-010   0.02546094
7.05000009e-010   0.01464844
7.10000009e-010   0.02375781
7.1500001e-010   0.01403906
7.2000001e-010        0.023
7.2500001e-010        0.013
7.3000001e-010    0.0234375
7.3500001e-010     0.013125
7.4000001e-010   0.02451563
7.4500001e-010   0.01332813
7.5000001e-010        0.025
7.5500001e-010   0.01282031
7.6000001e-010   0.02482031
7.6500001e-010   0.01324219
7.7000001e-010   0.02407813
7.7500001e-010   0.01419531
7.8000001e-010      0.02375
7.8500001e-010        0.013
7.90000011e-010       0.0245
7.95000011e-010    0.0125625
8.00000011e-010   0.02492969
8.05000011e-010   0.01283594
8.10000011e-010   0.02495313
8.15000011e-010   0.01292969
8.20000011e-010    0.0248125
8.25000011e-010   0.01346094
8.30000011e-010   0.02498438
8.35000011e-010   0.01472656
8.40000011e-010   0.02548438
8.45000011e-010    0.0144375
8.50000011e-010   0.02578125
8.55000011e-010   0.01323438
8.60000011e-010   0.02532813
8.65000012e-010   0.01310938
8.70000012e-010   0.02442188
8.75000012e-010   0.01411719
8.80000012e-010   0.02467969
8.85000012e-010   0.01502344
8.90000012e-010   0.02515625
8.95000012e-010    0.0156875
9.00000012e-010    0.0250625
9.05000012e-010   0.01671094
9.10000012e-010   0.02632031
9.15000012e-010   0.01674219
9.20000012e-010        0.027
9.25000012e-010   0.01653906
9.30000012e-010   0.02703906
9.35000012e-010   0.01607031
9.40000013e-010        0.027
9.45000013e-010   0.01597656
9.50000013e-010        0.027
9.55000013e-010     0.015625
9.60000013e-010   0.02842969
9.65000013e-010   0.01603906
9.70000013e-010   0.02926563
9.75000013e-010   0.01721094
9.80000013e-010   0.02909375
9.85000013e-010   0.01874219
9.90000013e-010   0.02816406
9.95000013e-010   0.01896875
1.00000001e-009   0.02784375
1.00500001e-009   0.01861719
1.01000001e-009   0.02838281
1.01500001e-009   0.01853906
1.02000001e-009   0.02935156
1.02500001e-009   0.01875781
1.03000001e-009   0.02939844
1.03500001e-009   0.01846094
1.04000001e-009   0.02863281
1.04500001e-009   0.01774219
1.05000001e-009   0.02936719
1.05500001e-009   0.01744531
1.06000001e-009   0.03060938
1.06500001e-009   0.01767969
1.07000001e-009   0.03116406
1.07500001e-009    0.0184375
1.08000001e-009   0.03099219
1.08500001e-009   0.01967969
1.09000001e-009   0.03084375
1.09500001e-009   0.01997656
1.10000001e-009   0.03045313
1.10500001e-009   0.02019531
1.11000001e-009    0.0306875
1.11500001e-009   0.02015625
1.12000001e-009   0.03034375
1.12500002e-009   0.02041406
1.13000002e-009    0.0296875
1.13500002e-009   0.02089844
1.14000002e-009   0.03067969
1.14500002e-009   0.01995313
1.15000002e-009     0.031125
1.15500002e-009   0.01927344
1.16000002e-009   0.03095313
1.16500002e-009        0.019
1.17000002e-009   0.03128125
1.17500002e-009   0.01925781
1.18000002e-009   0.03152344
1.18500002e-009   0.01992969
1.19000002e-009   0.03110156
1.19500002e-009   0.02088281
1.20000002e-009   0.03071875
1.20500002e-009   0.02057031
1.21000002e-009   0.02969531
1.21500002e-009   0.02071094
1.22000002e-009   0.03022656
1.22500002e-009   0.02113281
1.23000002e-009    0.0304375
1.23500002e-009   0.02076563
1.24000002e-009   0.03104688
1.24500002e-009   0.02089063
1.25000002e-009        0.031
