-2.49000003e-009 -0.007773438
-2.48000003e-009 -0.007710938
-2.47000003e-009 -0.007703126
-2.46000003e-009 -0.007718751
-2.45000003e-009 -0.007765626
-2.44000003e-009 -0.007781251
-2.43000003e-009 -0.007734376
-2.42000003e-009 -0.007640626
-2.41000003e-009 -0.007476563
-2.40000003e-009 -0.007218751
-2.39000003e-009 -0.006953126
-2.38000003e-009 -0.006726563
-2.37000003e-009 -0.006515626
-2.36000003e-009 -0.006351563
-2.35000003e-009 -0.006296876
-2.34000003e-009 -0.006281251
-2.33000003e-009 -0.006359376
-2.32000003e-009 -0.006390626
-2.31000003e-009 -0.006453126
-2.30000003e-009 -0.006445313
-2.29000003e-009 -0.006406251
-2.28000003e-009 -0.006343751
-2.27000003e-009 -0.006234376
-2.26000003e-009 -0.006109376
-2.25000003e-009 -0.006007813
-2.24000003e-009 -0.005882813
-2.23000003e-009 -0.005765626
-2.22000003e-009 -0.005687501
-2.21000003e-009 -0.005640626
-2.20000003e-009 -0.005593751
-2.19000003e-009 -0.005531251
-2.18000003e-009 -0.005531251
-2.17000003e-009 -0.005476563
-2.16000003e-009 -0.005421876
-2.15000003e-009 -0.005367188
-2.14000003e-009 -0.005296876
-2.13000003e-009 -0.005171876
-2.12000003e-009 -0.005015626
-2.11000003e-009 -0.004812501
-2.10000003e-009 -0.004601563
-2.09000003e-009 -0.004437501
-2.08000003e-009 -0.004242188
-2.07000003e-009 -0.004070313
-2.06000003e-009 -0.004007813
-2.05000003e-009 -0.003921876
-2.04000003e-009 -0.003921876
-2.03000003e-009 -0.003906251
-2.02000003e-009 -0.003898438
-2.01000003e-009 -0.003898438
-2.00000003e-009 -0.003796876
-1.99000003e-009 -0.003632813
-1.98000003e-009 -0.003406251
-1.97000003e-009 -0.003171875
-1.96000003e-009 -0.002882813
-1.95000003e-009   -0.0026875
-1.94000003e-009   -0.0025625
-1.93000003e-009 -0.002539063
-1.92000003e-009 -0.002609375
-1.91000003e-009  -0.00271875
-1.90000003e-009 -0.002867188
-1.89000003e-009 -0.002953125
-1.88000003e-009       -0.003
-1.87000002e-009 -0.002921875
-1.86000002e-009 -0.002789063
-1.85000002e-009   -0.0025625
-1.84000002e-009 -0.002359375
-1.83000002e-009 -0.002257813
-1.82000002e-009   -0.0021875
-1.81000002e-009 -0.002226563
-1.80000002e-009  -0.00228125
-1.79000002e-009  -0.00240625
-1.78000002e-009 -0.002476563
-1.77000002e-009 -0.002460938
-1.76000002e-009   -0.0024375
-1.75000002e-009 -0.002359375
-1.74000002e-009 -0.002257813
-1.73000002e-009 -0.002140625
-1.72000002e-009 -0.002109375
-1.71000002e-009 -0.002140625
-1.70000002e-009 -0.002171875
-1.69000002e-009 -0.002265625
-1.68000002e-009   -0.0023125
-1.67000002e-009 -0.002304688
-1.66000002e-009 -0.002210938
-1.65000002e-009 -0.002078125
-1.64000002e-009 -0.001914063
-1.63000002e-009 -0.001765625
-1.62000002e-009 -0.001664063
-1.61000002e-009 -0.001617188
-1.60000002e-009    -0.001625
-1.59000002e-009 -0.001648438
-1.58000002e-009 -0.001679688
-1.57000002e-009  -0.00171875
-1.56000002e-009   -0.0016875
-1.55000002e-009 -0.001640625
-1.54000002e-009 -0.001585938
-1.53000002e-009 -0.001515625
-1.52000002e-009 -0.001492188
-1.51000002e-009 -0.001484375
-1.50000002e-009 -0.001492188
-1.49000002e-009 -0.001507813
-1.48000002e-009 -0.001554688
-1.47000002e-009 -0.001539063
-1.46000002e-009  -0.00153125
-1.45000002e-009 -0.001523438
-1.44000002e-009 -0.001484375
-1.43000002e-009 -0.001515625
-1.42000002e-009 -0.001578125
-1.41000002e-009  -0.00165625
-1.40000002e-009 -0.001765625
-1.39000002e-009 -0.001890625
-1.38000002e-009 -0.001984375
-1.37000002e-009 -0.002070313
-1.36000002e-009 -0.002015625
-1.35000002e-009 -0.001960938
-1.34000002e-009 -0.001828125
-1.33000002e-009 -0.001664063
-1.32000002e-009      -0.0015
-1.31000002e-009 -0.001421875
-1.30000002e-009    -0.001375
-1.29000002e-009 -0.001367188
-1.28000002e-009 -0.001421875
-1.27000002e-009 -0.001515625
-1.26000002e-009    -0.001625
-1.25000002e-009 -0.001742188
-1.24000002e-009  -0.00178125
-1.23000002e-009 -0.001835938
-1.22000002e-009 -0.001859375
-1.21000002e-009 -0.001859375
-1.20000002e-009    -0.001875
-1.19000002e-009 -0.001921875
-1.18000002e-009 -0.001992188
-1.17000002e-009 -0.002078125
-1.16000002e-009 -0.002195313
-1.15000002e-009 -0.002335938
-1.14000002e-009 -0.002429688
-1.13000002e-009 -0.002460938
-1.12000001e-009  -0.00246875
-1.11000001e-009  -0.00246875
-1.10000001e-009 -0.002421875
-1.09000001e-009   -0.0024375
-1.08000001e-009 -0.002453125
-1.07000001e-009  -0.00253125
-1.06000001e-009  -0.00265625
-1.05000001e-009  -0.00278125
-1.04000001e-009 -0.002960938
-1.03000001e-009 -0.003117188
-1.02000001e-009 -0.003242188
-1.01000001e-009 -0.003343751
-1.00000001e-009 -0.003414063
-9.90000013e-010 -0.003429688
-9.80000013e-010 -0.003414063
-9.70000013e-010 -0.003414063
-9.60000013e-010 -0.003445313
-9.50000013e-010 -0.003507813
-9.40000013e-010 -0.003609376
-9.30000012e-010 -0.003789063
-9.20000012e-010 -0.004046876
-9.10000012e-010 -0.004296876
-9.00000012e-010 -0.004601563
-8.90000012e-010 -0.004890626
-8.80000012e-010 -0.005273438
-8.70000012e-010 -0.005687501
-8.60000011e-010 -0.006148438
-8.50000011e-010 -0.006710938
-8.40000011e-010 -0.007250001
-8.30000011e-010 -0.007921876
-8.20000011e-010 -0.008742188
-8.10000011e-010 -0.009695313
-8.00000011e-010  -0.01076563
-7.90000011e-010  -0.01196875
-7.8000001e-010  -0.01349219
-7.7000001e-010  -0.01528906
-7.6000001e-010  -0.01747656
-7.5000001e-010  -0.01999219
-7.4000001e-010  -0.02296094
-7.3000001e-010  -0.02639844
-7.2000001e-010  -0.03041406
-7.10000009e-010  -0.03489844
-7.00000009e-010  -0.03992969
-6.90000009e-010  -0.04548438
-6.80000009e-010  -0.05160938
-6.70000009e-010  -0.05823438
-6.60000009e-010  -0.06539844
-6.50000009e-010  -0.07295313
-6.40000009e-010  -0.08089844
-6.30000008e-010  -0.08907813
-6.20000008e-010    -0.097375
-6.10000008e-010   -0.1056563
-6.00000008e-010   -0.1137734
-5.90000008e-010   -0.1215078
-5.80000008e-010   -0.1286953
-5.70000008e-010   -0.1352422
-5.60000007e-010   -0.1410391
-5.50000007e-010   -0.1460156
-5.40000007e-010   -0.1501563
-5.30000007e-010   -0.1534219
-5.20000007e-010   -0.1558906
-5.10000007e-010   -0.1576563
-5.00000007e-010   -0.1589063
-4.90000007e-010   -0.1596016
-4.80000006e-010   -0.1598047
-4.70000006e-010   -0.1596484
-4.60000006e-010   -0.1591797
-4.50000006e-010   -0.1585469
-4.40000006e-010   -0.1577109
-4.30000006e-010   -0.1567266
-4.20000006e-010   -0.1556719
-4.10000005e-010   -0.1546328
-4.00000005e-010   -0.1536406
-3.90000005e-010   -0.1527188
-3.80000005e-010   -0.1517188
-3.70000005e-010   -0.1506953
-3.60000005e-010   -0.1497031
-3.50000005e-010   -0.1485781
-3.40000005e-010   -0.1474141
-3.30000004e-010   -0.1460781
-3.20000004e-010   -0.1446484
-3.10000004e-010    -0.143125
-3.00000004e-010   -0.1416406
-2.90000004e-010   -0.1401328
-2.80000004e-010   -0.1384766
-2.70000004e-010   -0.1367656
-2.60000003e-010   -0.1349219
-2.50000003e-010   -0.1329531
-2.40000003e-010   -0.1307891
-2.30000003e-010   -0.1283047
-2.20000003e-010   -0.1254844
-2.10000003e-010   -0.1222578
-2.00000003e-010   -0.1185938
-1.90000003e-010   -0.1145547
-1.80000002e-010   -0.1098828
-1.70000002e-010   -0.1046875
-1.60000002e-010  -0.09898438
-1.50000002e-010  -0.09272657
-1.40000002e-010  -0.08600782
-1.30000002e-010  -0.07869532
-1.20000002e-010  -0.07101563
-1.10000001e-010  -0.06295313
-1.00000001e-010  -0.05464844
-9.00000012e-011  -0.04619532
-8.00000011e-011  -0.03767188
-7.00000009e-011    -0.029375
-6.00000008e-011    -0.021375
-5.00000007e-011  -0.01377344
-4.00000005e-011 -0.006750001
-3.00000004e-011 -0.0004062504
-2.00000003e-011  0.005226562
-1.00000001e-011   0.01010938
           0   0.01427344
1.00000001e-011   0.01771875
2.00000003e-011   0.02042969
3.00000004e-011   0.02239063
4.00000005e-011   0.02374219
5.00000007e-011   0.02449219
6.00000008e-011   0.02472656
7.00000009e-011   0.02439844
8.00000011e-011   0.02373438
9.00000012e-011   0.02283594
1.00000001e-010   0.02182031
1.10000001e-010   0.02082031
1.20000002e-010   0.01989063
1.30000002e-010   0.01911719
1.40000002e-010   0.01854688
1.50000002e-010   0.01821875
1.60000002e-010   0.01813281
1.70000002e-010   0.01821094
1.80000002e-010   0.01851563
1.90000003e-010   0.01909375
2.00000003e-010   0.01985156
2.10000003e-010   0.02085156
2.20000003e-010   0.02207813
2.30000003e-010    0.0234375
2.40000003e-010   0.02488281
2.50000003e-010   0.02629688
2.60000003e-010   0.02753906
2.70000004e-010    0.0285625
2.80000004e-010   0.02928125
2.90000004e-010   0.02964844
3.00000004e-010    0.0296875
3.10000004e-010   0.02952344
3.20000004e-010   0.02917188
3.30000004e-010   0.02871094
3.40000005e-010   0.02826563
3.50000005e-010   0.02778906
3.60000005e-010   0.02741406
3.70000005e-010   0.02705469
3.80000005e-010   0.02676563
3.90000005e-010   0.02651563
4.00000005e-010   0.02630469
4.10000005e-010   0.02610938
4.20000006e-010    0.0259375
4.30000006e-010   0.02579688
4.40000006e-010   0.02564844
4.50000006e-010   0.02554688
4.60000006e-010   0.02541406
4.70000006e-010   0.02528906
4.80000006e-010     0.025125
4.90000007e-010   0.02495313
5.00000007e-010   0.02474219
5.10000007e-010    0.0245625
5.20000007e-010     0.024375
5.30000007e-010      0.02425
5.40000007e-010   0.02415625
5.50000007e-010   0.02408594
5.60000007e-010   0.02407031
5.70000008e-010   0.02402344
5.80000008e-010   0.02398438
5.90000008e-010   0.02392969
6.00000008e-010   0.02386719
6.10000008e-010   0.02378906
6.20000008e-010   0.02365625
6.30000008e-010   0.02345313
6.40000009e-010   0.02319531
6.50000009e-010   0.02285938
6.60000009e-010   0.02249219
6.70000009e-010   0.02202344
6.80000009e-010   0.02150781
6.90000009e-010   0.02101563
7.00000009e-010   0.02053125
7.10000009e-010   0.02004688
7.2000001e-010    0.0196875
7.3000001e-010   0.01939063
7.4000001e-010   0.01914063
7.5000001e-010   0.01897656
7.6000001e-010     0.018875
7.7000001e-010   0.01877344
7.8000001e-010   0.01877344
7.90000011e-010   0.01879688
8.00000011e-010   0.01886719
8.10000011e-010   0.01901563
8.20000011e-010   0.01917188
8.30000011e-010   0.01938281
8.40000011e-010   0.01959375
8.50000011e-010   0.01980469
8.60000011e-010   0.02000781
8.70000012e-010   0.02014063
8.80000012e-010   0.02023438
8.90000012e-010   0.02030469
9.00000012e-010   0.02035938
9.10000012e-010   0.02042188
9.20000012e-010   0.02053125
9.30000012e-010   0.02065625
9.40000013e-010   0.02082031
9.50000013e-010   0.02102344
9.60000013e-010   0.02122656
9.70000013e-010   0.02150781
9.80000013e-010   0.02173438
9.90000013e-010   0.02192188
1.00000001e-009   0.02210156
1.01000001e-009   0.02226563
1.02000001e-009   0.02239844
1.03000001e-009   0.02253906
1.04000001e-009   0.02269531
1.05000001e-009   0.02289063
1.06000001e-009   0.02307813
1.07000001e-009   0.02332031
1.08000001e-009    0.0235625
1.09000001e-009   0.02382813
1.10000001e-009   0.02410938
1.11000001e-009     0.024375
1.12000001e-009   0.02460156
1.13000002e-009    0.0248125
1.14000002e-009   0.02499219
1.15000002e-009   0.02517969
1.16000002e-009   0.02535156
1.17000002e-009   0.02552344
1.18000002e-009   0.02566406
1.19000002e-009   0.02578125
1.20000002e-009   0.02588281
1.21000002e-009   0.02594531
1.22000002e-009   0.02603125
1.23000002e-009   0.02604688
1.24000002e-009   0.02609375
1.25000002e-009   0.02616406
1.26000002e-009   0.02616406
1.27000002e-009   0.02623438
1.28000002e-009   0.02626563
1.29000002e-009   0.02632031
1.30000002e-009   0.02633594
1.31000002e-009   0.02639844
1.32000002e-009   0.02641406
1.33000002e-009   0.02644531
1.34000002e-009   0.02640625
1.35000002e-009   0.02642969
1.36000002e-009   0.02632813
1.37000002e-009   0.02629688
1.38000002e-009   0.02617188
1.39000002e-009   0.02611719
1.40000002e-009   0.02602344
1.41000002e-009   0.02597656
1.42000002e-009   0.02590625
1.43000002e-009    0.0258125
1.44000002e-009   0.02575781
1.45000002e-009   0.02563281
1.46000002e-009   0.02550781
1.47000002e-009     0.025375
1.48000002e-009   0.02517969
1.49000002e-009   0.02503125
1.50000002e-009   0.02492969
1.51000002e-009   0.02477344
1.52000002e-009   0.02460938
1.53000002e-009   0.02438281
1.54000002e-009   0.02408594
1.55000002e-009   0.02374219
1.56000002e-009    0.0233125
1.57000002e-009     0.022875
1.58000002e-009   0.02242969
1.59000002e-009   0.02203125
1.60000002e-009    0.0216875
1.61000002e-009   0.02146875
1.62000002e-009   0.02123438
1.63000002e-009   0.02113281
1.64000002e-009   0.02095313
1.65000002e-009   0.02082031
1.66000002e-009   0.02064844
1.67000002e-009   0.02041406
1.68000002e-009    0.0201875
1.69000002e-009   0.01992969
1.70000002e-009   0.01975781
1.71000002e-009   0.01961719
1.72000002e-009    0.0195625
1.73000002e-009   0.01951563
1.74000002e-009   0.01951563
1.75000002e-009    0.0195625
1.76000002e-009   0.01959375
1.77000002e-009   0.01959375
1.78000002e-009   0.01959375
1.79000002e-009   0.01958594
1.80000002e-009    0.0195625
1.81000002e-009   0.01957031
1.82000002e-009   0.01955469
1.83000002e-009   0.01961719
1.84000002e-009   0.01964063
1.85000002e-009   0.01964844
1.86000002e-009   0.01964844
1.87000002e-009   0.01959375
1.88000003e-009   0.01950781
1.89000003e-009   0.01941406
1.90000003e-009   0.01930469
1.91000003e-009      0.01925
1.92000003e-009   0.01915625
1.93000003e-009   0.01913281
1.94000003e-009   0.01910156
1.95000003e-009   0.01909375
1.96000003e-009   0.01909375
1.97000003e-009   0.01907031
1.98000003e-009   0.01903906
1.99000003e-009        0.019
2.00000003e-009   0.01896875
2.01000003e-009   0.01897656
2.02000003e-009   0.01898438
2.03000003e-009   0.01904688
2.04000003e-009   0.01911719
2.05000003e-009   0.01921875
2.06000003e-009   0.01935938
2.07000003e-009   0.01951563
2.08000003e-009   0.01967188
2.09000003e-009   0.01979688
2.10000003e-009   0.01990625
2.11000003e-009   0.01992188
2.12000003e-009   0.01996875
2.13000003e-009   0.01996094
2.14000003e-009   0.01994531
2.15000003e-009   0.01996875
2.16000003e-009   0.01997656
2.17000003e-009   0.02004688
2.18000003e-009   0.02010156
2.19000003e-009   0.02014844
2.20000003e-009   0.02015625
2.21000003e-009   0.02014063
2.22000003e-009   0.02005469
2.23000003e-009   0.01996875
2.24000003e-009   0.01989844
2.25000003e-009    0.0198125
2.26000003e-009   0.01975781
2.27000003e-009   0.01977344
2.28000003e-009   0.01975781
2.29000003e-009   0.01973438
2.30000003e-009    0.0196875
2.31000003e-009   0.01958594
2.32000003e-009   0.01942188
2.33000003e-009      0.01925
2.34000003e-009   0.01903125
2.35000003e-009   0.01891406
2.36000003e-009   0.01889063
2.37000003e-009   0.01890625
2.38000003e-009   0.01896875
2.39000003e-009   0.01905469
2.40000003e-009   0.01910938
2.41000003e-009   0.01907813
2.42000003e-009   0.01899219
2.43000003e-009    0.0188125
2.44000003e-009   0.01859375
2.45000003e-009   0.01834375
2.46000003e-009   0.01815625
2.47000003e-009   0.01802344
2.48000003e-009   0.01792188
2.49000003e-009   0.01790625
2.50000003e-009   0.01790625
