-4.98000007e-009 0.0001718747
-4.96000007e-009 0.0002578122
-4.94000007e-009 0.0003124997
-4.92000007e-009 0.0002734372
-4.90000007e-009 0.0002812497
-4.88000007e-009 0.0003124997
-4.86000006e-009 0.0003906247
-4.84000006e-009 0.0003671872
-4.82000006e-009 0.0002812497
-4.80000006e-009 0.0001562497
-4.78000006e-009 0.0001171872
-4.76000006e-009 3.124965e-005
-4.74000006e-009 -7.81285e-006
-4.72000006e-009 8.593715e-005
-4.70000006e-009 0.0003046872
-4.68000006e-009 0.0005078122
-4.66000006e-009 0.0006328122
-4.64000006e-009 0.0005312497
-4.62000006e-009 0.0003749997
-4.60000006e-009 0.0002734372
-4.58000006e-009 0.0002031247
-4.56000006e-009 0.0002109372
-4.54000006e-009 0.0002968747
-4.52000006e-009 0.0004062497
-4.50000006e-009 0.0005078122
-4.48000006e-009 0.0004921872
-4.46000006e-009 0.0003906247
-4.44000006e-009 0.0003281247
-4.42000006e-009 0.0003515622
-4.40000006e-009 0.0003515622
-4.38000006e-009 0.0002890622
-4.36000006e-009 0.0002187497
-4.34000006e-009 0.0001484372
-4.32000006e-009 0.0001874997
-4.30000006e-009 0.0002265622
-4.28000006e-009 0.0002812497
-4.26000006e-009 0.0003437497
-4.24000006e-009 0.0004140622
-4.22000006e-009 0.0003906247
-4.20000006e-009 0.0003124997
-4.18000006e-009 0.0001796872
-4.16000006e-009 9.374966e-005
-4.14000006e-009 3.124965e-005
-4.12000006e-009 7.031215e-005
-4.10000005e-009 0.0001171872
-4.08000005e-009 0.0001171872
-4.06000005e-009 0.0001171872
-4.04000005e-009 0.0001328122
-4.02000005e-009 0.0001796872
-4.00000005e-009 0.0001406247
-3.98000005e-009 9.374966e-005
-3.96000005e-009 -0.0001250004
-3.94000005e-009 -0.0004140629
-3.92000005e-009 -0.0006484379
-3.90000005e-009 -0.0007656254
-3.88000005e-009 -0.0006796879
-3.86000005e-009 -0.0005625004
-3.84000005e-009 -0.0007500004
-3.82000005e-009 -0.001171875
-3.80000005e-009   -0.0015625
-3.78000005e-009 -0.001664063
-3.76000005e-009 -0.001554688
-3.74000005e-009 -0.001617188
-3.72000005e-009 -0.001921875
-3.70000005e-009  -0.00234375
-3.68000005e-009 -0.002640625
-3.66000005e-009 -0.002773438
-3.64000005e-009 -0.002953125
-3.62000005e-009 -0.003390626
-3.60000005e-009 -0.003914063
-3.58000005e-009 -0.004304688
-3.56000005e-009 -0.004515626
-3.54000005e-009 -0.004710938
-3.52000005e-009 -0.005054688
-3.50000005e-009 -0.005492188
-3.48000005e-009 -0.005890626
-3.46000005e-009 -0.006085938
-3.44000005e-009 -0.006296876
-3.42000005e-009 -0.006632813
-3.40000005e-009 -0.007117188
-3.38000005e-009 -0.007492188
-3.36000004e-009 -0.007640626
-3.34000004e-009 -0.007554688
-3.32000004e-009 -0.007554688
-3.30000004e-009 -0.007804688
-3.28000004e-009 -0.008250001
-3.26000004e-009 -0.008601563
-3.24000004e-009 -0.008789063
-3.22000004e-009 -0.008781251
-3.20000004e-009 -0.008773438
-3.18000004e-009 -0.008789063
-3.16000004e-009 -0.008859376
-3.14000004e-009 -0.009039063
-3.12000004e-009 -0.009328126
-3.10000004e-009 -0.009625001
-3.08000004e-009 -0.009796876
-3.06000004e-009 -0.009781251
-3.04000004e-009 -0.009578126
-3.02000004e-009 -0.009390626
-3.00000004e-009 -0.009335938
-2.98000004e-009 -0.009382813
-2.96000004e-009 -0.009414063
-2.94000004e-009 -0.009382813
-2.92000004e-009 -0.009351563
-2.90000004e-009 -0.009429688
-2.88000004e-009 -0.009539063
-2.86000004e-009 -0.009539063
-2.84000004e-009 -0.009406251
-2.82000004e-009 -0.009218751
-2.80000004e-009 -0.009109376
-2.78000004e-009 -0.009125001
-2.76000004e-009 -0.009125001
-2.74000004e-009 -0.009093751
-2.72000004e-009 -0.009093751
-2.70000004e-009 -0.009093751
-2.68000004e-009 -0.009054688
-2.66000004e-009 -0.008953126
-2.64000004e-009 -0.008750001
-2.62000003e-009 -0.008585938
-2.60000003e-009 -0.008375001
-2.58000003e-009 -0.008187501
-2.56000003e-009 -0.008093751
-2.54000003e-009 -0.008125001
-2.52000003e-009 -0.008273438
-2.50000003e-009 -0.008367188
-2.48000003e-009 -0.008203126
-2.46000003e-009 -0.007820313
-2.44000003e-009 -0.007468751
-2.42000003e-009 -0.007304688
-2.40000003e-009 -0.007312501
-2.38000003e-009 -0.007320313
-2.36000003e-009 -0.007234376
-2.34000003e-009 -0.007000001
-2.32000003e-009 -0.006804688
-2.30000003e-009 -0.006656251
-2.28000003e-009 -0.006453126
-2.26000003e-009 -0.006132813
-2.24000003e-009 -0.005890626
-2.22000003e-009 -0.005750001
-2.20000003e-009 -0.005750001
-2.18000003e-009 -0.005726563
-2.16000003e-009 -0.005539063
-2.14000003e-009 -0.005296876
-2.12000003e-009 -0.004976563
-2.10000003e-009 -0.004656251
-2.08000003e-009 -0.004335938
-2.06000003e-009 -0.004101563
-2.04000003e-009 -0.004054688
-2.02000003e-009 -0.004054688
-2.00000003e-009 -0.003960938
-1.98000003e-009 -0.003656251
-1.96000003e-009 -0.003390626
-1.94000003e-009 -0.003195313
-1.92000003e-009  -0.00315625
-1.90000003e-009 -0.003109375
-1.88000003e-009 -0.002867188
-1.86000002e-009   -0.0025625
-1.84000002e-009 -0.002367188
-1.82000002e-009    -0.002375
-1.80000002e-009 -0.002351563
-1.78000002e-009 -0.002273438
-1.76000002e-009 -0.002195313
-1.74000002e-009 -0.002179688
-1.72000002e-009     -0.00225
-1.70000002e-009 -0.002257813
-1.68000002e-009  -0.00215625
-1.66000002e-009 -0.002023438
-1.64000002e-009 -0.001914063
-1.62000002e-009   -0.0018125
-1.60000002e-009  -0.00165625
-1.58000002e-009   -0.0014375
-1.56000002e-009   -0.0013125
-1.54000002e-009  -0.00134375
-1.52000002e-009 -0.001484375
-1.50000002e-009 -0.001648438
-1.48000002e-009   -0.0018125
-1.46000002e-009 -0.001835938
-1.44000002e-009 -0.001820313
-1.42000002e-009 -0.001742188
-1.40000002e-009 -0.001617188
-1.38000002e-009      -0.0015
-1.36000002e-009 -0.001507813
-1.34000002e-009 -0.001664063
-1.32000002e-009 -0.001882813
-1.30000002e-009 -0.001945313
-1.28000002e-009    -0.001875
-1.26000002e-009 -0.001726563
-1.24000002e-009 -0.001726563
-1.22000002e-009 -0.001859375
-1.20000002e-009   -0.0020625
-1.18000002e-009 -0.002085938
-1.16000002e-009  -0.00209375
-1.14000002e-009   -0.0021875
-1.12000001e-009 -0.002453125
-1.10000001e-009 -0.002757813
-1.08000001e-009 -0.002882813
-1.06000001e-009  -0.00278125
-1.04000001e-009 -0.002648438
-1.02000001e-009 -0.002585938
-1.00000001e-009 -0.002742188
-9.80000013e-010  -0.00296875
-9.60000013e-010 -0.003195313
-9.40000013e-010 -0.003390626
-9.20000012e-010 -0.003562501
-9.00000012e-010 -0.003898438
-8.80000012e-010 -0.004523438
-8.60000011e-010 -0.005265626
-8.40000011e-010 -0.006226563
-8.20000011e-010 -0.007453126
-8.00000011e-010 -0.009000001
-7.8000001e-010    -0.011125
-7.6000001e-010  -0.01391406
-7.4000001e-010  -0.01810938
-7.2000001e-010  -0.02409375
-7.00000009e-010  -0.03200781
-6.80000009e-010  -0.04195313
-6.60000009e-010  -0.05385938
-6.40000009e-010       -0.068
-6.20000008e-010  -0.08407813
-6.00000008e-010   -0.1008594
-5.80000008e-010   -0.1168438
-5.60000007e-010   -0.1310547
-5.40000007e-010   -0.1426719
-5.20000007e-010   -0.1514453
-5.00000007e-010   -0.1569688
-4.80000006e-010   -0.1593984
-4.60000006e-010   -0.1597266
-4.40000006e-010   -0.1588047
-4.20000006e-010   -0.1573281
-4.00000005e-010   -0.1554219
-3.80000005e-010   -0.1531406
-3.60000005e-010   -0.1510859
-3.40000005e-010   -0.1490313
-3.20000004e-010   -0.1468594
-3.00000004e-010   -0.1441797
-2.80000004e-010   -0.1408125
-2.60000003e-010   -0.1372656
-2.40000003e-010   -0.1333828
-2.20000003e-010   -0.1289688
-2.00000003e-010   -0.1234609
-1.80000002e-010   -0.1160391
-1.60000002e-010      -0.1065
-1.40000002e-010    -0.094625
-1.20000002e-010  -0.08054688
-1.00000001e-010  -0.06478125
-8.00000011e-011  -0.04807032
-6.00000008e-011  -0.03133594
-4.00000005e-011  -0.01571094
-2.00000003e-011  -0.00203125
           0  0.008929688
2.00000003e-011   0.01679688
4.00000005e-011   0.02192188
6.00000008e-011   0.02415625
8.00000011e-011   0.02414844
1.00000001e-010   0.02260938
1.20000002e-010   0.02051563
1.40000002e-010   0.01892188
1.60000002e-010   0.01801563
1.80000002e-010   0.01796875
2.00000003e-010   0.01878906
2.20000003e-010   0.02042969
2.40000003e-010   0.02282031
2.60000003e-010     0.025375
2.80000004e-010   0.02748438
3.00000004e-010   0.02873438
3.20000004e-010   0.02900781
3.40000005e-010   0.02865625
3.60000005e-010   0.02808594
3.80000005e-010    0.0274375
4.00000005e-010   0.02686719
4.20000006e-010   0.02630469
4.40000006e-010    0.0258125
4.60000006e-010   0.02535156
4.80000006e-010   0.02497656
5.00000007e-010   0.02470313
5.20000007e-010   0.02445313
5.40000007e-010   0.02435938
5.60000007e-010   0.02425781
5.80000008e-010   0.02415625
6.00000008e-010    0.0239375
6.20000008e-010   0.02360156
6.40000009e-010     0.023125
6.60000009e-010    0.0224375
6.80000009e-010    0.0216875
7.00000009e-010   0.02089844
7.2000001e-010   0.02020313
7.4000001e-010   0.01959375
7.6000001e-010   0.01911719
7.8000001e-010   0.01879688
8.00000011e-010   0.01870313
8.20000011e-010   0.01880469
8.40000011e-010   0.01901563
8.60000011e-010   0.01923438
8.80000012e-010   0.01951563
9.00000012e-010   0.01975781
9.20000012e-010   0.02011719
9.40000013e-010   0.02053125
9.60000013e-010   0.02100781
9.80000013e-010   0.02145313
1.00000001e-009   0.02175781
1.02000001e-009    0.0219375
1.04000001e-009   0.02215625
1.06000001e-009   0.02264844
1.08000001e-009   0.02326563
1.10000001e-009    0.0238125
1.12000001e-009   0.02416406
1.14000002e-009   0.02448438
1.16000002e-009     0.024875
1.18000002e-009   0.02538281
1.20000002e-009   0.02573438
1.22000002e-009   0.02582031
1.24000002e-009   0.02576563
1.26000002e-009   0.02571875
1.28000002e-009   0.02578906
1.30000002e-009   0.02590625
1.32000002e-009   0.02603906
1.34000002e-009   0.02619531
1.36000002e-009   0.02628906
1.38000002e-009   0.02625781
1.40000002e-009   0.02601563
1.42000002e-009   0.02574219
1.44000002e-009   0.02563281
1.46000002e-009   0.02554688
1.48000002e-009   0.02536719
1.50000002e-009   0.02491406
1.52000002e-009   0.02424219
1.54000002e-009   0.02357813
1.56000002e-009   0.02307031
1.58000002e-009   0.02260938
1.60000002e-009   0.02213281
1.62000002e-009   0.02172656
1.64000002e-009   0.02117969
1.66000002e-009   0.02064063
1.68000002e-009   0.02007031
1.70000002e-009   0.01959375
1.72000002e-009   0.01934375
1.74000002e-009   0.01930469
1.76000002e-009   0.01939063
1.78000002e-009       0.0195
1.80000002e-009   0.01953906
1.82000002e-009   0.01952344
1.84000002e-009   0.01951563
1.86000002e-009       0.0195
1.88000003e-009   0.01952344
1.90000003e-009   0.01946875
1.92000003e-009   0.01934375
1.94000003e-009   0.01926563
1.96000003e-009   0.01927344
1.98000003e-009   0.01940625
2.00000003e-009   0.01950781
2.02000003e-009   0.01942188
2.04000003e-009    0.0191875
2.06000003e-009   0.01907813
2.08000003e-009   0.01921875
2.10000003e-009   0.01957031
2.12000003e-009   0.01982813
2.14000003e-009     0.019875
2.16000003e-009   0.01982813
2.18000003e-009   0.01976563
2.20000003e-009   0.01986719
2.22000003e-009   0.01996094
2.24000003e-009   0.01995313
2.26000003e-009   0.01983594
2.28000003e-009   0.01959375
2.30000003e-009   0.01935938
2.32000003e-009   0.01919531
2.34000003e-009     0.019125
2.36000003e-009   0.01909375
2.38000003e-009   0.01890625
2.40000003e-009   0.01873438
2.42000003e-009    0.0185625
2.44000003e-009   0.01849219
2.46000003e-009   0.01839063
2.48000003e-009   0.01828125
2.50000003e-009   0.01803125
2.52000003e-009   0.01788281
2.54000003e-009   0.01778906
2.56000003e-009   0.01766406
2.58000003e-009   0.01739063
2.60000003e-009   0.01700781
2.62000003e-009     0.016625
2.64000004e-009   0.01639844
2.66000004e-009    0.0163125
2.68000004e-009   0.01635156
2.70000004e-009     0.016375
2.72000004e-009   0.01639844
2.74000004e-009   0.01619531
2.76000004e-009   0.01590625
2.78000004e-009   0.01554688
2.80000004e-009   0.01534375
2.82000004e-009   0.01526563
2.84000004e-009   0.01523438
2.86000004e-009   0.01513281
2.88000004e-009   0.01499219
2.90000004e-009   0.01497656
2.92000004e-009     0.015125
2.94000004e-009   0.01538281
2.96000004e-009   0.01555469
2.98000004e-009   0.01553906
3.00000004e-009   0.01532031
3.02000004e-009   0.01502344
3.04000004e-009   0.01482813
3.06000004e-009   0.01473438
3.08000004e-009   0.01484375
3.10000004e-009   0.01492188
3.12000004e-009   0.01485938
3.14000004e-009   0.01460938
3.16000004e-009   0.01428125
3.18000004e-009   0.01407031
3.20000004e-009   0.01408594
3.22000004e-009    0.0141875
3.24000004e-009   0.01414063
3.26000004e-009   0.01383594
3.28000004e-009   0.01353906
3.30000004e-009   0.01351563
3.32000004e-009   0.01360156
3.34000004e-009   0.01378125
3.36000004e-009   0.01380469
3.38000005e-009   0.01370313
3.40000005e-009   0.01355469
3.42000005e-009   0.01339063
3.44000005e-009    0.0131875
3.46000005e-009   0.01288281
3.48000005e-009   0.01261719
3.50000005e-009   0.01230469
3.52000005e-009   0.01192188
3.54000005e-009   0.01159375
3.56000005e-009   0.01138281
3.58000005e-009   0.01136719
3.60000005e-009       0.0115
3.62000005e-009   0.01159375
3.64000005e-009   0.01160156
3.66000005e-009   0.01148438
3.68000005e-009   0.01135938
3.70000005e-009   0.01117969
3.72000005e-009   0.01121094
3.74000005e-009   0.01138281
3.76000005e-009   0.01167188
3.78000005e-009   0.01180469
3.80000005e-009   0.01160156
3.82000005e-009   0.01113281
3.84000005e-009   0.01083594
3.86000005e-009   0.01090625
3.88000005e-009   0.01128125
3.90000005e-009    0.0115625
3.92000005e-009    0.0114375
3.94000005e-009   0.01102344
3.96000005e-009   0.01063281
3.98000005e-009       0.0105
4.00000005e-009   0.01065625
4.02000005e-009   0.01092969
4.04000005e-009   0.01111719
4.06000005e-009   0.01110156
4.08000005e-009   0.01089063
4.10000005e-009   0.01065625
4.12000006e-009   0.01049219
4.14000006e-009   0.01034375
4.16000006e-009   0.01027344
4.18000006e-009   0.01027344
4.20000006e-009   0.01035938
4.22000006e-009   0.01042188
4.24000006e-009   0.01035156
4.26000006e-009   0.01007813
4.28000006e-009  0.009703125
4.30000006e-009  0.009492188
4.32000006e-009   0.00940625
4.34000006e-009  0.009421875
4.36000006e-009     0.009375
4.38000006e-009  0.009257813
4.40000006e-009  0.009171875
4.42000006e-009   0.00915625
4.44000006e-009     0.009125
4.46000006e-009  0.009078125
4.48000006e-009  0.008890625
4.50000006e-009  0.008703125
4.52000006e-009  0.008578125
4.54000006e-009  0.008554688
4.56000006e-009  0.008632813
4.58000006e-009  0.008726563
4.60000006e-009  0.008820313
4.62000006e-009   0.00878125
4.64000006e-009  0.008695313
4.66000006e-009    0.0086875
4.68000006e-009  0.008757813
4.70000006e-009  0.008789063
4.72000006e-009  0.008671875
4.74000006e-009  0.008367188
4.76000006e-009  0.008046875
4.78000006e-009  0.007914063
4.80000006e-009  0.007992188
4.82000006e-009  0.008132813
4.84000006e-009    0.0081875
4.86000006e-009    0.0080625
4.88000007e-009  0.007976563
4.90000007e-009  0.008039063
4.92000007e-009    0.0081875
4.94000007e-009  0.008242188
4.96000007e-009  0.008039063
4.98000007e-009  0.007828125
5.00000007e-009  0.007789063
