-2.49000003e-009  -0.01152344
-2.48000003e-009  -0.00115625
-2.47000003e-009       -0.013
-2.46000003e-009 -0.002101563
-2.45000003e-009  -0.01129688
-2.44000003e-009    -0.002875
-2.43000003e-009  -0.01103906
-2.42000003e-009 -0.002921875
-2.41000003e-009  -0.01114844
-2.40000003e-009  -0.00159375
-2.39000003e-009  -0.01176563
-2.38000003e-009       -0.001
-2.37000003e-009       -0.011
-2.36000003e-009 -0.001796875
-2.35000003e-009       -0.011
-2.34000003e-009  -0.00140625
-2.33000003e-009  -0.01152344
-2.32000003e-009  -0.00140625
-2.31000003e-009  -0.01146094
-2.30000003e-009  -0.00253125
-2.29000003e-009  -0.01070313
-2.28000003e-009       -0.001
-2.27000003e-009 -0.009523438
-2.26000003e-009 -0.0008828129
-2.25000003e-009 -0.009398438
-2.24000003e-009 -0.0009453129
-2.23000003e-009 -0.009000001
-2.22000003e-009 -5.468785e-005
-2.21000003e-009 -0.009125001
-2.20000003e-009 0.0001484372
-2.19000003e-009 -0.009226563
-2.18000003e-009 0.0002734372
-2.17000003e-009  -0.01092188
-2.16000003e-009   0.00103125
-2.15000003e-009   -0.0103125
-2.14000003e-009 0.0009999997
-2.13000003e-009 -0.009000001
-2.12000003e-009 0.0001874997
-2.11000003e-009 -0.009710938
-2.10000003e-009 0.0009999997
-2.09000003e-009  -0.01103906
-2.08000003e-009 -0.0003359379
-2.07000003e-009 -0.009000001
-2.06000003e-009 -0.0005703129
-2.05000003e-009 -0.007906251
-2.04000003e-009 0.0006484372
-2.03000003e-009 -0.007718751
-2.02000003e-009    0.0013125
-2.01000003e-009 -0.007164063
-2.00000003e-009 0.0009999997
-1.99000003e-009 -0.007000001
-1.98000003e-009 0.0009999997
-1.97000003e-009 -0.007226563
-1.96000003e-009   0.00109375
-1.95000003e-009 -0.008226563
-1.94000003e-009     0.001375
-1.93000003e-009 -0.007867188
-1.92000003e-009  0.001054687
-1.91000003e-009 -0.007992188
-1.90000003e-009  0.001578125
-1.89000003e-009 -0.009000001
-1.88000003e-009   0.00121875
-1.87000002e-009 -0.007843751
-1.86000002e-009 0.0009999997
-1.85000002e-009 -0.007000001
-1.84000002e-009  0.002007812
-1.83000002e-009 -0.007343751
-1.82000002e-009        0.003
-1.81000002e-009 -0.007742188
-1.80000002e-009  0.002289062
-1.79000002e-009 -0.007390626
-1.78000002e-009  0.003078125
-1.77000002e-009 -0.007437501
-1.76000002e-009  0.001492187
-1.75000002e-009 -0.007546876
-1.74000002e-009  0.002390625
-1.73000002e-009 -0.007000001
-1.72000002e-009        0.003
-1.71000002e-009 -0.007796876
-1.70000002e-009   0.00259375
-1.69000002e-009 -0.008382813
-1.68000002e-009  0.002296875
-1.67000002e-009 -0.007000001
-1.66000002e-009  0.002992187
-1.65000002e-009 -0.007195313
-1.64000002e-009        0.003
-1.63000002e-009 -0.007000001
-1.62000002e-009  0.001390625
-1.61000002e-009 -0.007054688
-1.60000002e-009        0.003
-1.59000002e-009 -0.007500001
-1.58000002e-009   0.00328125
-1.57000002e-009 -0.007195313
-1.56000002e-009        0.003
-1.55000002e-009 -0.009000001
-1.54000002e-009  0.003132812
-1.53000002e-009 -0.007539063
-1.52000002e-009  0.001898437
-1.51000002e-009 -0.005468751
-1.50000002e-009  0.003351562
-1.49000002e-009 -0.007000001
-1.48000002e-009  0.003757812
-1.47000002e-009 -0.007000001
-1.46000002e-009  0.003164062
-1.45000002e-009 -0.006960938
-1.44000002e-009  0.003320312
-1.43000002e-009 -0.005664063
-1.42000002e-009        0.003
-1.41000002e-009 -0.005953126
-1.40000002e-009  0.003257812
-1.39000002e-009 -0.007000001
-1.38000002e-009  0.002046875
-1.37000002e-009 -0.007054688
-1.36000002e-009     0.004375
-1.35000002e-009 -0.006773438
-1.34000002e-009  0.004414062
-1.33000002e-009 -0.007000001
-1.32000002e-009  0.002242187
-1.31000002e-009 -0.007523438
-1.30000002e-009   0.00371875
-1.29000002e-009 -0.009343751
-1.28000002e-009   0.00328125
-1.27000002e-009 -0.009734376
-1.26000002e-009        0.003
-1.25000002e-009 -0.007640626
-1.24000002e-009  0.003039062
-1.23000002e-009 -0.007429688
-1.22000002e-009        0.003
-1.21000002e-009 -0.007000001
-1.20000002e-009        0.003
-1.19000002e-009 -0.007460938
-1.18000002e-009   0.00340625
-1.17000002e-009 -0.007718751
-1.16000002e-009  0.002242187
-1.15000002e-009 -0.009000001
-1.14000002e-009  0.003140625
-1.13000002e-009 -0.008960938
-1.12000001e-009        0.005
-1.11000001e-009 -0.008554688
-1.10000001e-009  0.002585937
-1.09000001e-009 -0.007445313
-1.08000001e-009  0.002234375
-1.07000001e-009 -0.007710938
-1.06000001e-009  0.001898437
-1.05000001e-009 -0.007781251
-1.04000001e-009  0.001992187
-1.03000001e-009 -0.009000001
-1.02000001e-009 0.0009999997
-1.01000001e-009 -0.008234376
-1.00000001e-009 0.0006562497
-9.90000013e-010 -0.009000001
-9.80000013e-010 0.0004843747
-9.70000013e-010 -0.009351563
-9.60000013e-010 0.0004921872
-9.50000013e-010  -0.01059375
-9.40000013e-010       -0.001
-9.30000012e-010  -0.01038281
-9.20000012e-010 -0.0007968754
-9.10000012e-010       -0.011
-9.00000012e-010       -0.001
-8.90000012e-010  -0.01304688
-8.80000012e-010   -0.0024375
-8.70000012e-010  -0.01339844
-8.60000011e-010 -0.002960938
-8.50000011e-010       -0.015
-8.40000011e-010 -0.005000001
-8.30000011e-010       -0.017
-8.20000011e-010 -0.006804688
-8.10000011e-010  -0.02290625
-8.00000011e-010 -0.007898438
-7.90000011e-010  -0.02850781
-7.8000001e-010        -0.01
-7.7000001e-010  -0.03435938
-7.6000001e-010       -0.013
-7.5000001e-010  -0.04317188
-7.4000001e-010    -0.017625
-7.3000001e-010  -0.05542188
-7.2000001e-010  -0.02217969
-7.10000009e-010  -0.06746875
-7.00000009e-010       -0.031
-6.90000009e-010  -0.08436719
-6.80000009e-010  -0.04003125
-6.70000009e-010   -0.1013203
-6.60000009e-010       -0.052
-6.50000009e-010   -0.1171875
-6.40000009e-010  -0.06408594
-6.30000008e-010      -0.1335
-6.20000008e-010  -0.07895313
-6.10000008e-010   -0.1462969
-6.00000008e-010  -0.09749219
-5.90000008e-010   -0.1535859
-5.80000008e-010   -0.1168359
-5.70000008e-010       -0.161
-5.60000007e-010       -0.129
-5.50000007e-010       -0.165
-5.40000007e-010   -0.1382813
-5.30000007e-010   -0.1679531
-5.20000007e-010   -0.1482109
-5.10000007e-010   -0.1683125
-5.00000007e-010   -0.1553906
-4.90000007e-010   -0.1710078
-4.80000006e-010   -0.1572813
-4.70000006e-010       -0.169
-4.60000006e-010   -0.1543594
-4.50000006e-010   -0.1662734
-4.40000006e-010    -0.151125
-4.30000006e-010   -0.1654453
-4.20000006e-010   -0.1504688
-4.10000005e-010   -0.1619219
-4.00000005e-010     -0.14575
-3.90000005e-010       -0.161
-3.80000005e-010   -0.1401875
-3.70000005e-010       -0.157
-3.60000005e-010   -0.1340547
-3.50000005e-010       -0.153
-3.40000005e-010   -0.1266016
-3.30000004e-010   -0.1493906
-3.20000004e-010   -0.1162344
-3.10000004e-010   -0.1460313
-3.00000004e-010   -0.1031875
-2.90000004e-010       -0.137
-2.80000004e-010       -0.087
-2.70000004e-010   -0.1284063
-2.60000003e-010  -0.07046875
-2.50000003e-010       -0.119
-2.40000003e-010   -0.0535625
-2.30000003e-010     -0.10425
-2.20000003e-010  -0.03670313
-2.10000003e-010  -0.08847657
-2.00000003e-010   -0.0199375
-1.90000003e-010  -0.07317188
-1.80000002e-010 -0.005000001
-1.70000002e-010  -0.05634375
-1.60000002e-010  0.004914062
-1.50000002e-010  -0.03867188
-1.40000002e-010   0.01226563
-1.30000002e-010  -0.02264063
-1.20000002e-010        0.017
-1.10000001e-010 -0.008359376
-1.00000001e-010   0.01875781
-9.00000012e-011   0.00390625
-8.00000011e-011        0.021
-7.00000009e-011  0.009539063
-6.00000008e-011        0.023
-5.00000007e-011   0.01189844
-4.00000005e-011   0.02267969
-3.00000004e-011   0.01128906
-2.00000003e-011   0.02103906
-1.00000001e-011   0.01057031
           0   0.02075781
1.00000001e-011   0.01036719
2.00000003e-011        0.021
3.00000004e-011   0.00803125
4.00000005e-011   0.01889063
5.00000007e-011        0.007
6.00000008e-011        0.019
7.00000009e-011  0.008703125
8.00000011e-011   0.02078125
9.00000012e-011        0.011
1.00000001e-010        0.025
1.10000001e-010   0.01288281
1.20000002e-010   0.02739844
1.30000002e-010   0.01305469
1.40000002e-010    0.0309375
1.50000002e-010   0.01403906
1.60000002e-010   0.03273438
1.70000002e-010        0.017
1.80000002e-010   0.03260156
1.90000003e-010   0.01839063
2.00000003e-010        0.033
2.10000003e-010   0.01821094
2.20000003e-010     0.031375
2.30000003e-010   0.01867969
2.40000003e-010   0.03064063
2.50000003e-010   0.02091406
2.60000003e-010        0.031
2.70000004e-010   0.01877344
2.80000004e-010        0.031
2.90000004e-010   0.01778906
3.00000004e-010     0.028375
3.10000004e-010        0.015
3.20000004e-010        0.027
3.30000004e-010   0.01558594
3.40000005e-010   0.02657813
3.50000005e-010   0.01503125
3.60000005e-010    0.0244375
3.70000005e-010   0.01503906
3.80000005e-010        0.025
3.90000005e-010   0.01553125
4.00000005e-010        0.027
4.10000005e-010    0.0139375
4.20000006e-010   0.02505469
4.30000006e-010        0.013
4.40000006e-010   0.02520313
4.50000006e-010   0.01415625
4.60000006e-010   0.02414844
4.70000006e-010        0.015
4.80000006e-010   0.02378125
4.90000007e-010   0.01467188
5.00000007e-010   0.02467188
5.10000007e-010   0.01314844
5.20000007e-010        0.025
5.30000007e-010   0.01361719
5.40000007e-010   0.02321094
5.50000007e-010     0.013625
5.60000007e-010   0.02330469
5.70000008e-010   0.01278125
5.80000008e-010   0.02316406
5.90000008e-010   0.01258594
6.00000008e-010   0.02366406
6.10000008e-010   0.01217188
6.20000008e-010   0.02314063
6.30000008e-010   0.01103125
6.40000009e-010   0.02230469
6.50000009e-010   0.01036719
6.60000009e-010   0.01996094
6.70000009e-010        0.009
6.80000009e-010        0.021
6.90000009e-010   0.01021094
7.00000009e-010        0.021
7.10000009e-010   0.01070313
7.2000001e-010   0.02033594
7.3000001e-010  0.009601563
7.4000001e-010        0.021
7.5000001e-010   0.01053125
7.6000001e-010   0.02299219
7.7000001e-010   0.01048438
7.8000001e-010        0.023
7.90000011e-010        0.011
8.00000011e-010   0.02311719
8.10000011e-010   0.01125781
8.20000011e-010        0.023
8.30000011e-010   0.01280469
8.40000011e-010   0.02375781
8.50000011e-010   0.01339063
8.60000011e-010   0.02338281
8.70000012e-010   0.01329688
8.80000012e-010   0.02364844
8.90000012e-010    0.0136875
9.00000012e-010   0.02471875
9.10000012e-010   0.01567188
9.20000012e-010        0.025
9.30000012e-010   0.01442969
9.40000013e-010        0.025
9.50000013e-010   0.01389844
9.60000013e-010   0.02403906
9.70000013e-010   0.01403125
9.80000013e-010   0.02521094
9.90000013e-010   0.01347656
1.00000001e-009   0.02504688
1.01000001e-009        0.015
1.02000001e-009   0.02585156
1.03000001e-009   0.01447656
1.04000001e-009   0.02720313
1.05000001e-009        0.015
1.06000001e-009   0.02707031
1.07000001e-009   0.01644531
1.08000001e-009   0.02713281
1.09000001e-009        0.017
1.10000001e-009   0.02675781
1.11000001e-009   0.01721094
1.12000001e-009        0.027
1.13000002e-009        0.017
1.14000002e-009   0.02721875
1.15000002e-009   0.01747656
1.16000002e-009        0.027
1.17000002e-009        0.019
1.18000002e-009   0.02654688
1.19000002e-009   0.01599219
1.20000002e-009   0.02741406
1.21000002e-009   0.01596094
1.22000002e-009   0.02839844
1.23000002e-009   0.01850781
1.24000002e-009        0.029
1.25000002e-009   0.01710156
1.26000002e-009   0.02983594
1.27000002e-009        0.017
1.28000002e-009        0.029
1.29000002e-009    0.0164375
1.30000002e-009   0.02863281
1.31000002e-009   0.01728125
1.32000002e-009        0.027
1.33000002e-009   0.01871094
1.34000002e-009   0.02746875
1.35000002e-009   0.01853906
1.36000002e-009   0.02732813
1.37000002e-009   0.01544531
1.38000002e-009   0.02621875
1.39000002e-009   0.01427344
1.40000002e-009   0.02678125
1.41000002e-009   0.01648438
1.42000002e-009        0.025
1.43000002e-009   0.01635938
1.44000002e-009   0.02370313
1.45000002e-009   0.01485938
1.46000002e-009   0.02502344
1.47000002e-009   0.01460938
1.48000002e-009   0.02379688
1.49000002e-009   0.01423438
1.50000002e-009        0.023
1.51000002e-009   0.01299219
1.52000002e-009    0.0224375
1.53000002e-009        0.013
1.54000002e-009   0.02173438
1.55000002e-009   0.01228125
1.56000002e-009   0.02139063
1.57000002e-009   0.01228125
1.58000002e-009   0.02428125
1.59000002e-009     0.009625
1.60000002e-009        0.025
1.61000002e-009  0.007640625
1.62000002e-009        0.023
1.63000002e-009        0.009
1.64000002e-009   0.02303125
1.65000002e-009   0.01146875
1.66000002e-009        0.021
1.67000002e-009        0.011
1.68000002e-009        0.021
1.69000002e-009   0.01142969
1.70000002e-009   0.02001563
1.71000002e-009   0.01022656
1.72000002e-009    0.0201875
1.73000002e-009   0.01064844
1.74000002e-009   0.02134375
1.75000002e-009   0.01119531
1.76000002e-009   0.02017969
1.77000002e-009   0.01157031
1.78000002e-009   0.02121875
1.79000002e-009   0.01121875
1.80000002e-009   0.02100781
1.81000002e-009        0.011
1.82000002e-009   0.02089844
1.83000002e-009  0.009679688
1.84000002e-009   0.02099219
1.85000002e-009  0.008835938
1.86000002e-009        0.021
1.87000002e-009   0.00953125
1.88000003e-009   0.02110156
1.89000003e-009   0.01067188
1.90000003e-009   0.02108594
1.91000003e-009   0.01192188
1.92000003e-009        0.021
1.93000003e-009   0.01192188
1.94000003e-009   0.02136719
1.95000003e-009        0.011
1.96000003e-009   0.02111719
1.97000003e-009   0.01089063
1.98000003e-009   0.02432813
1.99000003e-009   0.01120313
2.00000003e-009   0.02461719
2.01000003e-009   0.01334375
2.02000003e-009     0.022375
2.03000003e-009        0.013
2.04000003e-009   0.02314844
2.05000003e-009   0.01358594
2.06000003e-009   0.02353906
2.07000003e-009   0.01251563
2.08000003e-009        0.023
2.09000003e-009      0.01275
2.10000003e-009   0.02277344
2.11000003e-009    0.0133125
2.12000003e-009    0.0234375
2.13000003e-009   0.01247656
2.14000003e-009        0.023
2.15000003e-009   0.01116406
2.16000003e-009   0.02271875
2.17000003e-009        0.011
2.18000003e-009   0.02239063
2.19000003e-009        0.013
2.20000003e-009   0.02117969
2.21000003e-009   0.01264063
2.22000003e-009   0.02454688
2.23000003e-009   0.01107031
2.24000003e-009    0.0243125
2.25000003e-009   0.01189063
2.26000003e-009   0.02305469
2.27000003e-009   0.01141406
2.28000003e-009        0.023
2.29000003e-009        0.011
2.30000003e-009     0.021125
2.31000003e-009   0.01146094
2.32000003e-009        0.021
2.33000003e-009   0.01094531
2.34000003e-009   0.02050781
2.35000003e-009   0.01192969
2.36000003e-009   0.01985938
2.37000003e-009   0.01085938
2.38000003e-009        0.021
2.39000003e-009    0.0120625
2.40000003e-009        0.021
2.41000003e-009        0.011
2.42000003e-009    0.0210625
2.43000003e-009   0.01105469
2.44000003e-009        0.021
2.45000003e-009   0.01130469
2.46000003e-009   0.01986719
2.47000003e-009   0.01078125
2.48000003e-009    0.0191875
2.49000003e-009   0.01082031
2.50000003e-009   0.01895313
