-4.98000007e-009 -0.005054688
-4.96000007e-009    0.0084375
-4.94000007e-009 -0.004757813
-4.92000007e-009   0.00578125
-4.90000007e-009 -0.003875001
-4.88000007e-009  0.004429687
-4.86000006e-009 -0.005992188
-4.84000006e-009        0.005
-4.82000006e-009 -0.005296876
-4.80000006e-009    0.0043125
-4.78000006e-009 -0.003882813
-4.76000006e-009  0.007015625
-4.74000006e-009 -0.003414063
-4.72000006e-009  0.003070312
-4.70000006e-009 -0.005000001
-4.68000006e-009  0.004273437
-4.66000006e-009 -0.004695313
-4.64000006e-009   0.00428125
-4.62000006e-009 -0.004460938
-4.60000006e-009  0.005632812
-4.58000006e-009 -0.004875001
-4.56000006e-009   0.01039063
-4.54000006e-009 -0.005000001
-4.52000006e-009        0.005
-4.50000006e-009 -0.005000001
-4.48000006e-009  0.005523437
-4.46000006e-009 -0.004125001
-4.44000006e-009    0.0063125
-4.42000006e-009 -0.004593751
-4.40000006e-009    0.0063125
-4.38000006e-009 -0.005234376
-4.36000006e-009   0.00465625
-4.34000006e-009 -0.005312501
-4.32000006e-009        0.005
-4.30000006e-009 -0.005000001
-4.28000006e-009  0.003570312
-4.26000006e-009 -0.004726563
-4.24000006e-009  0.003367187
-4.22000006e-009 -0.006453126
-4.20000006e-009   0.00315625
-4.18000006e-009 -0.004585938
-4.16000006e-009  0.004046875
-4.14000006e-009 -0.005179688
-4.12000006e-009        0.005
-4.10000005e-009 -0.005187501
-4.08000005e-009   0.00446875
-4.06000005e-009 -0.004289063
-4.04000005e-009        0.005
-4.02000005e-009 -0.006578126
-4.00000005e-009  0.005054687
-3.98000005e-009 -0.009203126
-3.96000005e-009    0.0048125
-3.94000005e-009 -0.007265626
-3.92000005e-009        0.005
-3.90000005e-009 -0.006453126
-3.88000005e-009  0.003101562
-3.86000005e-009 -0.007187501
-3.84000005e-009  0.002859375
-3.82000005e-009 -0.007000001
-3.80000005e-009        0.003
-3.78000005e-009 -0.008398438
-3.76000005e-009  0.002335937
-3.74000005e-009 -0.009101563
-3.72000005e-009 0.0009999997
-3.70000005e-009 -0.009210938
-3.68000005e-009 -0.0001875004
-3.66000005e-009 -0.008460938
-3.64000005e-009  0.001234375
-3.62000005e-009 -0.009000001
-3.60000005e-009 0.0009999997
-3.58000005e-009  -0.01182031
-3.56000005e-009 -0.001289063
-3.54000005e-009  -0.01182031
-3.52000005e-009       -0.001
-3.50000005e-009  -0.01165625
-3.48000005e-009 -0.002851563
-3.46000005e-009  -0.01152344
-3.44000005e-009 -0.0006562504
-3.42000005e-009  -0.01382813
-3.40000005e-009 -0.003695313
-3.38000005e-009  -0.01495313
-3.36000004e-009 -0.002867188
-3.34000004e-009  -0.01385156
-3.32000004e-009 -0.005000001
-3.30000004e-009       -0.015
-3.28000004e-009 -0.004000001
-3.26000004e-009  -0.01435938
-3.24000004e-009 -0.003453126
-3.22000004e-009  -0.01328906
-3.20000004e-009 -0.004476563
-3.18000004e-009  -0.01328906
-3.16000004e-009 -0.004437501
-3.14000004e-009       -0.015
-3.12000004e-009 -0.005000001
-3.10000004e-009  -0.01385156
-3.08000004e-009 -0.003007813
-3.06000004e-009  -0.01482031
-3.04000004e-009 -0.004757813
-3.02000004e-009       -0.015
-3.00000004e-009 -0.005000001
-2.98000004e-009  -0.01451563
-2.96000004e-009 -0.005242188
-2.94000004e-009       -0.015
-2.92000004e-009 -0.006765626
-2.90000004e-009  -0.01429688
-2.88000004e-009 -0.005179688
-2.86000004e-009   -0.0149375
-2.84000004e-009 -0.004125001
-2.82000004e-009       -0.015
-2.80000004e-009 -0.005000001
-2.78000004e-009  -0.01496875
-2.76000004e-009 -0.005007813
-2.74000004e-009  -0.01474219
-2.72000004e-009 -0.005000001
-2.70000004e-009       -0.013
-2.68000004e-009 -0.004531251
-2.66000004e-009  -0.01507813
-2.64000004e-009 -0.003578126
-2.62000003e-009       -0.013
-2.60000003e-009       -0.003
-2.58000003e-009    -0.013375
-2.56000003e-009 -0.004031251
-2.54000003e-009  -0.01246875
-2.52000003e-009       -0.001
-2.50000003e-009  -0.01138281
-2.48000003e-009 -0.002742188
-2.46000003e-009  -0.01346875
-2.44000003e-009 -0.0008984379
-2.42000003e-009  -0.01103906
-2.40000003e-009       -0.001
-2.38000003e-009  -0.01150781
-2.36000003e-009 -0.0002109379
-2.34000003e-009 -0.009875001
-2.32000003e-009       -0.001
-2.30000003e-009       -0.011
-2.28000003e-009 -0.001359375
-2.26000003e-009  -0.01077344
-2.24000003e-009  0.001320312
-2.22000003e-009 -0.009695313
-2.20000003e-009 0.0009999997
-2.18000003e-009  -0.01059375
-2.16000003e-009 0.0001484372
-2.14000003e-009 -0.008820313
-2.12000003e-009 0.0009999997
-2.10000003e-009 -0.007000001
-2.08000003e-009  0.001390625
-2.06000003e-009 -0.008906251
-2.04000003e-009 0.0003828122
-2.02000003e-009 -0.007023438
-2.00000003e-009     0.001375
-1.98000003e-009 -0.007726563
-1.96000003e-009   0.00203125
-1.94000003e-009 -0.009000001
-1.92000003e-009  0.003648437
-1.90000003e-009 -0.009343751
-1.88000003e-009  0.003226562
-1.86000002e-009 -0.007664063
-1.84000002e-009  0.001867187
-1.82000002e-009 -0.007000001
-1.80000002e-009 0.0009999997
-1.78000002e-009 -0.007078126
-1.76000002e-009    0.0039375
-1.74000002e-009 -0.007000001
-1.72000002e-009    0.0025625
-1.70000002e-009 -0.007023438
-1.68000002e-009   0.00246875
-1.66000002e-009 -0.006789063
-1.64000002e-009   0.00303125
-1.62000002e-009 -0.007000001
-1.60000002e-009  0.001546875
-1.58000002e-009 -0.007421876
-1.56000002e-009  0.002359375
-1.54000002e-009 -0.007265626
-1.52000002e-009        0.003
-1.50000002e-009 -0.007000001
-1.48000002e-009  0.002828125
-1.46000002e-009 -0.007773438
-1.44000002e-009  0.005460937
-1.42000002e-009 -0.007000001
-1.40000002e-009  0.002953125
-1.38000002e-009 -0.008164063
-1.36000002e-009  0.001882812
-1.34000002e-009 -0.007000001
-1.32000002e-009    0.0041875
-1.30000002e-009 -0.007000001
-1.28000002e-009  0.002132812
-1.26000002e-009 -0.006859376
-1.24000002e-009  0.002859375
-1.22000002e-009 -0.007203126
-1.20000002e-009 0.0009999997
-1.18000002e-009 -0.007062501
-1.16000002e-009  0.002320312
-1.14000002e-009 -0.007632813
-1.12000001e-009        0.003
-1.10000001e-009 -0.007773438
-1.08000001e-009  0.001632812
-1.06000001e-009 -0.008679688
-1.04000001e-009  0.001835937
-1.02000001e-009 -0.009000001
-1.00000001e-009  0.001273437
-9.80000013e-010 -0.007640626
-9.60000013e-010 -0.001039063
-9.40000013e-010 -0.009312501
-9.20000012e-010       -0.001
-9.00000012e-010  -0.01009375
-8.80000012e-010 -0.001179688
-8.60000011e-010  -0.01289844
-8.40000011e-010 -0.003828126
-8.20000011e-010  -0.01620313
-8.00000011e-010 -0.006500001
-7.8000001e-010  -0.02583594
-7.6000001e-010 -0.008757813
-7.4000001e-010  -0.04436719
-7.2000001e-010       -0.019
-7.00000009e-010       -0.069
-6.80000009e-010  -0.03235156
-6.60000009e-010   -0.1019141
-6.40000009e-010  -0.05103907
-6.20000008e-010   -0.1357891
-6.00000008e-010  -0.08557813
-5.80000008e-010   -0.1562734
-5.60000007e-010   -0.1172578
-5.40000007e-010   -0.1632109
-5.20000007e-010       -0.139
-5.00000007e-010       -0.169
-4.80000006e-010   -0.1575234
-4.60000006e-010   -0.1692109
-4.40000006e-010   -0.1510781
-4.20000006e-010       -0.169
-4.00000005e-010       -0.149
-3.80000005e-010   -0.1588906
-3.60000005e-010   -0.1379922
-3.40000005e-010   -0.1545859
-3.20000004e-010   -0.1202969
-3.00000004e-010   -0.1448281
-2.80000004e-010  -0.09497657
-2.60000003e-010   -0.1302734
-2.40000003e-010  -0.05928125
-2.20000003e-010       -0.107
-2.00000003e-010       -0.021
-1.80000002e-010  -0.07878125
-1.60000002e-010  0.001140625
-1.40000002e-010  -0.04553907
-1.20000002e-010   0.01291406
-1.00000001e-010     -0.01575
-8.00000011e-011   0.02016406
-6.00000008e-011  0.005015625
-4.00000005e-011        0.023
-2.00000003e-011        0.011
           0     0.022125
2.00000003e-011    0.0104375
4.00000005e-011   0.02046094
6.00000008e-011  0.007507813
8.00000011e-011        0.021
1.00000001e-010  0.007546875
1.20000002e-010   0.02590625
1.40000002e-010   0.01505469
1.60000002e-010   0.02821094
1.80000002e-010        0.017
2.00000003e-010        0.033
2.20000003e-010   0.02067969
2.40000003e-010   0.03157031
2.60000003e-010   0.02069531
2.80000004e-010        0.031
3.00000004e-010        0.017
3.20000004e-010      0.02725
3.40000005e-010    0.0156875
3.60000005e-010   0.02550781
3.80000005e-010        0.015
4.00000005e-010        0.025
4.20000006e-010   0.01483594
4.40000006e-010   0.02492969
4.60000006e-010   0.01441406
4.80000006e-010        0.025
5.00000007e-010        0.015
5.20000007e-010   0.02453906
5.40000007e-010   0.01284375
5.60000007e-010        0.025
5.80000008e-010   0.01185156
6.00000008e-010   0.02219531
6.20000008e-010   0.01242188
6.40000009e-010   0.02222656
6.60000009e-010        0.011
6.80000009e-010   0.02034375
7.00000009e-010        0.009
7.2000001e-010    0.0231875
7.4000001e-010  0.009671875
7.6000001e-010        0.023
7.8000001e-010   0.01096094
8.00000011e-010   0.02222656
8.20000011e-010   0.01445313
8.40000011e-010   0.02363281
8.60000011e-010   0.01252344
8.80000012e-010   0.02333594
9.00000012e-010        0.013
9.20000012e-010   0.02491406
9.40000013e-010   0.01489063
9.60000013e-010   0.02451563
9.80000013e-010        0.013
1.00000001e-009        0.025
1.02000001e-009    0.0138125
1.04000001e-009   0.02720313
1.06000001e-009   0.01555469
1.08000001e-009       0.0255
1.10000001e-009        0.017
1.12000001e-009       0.0295
1.14000002e-009   0.01749219
1.16000002e-009   0.02785938
1.18000002e-009        0.019
1.20000002e-009   0.02721094
1.22000002e-009   0.01808594
1.24000002e-009   0.02873438
1.26000002e-009   0.01710156
1.28000002e-009        0.031
1.30000002e-009   0.01650781
1.32000002e-009   0.02710938
1.34000002e-009    0.0185625
1.36000002e-009   0.02694531
1.38000002e-009        0.017
1.40000002e-009        0.027
1.42000002e-009   0.01520313
1.44000002e-009   0.02504688
1.46000002e-009   0.01439844
1.48000002e-009        0.023
1.50000002e-009        0.013
1.52000002e-009   0.02466406
1.54000002e-009      0.01275
1.56000002e-009   0.02141406
1.58000002e-009   0.01271094
1.60000002e-009        0.021
1.62000002e-009   0.01065625
1.64000002e-009   0.02127344
1.66000002e-009   0.01053906
1.68000002e-009        0.021
1.70000002e-009  0.009460938
1.72000002e-009   0.02301563
1.74000002e-009   0.01142188
1.76000002e-009   0.02066406
1.78000002e-009   0.01092188
1.80000002e-009   0.02185938
1.82000002e-009   0.01142969
1.84000002e-009   0.02110938
1.86000002e-009   0.01044531
1.88000003e-009       0.0205
1.90000003e-009   0.01132031
1.92000003e-009   0.02364844
1.94000003e-009   0.01221094
1.96000003e-009        0.021
1.98000003e-009   0.01186719
2.00000003e-009     0.021375
2.02000003e-009   0.01157031
2.04000003e-009   0.02226563
2.06000003e-009        0.013
2.08000003e-009   0.02178125
2.10000003e-009    0.0123125
2.12000003e-009   0.02304688
2.14000003e-009   0.01286719
2.16000003e-009   0.02395313
2.18000003e-009        0.011
2.20000003e-009        0.023
2.22000003e-009   0.01285156
2.24000003e-009   0.02307813
2.26000003e-009   0.01078125
2.28000003e-009        0.021
2.30000003e-009        0.011
2.32000003e-009   0.02110938
2.34000003e-009   0.00940625
2.36000003e-009   0.02146875
2.38000003e-009        0.011
2.40000003e-009   0.02019531
2.42000003e-009   0.01114063
2.44000003e-009       0.0195
2.46000003e-009        0.011
2.48000003e-009        0.019
2.50000003e-009  0.009226563
2.52000003e-009   0.02000781
2.54000003e-009   0.01027344
2.56000003e-009   0.01877344
2.58000003e-009  0.009835938
2.60000003e-009        0.019
2.62000003e-009    0.0104375
2.64000004e-009   0.01864063
2.66000004e-009  0.009671875
2.68000004e-009   0.01757813
2.70000004e-009        0.009
2.72000004e-009   0.01850781
2.74000004e-009  0.009242188
2.76000004e-009   0.01928906
2.78000004e-009   0.00771875
2.80000004e-009        0.019
2.82000004e-009  0.008601563
2.84000004e-009   0.01899219
2.86000004e-009        0.009
2.88000004e-009        0.017
2.90000004e-009    0.0079375
2.92000004e-009   0.01828125
2.94000004e-009    0.0093125
2.96000004e-009        0.019
2.98000004e-009        0.009
3.00000004e-009        0.019
3.02000004e-009   0.00696875
3.04000004e-009   0.01939844
3.06000004e-009  0.007640625
3.08000004e-009        0.019
3.10000004e-009  0.007546875
3.12000004e-009      0.01825
3.14000004e-009  0.007304687
3.16000004e-009   0.01695313
3.18000004e-009  0.005414062
3.20000004e-009        0.017
3.22000004e-009  0.007382813
3.24000004e-009     0.015875
3.26000004e-009  0.006804687
3.28000004e-009        0.017
3.30000004e-009   0.00659375
3.32000004e-009   0.01645313
3.34000004e-009  0.006054687
3.36000004e-009   0.01504688
3.38000005e-009        0.007
3.40000005e-009        0.017
3.42000005e-009  0.005664062
3.44000005e-009   0.01510938
3.46000005e-009    0.0040625
3.48000005e-009   0.01609375
3.50000005e-009   0.00528125
3.52000005e-009   0.01509375
3.54000005e-009  0.005109375
3.56000005e-009   0.01500781
3.58000005e-009  0.005140625
3.60000005e-009        0.015
3.62000005e-009  0.005078125
3.64000005e-009      0.01575
3.66000005e-009  0.004742187
3.68000005e-009   0.01463281
3.70000005e-009  0.005304687
3.72000005e-009   0.01467969
3.74000005e-009  0.005015625
3.76000005e-009   0.01465625
3.78000005e-009        0.003
3.80000005e-009        0.015
3.82000005e-009  0.005359375
3.84000005e-009   0.01489844
3.86000005e-009  0.004617187
3.88000005e-009        0.015
3.90000005e-009        0.005
3.92000005e-009   0.01494531
3.94000005e-009 0.0002890622
3.96000005e-009   0.01338281
3.98000005e-009        0.005
4.00000005e-009   0.01414063
4.02000005e-009  0.004632812
4.04000005e-009   0.01499219
4.06000005e-009        0.005
4.08000005e-009   0.01460156
4.10000005e-009        0.003
4.12000006e-009   0.01417969
4.14000006e-009  0.002820312
4.16000006e-009        0.015
4.18000006e-009        0.005
4.20000006e-009        0.015
4.22000006e-009  0.003257812
4.24000006e-009   0.01473438
4.26000006e-009        0.003
4.28000006e-009   0.01311719
4.30000006e-009 0.0009999997
4.32000006e-009   0.01332031
4.34000006e-009  0.002726562
4.36000006e-009   0.01317188
4.38000006e-009        0.003
4.40000006e-009        0.013
4.42000006e-009  0.002695312
4.44000006e-009   0.01195313
4.46000006e-009  0.002835937
4.48000006e-009   0.01142969
4.50000006e-009        0.003
4.52000006e-009   0.01246875
4.54000006e-009  0.002117187
4.56000006e-009   0.01244531
4.58000006e-009        0.003
4.60000006e-009        0.013
4.62000006e-009  0.002671875
4.64000006e-009   0.01363281
4.66000006e-009  0.002171875
4.68000006e-009    0.0114375
4.70000006e-009        0.003
4.72000006e-009    0.0119375
4.74000006e-009  0.002539062
4.76000006e-009        0.013
4.78000006e-009 0.0009999997
4.80000006e-009        0.013
4.82000006e-009  0.003257812
4.84000006e-009   0.01224219
4.86000006e-009 0.0004374997
4.88000007e-009   0.01229688
4.90000007e-009 0.0009999997
4.92000007e-009   0.01123438
4.94000007e-009 0.0005156247
4.96000007e-009   0.01264063
4.98000007e-009 0.0009999997
5.00000007e-009   0.01109375
