-4.98000007e-009 -0.004648438
-4.96000007e-009   0.00440625
-4.94000007e-009 -0.005257813
-4.92000007e-009  0.004820312
-4.90000007e-009 -0.007000001
-4.88000007e-009  0.004757812
-4.86000006e-009 -0.004945313
-4.84000006e-009  0.004640625
-4.82000006e-009 -0.005171876
-4.80000006e-009  0.003976562
-4.78000006e-009 -0.004312501
-4.76000006e-009  0.006695312
-4.74000006e-009 -0.005101563
-4.72000006e-009    0.0051875
-4.70000006e-009 -0.005000001
-4.68000006e-009  0.005601562
-4.66000006e-009 -0.004093751
-4.64000006e-009  0.005773437
-4.62000006e-009 -0.004851563
-4.60000006e-009   0.00509375
-4.58000006e-009 -0.004804688
-4.56000006e-009  0.006523437
-4.54000006e-009 -0.004648438
-4.52000006e-009  0.003664062
-4.50000006e-009 -0.005000001
-4.48000006e-009  0.004671875
-4.46000006e-009 -0.003656251
-4.44000006e-009  0.004085937
-4.42000006e-009 -0.005000001
-4.40000006e-009        0.007
-4.38000006e-009 -0.003843751
-4.36000006e-009  0.005578125
-4.34000006e-009 -0.005000001
-4.32000006e-009  0.005085937
-4.30000006e-009 -0.005000001
-4.28000006e-009  0.006296875
-4.26000006e-009 -0.003968751
-4.24000006e-009  0.005242187
-4.22000006e-009 -0.005000001
-4.20000006e-009   0.00340625
-4.18000006e-009 -0.006914063
-4.16000006e-009  0.006382812
-4.14000006e-009 -0.005000001
-4.12000006e-009    0.0054375
-4.10000005e-009 -0.005000001
-4.08000005e-009  0.005117187
-4.06000005e-009 -0.004875001
-4.04000005e-009  0.004273437
-4.02000005e-009 -0.004179688
-4.00000005e-009        0.005
-3.98000005e-009 -0.004085938
-3.96000005e-009  0.003585937
-3.94000005e-009 -0.005070313
-3.92000005e-009  0.004289062
-3.90000005e-009 -0.006492188
-3.88000005e-009  0.004609375
-3.86000005e-009 -0.005273438
-3.84000005e-009  0.003585937
-3.82000005e-009 -0.007000001
-3.80000005e-009        0.003
-3.78000005e-009 -0.006757813
-3.76000005e-009  0.001945312
-3.74000005e-009 -0.008664063
-3.72000005e-009        0.003
-3.70000005e-009 -0.008046876
-3.68000005e-009  0.001273437
-3.66000005e-009 -0.008976563
-3.64000005e-009 0.0009999997
-3.62000005e-009       -0.011
-3.60000005e-009 -4.687535e-005
-3.58000005e-009 -0.009976563
-3.56000005e-009 -0.0005703129
-3.54000005e-009  -0.01159375
-3.52000005e-009       -0.001
-3.50000005e-009       -0.013
-3.48000005e-009 -0.002492188
-3.46000005e-009  -0.01194531
-3.44000005e-009 -0.003500001
-3.42000005e-009  -0.01179688
-3.40000005e-009       -0.003
-3.38000005e-009  -0.01322656
-3.36000004e-009 -0.002476563
-3.34000004e-009  -0.01349219
-3.32000004e-009  -0.00259375
-3.30000004e-009  -0.01342969
-3.28000004e-009 -0.002515625
-3.26000004e-009  -0.01369531
-3.24000004e-009 -0.002820313
-3.22000004e-009      -0.0145
-3.20000004e-009 -0.003992188
-3.18000004e-009  -0.01463281
-3.16000004e-009 -0.005078126
-3.14000004e-009  -0.01566406
-3.12000004e-009 -0.004437501
-3.10000004e-009  -0.01373438
-3.08000004e-009 -0.004617188
-3.06000004e-009  -0.01629688
-3.04000004e-009 -0.004515626
-3.02000004e-009       -0.015
-3.00000004e-009 -0.003570313
-2.98000004e-009  -0.01304688
-2.96000004e-009 -0.004304688
-2.94000004e-009  -0.01446875
-2.92000004e-009 -0.005000001
-2.90000004e-009  -0.01385938
-2.88000004e-009 -0.006601563
-2.86000004e-009  -0.01534375
-2.84000004e-009 -0.004773438
-2.82000004e-009       -0.015
-2.80000004e-009 -0.005000001
-2.78000004e-009    -0.013625
-2.76000004e-009 -0.004023438
-2.74000004e-009   -0.0144375
-2.72000004e-009 -0.005000001
-2.70000004e-009       -0.013
-2.68000004e-009 -0.004039063
-2.66000004e-009  -0.01358594
-2.64000004e-009 -0.004531251
-2.62000003e-009       -0.013
-2.60000003e-009       -0.003
-2.58000003e-009   -0.0148125
-2.56000003e-009 -0.003015625
-2.54000003e-009       -0.013
-2.52000003e-009 -0.003218751
-2.50000003e-009       -0.013
-2.48000003e-009  -0.00296875
-2.46000003e-009  -0.01279688
-2.44000003e-009 -0.002226563
-2.42000003e-009       -0.015
-2.40000003e-009       -0.001
-2.38000003e-009  -0.01139063
-2.36000003e-009     -0.00225
-2.34000003e-009   -0.0115625
-2.32000003e-009       -0.001
-2.30000003e-009       -0.011
-2.28000003e-009 -0.002132813
-2.26000003e-009  -0.01023438
-2.24000003e-009 -0.0008906254
-2.22000003e-009       -0.011
-2.20000003e-009 -0.0006015629
-2.18000003e-009 -0.009515626
-2.16000003e-009 -0.0007734379
-2.14000003e-009 -0.009789063
-2.12000003e-009  0.001359375
-2.10000003e-009 -0.009476563
-2.08000003e-009  0.001640625
-2.06000003e-009  -0.01124219
-2.04000003e-009  0.002242187
-2.02000003e-009 -0.009000001
-2.00000003e-009  0.002390625
-1.98000003e-009 -0.009164063
-1.96000003e-009 0.0009140622
-1.94000003e-009 -0.008226563
-1.92000003e-009  0.001039062
-1.90000003e-009 -0.007960938
-1.88000003e-009   0.00265625
-1.86000002e-009 -0.008109376
-1.84000002e-009  0.004257812
-1.82000002e-009 -0.007000001
-1.80000002e-009     0.003875
-1.78000002e-009 -0.009015626
-1.76000002e-009  0.004617187
-1.74000002e-009 -0.009000001
-1.72000002e-009    0.0015625
-1.70000002e-009 -0.007804688
-1.68000002e-009  0.001796875
-1.66000002e-009 -0.007078126
-1.64000002e-009  0.001453125
-1.62000002e-009 -0.008078126
-1.60000002e-009  0.002265625
-1.58000002e-009 -0.007070313
-1.56000002e-009  0.004210937
-1.54000002e-009 -0.005601563
-1.52000002e-009        0.003
-1.50000002e-009 -0.007218751
-1.48000002e-009  0.003648437
-1.46000002e-009 -0.008351563
-1.44000002e-009  0.003453125
-1.42000002e-009 -0.007468751
-1.40000002e-009  0.003421875
-1.38000002e-009 -0.007015626
-1.36000002e-009  0.004726562
-1.34000002e-009 -0.005546876
-1.32000002e-009        0.003
-1.30000002e-009 -0.006726563
-1.28000002e-009  0.002601562
-1.26000002e-009 -0.007351563
-1.24000002e-009  0.003359375
-1.22000002e-009 -0.007000001
-1.20000002e-009  0.001898437
-1.18000002e-009 -0.007632813
-1.16000002e-009  0.003210937
-1.14000002e-009 -0.009742188
-1.12000001e-009   0.00184375
-1.10000001e-009 -0.007414063
-1.08000001e-009  0.002367187
-1.06000001e-009 -0.009492188
-1.04000001e-009  0.001132812
-1.02000001e-009 -0.007000001
-1.00000001e-009 0.0009765622
-9.80000013e-010 -0.008015626
-9.60000013e-010  0.002320312
-9.40000013e-010 -0.009000001
-9.20000012e-010 0.0009999997
-9.00000012e-010 -0.009460938
-8.80000012e-010 -8.593785e-005
-8.60000011e-010  -0.01057813
-8.40000011e-010 -0.002164063
-8.20000011e-010  -0.01367188
-8.00000011e-010 -0.003046875
-7.8000001e-010  -0.01982813
-7.6000001e-010 -0.007898438
-7.4000001e-010  -0.02888281
-7.2000001e-010       -0.013
-7.00000009e-010  -0.04985938
-6.80000009e-010  -0.02371875
-6.60000009e-010  -0.08089063
-6.40000009e-010  -0.04053125
-6.20000008e-010       -0.111
-6.00000008e-010  -0.06414844
-5.80000008e-010    -0.138375
-5.60000007e-010  -0.09728125
-5.40000007e-010    -0.159125
-5.20000007e-010       -0.127
-5.00000007e-010       -0.169
-4.80000006e-010   -0.1507109
-4.60000006e-010   -0.1705391
-4.40000006e-010   -0.1575234
-4.20000006e-010   -0.1683047
-4.00000005e-010   -0.1521406
-3.80000005e-010   -0.1651953
-3.60000005e-010   -0.1444922
-3.40000005e-010    -0.158375
-3.20000004e-010   -0.1314688
-3.00000004e-010   -0.1516875
-2.80000004e-010   -0.1071875
-2.60000003e-010   -0.1357734
-2.40000003e-010  -0.08153125
-2.20000003e-010       -0.121
-2.00000003e-010  -0.05008594
-1.80000002e-010  -0.09541407
-1.60000002e-010  -0.01567969
-1.40000002e-010  -0.06339844
-1.20000002e-010        0.007
-1.00000001e-010  -0.03440625
-8.00000011e-011   0.01753906
-6.00000008e-011 -0.004468751
-4.00000005e-011        0.025
-2.00000003e-011        0.011
           0   0.02374219
2.00000003e-011   0.01303906
4.00000005e-011   0.02560938
6.00000008e-011   0.01042969
8.00000011e-011        0.021
1.00000001e-010    0.0100625
1.20000002e-010   0.02077344
1.40000002e-010    0.0120625
1.60000002e-010   0.02590625
1.80000002e-010        0.013
2.00000003e-010   0.02878125
2.20000003e-010   0.01996094
2.40000003e-010   0.03164063
2.60000003e-010   0.02175781
2.80000004e-010   0.03210156
3.00000004e-010   0.02022656
3.20000004e-010   0.03082813
3.40000005e-010   0.01792969
3.60000005e-010    0.0293125
3.80000005e-010   0.01585156
4.00000005e-010        0.027
4.20000006e-010   0.01503125
4.40000006e-010   0.02559375
4.60000006e-010   0.01388281
4.80000006e-010   0.02623438
5.00000007e-010   0.01330469
5.20000007e-010   0.02516406
5.40000007e-010   0.01303125
5.60000007e-010        0.023
5.80000008e-010   0.01296094
6.00000008e-010        0.025
6.20000008e-010   0.01150781
6.40000009e-010   0.02364063
6.60000009e-010   0.01222656
6.80000009e-010   0.02133594
7.00000009e-010        0.011
7.2000001e-010   0.02266406
7.4000001e-010   0.00996875
7.6000001e-010   0.02091406
7.8000001e-010    0.0116875
8.00000011e-010   0.02064063
8.20000011e-010      0.01075
8.40000011e-010   0.02242969
8.60000011e-010   0.01314063
8.80000012e-010        0.023
9.00000012e-010   0.01446094
9.20000012e-010   0.02342969
9.40000013e-010   0.01413281
9.60000013e-010        0.025
9.80000013e-010        0.015
1.00000001e-009   0.02458594
1.02000001e-009    0.0136875
1.04000001e-009   0.02796875
1.06000001e-009   0.01539844
1.08000001e-009   0.02800781
1.10000001e-009   0.01503125
1.12000001e-009   0.02895313
1.14000002e-009   0.01582813
1.16000002e-009        0.027
1.18000002e-009        0.015
1.20000002e-009   0.02857813
1.22000002e-009   0.01677344
1.24000002e-009    0.0288125
1.26000002e-009   0.01739063
1.28000002e-009        0.029
1.30000002e-009   0.01871094
1.32000002e-009   0.02749219
1.34000002e-009        0.018
1.36000002e-009    0.0274375
1.38000002e-009   0.01625781
1.40000002e-009        0.027
1.42000002e-009   0.01561719
1.44000002e-009   0.02709375
1.46000002e-009   0.01677344
1.48000002e-009        0.029
1.50000002e-009   0.01361719
1.52000002e-009   0.02427344
1.54000002e-009   0.01285156
1.56000002e-009   0.02327344
1.58000002e-009   0.01253125
1.60000002e-009   0.02270313
1.62000002e-009   0.01084375
1.64000002e-009   0.02274219
1.66000002e-009   0.01170313
1.68000002e-009   0.02138281
1.70000002e-009   0.01296875
1.72000002e-009   0.02165625
1.74000002e-009   0.01028906
1.76000002e-009   0.02138281
1.78000002e-009   0.01177344
1.80000002e-009        0.021
1.82000002e-009  0.009773438
1.84000002e-009   0.02208594
1.86000002e-009   0.01092188
1.88000003e-009        0.021
1.90000003e-009        0.011
1.92000003e-009   0.01958594
1.94000003e-009   0.01095313
1.96000003e-009   0.02178906
1.98000003e-009        0.011
2.00000003e-009     0.021625
2.02000003e-009       0.0125
2.04000003e-009   0.02153906
2.06000003e-009        0.011
2.08000003e-009        0.023
2.10000003e-009        0.013
2.12000003e-009   0.02229688
2.14000003e-009   0.01210938
2.16000003e-009   0.02346094
2.18000003e-009        0.013
2.20000003e-009    0.0226875
2.22000003e-009   0.01299219
2.24000003e-009   0.02217188
2.26000003e-009   0.01270313
2.28000003e-009        0.025
2.30000003e-009        0.011
2.32000003e-009     0.022125
2.34000003e-009   0.01117188
2.36000003e-009   0.02096875
2.38000003e-009        0.011
2.40000003e-009        0.021
2.42000003e-009   0.01113281
2.44000003e-009   0.02173438
2.46000003e-009   0.01017969
2.48000003e-009        0.021
2.50000003e-009        0.011
2.52000003e-009   0.02120313
2.54000003e-009   0.01066406
2.56000003e-009   0.02020313
2.58000003e-009  0.008734375
2.60000003e-009   0.01932813
2.62000003e-009  0.009898438
2.64000004e-009   0.01890625
2.66000004e-009   0.01024219
2.68000004e-009        0.019
2.70000004e-009   0.00803125
2.72000004e-009    0.0195625
2.74000004e-009  0.009335938
2.76000004e-009   0.01922656
2.78000004e-009  0.008265625
2.80000004e-009   0.01910938
2.82000004e-009   0.00715625
2.84000004e-009   0.01703906
2.86000004e-009   0.00859375
2.88000004e-009       0.0185
2.90000004e-009        0.009
2.92000004e-009     0.019125
2.94000004e-009    0.0080625
2.96000004e-009   0.01789844
2.98000004e-009        0.007
3.00000004e-009        0.019
3.02000004e-009   0.00815625
3.04000004e-009   0.01878125
3.06000004e-009  0.007476563
3.08000004e-009        0.021
3.10000004e-009  0.006796875
3.12000004e-009   0.01739844
3.14000004e-009    0.0071875
3.16000004e-009        0.019
3.18000004e-009        0.007
3.20000004e-009   0.01744531
3.22000004e-009  0.007679688
3.24000004e-009   0.01714063
3.26000004e-009  0.006945312
3.28000004e-009        0.019
3.30000004e-009        0.007
3.32000004e-009   0.01828125
3.34000004e-009  0.006507812
3.36000004e-009   0.01594531
3.38000005e-009        0.005
3.40000005e-009   0.01595313
3.42000005e-009  0.006984375
3.44000005e-009   0.01498438
3.46000005e-009  0.005648437
3.48000005e-009   0.01541406
3.50000005e-009   0.00659375
3.52000005e-009   0.01559375
3.54000005e-009  0.005453125
3.56000005e-009   0.01509375
3.58000005e-009        0.007
3.60000005e-009   0.01636719
3.62000005e-009  0.006820312
3.64000005e-009   0.01577344
3.66000005e-009    0.0033125
3.68000005e-009        0.017
3.70000005e-009  0.002820312
3.72000005e-009   0.01632031
3.74000005e-009  0.004859375
3.76000005e-009   0.01424219
3.78000005e-009        0.005
3.80000005e-009   0.01378125
3.82000005e-009        0.003
3.84000005e-009        0.015
3.86000005e-009  0.004976562
3.88000005e-009   0.01649219
3.90000005e-009  0.004390625
3.92000005e-009   0.01532813
3.94000005e-009  0.005226562
3.96000005e-009   0.01417188
3.98000005e-009        0.005
4.00000005e-009        0.013
4.02000005e-009   0.00484375
4.04000005e-009   0.01482031
4.06000005e-009        0.003
4.08000005e-009   0.01382813
4.10000005e-009    0.0045625
4.12000006e-009   0.01242969
4.14000006e-009  0.004546875
4.16000006e-009   0.01413281
4.18000006e-009  0.002976562
4.20000006e-009   0.01299219
4.22000006e-009  0.002914062
4.24000006e-009    0.0145625
4.26000006e-009        0.003
4.28000006e-009   0.01205469
4.30000006e-009    0.0040625
4.32000006e-009   0.01345313
4.34000006e-009     0.002375
4.36000006e-009   0.01192969
4.38000006e-009      0.00325
4.40000006e-009        0.013
4.42000006e-009  0.003007812
4.44000006e-009   0.01319531
4.46000006e-009  0.003015625
4.48000006e-009   0.01304688
4.50000006e-009  0.002570312
4.52000006e-009   0.01353906
4.54000006e-009  0.003398437
4.56000006e-009   0.01247656
4.58000006e-009        0.003
4.60000006e-009   0.01245313
4.62000006e-009  0.002640625
4.64000006e-009   0.01451563
4.66000006e-009        0.003
4.68000006e-009        0.013
4.70000006e-009        0.003
4.72000006e-009   0.01224219
4.74000006e-009  0.002640625
4.76000006e-009        0.011
4.78000006e-009        0.003
4.80000006e-009   0.01266406
4.82000006e-009  0.002773437
4.84000006e-009   0.01160938
4.86000006e-009  0.002085937
4.88000007e-009        0.013
4.90000007e-009     0.002875
4.92000007e-009   0.01121875
4.94000007e-009 0.0007578122
4.96000007e-009        0.011
4.98000007e-009  0.002921875
5.00000007e-009   0.01148438
