-1.24500002e-009   -0.0023125
-1.24000002e-009 -0.002351563
-1.23500002e-009    -0.002375
-1.23000002e-009   -0.0024375
-1.22500002e-009 -0.002453125
-1.22000002e-009 -0.002507813
-1.21500002e-009 -0.002523438
-1.21000002e-009 -0.002554688
-1.20500002e-009 -0.002570313
-1.20000002e-009 -0.002609375
-1.19500002e-009    -0.002625
-1.19000002e-009 -0.002640625
-1.18500002e-009 -0.002632813
-1.18000002e-009 -0.002648438
-1.17500002e-009 -0.002609375
-1.17000002e-009  -0.00259375
-1.16500002e-009 -0.002585938
-1.16000002e-009 -0.002554688
-1.15500002e-009 -0.002554688
-1.15000002e-009  -0.00253125
-1.14500002e-009      -0.0025
-1.14000002e-009 -0.002546875
-1.13500002e-009  -0.00253125
-1.13000002e-009 -0.002546875
-1.12500002e-009 -0.002617188
-1.12000001e-009 -0.002671875
-1.11500001e-009     -0.00275
-1.11000001e-009 -0.002859375
-1.10500001e-009 -0.002984375
-1.10000001e-009 -0.003046875
-1.09500001e-009  -0.00315625
-1.09000001e-009 -0.003257813
-1.08500001e-009 -0.003296876
-1.08000001e-009 -0.003359376
-1.07500001e-009 -0.003390626
-1.07000001e-009 -0.003398438
-1.06500001e-009 -0.003335938
-1.06000001e-009 -0.003304688
-1.05500001e-009 -0.003250001
-1.05000001e-009 -0.003148438
-1.04500001e-009  -0.00309375
-1.04000001e-009 -0.002992188
-1.03500001e-009 -0.002953125
-1.03000001e-009    -0.002875
-1.02500001e-009 -0.002867188
-1.02000001e-009  -0.00284375
-1.01500001e-009 -0.002867188
-1.01000001e-009 -0.002921875
-1.00500001e-009 -0.002976563
-1.00000001e-009 -0.003085938
-9.95000013e-010 -0.003195313
-9.90000013e-010 -0.003367188
-9.85000013e-010 -0.003507813
-9.80000013e-010 -0.003625001
-9.75000013e-010 -0.003757813
-9.70000013e-010 -0.003914063
-9.65000013e-010 -0.004000001
-9.60000013e-010 -0.004085938
-9.55000013e-010 -0.004179688
-9.50000013e-010 -0.004179688
-9.45000013e-010 -0.004226563
-9.40000013e-010 -0.004226563
-9.35000012e-010 -0.004242188
-9.30000012e-010 -0.004226563
-9.25000012e-010 -0.004210938
-9.20000012e-010 -0.004218751
-9.15000012e-010 -0.004250001
-9.10000012e-010 -0.004320313
-9.05000012e-010 -0.004382813
-9.00000012e-010 -0.004476563
-8.95000012e-010 -0.004609376
-8.90000012e-010 -0.004765626
-8.85000012e-010 -0.004937501
-8.80000012e-010 -0.005109376
-8.75000012e-010 -0.005312501
-8.70000012e-010 -0.005531251
-8.65000012e-010 -0.005718751
-8.60000011e-010 -0.005937501
-8.55000011e-010 -0.006218751
-8.50000011e-010 -0.006476563
-8.45000011e-010 -0.006671876
-8.40000011e-010 -0.006945313
-8.35000011e-010 -0.007187501
-8.30000011e-010 -0.007437501
-8.25000011e-010 -0.007687501
-8.20000011e-010 -0.007992188
-8.15000011e-010 -0.008289063
-8.10000011e-010 -0.008593751
-8.05000011e-010 -0.008960938
-8.00000011e-010 -0.009382813
-7.95000011e-010 -0.009773438
-7.90000011e-010  -0.01022656
-7.8500001e-010  -0.01070313
-7.8000001e-010  -0.01121875
-7.7500001e-010  -0.01176563
-7.7000001e-010  -0.01236719
-7.6500001e-010  -0.01300781
-7.6000001e-010  -0.01372656
-7.5500001e-010  -0.01452344
-7.5000001e-010  -0.01535156
-7.4500001e-010  -0.01626563
-7.4000001e-010  -0.01728125
-7.3500001e-010  -0.01834375
-7.3000001e-010  -0.01949219
-7.2500001e-010  -0.02076563
-7.2000001e-010  -0.02216406
-7.1500001e-010  -0.02360156
-7.10000009e-010  -0.02521094
-7.05000009e-010  -0.02689844
-7.00000009e-010  -0.02871094
-6.95000009e-010  -0.03058594
-6.90000009e-010   -0.0325625
-6.85000009e-010  -0.03463281
-6.80000009e-010   -0.0368125
-6.75000009e-010  -0.03905469
-6.70000009e-010      -0.0415
-6.65000009e-010  -0.04397656
-6.60000009e-010  -0.04657813
-6.55000009e-010  -0.04930469
-6.50000009e-010  -0.05221094
-6.45000009e-010  -0.05519532
-6.40000009e-010  -0.05835157
-6.35000008e-010  -0.06160938
-6.30000008e-010  -0.06505469
-6.25000008e-010  -0.06858594
-6.20000008e-010     -0.07225
-6.15000008e-010  -0.07602344
-6.10000008e-010  -0.07989844
-6.05000008e-010  -0.08385157
-6.00000008e-010  -0.08784375
-5.95000008e-010    -0.091875
-5.90000008e-010  -0.09591407
-5.85000008e-010  -0.09995313
-5.80000008e-010   -0.1039688
-5.75000008e-010   -0.1079063
-5.70000008e-010   -0.1117344
-5.65000008e-010   -0.1154922
-5.60000007e-010   -0.1191563
-5.55000007e-010   -0.1227344
-5.50000007e-010   -0.1261719
-5.45000007e-010      -0.1295
-5.40000007e-010   -0.1327188
-5.35000007e-010   -0.1358125
-5.30000007e-010   -0.1387422
-5.25000007e-010   -0.1415703
-5.20000007e-010   -0.1442344
-5.15000007e-010     -0.14675
-5.10000007e-010   -0.1491172
-5.05000007e-010   -0.1512813
-5.00000007e-010   -0.1533203
-4.95000007e-010   -0.1551719
-4.90000007e-010   -0.1568594
-4.85000006e-010   -0.1583125
-4.80000006e-010   -0.1596328
-4.75000006e-010   -0.1607578
-4.70000006e-010   -0.1616563
-4.65000006e-010   -0.1623594
-4.60000006e-010   -0.1629844
-4.55000006e-010   -0.1633281
-4.50000006e-010   -0.1636094
-4.45000006e-010   -0.1637188
-4.40000006e-010   -0.1637813
-4.35000006e-010   -0.1636797
-4.30000006e-010   -0.1635234
-4.25000006e-010   -0.1633125
-4.20000006e-010   -0.1629922
-4.15000006e-010   -0.1625781
-4.10000005e-010   -0.1621563
-4.05000005e-010   -0.1616406
-4.00000005e-010   -0.1610625
-3.95000005e-010   -0.1604453
-3.90000005e-010   -0.1597813
-3.85000005e-010   -0.1590938
-3.80000005e-010   -0.1583203
-3.75000005e-010   -0.1574922
-3.70000005e-010   -0.1566328
-3.65000005e-010   -0.1556484
-3.60000005e-010   -0.1547031
-3.55000005e-010   -0.1535938
-3.50000005e-010   -0.1525547
-3.45000005e-010   -0.1514531
-3.40000005e-010   -0.1503516
-3.35000004e-010   -0.1492188
-3.30000004e-010   -0.1480703
-3.25000004e-010   -0.1469063
-3.20000004e-010   -0.1456953
-3.15000004e-010   -0.1444609
-3.10000004e-010   -0.1431641
-3.05000004e-010   -0.1418125
-3.00000004e-010   -0.1403906
-2.95000004e-010   -0.1389297
-2.90000004e-010   -0.1373672
-2.85000004e-010     -0.13575
-2.80000004e-010   -0.1339766
-2.75000004e-010   -0.1321719
-2.70000004e-010   -0.1301641
-2.65000004e-010   -0.1280625
-2.60000003e-010   -0.1258438
-2.55000003e-010   -0.1234688
-2.50000003e-010   -0.1209531
-2.45000003e-010   -0.1183125
-2.40000003e-010   -0.1155547
-2.35000003e-010   -0.1126406
-2.30000003e-010   -0.1096172
-2.25000003e-010   -0.1064844
-2.20000003e-010   -0.1031641
-2.15000003e-010  -0.09982813
-2.10000003e-010  -0.09633594
-2.05000003e-010  -0.09272657
-2.00000003e-010  -0.08904688
-1.95000003e-010     -0.08525
-1.90000003e-010    -0.081375
-1.85000002e-010  -0.07746094
-1.80000002e-010  -0.07347657
-1.75000002e-010  -0.06945313
-1.70000002e-010  -0.06538282
-1.65000002e-010  -0.06128125
-1.60000002e-010  -0.05717969
-1.55000002e-010   -0.0530625
-1.50000002e-010       -0.049
-1.45000002e-010   -0.0449375
-1.40000002e-010  -0.04092188
-1.35000002e-010  -0.03694531
-1.30000002e-010  -0.03303906
-1.25000002e-010  -0.02921094
-1.20000002e-010  -0.02553125
-1.15000002e-010  -0.02189063
-1.10000001e-010  -0.01841406
-1.05000001e-010  -0.01505469
-1.00000001e-010  -0.01179688
-9.50000013e-011 -0.008695313
-9.00000012e-011 -0.005757813
-8.50000011e-011 -0.002960938
-8.00000011e-011 -0.0003281254
-7.5000001e-011  0.002132812
-7.00000009e-011   0.00440625
-6.50000009e-011  0.006492187
-6.00000008e-011   0.00840625
-5.50000007e-011   0.01013281
-5.00000007e-011   0.01173438
-4.50000006e-011   0.01310938
-4.00000005e-011   0.01434375
-3.50000005e-011   0.01546094
-3.00000004e-011   0.01638281
-2.50000003e-011   0.01716406
-2.00000003e-011   0.01779688
-1.50000002e-011    0.0183125
-1.00000001e-011   0.01873438
-5.00000007e-012   0.01902344
           0    0.0191875
5.00000007e-012   0.01928906
1.00000001e-011   0.01928125
1.50000002e-011   0.01926563
2.00000003e-011   0.01908594
2.50000003e-011   0.01890625
3.00000004e-011   0.01865625
3.50000005e-011   0.01839844
4.00000005e-011   0.01805469
4.50000006e-011   0.01767969
5.00000007e-011   0.01733594
5.50000007e-011   0.01692969
6.00000008e-011   0.01653906
6.50000009e-011   0.01620313
7.00000009e-011   0.01586719
7.5000001e-011   0.01553125
8.00000011e-011   0.01528906
8.50000011e-011   0.01505469
9.00000012e-011   0.01485938
9.50000013e-011   0.01471875
1.00000001e-010   0.01461719
1.05000001e-010   0.01457813
1.10000001e-010   0.01464844
1.15000002e-010   0.01472656
1.20000002e-010   0.01490625
1.25000002e-010   0.01509375
1.30000002e-010   0.01535156
1.35000002e-010   0.01569531
1.40000002e-010   0.01601563
1.45000002e-010   0.01644531
1.50000002e-010     0.016875
1.55000002e-010   0.01735938
1.60000002e-010     0.017875
1.65000002e-010   0.01842188
1.70000002e-010   0.01899219
1.75000002e-010   0.01954688
1.80000002e-010     0.020125
1.85000002e-010   0.02071094
1.90000003e-010   0.02127344
1.95000003e-010   0.02185938
2.00000003e-010   0.02241406
2.05000003e-010    0.0229375
2.10000003e-010   0.02344531
2.15000003e-010   0.02396094
2.20000003e-010   0.02442188
2.25000003e-010    0.0248125
2.30000003e-010   0.02517969
2.35000003e-010   0.02552344
2.40000003e-010   0.02580469
2.45000003e-010   0.02604688
2.50000003e-010   0.02622656
2.55000003e-010   0.02644531
2.60000003e-010   0.02653125
2.65000004e-010   0.02660156
2.70000004e-010   0.02663281
2.75000004e-010   0.02664844
2.80000004e-010   0.02660156
2.85000004e-010       0.0265
2.90000004e-010   0.02640625
2.95000004e-010   0.02624219
3.00000004e-010   0.02603906
3.05000004e-010   0.02578125
3.10000004e-010   0.02554688
3.15000004e-010   0.02528906
3.20000004e-010   0.02494531
3.25000004e-010   0.02465625
3.30000004e-010   0.02433594
3.35000004e-010        0.024
3.40000005e-010   0.02367188
3.45000005e-010   0.02333594
3.50000005e-010   0.02303125
3.55000005e-010   0.02271094
3.60000005e-010   0.02239844
3.65000005e-010   0.02208594
3.70000005e-010   0.02185156
3.75000005e-010   0.02157813
3.80000005e-010   0.02133594
3.85000005e-010   0.02110156
3.90000005e-010   0.02089844
3.95000005e-010   0.02070313
4.00000005e-010   0.02050781
4.05000005e-010   0.02032813
4.10000005e-010   0.02019531
4.15000006e-010   0.02005469
4.20000006e-010   0.01992188
4.25000006e-010   0.01978906
4.30000006e-010   0.01970313
4.35000006e-010   0.01959375
4.40000006e-010   0.01950781
4.45000006e-010   0.01945313
4.50000006e-010   0.01939063
4.55000006e-010   0.01935156
4.60000006e-010   0.01930469
4.65000006e-010   0.01922656
4.70000006e-010   0.01921094
4.75000006e-010   0.01909375
4.80000006e-010   0.01903125
4.85000006e-010   0.01896094
4.90000007e-010   0.01885938
4.95000007e-010   0.01878125
5.00000007e-010   0.01866406
5.05000007e-010   0.01854688
5.10000007e-010   0.01844531
5.15000007e-010   0.01835156
5.20000007e-010      0.01825
5.25000007e-010   0.01817188
5.30000007e-010   0.01811719
5.35000007e-010   0.01809375
5.40000007e-010   0.01805469
5.45000007e-010   0.01807031
5.50000007e-010   0.01807031
5.55000007e-010   0.01814063
5.60000007e-010    0.0181875
5.65000008e-010      0.01825
5.70000008e-010   0.01832031
5.75000008e-010   0.01835938
5.80000008e-010   0.01841406
5.85000008e-010   0.01844531
5.90000008e-010   0.01845313
5.95000008e-010   0.01845313
6.00000008e-010   0.01838281
6.05000008e-010   0.01832813
6.10000008e-010   0.01822656
6.15000008e-010   0.01811719
6.20000008e-010   0.01796875
6.25000008e-010   0.01780469
6.30000008e-010   0.01764844
6.35000008e-010       0.0175
6.40000009e-010   0.01734375
6.45000009e-010   0.01717969
6.50000009e-010   0.01705469
6.55000009e-010    0.0169375
6.60000009e-010   0.01678906
6.65000009e-010   0.01671875
6.70000009e-010   0.01664844
6.75000009e-010   0.01657813
6.80000009e-010   0.01652344
6.85000009e-010   0.01644531
6.90000009e-010   0.01642188
6.95000009e-010   0.01635938
7.00000009e-010   0.01628906
7.05000009e-010      0.01625
7.10000009e-010    0.0161875
7.1500001e-010     0.016125
7.2000001e-010   0.01602344
7.2500001e-010   0.01596875
7.3000001e-010   0.01589844
7.3500001e-010   0.01582813
7.4000001e-010   0.01578906
7.4500001e-010   0.01573438
7.5000001e-010   0.01571094
7.5500001e-010   0.01571094
7.6000001e-010   0.01571875
7.6500001e-010   0.01571875
7.7000001e-010   0.01579688
7.7500001e-010   0.01590625
7.8000001e-010   0.01603125
7.8500001e-010   0.01614844
7.90000011e-010   0.01629688
7.95000011e-010   0.01644531
8.00000011e-010   0.01664063
8.05000011e-010   0.01685156
8.10000011e-010   0.01703906
8.15000011e-010   0.01722656
8.20000011e-010   0.01742969
8.25000011e-010   0.01761719
8.30000011e-010   0.01775781
8.35000011e-010   0.01795313
8.40000011e-010   0.01808594
8.45000011e-010   0.01822656
8.50000011e-010   0.01834375
8.55000011e-010    0.0184375
8.60000011e-010   0.01852344
8.65000012e-010   0.01860156
8.70000012e-010   0.01861719
8.75000012e-010   0.01871875
8.80000012e-010      0.01875
8.85000012e-010   0.01879688
8.90000012e-010   0.01884375
8.95000012e-010     0.018875
9.00000012e-010    0.0189375
9.05000012e-010   0.01899219
9.10000012e-010   0.01901563
9.15000012e-010   0.01905469
9.20000012e-010   0.01907813
9.25000012e-010     0.019125
9.30000012e-010   0.01914063
9.35000012e-010    0.0191875
9.40000013e-010   0.01921875
9.45000013e-010   0.01923438
9.50000013e-010   0.01923438
9.55000013e-010   0.01921875
9.60000013e-010   0.01921875
9.65000013e-010   0.01922656
9.70000013e-010   0.01920313
9.75000013e-010   0.01920313
9.80000013e-010    0.0191875
9.85000013e-010   0.01916406
9.90000013e-010    0.0191875
9.95000013e-010   0.01919531
1.00000001e-009    0.0191875
1.00500001e-009   0.01920313
1.01000001e-009      0.01925
1.01500001e-009   0.01928906
1.02000001e-009   0.01935156
1.02500001e-009   0.01941406
1.03000001e-009   0.01951563
1.03500001e-009   0.01960156
1.04000001e-009   0.01969531
1.04500001e-009   0.01982813
1.05000001e-009   0.01994531
1.05500001e-009   0.02009375
1.06000001e-009   0.02021094
1.06500001e-009     0.020375
1.07000001e-009   0.02050781
1.07500001e-009    0.0206875
1.08000001e-009   0.02083594
1.08500001e-009   0.02102344
1.09000001e-009   0.02117188
1.09500001e-009   0.02136719
1.10000001e-009   0.02157031
1.10500001e-009   0.02174219
1.11000001e-009   0.02190625
1.11500001e-009   0.02210156
1.12000001e-009   0.02225781
1.12500002e-009   0.02242969
1.13000002e-009   0.02254688
1.13500002e-009   0.02271094
1.14000002e-009   0.02280469
1.14500002e-009   0.02289063
1.15000002e-009   0.02297656
1.15500002e-009        0.023
1.16000002e-009    0.0230625
1.16500002e-009    0.0230625
1.17000002e-009   0.02304688
1.17500002e-009   0.02305469
1.18000002e-009   0.02302344
1.18500002e-009   0.02303125
1.19000002e-009   0.02303125
1.19500002e-009   0.02301563
1.20000002e-009   0.02298438
1.20500002e-009   0.02300781
1.21000002e-009   0.02302344
1.21500002e-009    0.0230625
1.22000002e-009     0.023125
1.22500002e-009   0.02317969
1.23000002e-009      0.02325
1.23500002e-009   0.02335156
1.24000002e-009    0.0234375
1.24500002e-009   0.02351563
1.25000002e-009   0.02360938
