-2.49000003e-009   -0.0131875
-2.48000003e-009       -0.003
-2.47000003e-009       -0.013
-2.46000003e-009 -0.002515625
-2.45000003e-009  -0.01139063
-2.44000003e-009   -0.0021875
-2.43000003e-009       -0.011
-2.42000003e-009       -0.003
-2.41000003e-009  -0.01210938
-2.40000003e-009 -0.002484375
-2.39000003e-009  -0.01294531
-2.38000003e-009 -0.0007890629
-2.37000003e-009  -0.01260938
-2.36000003e-009 -0.0004609379
-2.35000003e-009  -0.01100781
-2.34000003e-009 -0.001742188
-2.33000003e-009       -0.011
-2.32000003e-009 -0.0003437504
-2.31000003e-009       -0.011
-2.30000003e-009 0.0001171872
-2.29000003e-009  -0.01108594
-2.28000003e-009       -0.001
-2.27000003e-009   -0.0109375
-2.26000003e-009 0.0009999997
-2.25000003e-009 -0.009585938
-2.24000003e-009 0.0003437497
-2.23000003e-009 -0.009601563
-2.22000003e-009       -0.001
-2.21000003e-009 -0.009375001
-2.20000003e-009 -0.0008203129
-2.19000003e-009 -0.009742188
-2.18000003e-009 0.0004843747
-2.17000003e-009 -0.009187501
-2.16000003e-009  0.001195312
-2.15000003e-009 -0.008875001
-2.14000003e-009 -0.0007734379
-2.13000003e-009 -0.009000001
-2.12000003e-009 0.0003515622
-2.11000003e-009 -0.009375001
-2.10000003e-009  0.001429687
-2.09000003e-009 -0.009085938
-2.08000003e-009 0.0005078122
-2.07000003e-009 -0.009093751
-2.06000003e-009 0.0005781247
-2.05000003e-009 -0.009632813
-2.04000003e-009 0.0005468747
-2.03000003e-009 -0.009421876
-2.02000003e-009  0.001757812
-2.01000003e-009 -0.008539063
-2.00000003e-009  0.001351562
-1.99000003e-009 -0.009000001
-1.98000003e-009   0.00165625
-1.97000003e-009 -0.007937501
-1.96000003e-009  0.001890625
-1.95000003e-009 -0.007742188
-1.94000003e-009  0.001164062
-1.93000003e-009 -0.007000001
-1.92000003e-009     0.001625
-1.91000003e-009 -0.009062501
-1.90000003e-009  0.001554687
-1.89000003e-009 -0.009617188
-1.88000003e-009     0.002375
-1.87000002e-009 -0.007718751
-1.86000002e-009  0.002976562
-1.85000002e-009 -0.007710938
-1.84000002e-009  0.002304687
-1.83000002e-009 -0.008882813
-1.82000002e-009   0.00171875
-1.81000002e-009 -0.008281251
-1.80000002e-009  0.002171875
-1.79000002e-009 -0.007500001
-1.78000002e-009   0.00328125
-1.77000002e-009 -0.007734376
-1.76000002e-009  0.002789062
-1.75000002e-009 -0.007421876
-1.74000002e-009        0.003
-1.73000002e-009 -0.007039063
-1.72000002e-009  0.004484375
-1.71000002e-009 -0.006757813
-1.70000002e-009        0.005
-1.69000002e-009 -0.007468751
-1.68000002e-009   0.00328125
-1.67000002e-009 -0.006890626
-1.66000002e-009  0.003335937
-1.65000002e-009 -0.007000001
-1.64000002e-009  0.001367187
-1.63000002e-009 -0.007000001
-1.62000002e-009  0.002085937
-1.61000002e-009 -0.007468751
-1.60000002e-009  0.002914062
-1.59000002e-009 -0.008140626
-1.58000002e-009  0.004523437
-1.57000002e-009 -0.008554688
-1.56000002e-009        0.005
-1.55000002e-009 -0.009000001
-1.54000002e-009        0.003
-1.53000002e-009 -0.007156251
-1.52000002e-009  0.002171875
-1.51000002e-009 -0.007539063
-1.50000002e-009  0.003023437
-1.49000002e-009 -0.007000001
-1.48000002e-009   0.00271875
-1.47000002e-009 -0.006851563
-1.46000002e-009  0.002367187
-1.45000002e-009 -0.006281251
-1.44000002e-009        0.003
-1.43000002e-009 -0.007500001
-1.42000002e-009  0.001898437
-1.41000002e-009 -0.007000001
-1.40000002e-009  0.001546875
-1.39000002e-009 -0.007109376
-1.38000002e-009    0.0020625
-1.37000002e-009 -0.005953126
-1.36000002e-009  0.003320312
-1.35000002e-009 -0.009000001
-1.34000002e-009        0.003
-1.33000002e-009 -0.007984376
-1.32000002e-009  0.002351562
-1.31000002e-009 -0.007000001
-1.30000002e-009  0.002117187
-1.29000002e-009 -0.007085938
-1.28000002e-009  0.001429687
-1.27000002e-009 -0.007445313
-1.26000002e-009        0.003
-1.25000002e-009 -0.006968751
-1.24000002e-009  0.002476562
-1.23000002e-009 -0.007007813
-1.22000002e-009        0.003
-1.21000002e-009 -0.008414063
-1.20000002e-009  0.002039062
-1.19000002e-009 -0.008382813
-1.18000002e-009  0.001632812
-1.17000002e-009 -0.007343751
-1.16000002e-009  0.002804687
-1.15000002e-009 -0.007585938
-1.14000002e-009   0.00215625
-1.13000002e-009 -0.009140626
-1.12000001e-009   0.00259375
-1.11000001e-009 -0.009000001
-1.10000001e-009        0.003
-1.09000001e-009 -0.009000001
-1.08000001e-009    0.0015625
-1.07000001e-009 -0.007695313
-1.06000001e-009  0.001335937
-1.05000001e-009 -0.008726563
-1.04000001e-009 0.0006249997
-1.03000001e-009 -0.008640626
-1.02000001e-009 0.0009999997
-1.01000001e-009 -0.008953126
-1.00000001e-009 0.0005078122
-9.90000013e-010 -0.008992188
-9.80000013e-010 -0.0001171879
-9.70000013e-010 -0.009000001
-9.60000013e-010 -0.0002265629
-9.50000013e-010 -0.009000001
-9.40000013e-010      0.00125
-9.30000012e-010 -0.009578126
-9.20000012e-010 -0.0005546879
-9.10000012e-010  -0.01039063
-9.00000012e-010 -0.0005468754
-8.90000012e-010 -0.009882813
-8.80000012e-010 -0.0008515629
-8.70000012e-010  -0.01053125
-8.60000011e-010  -0.00171875
-8.50000011e-010  -0.01271094
-8.40000011e-010 -0.004148438
-8.30000011e-010  -0.01576563
-8.20000011e-010 -0.004687501
-8.10000011e-010       -0.017
-8.00000011e-010 -0.005000001
-7.90000011e-010  -0.01898438
-7.8000001e-010 -0.005000001
-7.7000001e-010       -0.023
-7.6000001e-010 -0.009328126
-7.5000001e-010       -0.029
-7.4000001e-010  -0.01367969
-7.3000001e-010  -0.03803125
-7.2000001e-010  -0.01779688
-7.10000009e-010  -0.04894532
-7.00000009e-010       -0.025
-6.90000009e-010  -0.06190625
-6.80000009e-010  -0.03091406
-6.70000009e-010  -0.07670313
-6.60000009e-010       -0.039
-6.50000009e-010       -0.091
-6.40000009e-010  -0.05264063
-6.30000008e-010   -0.1062031
-6.20000008e-010  -0.06992188
-6.10000008e-010       -0.125
-6.00000008e-010  -0.08411719
-5.90000008e-010    -0.138625
-5.80000008e-010  -0.09834376
-5.70000008e-010   -0.1488438
-5.60000007e-010   -0.1147031
-5.50000007e-010       -0.157
-5.40000007e-010   -0.1287344
-5.30000007e-010   -0.1630391
-5.20000007e-010   -0.1398594
-5.10000007e-010       -0.165
-5.00000007e-010   -0.1491016
-4.90000007e-010   -0.1680234
-4.80000006e-010    -0.157125
-4.70000006e-010       -0.171
-4.60000006e-010       -0.157
-4.50000006e-010   -0.1703281
-4.40000006e-010   -0.1575859
-4.30000006e-010   -0.1692344
-4.20000006e-010   -0.1555313
-4.10000005e-010   -0.1661016
-4.00000005e-010   -0.1506328
-3.90000005e-010   -0.1639609
-3.80000005e-010      -0.1465
-3.70000005e-010   -0.1596641
-3.60000005e-010   -0.1414375
-3.50000005e-010   -0.1576484
-3.40000005e-010   -0.1352578
-3.30000004e-010   -0.1543594
-3.20000004e-010   -0.1278047
-3.10000004e-010       -0.151
-3.00000004e-010   -0.1201797
-2.90000004e-010   -0.1441016
-2.80000004e-010   -0.1093359
-2.70000004e-010   -0.1357734
-2.60000003e-010       -0.097
-2.50000003e-010   -0.1246484
-2.40000003e-010  -0.08167969
-2.30000003e-010       -0.113
-2.20000003e-010  -0.06408594
-2.10000003e-010   -0.1004922
-2.00000003e-010  -0.04619532
-1.90000003e-010  -0.08505469
-1.80000002e-010  -0.02922656
-1.70000002e-010  -0.06953125
-1.60000002e-010  -0.01424219
-1.50000002e-010  -0.05294532
-1.40000002e-010 -0.001601563
-1.30000002e-010       -0.037
-1.20000002e-010  0.006992187
-1.10000001e-010  -0.02264063
-1.00000001e-010        0.013
-9.00000012e-011 -0.007992188
-8.00000011e-011   0.01851563
-7.00000009e-011  0.002867187
-6.00000008e-011        0.021
-5.00000007e-011  0.008398438
-4.00000005e-011   0.02348438
-3.00000004e-011        0.013
-2.00000003e-011   0.02578125
-1.00000001e-011   0.01466406
           0       0.0255
1.00000001e-011        0.011
2.00000003e-011        0.025
3.00000004e-011  0.009851563
4.00000005e-011     0.022625
5.00000007e-011    0.0094375
6.00000008e-011   0.02178906
7.00000009e-011        0.009
8.00000011e-011   0.01894531
9.00000012e-011  0.008210938
1.00000001e-010        0.019
1.10000001e-010        0.009
1.20000002e-010   0.02148438
1.30000002e-010   0.01158594
1.40000002e-010   0.02347656
1.50000002e-010   0.01430469
1.60000002e-010        0.027
1.70000002e-010        0.015
1.80000002e-010    0.0284375
1.90000003e-010   0.01773438
2.00000003e-010   0.03092969
2.10000003e-010   0.01894531
2.20000003e-010   0.03235938
2.30000003e-010        0.021
2.40000003e-010   0.03174219
2.50000003e-010   0.02259375
2.60000003e-010   0.03202344
2.70000004e-010   0.02035938
2.80000004e-010   0.03335938
2.90000004e-010   0.01944531
3.00000004e-010    0.0316875
3.10000004e-010   0.01719531
3.20000004e-010        0.031
3.30000004e-010   0.01647656
3.40000005e-010        0.029
3.50000005e-010   0.01527344
3.60000005e-010    0.0260625
3.70000005e-010   0.01467969
3.80000005e-010        0.025
3.90000005e-010   0.01402344
4.00000005e-010        0.025
4.10000005e-010   0.01286719
4.20000006e-010   0.02605469
4.30000006e-010    0.0140625
4.40000006e-010   0.02584375
4.50000006e-010   0.01117969
4.60000006e-010        0.025
4.70000006e-010    0.0120625
4.80000006e-010   0.02371875
4.90000007e-010   0.01310156
5.00000007e-010   0.02467188
5.10000007e-010   0.01270313
5.20000007e-010        0.023
5.30000007e-010   0.01430469
5.40000007e-010   0.02469531
5.50000007e-010   0.01425781
5.60000007e-010        0.025
5.70000008e-010   0.01251563
5.80000008e-010   0.02350781
5.90000008e-010    0.0093125
6.00000008e-010   0.02332031
6.10000008e-010  0.009859375
6.20000008e-010   0.02283594
6.30000008e-010     0.010625
6.40000009e-010   0.02124219
6.50000009e-010    0.0118125
6.60000009e-010        0.021
6.70000009e-010   0.01090625
6.80000009e-010   0.02045313
6.90000009e-010        0.011
7.00000009e-010   0.02075781
7.10000009e-010   0.01046875
7.2000001e-010         0.02
7.3000001e-010   0.01147656
7.4000001e-010   0.02170313
7.5000001e-010   0.01092969
7.6000001e-010   0.02204688
7.7000001e-010        0.011
7.8000001e-010   0.02107813
7.90000011e-010  0.009828125
8.00000011e-010   0.02285156
8.10000011e-010        0.011
8.20000011e-010   0.02529688
8.30000011e-010   0.01303125
8.40000011e-010        0.025
8.50000011e-010   0.01394531
8.60000011e-010   0.02292969
8.70000012e-010        0.013
8.80000012e-010   0.02316406
8.90000012e-010   0.01377344
9.00000012e-010   0.02403125
9.10000012e-010        0.013
9.20000012e-010        0.025
9.30000012e-010   0.01330469
9.40000013e-010        0.025
9.50000013e-010   0.01349219
9.60000013e-010   0.02326563
9.70000013e-010   0.01546094
9.80000013e-010   0.02351563
9.90000013e-010   0.01480469
1.00000001e-009        0.025
1.01000001e-009        0.013
1.02000001e-009   0.02539063
1.03000001e-009   0.01427344
1.04000001e-009   0.02496094
1.05000001e-009   0.01630469
1.06000001e-009   0.02763281
1.07000001e-009   0.01675781
1.08000001e-009   0.02596094
1.09000001e-009        0.015
1.10000001e-009   0.02599219
1.11000001e-009        0.017
1.12000001e-009    0.0270625
1.13000002e-009   0.01805469
1.14000002e-009   0.02754688
1.15000002e-009        0.017
1.16000002e-009   0.02904688
1.17000002e-009   0.01798438
1.18000002e-009        0.031
1.19000002e-009        0.017
1.20000002e-009   0.02878125
1.21000002e-009   0.01678125
1.22000002e-009   0.02951563
1.23000002e-009   0.01810938
1.24000002e-009   0.03001563
1.25000002e-009   0.01647656
1.26000002e-009        0.029
1.27000002e-009   0.01715625
1.28000002e-009        0.029
1.29000002e-009        0.019
1.30000002e-009   0.02914063
1.31000002e-009        0.019
1.32000002e-009   0.02711719
1.33000002e-009   0.01763281
1.34000002e-009        0.027
1.35000002e-009   0.01817188
1.36000002e-009   0.02821875
1.37000002e-009   0.01908594
1.38000002e-009   0.02644531
1.39000002e-009   0.01739844
1.40000002e-009        0.027
1.41000002e-009        0.017
1.42000002e-009        0.027
1.43000002e-009   0.01682031
1.44000002e-009   0.02785156
1.45000002e-009        0.017
1.46000002e-009   0.02647656
1.47000002e-009   0.01610938
1.48000002e-009     0.026625
1.49000002e-009        0.015
1.50000002e-009   0.02466406
1.51000002e-009   0.01421094
1.52000002e-009   0.02441406
1.53000002e-009     0.014125
1.54000002e-009        0.023
1.55000002e-009   0.01228125
1.56000002e-009   0.02296875
1.57000002e-009   0.01157813
1.58000002e-009   0.02142969
1.59000002e-009   0.01173438
1.60000002e-009   0.02114063
1.61000002e-009        0.011
1.62000002e-009    0.0214375
1.63000002e-009   0.01270313
1.64000002e-009   0.02135938
1.65000002e-009   0.01228125
1.66000002e-009        0.023
1.67000002e-009        0.011
1.68000002e-009   0.02183594
1.69000002e-009   0.01038281
1.70000002e-009   0.02240625
1.71000002e-009   0.01167969
1.72000002e-009    0.0224375
1.73000002e-009   0.01216406
1.74000002e-009   0.02101563
1.75000002e-009  0.009742188
1.76000002e-009        0.021
1.77000002e-009     0.009875
1.78000002e-009   0.02084375
1.79000002e-009   0.01010156
1.80000002e-009        0.021
1.81000002e-009   0.01067188
1.82000002e-009   0.02075781
1.83000002e-009   0.01091406
1.84000002e-009   0.02089844
1.85000002e-009        0.011
1.86000002e-009        0.021
1.87000002e-009   0.01130469
1.88000003e-009   0.02045313
1.89000003e-009        0.011
1.90000003e-009   0.02139844
1.91000003e-009     0.010375
1.92000003e-009   0.02117969
1.93000003e-009   0.01171875
1.94000003e-009   0.02110938
1.95000003e-009   0.01117188
1.96000003e-009        0.023
1.97000003e-009   0.01089844
1.98000003e-009        0.023
1.99000003e-009   0.01179688
2.00000003e-009   0.02153906
2.01000003e-009        0.009
2.02000003e-009   0.02167188
2.03000003e-009   0.01147656
2.04000003e-009   0.02130469
2.05000003e-009   0.01258594
2.06000003e-009   0.02310156
2.07000003e-009      0.01225
2.08000003e-009        0.023
2.09000003e-009   0.01192969
2.10000003e-009        0.023
2.11000003e-009   0.01140625
2.12000003e-009        0.023
2.13000003e-009   0.01236719
2.14000003e-009        0.023
2.15000003e-009   0.01257031
2.16000003e-009   0.02326563
2.17000003e-009   0.01271094
2.18000003e-009   0.02236719
2.19000003e-009   0.01273438
2.20000003e-009   0.02294531
2.21000003e-009        0.013
2.22000003e-009   0.02185938
2.23000003e-009   0.01296875
2.24000003e-009   0.02138281
2.25000003e-009   0.01132031
2.26000003e-009   0.02257813
2.27000003e-009    0.0115625
2.28000003e-009   0.02264063
2.29000003e-009   0.01111719
2.30000003e-009        0.021
2.31000003e-009        0.011
2.32000003e-009   0.02142188
2.33000003e-009   0.01034375
2.34000003e-009   0.02069531
2.35000003e-009   0.01057813
2.36000003e-009   0.02147656
2.37000003e-009   0.01096094
2.38000003e-009   0.02314063
2.39000003e-009   0.01099219
2.40000003e-009   0.02199219
2.41000003e-009   0.01148438
2.42000003e-009   0.02194531
2.43000003e-009        0.011
2.44000003e-009   0.02164844
2.45000003e-009     0.010125
2.46000003e-009   0.01989844
2.47000003e-009   0.01057031
2.48000003e-009        0.021
2.49000003e-009        0.011
2.50000003e-009    0.0220625
