+3.00000000000E+005  -8.69740058968E+001
+7.79850000000E+006  -8.18120524613E+001
+1.52970000000E+007  -8.77354873738E+001
+2.27955000000E+007  -8.22968280090E+001
+3.02940000000E+007  -7.34165424975E+001
+3.77925000000E+007  -9.07369423980E+001
+4.52910000000E+007  -7.08696862930E+001
+5.27895000000E+007  -7.14692188126E+001
+6.02880000000E+007  -6.74862095705E+001
+6.77865000000E+007  -7.17240223991E+001
+7.52850000000E+007  -7.87611167836E+001
+8.27835000000E+007  -7.95078008236E+001
+9.02820000000E+007  -6.60609662484E+001
+9.77805000000E+007  -7.43258258404E+001
+1.05279000000E+008  -7.18071336994E+001
+1.12777500000E+008  -6.68783180564E+001
+1.20276000000E+008  -6.30960192630E+001
+1.27774500000E+008  -8.65661100596E+001
+1.35273000000E+008  -7.27344183902E+001
+1.42771500000E+008  -6.42203717880E+001
+1.50270000000E+008  -6.46985494437E+001
+1.57768500000E+008  -5.57595994477E+001
+1.65267000000E+008  -6.42059276701E+001
+1.72765500000E+008  -6.25943921107E+001
+1.80264000000E+008  -6.25526804787E+001
+1.87762500000E+008  -5.87794204171E+001
+1.95261000000E+008  -6.71072360743E+001
+2.02759500000E+008  -5.41357128459E+001
+2.10258000000E+008  -5.62727412600E+001
+2.17756500000E+008  -5.85670319930E+001
+2.25255000000E+008  -5.47905508722E+001
+2.32753500000E+008  -6.09422035231E+001
+2.40252000000E+008  -5.68683831639E+001
+2.47750500000E+008  -5.87037321515E+001
+2.55249000000E+008  -6.25581930510E+001
+2.62747500000E+008  -6.22187684939E+001
+2.70246000000E+008  -5.70349060277E+001
+2.77744500000E+008  -6.03220853022E+001
+2.85243000000E+008  -6.01970550484E+001
+2.92741500000E+008  -5.98939506829E+001
+3.00240000000E+008  -5.98162231701E+001
+3.07738500000E+008  -5.75350125030E+001
+3.15237000000E+008  -5.81820649196E+001
+3.22735500000E+008  -5.81686520424E+001
+3.30234000000E+008  -5.98597569526E+001
+3.37732500000E+008  -6.12410061643E+001
+3.45231000000E+008  -6.60784234129E+001
+3.52729500000E+008  -6.07223181090E+001
+3.60228000000E+008  -5.40861216519E+001
+3.67726500000E+008  -6.23750724974E+001
+3.75225000000E+008  -6.25360965416E+001
+3.82723500000E+008  -5.80737957043E+001
+3.90222000000E+008  -6.15729142324E+001
+3.97720500000E+008  -6.46975976341E+001
+4.05219000000E+008  -5.23727076684E+001
+4.12717500000E+008  -5.56615547390E+001
+4.20216000000E+008  -5.47589796197E+001
+4.27714500000E+008  -7.09210240879E+001
+4.35213000000E+008  -5.90574335821E+001
+4.42711500000E+008  -6.45707233370E+001
+4.50210000000E+008  -5.44866411177E+001
+4.57708500000E+008  -6.35365443587E+001
+4.65207000000E+008  -5.74852814831E+001
+4.72705500000E+008  -7.22088260145E+001
+4.80204000000E+008  -6.71714535429E+001
+4.87702500000E+008  -5.49021862876E+001
+4.95201000000E+008  -6.42089146561E+001
+5.02699500000E+008  -5.32779269079E+001
+5.10198000000E+008  -6.62216879852E+001
+5.17696500000E+008  -6.21395411952E+001
+5.25195000000E+008  -5.65617198819E+001
+5.32693500000E+008  -5.82827549166E+001
+5.40192000000E+008  -7.34856943788E+001
+5.47690500000E+008  -6.21256829946E+001
+5.55189000000E+008  -5.58450413921E+001
+5.62687500000E+008  -6.78159491131E+001
+5.70186000000E+008  -6.28861255663E+001
+5.77684500000E+008  -5.44559920744E+001
+5.85183000000E+008  -6.15957050924E+001
+5.92681500000E+008  -5.66677540203E+001
+6.00180000000E+008  -6.79027548788E+001
+6.07678500000E+008  -6.54055446115E+001
+6.15177000000E+008  -5.85615451777E+001
+6.22675500000E+008  -6.34297460608E+001
+6.30174000000E+008  -5.93416221934E+001
+6.37672500000E+008  -5.83621742669E+001
+6.45171000000E+008  -6.13405370883E+001
+6.52669500000E+008  -5.54881483307E+001
+6.60168000000E+008  -5.96050487911E+001
+6.67666500000E+008  -6.76978766687E+001
+6.75165000000E+008  -7.10794594422E+001
+6.82663500000E+008  -6.39984534762E+001
+6.90162000000E+008  -5.91717252729E+001
+6.97660500000E+008  -5.98914225517E+001
+7.05159000000E+008  -6.27147646555E+001
+7.12657500000E+008  -6.09355079587E+001
+7.20156000000E+008  -6.46584998661E+001
+7.27654500000E+008  -6.71572986785E+001
+7.35153000000E+008  -7.58124931894E+001
+7.42651500000E+008  -6.33367799495E+001
+7.50150000000E+008  -5.84947536662E+001
+7.57648500000E+008  -6.05020167351E+001
+7.65147000000E+008  -6.32544267457E+001
+7.72645500000E+008  -5.67155744492E+001
+7.80144000000E+008  -5.93717101259E+001
+7.87642500000E+008  -6.28483410850E+001
+7.95141000000E+008  -6.92159311507E+001
+8.02639500000E+008  -6.50573919561E+001
+8.10138000000E+008  -8.26917284171E+001
+8.17636500000E+008  -6.13796710667E+001
+8.25135000000E+008  -6.32184393579E+001
+8.32633500000E+008  -7.13712223151E+001
+8.40132000000E+008  -7.30527756085E+001
+8.47630500000E+008  -5.96033438148E+001
+8.55129000000E+008  -7.58565338757E+001
+8.62627500000E+008  -6.54567476056E+001
+8.70126000000E+008  -6.75471160806E+001
+8.77624500000E+008  -6.08424335120E+001
+8.85123000000E+008  -6.45116356245E+001
+8.92621500000E+008  -7.40209199628E+001
+9.00120000000E+008  -7.35735796718E+001
+9.07618500000E+008  -6.03940576022E+001
+9.15117000000E+008  -6.28413899598E+001
+9.22615500000E+008  -7.81864162894E+001
+9.30114000000E+008  -6.64944803825E+001
+9.37612500000E+008  -6.35146144451E+001
+9.45111000000E+008  -6.73200205522E+001
+9.52609500000E+008  -6.36576245072E+001
+9.60108000000E+008  -7.34697036961E+001
+9.67606500000E+008  -7.28023148266E+001
+9.75105000000E+008  -6.48056760957E+001
+9.82603500000E+008  -7.52678915608E+001
+9.90102000000E+008  -6.57800655933E+001
+9.97600500000E+008  -7.04893469315E+001
+1.00509900000E+009  -8.29034674342E+001
+1.01259750000E+009  -6.37440810784E+001
+1.02009600000E+009  -6.84140181447E+001
+1.02759450000E+009  -6.60786684591E+001
+1.03509300000E+009  -6.74732275935E+001
+1.04259150000E+009  -6.29180471339E+001
+1.05009000000E+009  -7.36449519068E+001
+1.05758850000E+009  -7.26522560805E+001
+1.06508700000E+009  -8.35995179391E+001
+1.07258550000E+009  -7.65219382199E+001
+1.08008400000E+009  -6.92168780037E+001
+1.08758250000E+009  -8.21477640102E+001
+1.09508100000E+009  -6.49924581562E+001
+1.10257950000E+009  -6.24026121376E+001
+1.11007800000E+009  -5.87771750187E+001
+1.11757650000E+009  -6.69511440045E+001
+1.12507500000E+009  -7.31478632196E+001
+1.13257350000E+009  -6.66123911275E+001
+1.14007200000E+009  -6.26449484728E+001
+1.14757050000E+009  -6.37002957225E+001
+1.15506900000E+009  -7.05591643807E+001
+1.16256750000E+009  -6.80197091884E+001
+1.17006600000E+009  -7.38510186241E+001
+1.17756450000E+009  -7.34817119412E+001
+1.18506300000E+009  -7.63559740543E+001
+1.19256150000E+009  -8.69152228205E+001
+1.20006000000E+009  -6.54631516293E+001
+1.20755850000E+009  -6.56735219056E+001
+1.21505700000E+009  -9.05776452558E+001
+1.22255550000E+009  -7.42238244152E+001
+1.23005400000E+009  -7.10637130787E+001
+1.23755250000E+009  -6.99354460005E+001
+1.24505100000E+009  -8.59764468379E+001
+1.25254950000E+009  -7.20339901381E+001
+1.26004800000E+009  -6.97305700871E+001
+1.26754650000E+009  -6.82429568382E+001
+1.27504500000E+009  -6.33028056472E+001
+1.28254350000E+009  -7.30224002663E+001
+1.29004200000E+009  -6.86438088170E+001
+1.29754050000E+009  -6.59308888177E+001
+1.30503900000E+009  -6.79220729784E+001
+1.31253750000E+009  -7.25583496534E+001
+1.32003600000E+009  -8.17752096986E+001
+1.32753450000E+009  -7.70275584698E+001
+1.33503300000E+009  -6.60560885316E+001
+1.34253150000E+009  -6.76830622876E+001
+1.35003000000E+009  -6.82930109388E+001
+1.35752850000E+009  -7.64849325803E+001
+1.36502700000E+009  -7.04376733706E+001
+1.37252550000E+009  -6.75325815548E+001
+1.38002400000E+009  -7.00178000317E+001
+1.38752250000E+009  -6.97351881318E+001
+1.39502100000E+009  -6.57803495342E+001
+1.40251950000E+009  -6.95863022647E+001
+1.41001800000E+009  -7.58546550328E+001
+1.41751650000E+009  -6.71533633422E+001
+1.42501500000E+009  -7.33412263791E+001
+1.43251350000E+009  -6.96811691923E+001
+1.44001200000E+009  -9.06313762890E+001
+1.44751050000E+009  -7.75330870785E+001
+1.45500900000E+009  -6.55468104415E+001
+1.46250750000E+009  -7.40680948094E+001
+1.47000600000E+009  -8.08823654590E+001
+1.47750450000E+009  -7.29858379229E+001
+1.48500300000E+009  -7.21002468544E+001
+1.49250150000E+009  -7.35788944328E+001
+1.50000000000E+009  -7.50271628170E+001
