-1.24500002e-009 -0.003007813
-1.24000002e-009 -0.002976563
-1.23500002e-009 -0.003039063
-1.23000002e-009  -0.00303125
-1.22500002e-009 -0.003046875
-1.22000002e-009 -0.003054688
-1.21500002e-009 -0.003015625
-1.21000002e-009 -0.002984375
-1.20500002e-009 -0.003007813
-1.20000002e-009 -0.002984375
-1.19500002e-009   -0.0029375
-1.19000002e-009 -0.002914063
-1.18500002e-009 -0.002867188
-1.18000002e-009  -0.00284375
-1.17500002e-009 -0.002828125
-1.17000002e-009 -0.002773438
-1.16500002e-009  -0.00278125
-1.16000002e-009 -0.002757813
-1.15500002e-009 -0.002757813
-1.15000002e-009 -0.002773438
-1.14500002e-009 -0.002804688
-1.14000002e-009    -0.002875
-1.13500002e-009 -0.002914063
-1.13000002e-009 -0.002992188
-1.12500002e-009 -0.003039063
-1.12000001e-009    -0.003125
-1.11500001e-009 -0.003226563
-1.11000001e-009 -0.003296876
-1.10500001e-009 -0.003375001
-1.10000001e-009 -0.003429688
-1.09500001e-009 -0.003468751
-1.09000001e-009 -0.003500001
-1.08500001e-009 -0.003539063
-1.08000001e-009 -0.003531251
-1.07500001e-009 -0.003546876
-1.07000001e-009 -0.003500001
-1.06500001e-009 -0.003476563
-1.06000001e-009 -0.003437501
-1.05500001e-009 -0.003414063
-1.05000001e-009 -0.003382813
-1.04500001e-009 -0.003390626
-1.04000001e-009 -0.003343751
-1.03500001e-009 -0.003382813
-1.03000001e-009 -0.003367188
-1.02500001e-009 -0.003429688
-1.02000001e-009 -0.003492188
-1.01500001e-009 -0.003570313
-1.01000001e-009 -0.003648438
-1.00500001e-009 -0.003710938
-1.00000001e-009 -0.003835938
-9.95000013e-010 -0.003914063
-9.90000013e-010 -0.004007813
-9.85000013e-010 -0.004062501
-9.80000013e-010 -0.004156251
-9.75000013e-010 -0.004234376
-9.70000013e-010 -0.004289063
-9.65000013e-010 -0.004335938
-9.60000013e-010 -0.004406251
-9.55000013e-010 -0.004460938
-9.50000013e-010 -0.004531251
-9.45000013e-010 -0.004593751
-9.40000013e-010 -0.004671876
-9.35000012e-010 -0.004718751
-9.30000012e-010 -0.004796876
-9.25000012e-010 -0.004929688
-9.20000012e-010 -0.005023438
-9.15000012e-010 -0.005140626
-9.10000012e-010 -0.005304688
-9.05000012e-010 -0.005515626
-9.00000012e-010 -0.005687501
-8.95000012e-010 -0.005898438
-8.90000012e-010 -0.006093751
-8.85000012e-010 -0.006312501
-8.80000012e-010 -0.006554688
-8.75000012e-010 -0.006757813
-8.70000012e-010 -0.007031251
-8.65000012e-010 -0.007296876
-8.60000011e-010 -0.007554688
-8.55000011e-010 -0.007859376
-8.50000011e-010 -0.008171876
-8.45000011e-010 -0.008500001
-8.40000011e-010 -0.008757813
-8.35000011e-010 -0.009070313
-8.30000011e-010 -0.009390626
-8.25000011e-010 -0.009710938
-8.20000011e-010  -0.01010156
-8.15000011e-010  -0.01047656
-8.10000011e-010  -0.01095313
-8.05000011e-010  -0.01144531
-8.00000011e-010  -0.01201563
-7.95000011e-010  -0.01260156
-7.90000011e-010  -0.01322656
-7.8500001e-010  -0.01389063
-7.8000001e-010  -0.01464844
-7.7500001e-010  -0.01546875
-7.7000001e-010  -0.01641406
-7.6500001e-010   -0.0174375
-7.6000001e-010  -0.01857031
-7.5500001e-010  -0.01986719
-7.5000001e-010  -0.02121094
-7.4500001e-010  -0.02271094
-7.4000001e-010  -0.02428125
-7.3500001e-010  -0.02595313
-7.3000001e-010  -0.02777344
-7.2500001e-010  -0.02970313
-7.2000001e-010  -0.03171875
-7.1500001e-010  -0.03388281
-7.10000009e-010  -0.03615625
-7.05000009e-010  -0.03854688
-7.00000009e-010  -0.04107813
-6.95000009e-010  -0.04367188
-6.90000009e-010  -0.04636719
-6.85000009e-010  -0.04917969
-6.80000009e-010  -0.05210157
-6.75000009e-010  -0.05509375
-6.70000009e-010   -0.0581875
-6.65000009e-010  -0.06139844
-6.60000009e-010  -0.06478907
-6.55000009e-010     -0.06825
-6.50000009e-010  -0.07183594
-6.45000009e-010  -0.07553907
-6.40000009e-010  -0.07928125
-6.35000008e-010  -0.08314844
-6.30000008e-010  -0.08708594
-6.25000008e-010  -0.09107813
-6.20000008e-010  -0.09514063
-6.15000008e-010  -0.09921876
-6.10000008e-010   -0.1032578
-6.05000008e-010   -0.1073125
-6.00000008e-010   -0.1113359
-5.95000008e-010   -0.1153125
-5.90000008e-010   -0.1191953
-5.85000008e-010   -0.1229922
-5.80000008e-010   -0.1266484
-5.75000008e-010    -0.130125
-5.70000008e-010   -0.1334531
-5.65000008e-010   -0.1366016
-5.60000007e-010   -0.1395313
-5.55000007e-010   -0.1423359
-5.50000007e-010   -0.1449453
-5.45000007e-010   -0.1473516
-5.40000007e-010   -0.1496563
-5.35000007e-010   -0.1516797
-5.30000007e-010   -0.1535547
-5.25000007e-010   -0.1552344
-5.20000007e-010   -0.1566719
-5.15000007e-010   -0.1580234
-5.10000007e-010   -0.1590859
-5.05000007e-010        -0.16
-5.00000007e-010   -0.1607578
-4.95000007e-010   -0.1614375
-4.90000007e-010   -0.1619609
-4.85000006e-010   -0.1623125
-4.80000006e-010   -0.1625938
-4.75000006e-010   -0.1627188
-4.70000006e-010   -0.1626953
-4.65000006e-010   -0.1625938
-4.60000006e-010   -0.1623594
-4.55000006e-010   -0.1620781
-4.50000006e-010   -0.1617266
-4.45000006e-010   -0.1613906
-4.40000006e-010   -0.1610469
-4.35000006e-010   -0.1606719
-4.30000006e-010   -0.1602734
-4.25000006e-010   -0.1597969
-4.20000006e-010   -0.1593125
-4.15000006e-010   -0.1588359
-4.10000005e-010   -0.1581875
-4.05000005e-010   -0.1575469
-4.00000005e-010   -0.1569297
-3.95000005e-010   -0.1562344
-3.90000005e-010   -0.1555703
-3.85000005e-010   -0.1548203
-3.80000005e-010   -0.1540547
-3.75000005e-010   -0.1531797
-3.70000005e-010   -0.1522031
-3.65000005e-010   -0.1512344
-3.60000005e-010   -0.1501406
-3.55000005e-010   -0.1489297
-3.50000005e-010   -0.1477344
-3.45000005e-010   -0.1465078
-3.40000005e-010   -0.1452109
-3.35000004e-010   -0.1439219
-3.30000004e-010   -0.1425625
-3.25000004e-010   -0.1411016
-3.20000004e-010   -0.1396016
-3.15000004e-010   -0.1379688
-3.10000004e-010   -0.1363203
-3.05000004e-010   -0.1344609
-3.00000004e-010   -0.1325313
-2.95000004e-010   -0.1305156
-2.90000004e-010   -0.1283672
-2.85000004e-010   -0.1260703
-2.80000004e-010   -0.1236797
-2.75000004e-010   -0.1210781
-2.70000004e-010   -0.1183203
-2.65000004e-010   -0.1154063
-2.60000003e-010   -0.1122891
-2.55000003e-010   -0.1090156
-2.50000003e-010   -0.1055859
-2.45000003e-010   -0.1020156
-2.40000003e-010  -0.09833594
-2.35000003e-010  -0.09455469
-2.30000003e-010  -0.09067969
-2.25000003e-010  -0.08667969
-2.20000003e-010    -0.082625
-2.15000003e-010  -0.07854688
-2.10000003e-010  -0.07439844
-2.05000003e-010  -0.07019532
-2.00000003e-010       -0.066
-1.95000003e-010  -0.06174219
-1.90000003e-010  -0.05753125
-1.85000002e-010  -0.05335157
-1.80000002e-010  -0.04917188
-1.75000002e-010  -0.04507031
-1.70000002e-010  -0.04096875
-1.65000002e-010  -0.03695313
-1.60000002e-010  -0.03302344
-1.55000002e-010  -0.02919531
-1.50000002e-010  -0.02541406
-1.45000002e-010  -0.02174219
-1.40000002e-010   -0.0181875
-1.35000002e-010     -0.01475
-1.30000002e-010  -0.01149219
-1.25000002e-010 -0.008398438
-1.20000002e-010 -0.005460938
-1.15000002e-010     -0.00275
-1.10000001e-010 -0.0001718754
-1.05000001e-010  0.002164062
-1.00000001e-010  0.004367187
-9.50000013e-011   0.00634375
-9.00000012e-011   0.00821875
-8.50000011e-011  0.009859375
-8.00000011e-011   0.01132031
-7.5000001e-011   0.01258594
-7.00000009e-011   0.01365625
-6.50000009e-011   0.01455469
-6.00000008e-011    0.0153125
-5.50000007e-011   0.01589844
-5.00000007e-011   0.01638281
-4.50000006e-011   0.01682031
-4.00000005e-011   0.01714063
-3.50000005e-011   0.01736719
-3.00000004e-011   0.01746094
-2.50000003e-011   0.01747656
-2.00000003e-011   0.01744531
-1.50000002e-011   0.01734375
-1.00000001e-011   0.01720313
-5.00000007e-012   0.01698438
           0   0.01678906
5.00000007e-012   0.01655469
1.00000001e-011    0.0163125
1.50000002e-011   0.01607031
2.00000003e-011    0.0158125
2.50000003e-011   0.01552344
3.00000004e-011   0.01521875
3.50000005e-011   0.01492969
4.00000005e-011   0.01466406
4.50000006e-011   0.01439063
5.00000007e-011   0.01415625
5.50000007e-011        0.014
6.00000008e-011   0.01388281
6.50000009e-011   0.01378125
7.00000009e-011   0.01377344
7.5000001e-011   0.01380469
8.00000011e-011   0.01389063
8.50000011e-011   0.01403906
9.00000012e-011   0.01428906
9.50000013e-011   0.01454688
1.00000001e-010   0.01489063
1.05000001e-010   0.01535156
1.10000001e-010   0.01583594
1.15000002e-010   0.01635938
1.20000002e-010    0.0169375
1.25000002e-010   0.01755469
1.30000002e-010   0.01820313
1.35000002e-010   0.01885938
1.40000002e-010   0.01953125
1.45000002e-010   0.02021094
1.50000002e-010   0.02089063
1.55000002e-010   0.02154688
1.60000002e-010   0.02220313
1.65000002e-010   0.02284375
1.70000002e-010   0.02347656
1.75000002e-010   0.02403906
1.80000002e-010   0.02454688
1.85000002e-010   0.02507813
1.90000003e-010   0.02546875
1.95000003e-010   0.02582813
2.00000003e-010   0.02615625
2.05000003e-010   0.02640625
2.10000003e-010   0.02657813
2.15000003e-010   0.02671094
2.20000003e-010   0.02676563
2.25000003e-010   0.02682813
2.30000003e-010   0.02674219
2.35000003e-010   0.02665625
2.40000003e-010   0.02651563
2.45000003e-010   0.02634375
2.50000003e-010   0.02616406
2.55000003e-010   0.02594531
2.60000003e-010   0.02571875
2.65000004e-010    0.0254375
2.70000004e-010   0.02515625
2.75000004e-010   0.02489844
2.80000004e-010   0.02464063
2.85000004e-010   0.02435156
2.90000004e-010   0.02409375
2.95000004e-010   0.02379688
3.00000004e-010   0.02353125
3.05000004e-010   0.02328125
3.10000004e-010   0.02303125
3.15000004e-010   0.02280469
3.20000004e-010   0.02251563
3.25000004e-010   0.02224219
3.30000004e-010   0.02198438
3.35000004e-010   0.02171094
3.40000005e-010   0.02146094
3.45000005e-010   0.02121875
3.50000005e-010   0.02094531
3.55000005e-010   0.02073438
3.60000005e-010   0.02047656
3.65000005e-010   0.02026563
3.70000005e-010   0.02008594
3.75000005e-010   0.01992969
3.80000005e-010   0.01974219
3.85000005e-010   0.01966406
3.90000005e-010   0.01955469
3.95000005e-010       0.0195
4.00000005e-010   0.01942969
4.05000005e-010    0.0194375
4.10000005e-010    0.0194375
4.15000006e-010   0.01947656
4.20000006e-010   0.01951563
4.25000006e-010   0.01954688
4.30000006e-010   0.01957813
4.35000006e-010   0.01960156
4.40000006e-010   0.01963281
4.45000006e-010   0.01967969
4.50000006e-010   0.01970313
4.55000006e-010   0.01974219
4.60000006e-010   0.01973438
4.65000006e-010   0.01973438
4.70000006e-010   0.01977344
4.75000006e-010   0.01974219
4.80000006e-010   0.01976563
4.85000006e-010   0.01979688
4.90000007e-010   0.01978125
4.95000007e-010   0.01976563
5.00000007e-010   0.01976563
5.05000007e-010   0.01978906
5.10000007e-010   0.01980469
5.15000007e-010   0.01980469
5.20000007e-010   0.01977344
5.25000007e-010   0.01975781
5.30000007e-010   0.01975781
5.35000007e-010   0.01972656
5.40000007e-010   0.01961719
5.45000007e-010   0.01957031
5.50000007e-010   0.01946875
5.55000007e-010     0.019375
5.60000007e-010   0.01923438
5.65000008e-010   0.01909375
5.70000008e-010   0.01896875
5.75000008e-010   0.01879688
5.80000008e-010   0.01864063
5.85000008e-010   0.01844531
5.90000008e-010   0.01826563
5.95000008e-010   0.01807813
6.00000008e-010    0.0179375
6.05000008e-010   0.01778906
6.10000008e-010   0.01760938
6.15000008e-010   0.01745313
6.20000008e-010   0.01728125
6.25000008e-010     0.017125
6.30000008e-010   0.01696094
6.35000008e-010    0.0168125
6.40000009e-010   0.01664844
6.45000009e-010   0.01649219
6.50000009e-010    0.0163125
6.55000009e-010   0.01617969
6.60000009e-010   0.01603125
6.65000009e-010   0.01588281
6.70000009e-010   0.01575781
6.75000009e-010   0.01558594
6.80000009e-010   0.01547656
6.85000009e-010   0.01538281
6.90000009e-010    0.0153125
6.95000009e-010   0.01526563
7.00000009e-010      0.01525
7.05000009e-010   0.01523438
7.10000009e-010      0.01525
7.1500001e-010   0.01526563
7.2000001e-010    0.0153125
7.2500001e-010   0.01532031
7.3000001e-010   0.01536719
7.3500001e-010   0.01542188
7.4000001e-010   0.01544531
7.4500001e-010   0.01549219
7.5000001e-010    0.0155625
7.5500001e-010   0.01557813
7.6000001e-010   0.01560938
7.6500001e-010   0.01564063
7.7000001e-010   0.01567188
7.7500001e-010   0.01571875
7.8000001e-010   0.01578906
7.8500001e-010   0.01585938
7.90000011e-010   0.01596875
7.95000011e-010   0.01610156
8.00000011e-010      0.01625
8.05000011e-010    0.0164375
8.10000011e-010   0.01661719
8.15000011e-010   0.01685938
8.20000011e-010   0.01709375
8.25000011e-010   0.01734375
8.30000011e-010   0.01759375
8.35000011e-010   0.01785938
8.40000011e-010   0.01808594
8.45000011e-010    0.0183125
8.50000011e-010   0.01853906
8.55000011e-010   0.01870313
8.60000011e-010   0.01884375
8.65000012e-010   0.01897656
8.70000012e-010   0.01910938
8.75000012e-010   0.01917969
8.80000012e-010   0.01924219
8.85000012e-010   0.01926563
8.90000012e-010   0.01932031
8.95000012e-010   0.01934375
9.00000012e-010     0.019375
9.05000012e-010   0.01938281
9.10000012e-010   0.01939063
9.15000012e-010   0.01940625
9.20000012e-010   0.01939063
9.25000012e-010    0.0194375
9.30000012e-010   0.01944531
9.35000012e-010   0.01946094
9.40000013e-010   0.01944531
9.45000013e-010   0.01946094
9.50000013e-010   0.01945313
9.55000013e-010   0.01940625
9.60000013e-010   0.01938281
9.65000013e-010   0.01935938
9.70000013e-010   0.01932813
9.75000013e-010   0.01926563
9.80000013e-010      0.01925
9.85000013e-010   0.01923438
9.90000013e-010    0.0191875
9.95000013e-010   0.01921094
1.00000001e-009      0.01925
1.00500001e-009   0.01929688
1.01000001e-009   0.01934375
1.01500001e-009    0.0194375
1.02000001e-009    0.0195625
1.02500001e-009    0.0196875
1.03000001e-009   0.01982813
1.03500001e-009         0.02
1.04000001e-009   0.02015625
1.04500001e-009   0.02032031
1.05000001e-009   0.02046875
1.05500001e-009   0.02064844
1.06000001e-009   0.02077344
1.06500001e-009   0.02090625
1.07000001e-009   0.02101563
1.07500001e-009   0.02111719
1.08000001e-009   0.02121094
1.08500001e-009   0.02128906
1.09000001e-009   0.02136719
1.09500001e-009   0.02142969
1.10000001e-009   0.02146875
1.10500001e-009   0.02155469
1.11000001e-009    0.0215625
1.11500001e-009     0.021625
1.12000001e-009   0.02167969
1.12500002e-009   0.02174219
1.13000002e-009    0.0218125
1.13500002e-009     0.021875
1.14000002e-009   0.02195313
1.14500002e-009   0.02201563
1.15000002e-009   0.02210156
1.15500002e-009   0.02216406
1.16000002e-009   0.02222656
1.16500002e-009   0.02232031
1.17000002e-009   0.02239063
1.17500002e-009   0.02244531
1.18000002e-009   0.02253125
1.18500002e-009   0.02260156
1.19000002e-009   0.02269531
1.19500002e-009   0.02275781
1.20000002e-009   0.02286719
1.20500002e-009   0.02296094
1.21000002e-009   0.02304688
1.21500002e-009   0.02314844
1.22000002e-009   0.02321875
1.22500002e-009   0.02333594
1.23000002e-009   0.02342188
1.23500002e-009   0.02348438
1.24000002e-009   0.02357813
1.24500002e-009   0.02364063
1.25000002e-009   0.02369531
