+3.00000000000E+005  -7.81844751265E+001
+7.79850000000E+006  -8.54127513791E+001
+1.52970000000E+007  -8.42211910222E+001
+2.27955000000E+007  -8.34045120248E+001
+3.02940000000E+007  -7.75807448937E+001
+3.77925000000E+007  -7.27905349175E+001
+4.52910000000E+007  -7.73256155211E+001
+5.27895000000E+007  -6.97752080301E+001
+6.02880000000E+007  -8.11609312332E+001
+6.77865000000E+007  -8.03233032461E+001
+7.52850000000E+007  -8.57232716530E+001
+8.27835000000E+007  -7.70810150382E+001
+9.02820000000E+007  -7.29841042226E+001
+9.77805000000E+007  -7.55298444321E+001
+1.05279000000E+008  -7.76194016973E+001
+1.12777500000E+008  -7.03617237609E+001
+1.20276000000E+008  -6.89265261033E+001
+1.27774500000E+008  -6.24590308641E+001
+1.35273000000E+008  -6.78545927778E+001
+1.42771500000E+008  -6.42368533155E+001
+1.50270000000E+008  -6.49463108229E+001
+1.57768500000E+008  -6.53530344208E+001
+1.65267000000E+008  -7.95892127559E+001
+1.72765500000E+008  -6.72797301679E+001
+1.80264000000E+008  -6.44277933021E+001
+1.87762500000E+008  -5.79569893995E+001
+1.95261000000E+008  -6.25803176993E+001
+2.02759500000E+008  -6.39269741020E+001
+2.10258000000E+008  -5.95146050587E+001
+2.17756500000E+008  -5.98261250651E+001
+2.25255000000E+008  -5.56914650245E+001
+2.32753500000E+008  -5.92965253423E+001
+2.40252000000E+008  -5.75793241210E+001
+2.47750500000E+008  -6.62912597488E+001
+2.55249000000E+008  -6.68151302990E+001
+2.62747500000E+008  -6.41900818581E+001
+2.70246000000E+008  -6.04789761200E+001
+2.77744500000E+008  -5.44070779907E+001
+2.85243000000E+008  -6.20790845172E+001
+2.92741500000E+008  -5.48097353777E+001
+3.00240000000E+008  -6.29786535015E+001
+3.07738500000E+008  -6.32507775890E+001
+3.15237000000E+008  -6.14351481833E+001
+3.22735500000E+008  -5.89362469050E+001
+3.30234000000E+008  -5.50285943808E+001
+3.37732500000E+008  -5.85528923552E+001
+3.45231000000E+008  -6.38867293218E+001
+3.52729500000E+008  -5.05945582890E+001
+3.60228000000E+008  -5.99329367132E+001
+3.67726500000E+008  -5.27975252806E+001
+3.75225000000E+008  -7.08856404474E+001
+3.82723500000E+008  -6.42216906020E+001
+3.90222000000E+008  -6.77629549665E+001
+3.97720500000E+008  -5.81048906444E+001
+4.05219000000E+008  -5.76300885426E+001
+4.12717500000E+008  -6.00050714694E+001
+4.20216000000E+008  -5.70091522664E+001
+4.27714500000E+008  -7.02481629820E+001
+4.35213000000E+008  -5.26465386170E+001
+4.42711500000E+008  -5.63183753991E+001
+4.50210000000E+008  -5.85450196713E+001
+4.57708500000E+008  -6.26358032844E+001
+4.65207000000E+008  -5.91278134434E+001
+4.72705500000E+008  -5.81913189180E+001
+4.80204000000E+008  -6.75453484298E+001
+4.87702500000E+008  -5.45636932865E+001
+4.95201000000E+008  -6.09147869687E+001
+5.02699500000E+008  -6.49397792136E+001
+5.10198000000E+008  -5.66510798502E+001
+5.17696500000E+008  -5.89787107687E+001
+5.25195000000E+008  -6.17356977336E+001
+5.32693500000E+008  -5.60577182178E+001
+5.40192000000E+008  -5.73002186011E+001
+5.47690500000E+008  -6.30940849076E+001
+5.55189000000E+008  -5.86197737134E+001
+5.62687500000E+008  -5.91143231575E+001
+5.70186000000E+008  -6.09830480501E+001
+5.77684500000E+008  -5.99315566081E+001
+5.85183000000E+008  -6.01654296468E+001
+5.92681500000E+008  -5.71570497472E+001
+6.00180000000E+008  -5.91402616652E+001
+6.07678500000E+008  -5.93557345565E+001
+6.15177000000E+008  -5.54758655101E+001
+6.22675500000E+008  -6.32968347755E+001
+6.30174000000E+008  -6.14122986074E+001
+6.37672500000E+008  -6.16485860414E+001
+6.45171000000E+008  -6.31580343180E+001
+6.52669500000E+008  -5.99668139391E+001
+6.60168000000E+008  -5.47684256741E+001
+6.67666500000E+008  -5.76857778549E+001
+6.75165000000E+008  -5.93032384795E+001
+6.82663500000E+008  -6.23476847746E+001
+6.90162000000E+008  -6.24045554384E+001
+6.97660500000E+008  -5.94778722895E+001
+7.05159000000E+008  -6.32524951414E+001
+7.12657500000E+008  -6.27761745275E+001
+7.20156000000E+008  -6.47834003387E+001
+7.27654500000E+008  -5.73284067850E+001
+7.35153000000E+008  -5.87459105082E+001
+7.42651500000E+008  -6.28083050957E+001
+7.50150000000E+008  -6.07181438810E+001
+7.57648500000E+008  -6.14584839229E+001
+7.65147000000E+008  -6.97385825198E+001
+7.72645500000E+008  -7.35224724775E+001
+7.80144000000E+008  -6.47971305316E+001
+7.87642500000E+008  -6.04238219020E+001
+7.95141000000E+008  -6.76138966534E+001
+8.02639500000E+008  -6.34355195742E+001
+8.10138000000E+008  -6.97572252340E+001
+8.17636500000E+008  -5.76519460517E+001
+8.25135000000E+008  -6.68021986425E+001
+8.32633500000E+008  -5.87138014327E+001
+8.40132000000E+008  -6.46428252661E+001
+8.47630500000E+008  -7.84814191031E+001
+8.55129000000E+008  -6.97564191566E+001
+8.62627500000E+008  -6.00404453705E+001
+8.70126000000E+008  -6.81394525774E+001
+8.77624500000E+008  -6.86753167682E+001
+8.85123000000E+008  -7.67319560404E+001
+8.92621500000E+008  -6.47308129902E+001
+9.00120000000E+008  -6.28857617154E+001
+9.07618500000E+008  -7.58353278676E+001
+9.15117000000E+008  -6.52529930948E+001
+9.22615500000E+008  -6.89265123100E+001
+9.30114000000E+008  -6.22702388261E+001
+9.37612500000E+008  -6.61015370410E+001
+9.45111000000E+008  -6.23731561778E+001
+9.52609500000E+008  -6.35445882889E+001
+9.60108000000E+008  -6.39607906455E+001
+9.67606500000E+008  -7.16388303872E+001
+9.75105000000E+008  -6.28367953409E+001
+9.82603500000E+008  -7.22630292508E+001
+9.90102000000E+008  -5.71784429381E+001
+9.97600500000E+008  -6.40846924973E+001
+1.00509900000E+009  -7.04308527371E+001
+1.01259750000E+009  -6.24498542088E+001
+1.02009600000E+009  -6.90609690606E+001
+1.02759450000E+009  -6.25887524584E+001
+1.03509300000E+009  -7.14750101412E+001
+1.04259150000E+009  -6.86076186226E+001
+1.05009000000E+009  -7.75861182835E+001
+1.05758850000E+009  -6.92277549811E+001
+1.06508700000E+009  -6.72879478784E+001
+1.07258550000E+009  -6.30219800795E+001
+1.08008400000E+009  -7.06156912597E+001
+1.08758250000E+009  -6.78494852146E+001
+1.09508100000E+009  -7.80953901332E+001
+1.10257950000E+009  -6.18429748502E+001
+1.11007800000E+009  -8.77181503541E+001
+1.11757650000E+009  -6.77949441933E+001
+1.12507500000E+009  -6.27904006103E+001
+1.13257350000E+009  -7.12067282366E+001
+1.14007200000E+009  -6.63990178732E+001
+1.14757050000E+009  -6.82915310352E+001
+1.15506900000E+009  -6.49504601780E+001
+1.16256750000E+009  -6.86917836270E+001
+1.17006600000E+009  -6.69775023198E+001
+1.17756450000E+009  -7.20689814621E+001
+1.18506300000E+009  -7.10338119014E+001
+1.19256150000E+009  -7.62167017083E+001
+1.20006000000E+009  -6.42188810376E+001
+1.20755850000E+009  -6.62142995362E+001
+1.21505700000E+009  -6.82255364860E+001
+1.22255550000E+009  -7.20548867870E+001
+1.23005400000E+009  -7.11875516273E+001
+1.23755250000E+009  -7.21712434447E+001
+1.24505100000E+009  -7.05500007375E+001
+1.25254950000E+009  -7.69144341058E+001
+1.26004800000E+009  -6.77679650222E+001
+1.26754650000E+009  -7.30226174135E+001
+1.27504500000E+009  -7.18020407860E+001
+1.28254350000E+009  -7.04613894137E+001
+1.29004200000E+009  -7.27243338778E+001
+1.29754050000E+009  -7.31875851047E+001
+1.30503900000E+009  -7.19718695041E+001
+1.31253750000E+009  -6.71260066569E+001
+1.32003600000E+009  -6.89629848198E+001
+1.32753450000E+009  -6.44616063837E+001
+1.33503300000E+009  -6.76629288183E+001
+1.34253150000E+009  -6.41677265311E+001
+1.35003000000E+009  -7.23081561070E+001
+1.35752850000E+009  -7.35144917315E+001
+1.36502700000E+009  -6.40949928788E+001
+1.37252550000E+009  -6.79095544197E+001
+1.38002400000E+009  -6.86618988739E+001
+1.38752250000E+009  -7.22051890779E+001
+1.39502100000E+009  -8.62864211094E+001
+1.40251950000E+009  -6.97610056508E+001
+1.41001800000E+009  -7.16759544375E+001
+1.41751650000E+009  -6.81379580485E+001
+1.42501500000E+009  -7.32562054561E+001
+1.43251350000E+009  -7.55865206952E+001
+1.44001200000E+009  -7.23352139676E+001
+1.44751050000E+009  -7.48210497437E+001
+1.45500900000E+009  -7.76811528464E+001
+1.46250750000E+009  -7.06730945449E+001
+1.47000600000E+009  -7.75007826859E+001
+1.47750450000E+009  -6.81911795881E+001
+1.48500300000E+009  -6.52219297546E+001
+1.49250150000E+009  -7.68906579770E+001
+1.50000000000E+009  -8.05028988665E+001
