-2.49000003e-009  -0.01317969
-2.48000003e-009 -0.004492188
-2.47000003e-009   -0.0138125
-2.46000003e-009       -0.003
-2.45000003e-009  -0.01374219
-2.44000003e-009 -0.002164063
-2.43000003e-009  -0.01302344
-2.42000003e-009 -0.002679688
-2.41000003e-009  -0.01382813
-2.40000003e-009       -0.003
-2.39000003e-009       -0.015
-2.38000003e-009 -0.002601563
-2.37000003e-009  -0.01182031
-2.36000003e-009 -0.003179688
-2.35000003e-009  -0.01146094
-2.34000003e-009       -0.003
-2.33000003e-009  -0.01126563
-2.32000003e-009 -0.001914063
-2.31000003e-009       -0.012
-2.30000003e-009 -0.001765625
-2.29000003e-009  -0.01130469
-2.28000003e-009 -0.001226563
-2.27000003e-009  -0.01130469
-2.26000003e-009 -0.001617188
-2.25000003e-009  -0.01124219
-2.24000003e-009   -0.0015625
-2.23000003e-009       -0.011
-2.22000003e-009 -0.002640625
-2.21000003e-009       -0.011
-2.20000003e-009 -0.002257813
-2.19000003e-009  -0.01129688
-2.18000003e-009       -0.001
-2.17000003e-009       -0.011
-2.16000003e-009    -0.001375
-2.15000003e-009  -0.01116406
-2.14000003e-009 -0.001203125
-2.13000003e-009  -0.01125781
-2.12000003e-009 -0.0004296879
-2.11000003e-009 -0.009914063
-2.10000003e-009 -0.0001796879
-2.09000003e-009  -0.01139844
-2.08000003e-009 7.812465e-005
-2.07000003e-009 -0.009726563
-2.06000003e-009 -0.0007031254
-2.05000003e-009 -0.009000001
-2.04000003e-009       -0.001
-2.03000003e-009 -0.009000001
-2.02000003e-009 -0.0004296879
-2.01000003e-009  -0.01090625
-2.00000003e-009 0.0009999997
-1.99000003e-009  -0.01016406
-1.98000003e-009  0.001140625
-1.97000003e-009 -0.008335938
-1.96000003e-009 0.0003281247
-1.95000003e-009 -0.009070313
-1.94000003e-009  0.001414062
-1.93000003e-009 -0.008632813
-1.92000003e-009     0.001375
-1.91000003e-009 -0.008617188
-1.90000003e-009  0.001773437
-1.89000003e-009       -0.011
-1.88000003e-009    0.0031875
-1.87000002e-009 -0.009000001
-1.86000002e-009  0.002140625
-1.85000002e-009 -0.007101563
-1.84000002e-009  0.002039062
-1.83000002e-009 -0.007546876
-1.82000002e-009  0.003101562
-1.81000002e-009 -0.007515626
-1.80000002e-009        0.003
-1.79000002e-009 -0.006851563
-1.78000002e-009  0.001929687
-1.77000002e-009 -0.006820313
-1.76000002e-009  0.001351562
-1.75000002e-009 -0.007070313
-1.74000002e-009        0.003
-1.73000002e-009 -0.008492188
-1.72000002e-009        0.003
-1.71000002e-009 -0.008921876
-1.70000002e-009  0.004257812
-1.69000002e-009 -0.009148438
-1.68000002e-009  0.003960937
-1.67000002e-009 -0.007000001
-1.66000002e-009      0.00225
-1.65000002e-009 -0.006687501
-1.64000002e-009  0.003296875
-1.63000002e-009 -0.008234376
-1.62000002e-009  0.003367187
-1.61000002e-009 -0.007000001
-1.60000002e-009  0.003578125
-1.59000002e-009 -0.007984376
-1.58000002e-009  0.003359375
-1.57000002e-009 -0.009476563
-1.56000002e-009     0.003625
-1.55000002e-009 -0.009000001
-1.54000002e-009   0.00215625
-1.53000002e-009 -0.005921876
-1.52000002e-009        0.003
-1.51000002e-009 -0.005343751
-1.50000002e-009        0.003
-1.49000002e-009 -0.006562501
-1.48000002e-009        0.003
-1.47000002e-009 -0.007187501
-1.46000002e-009        0.003
-1.45000002e-009 -0.006359376
-1.44000002e-009   0.00296875
-1.43000002e-009 -0.007000001
-1.42000002e-009        0.003
-1.41000002e-009 -0.007000001
-1.40000002e-009  0.002804687
-1.39000002e-009 -0.005312501
-1.38000002e-009        0.003
-1.37000002e-009 -0.005773438
-1.36000002e-009  0.004304687
-1.35000002e-009 -0.005406251
-1.34000002e-009        0.007
-1.33000002e-009 -0.005429688
-1.32000002e-009  0.007023437
-1.31000002e-009 -0.009000001
-1.30000002e-009  0.004710937
-1.29000002e-009 -0.008312501
-1.28000002e-009        0.003
-1.27000002e-009 -0.007242188
-1.26000002e-009   0.00328125
-1.25000002e-009 -0.006023438
-1.24000002e-009  0.003445312
-1.23000002e-009 -0.006195313
-1.22000002e-009        0.003
-1.21000002e-009 -0.005671876
-1.20000002e-009  0.002851562
-1.19000002e-009 -0.005320313
-1.18000002e-009  0.002234375
-1.17000002e-009 -0.006296876
-1.16000002e-009        0.003
-1.15000002e-009 -0.007000001
-1.14000002e-009        0.003
-1.13000002e-009 -0.006750001
-1.12000001e-009  0.002382812
-1.11000001e-009 -0.005593751
-1.10000001e-009  0.001734375
-1.09000001e-009 -0.006015626
-1.08000001e-009  0.001828125
-1.07000001e-009 -0.005500001
-1.06000001e-009  0.002867187
-1.05000001e-009 -0.007000001
-1.04000001e-009  0.002554687
-1.03000001e-009 -0.007000001
-1.02000001e-009        0.003
-1.01000001e-009 -0.007781251
-1.00000001e-009   0.00178125
-9.90000013e-010 -0.009218751
-9.80000013e-010 0.0009999997
-9.70000013e-010 -0.009000001
-9.60000013e-010  0.001851562
-9.50000013e-010 -0.009000001
-9.40000013e-010  0.001773437
-9.30000012e-010 -0.007382813
-9.20000012e-010   0.00159375
-9.10000012e-010 -0.009953126
-9.00000012e-010  0.001210937
-8.90000012e-010  -0.01086719
-8.80000012e-010 0.0009999997
-8.70000012e-010 -0.009484376
-8.60000011e-010 -0.0001562504
-8.50000011e-010  -0.01117969
-8.40000011e-010 0.0009999997
-8.30000011e-010  -0.01207813
-8.20000011e-010       -0.001
-8.10000011e-010  -0.01094531
-8.00000011e-010 -0.002234375
-7.90000011e-010  -0.01166406
-7.8000001e-010 -0.004054688
-7.7000001e-010  -0.01474219
-7.6000001e-010 -0.003976563
-7.5000001e-010  -0.01738281
-7.4000001e-010 -0.005000001
-7.3000001e-010       -0.021
-7.2000001e-010  -0.01115625
-7.10000009e-010  -0.02699219
-7.00000009e-010  -0.01609375
-6.90000009e-010  -0.03459375
-6.80000009e-010       -0.023
-6.70000009e-010    -0.045875
-6.60000009e-010  -0.03108594
-6.50000009e-010       -0.058
-6.40000009e-010  -0.04352344
-6.30000008e-010       -0.073
-6.20000008e-010       -0.057
-6.10000008e-010  -0.08880469
-6.00000008e-010       -0.071
-5.90000008e-010   -0.1040234
-5.80000008e-010  -0.08510938
-5.70000008e-010   -0.1192734
-5.60000007e-010  -0.09715625
-5.50000007e-010   -0.1365391
-5.40000007e-010   -0.1122813
-5.30000007e-010   -0.1475938
-5.20000007e-010       -0.131
-5.10000007e-010   -0.1558594
-5.00000007e-010       -0.145
-4.90000007e-010   -0.1641719
-4.80000006e-010    -0.153375
-4.70000006e-010       -0.169
-4.60000006e-010      -0.1585
-4.50000006e-010       -0.169
-4.40000006e-010       -0.156
-4.30000006e-010   -0.1701484
-4.20000006e-010       -0.153
-4.10000005e-010       -0.169
-4.00000005e-010   -0.1545391
-3.90000005e-010   -0.1655156
-3.80000005e-010   -0.1523672
-3.70000005e-010   -0.1636094
-3.60000005e-010   -0.1499688
-3.50000005e-010   -0.1606406
-3.40000005e-010    -0.145875
-3.30000004e-010       -0.157
-3.20000004e-010   -0.1422422
-3.10000004e-010   -0.1521797
-3.00000004e-010   -0.1384609
-2.90000004e-010   -0.1478594
-2.80000004e-010   -0.1325781
-2.70000004e-010       -0.145
-2.60000003e-010   -0.1272188
-2.50000003e-010   -0.1376172
-2.40000003e-010   -0.1188281
-2.30000003e-010      -0.1305
-2.20000003e-010       -0.109
-2.10000003e-010       -0.119
-2.00000003e-010  -0.09467188
-1.90000003e-010   -0.1074219
-1.80000002e-010       -0.079
-1.70000002e-010       -0.093
-1.60000002e-010  -0.06352344
-1.50000002e-010  -0.07661719
-1.40000002e-010  -0.04740625
-1.30000002e-010  -0.06185938
-1.20000002e-010  -0.03074219
-1.10000001e-010  -0.04749219
-1.00000001e-010  -0.01382031
-9.00000012e-011  -0.03011719
-8.00000011e-011 0.0009999997
-7.00000009e-011  -0.01403125
-6.00000008e-011        0.011
-5.00000007e-011 -0.003117188
-4.00000005e-011   0.01654688
-3.00000004e-011  0.006539062
-2.00000003e-011   0.02157031
-1.00000001e-011   0.01219531
           0        0.027
1.00000001e-011   0.01702344
2.00000003e-011   0.02825781
3.00000004e-011   0.01767969
4.00000005e-011        0.031
5.00000007e-011      0.01675
6.00000008e-011   0.02663281
7.00000009e-011        0.015
8.00000011e-011        0.025
9.00000012e-011        0.013
1.00000001e-010        0.023
1.10000001e-010   0.01288281
1.20000002e-010        0.023
1.30000002e-010      0.01025
1.40000002e-010        0.023
1.50000002e-010     0.012625
1.60000002e-010   0.02265625
1.70000002e-010   0.01382813
1.80000002e-010   0.02342188
1.90000003e-010   0.01342969
2.00000003e-010   0.02642188
2.10000003e-010   0.01689063
2.20000003e-010   0.03120313
2.30000003e-010   0.01973438
2.40000003e-010   0.03232813
2.50000003e-010   0.02202344
2.60000003e-010   0.03432031
2.70000004e-010   0.02289063
2.80000004e-010        0.035
2.90000004e-010   0.02335938
3.00000004e-010   0.03347656
3.10000004e-010   0.02202344
3.20000004e-010   0.03266406
3.30000004e-010        0.021
3.40000005e-010   0.03269531
3.50000005e-010   0.02144531
3.60000005e-010   0.03060156
3.70000005e-010        0.017
3.80000005e-010   0.02916406
3.90000005e-010   0.01750781
4.00000005e-010        0.029
4.10000005e-010        0.017
4.20000006e-010   0.02899219
4.30000006e-010   0.01703906
4.40000006e-010   0.02711719
4.50000006e-010   0.01492969
4.60000006e-010   0.02886719
4.70000006e-010   0.01585938
4.80000006e-010   0.02832813
4.90000007e-010        0.017
5.00000007e-010   0.02870313
5.10000007e-010    0.0161875
5.20000007e-010    0.0264375
5.30000007e-010   0.01628906
5.40000007e-010   0.02539063
5.50000007e-010   0.01471875
5.60000007e-010   0.02489844
5.70000008e-010        0.015
5.80000008e-010   0.02478125
5.90000008e-010   0.01464063
6.00000008e-010    0.0250625
6.10000008e-010   0.01603125
6.20000008e-010   0.02574219
6.30000008e-010        0.015
6.40000009e-010   0.02671875
6.50000009e-010        0.015
6.60000009e-010   0.02608594
6.70000009e-010   0.01519531
6.80000009e-010   0.02546094
6.90000009e-010     0.014625
7.00000009e-010   0.02436719
7.10000009e-010   0.01314844
7.2000001e-010   0.02390625
7.3000001e-010   0.01297656
7.4000001e-010    0.0251875
7.5000001e-010       0.0125
7.6000001e-010    0.0229375
7.7000001e-010   0.01210938
7.8000001e-010   0.02228906
7.90000011e-010   0.01089063
8.00000011e-010        0.023
8.10000011e-010   0.01279688
8.20000011e-010   0.02121094
8.30000011e-010   0.01227344
8.40000011e-010   0.02299219
8.50000011e-010     0.012625
8.60000011e-010   0.02332031
8.70000012e-010   0.01257813
8.80000012e-010   0.02478125
8.90000012e-010        0.011
9.00000012e-010   0.02517969
9.10000012e-010   0.01339063
9.20000012e-010   0.02553906
9.30000012e-010        0.015
9.40000013e-010   0.02646875
9.50000013e-010   0.01666406
9.60000013e-010   0.02667969
9.70000013e-010   0.01616406
9.80000013e-010        0.025
9.90000013e-010   0.01507813
1.00000001e-009   0.02601563
1.01000001e-009   0.01767188
1.02000001e-009   0.02671875
1.03000001e-009   0.01670313
1.04000001e-009        0.027
1.05000001e-009     0.016625
1.06000001e-009   0.02660938
1.07000001e-009   0.01436719
1.08000001e-009   0.02671094
1.09000001e-009   0.01588281
1.10000001e-009        0.027
1.11000001e-009   0.01797656
1.12000001e-009   0.02857813
1.13000002e-009   0.01760938
1.14000002e-009   0.02939844
1.15000002e-009   0.01819531
1.16000002e-009   0.02910938
1.17000002e-009        0.019
1.18000002e-009   0.03017969
1.19000002e-009     0.019875
1.20000002e-009   0.03070313
1.21000002e-009   0.02030469
1.22000002e-009        0.029
1.23000002e-009   0.02021094
1.24000002e-009      0.02925
1.25000002e-009   0.01867188
1.26000002e-009        0.031
1.27000002e-009   0.01885938
1.28000002e-009   0.03035938
1.29000002e-009        0.019
1.30000002e-009   0.03063281
1.31000002e-009   0.01908594
1.32000002e-009        0.031
1.33000002e-009   0.02017188
1.34000002e-009      0.02975
1.35000002e-009   0.01958594
1.36000002e-009   0.02992969
1.37000002e-009        0.019
1.38000002e-009   0.03153906
1.39000002e-009   0.01860156
1.40000002e-009        0.031
1.41000002e-009   0.01826563
1.42000002e-009   0.03042969
1.43000002e-009   0.01897656
1.44000002e-009   0.02747656
1.45000002e-009   0.01754688
1.46000002e-009    0.0268125
1.47000002e-009   0.01691406
1.48000002e-009    0.0275625
1.49000002e-009   0.01614844
1.50000002e-009   0.02647656
1.51000002e-009   0.01608594
1.52000002e-009   0.02600781
1.53000002e-009        0.017
1.54000002e-009   0.02702344
1.55000002e-009        0.015
1.56000002e-009   0.02541406
1.57000002e-009        0.015
1.58000002e-009   0.02421094
1.59000002e-009        0.015
1.60000002e-009     0.025125
1.61000002e-009   0.01482813
1.62000002e-009   0.02364844
1.63000002e-009   0.01441406
1.64000002e-009   0.02304688
1.65000002e-009   0.01347656
1.66000002e-009   0.02146094
1.67000002e-009   0.01399219
1.68000002e-009   0.02152344
1.69000002e-009   0.01219531
1.70000002e-009   0.02170313
1.71000002e-009   0.01267969
1.72000002e-009   0.02227344
1.73000002e-009   0.01292969
1.74000002e-009   0.02317969
1.75000002e-009   0.01296094
1.76000002e-009   0.02191406
1.77000002e-009   0.01182813
1.78000002e-009   0.02189844
1.79000002e-009        0.009
1.80000002e-009        0.023
1.81000002e-009   0.01045313
1.82000002e-009        0.023
1.83000002e-009        0.013
1.84000002e-009   0.02282031
1.85000002e-009   0.01346875
1.86000002e-009   0.02284375
1.87000002e-009   0.01348438
1.88000003e-009        0.023
1.89000003e-009   0.01457813
1.90000003e-009   0.02282031
1.91000003e-009   0.01407031
1.92000003e-009   0.02172656
1.93000003e-009        0.013
1.94000003e-009   0.02134375
1.95000003e-009   0.01217188
1.96000003e-009   0.02216406
1.97000003e-009   0.01167969
1.98000003e-009   0.02345313
1.99000003e-009  0.009953125
2.00000003e-009   0.02374219
2.01000003e-009        0.011
2.02000003e-009        0.023
2.03000003e-009   0.01260156
2.04000003e-009   0.02310938
2.05000003e-009   0.01436719
2.06000003e-009        0.023
2.07000003e-009        0.015
2.08000003e-009   0.02385156
2.09000003e-009   0.01446094
2.10000003e-009        0.025
2.11000003e-009     0.016125
2.12000003e-009        0.025
2.13000003e-009        0.015
2.14000003e-009    0.0251875
2.15000003e-009   0.01403125
2.16000003e-009   0.02419531
2.17000003e-009   0.01407813
2.18000003e-009        0.025
2.19000003e-009    0.0144375
2.20000003e-009   0.02532031
2.21000003e-009   0.01467969
2.22000003e-009        0.025
2.23000003e-009   0.01440625
2.24000003e-009   0.02498438
2.25000003e-009   0.01489844
2.26000003e-009        0.025
2.27000003e-009   0.01541406
2.28000003e-009   0.02360156
2.29000003e-009   0.01491406
2.30000003e-009   0.02585938
2.31000003e-009   0.01439063
2.32000003e-009    0.0248125
2.33000003e-009    0.0141875
2.34000003e-009   0.02150781
2.35000003e-009   0.01278906
2.36000003e-009      0.02275
2.37000003e-009   0.01279688
2.38000003e-009   0.02497656
2.39000003e-009        0.013
2.40000003e-009   0.02410938
2.41000003e-009   0.01242969
2.42000003e-009        0.023
2.43000003e-009        0.011
2.44000003e-009   0.02107031
2.45000003e-009        0.011
2.46000003e-009   0.02232031
2.47000003e-009   0.01108594
2.48000003e-009        0.023
2.49000003e-009   0.01185156
2.50000003e-009   0.02164063
