-4.98000007e-009   0.00271875
-4.96000007e-009     0.002625
-4.94000007e-009  0.002546875
-4.92000007e-009  0.002507812
-4.90000007e-009  0.002570312
-4.88000007e-009   0.00265625
-4.86000006e-009  0.002726562
-4.84000006e-009  0.002671875
-4.82000006e-009     0.002625
-4.80000006e-009  0.002679687
-4.78000006e-009  0.002773437
-4.76000006e-009  0.002734375
-4.74000006e-009  0.002578125
-4.72000006e-009  0.002421875
-4.70000006e-009  0.002382812
-4.68000006e-009  0.002460937
-4.66000006e-009   0.00259375
-4.64000006e-009  0.002640625
-4.62000006e-009  0.002578125
-4.60000006e-009  0.002539062
-4.58000006e-009  0.002578125
-4.56000006e-009  0.002609375
-4.54000006e-009  0.002507812
-4.52000006e-009  0.002328125
-4.50000006e-009  0.002304687
-4.48000006e-009    0.0025625
-4.46000006e-009  0.002945312
-4.44000006e-009  0.003171875
-4.42000006e-009   0.00303125
-4.40000006e-009  0.002507812
-4.38000006e-009   0.00209375
-4.36000006e-009  0.001992187
-4.34000006e-009  0.002226562
-4.32000006e-009  0.002539062
-4.30000006e-009  0.002703125
-4.28000006e-009  0.002601562
-4.26000006e-009  0.002460937
-4.24000006e-009  0.002367187
-4.22000006e-009    0.0023125
-4.20000006e-009  0.002335937
-4.18000006e-009  0.002429687
-4.16000006e-009  0.002570312
-4.14000006e-009   0.00265625
-4.12000006e-009  0.002664062
-4.10000005e-009  0.002671875
-4.08000005e-009  0.002671875
-4.06000005e-009  0.002679687
-4.04000005e-009  0.002570312
-4.02000005e-009   0.00240625
-4.00000005e-009  0.002273437
-3.98000005e-009  0.002273437
-3.96000005e-009  0.002328125
-3.94000005e-009  0.002390625
-3.92000005e-009  0.002414062
-3.90000005e-009  0.002507812
-3.88000005e-009   0.00265625
-3.86000005e-009  0.002632812
-3.84000005e-009  0.002476562
-3.82000005e-009  0.002335937
-3.80000005e-009  0.002367187
-3.78000005e-009       0.0025
-3.76000005e-009  0.002539062
-3.74000005e-009  0.002328125
-3.72000005e-009  0.001992187
-3.70000005e-009   0.00178125
-3.68000005e-009  0.001773437
-3.66000005e-009  0.001765625
-3.64000005e-009  0.001609375
-3.62000005e-009  0.001242187
-3.60000005e-009 0.0007656247
-3.58000005e-009 0.0003749997
-3.56000005e-009 7.812465e-005
-3.54000005e-009 -6.250035e-005
-3.52000005e-009 -0.0001718754
-3.50000005e-009 -0.0003515629
-3.48000005e-009 -0.0007500004
-3.46000005e-009 -0.001226563
-3.44000005e-009   -0.0016875
-3.42000005e-009 -0.002015625
-3.40000005e-009 -0.002289063
-3.38000005e-009 -0.002515625
-3.36000004e-009 -0.002820313
-3.34000004e-009 -0.003132813
-3.32000004e-009 -0.003484376
-3.30000004e-009 -0.003820313
-3.28000004e-009 -0.004093751
-3.26000004e-009 -0.004312501
-3.24000004e-009 -0.004593751
-3.22000004e-009 -0.004945313
-3.20000004e-009 -0.005242188
-3.18000004e-009 -0.005351563
-3.16000004e-009 -0.005468751
-3.14000004e-009 -0.005609376
-3.12000004e-009 -0.005843751
-3.10000004e-009 -0.006007813
-3.08000004e-009 -0.006078126
-3.06000004e-009 -0.006117188
-3.04000004e-009 -0.006335938
-3.02000004e-009 -0.006625001
-3.00000004e-009 -0.006843751
-2.98000004e-009 -0.006851563
-2.96000004e-009 -0.006851563
-2.94000004e-009 -0.006882813
-2.92000004e-009 -0.007000001
-2.90000004e-009 -0.007015626
-2.88000004e-009 -0.006992188
-2.86000004e-009 -0.007078126
-2.84000004e-009 -0.007289063
-2.82000004e-009 -0.007578126
-2.80000004e-009 -0.007781251
-2.78000004e-009 -0.007789063
-2.76000004e-009 -0.007687501
-2.74000004e-009 -0.007500001
-2.72000004e-009 -0.007281251
-2.70000004e-009 -0.007148438
-2.68000004e-009 -0.007132813
-2.66000004e-009 -0.007187501
-2.64000004e-009 -0.007195313
-2.62000003e-009 -0.007109376
-2.60000003e-009 -0.006898438
-2.58000003e-009 -0.006734376
-2.56000003e-009 -0.006718751
-2.54000003e-009 -0.006734376
-2.52000003e-009 -0.006734376
-2.50000003e-009 -0.006765626
-2.48000003e-009 -0.006812501
-2.46000003e-009 -0.006835938
-2.44000003e-009 -0.006734376
-2.42000003e-009 -0.006476563
-2.40000003e-009 -0.006226563
-2.38000003e-009 -0.006250001
-2.36000003e-009 -0.006390626
-2.34000003e-009 -0.006398438
-2.32000003e-009 -0.006164063
-2.30000003e-009 -0.005671876
-2.28000003e-009 -0.005203126
-2.26000003e-009 -0.005007813
-2.24000003e-009 -0.005070313
-2.22000003e-009 -0.005210938
-2.20000003e-009 -0.005140626
-2.18000003e-009 -0.004843751
-2.16000003e-009 -0.004507813
-2.14000003e-009 -0.004335938
-2.12000003e-009 -0.004375001
-2.10000003e-009 -0.004382813
-2.08000003e-009 -0.004179688
-2.06000003e-009 -0.003601563
-2.04000003e-009 -0.003039063
-2.02000003e-009 -0.002765625
-2.00000003e-009   -0.0028125
-1.98000003e-009 -0.002976563
-1.96000003e-009       -0.003
-1.94000003e-009 -0.002757813
-1.92000003e-009 -0.002460938
-1.90000003e-009  -0.00221875
-1.88000003e-009   -0.0021875
-1.86000002e-009 -0.002179688
-1.84000002e-009 -0.002070313
-1.82000002e-009 -0.001929688
-1.80000002e-009 -0.001617188
-1.78000002e-009 -0.001210938
-1.76000002e-009 -0.0007578129
-1.74000002e-009 -0.0004843754
-1.72000002e-009 -0.0004531254
-1.70000002e-009 -0.0006640629
-1.68000002e-009 -0.0007343754
-1.66000002e-009 -0.0005781254
-1.64000002e-009 -0.0002343754
-1.62000002e-009 0.0001015622
-1.60000002e-009 0.0001874997
-1.58000002e-009 0.0001015622
-1.56000002e-009 -4.687535e-005
-1.54000002e-009 -0.0001171879
-1.52000002e-009 -0.0001328129
-1.50000002e-009 -6.250035e-005
-1.48000002e-009 -3.906285e-005
-1.46000002e-009 -3.125035e-005
-1.44000002e-009 -6.250035e-005
-1.42000002e-009 7.812151e-006
-1.40000002e-009 0.0001249997
-1.38000002e-009 0.0002656247
-1.36000002e-009 0.0003828122
-1.34000002e-009 0.0003906247
-1.32000002e-009 0.0003593747
-1.30000002e-009 0.0002812497
-1.28000002e-009 0.0001640622
-1.26000002e-009 0.0001328122
-1.24000002e-009 0.0001796872
-1.22000002e-009 0.0002890622
-1.20000002e-009 0.0002656247
-1.18000002e-009 9.374966e-005
-1.16000002e-009 -8.593785e-005
-1.14000002e-009 -0.0001953129
-1.12000001e-009 -0.0001718754
-1.10000001e-009 -6.250035e-005
-1.08000001e-009 6.249965e-005
-1.06000001e-009 -3.125035e-005
-1.04000001e-009 -0.0002265629
-1.02000001e-009 -0.0005078129
-1.00000001e-009 -0.0007343754
-9.80000013e-010 -0.0007500004
-9.60000013e-010 -0.0007656254
-9.40000013e-010 -0.0009062504
-9.20000012e-010 -0.001234375
-9.00000012e-010 -0.001679688
-8.80000012e-010 -0.002007813
-8.60000011e-010 -0.002171875
-8.40000011e-010 -0.002304688
-8.20000011e-010  -0.00259375
-8.00000011e-010    -0.003125
-7.8000001e-010 -0.004054688
-7.6000001e-010 -0.005164063
-7.4000001e-010 -0.006578126
-7.2000001e-010 -0.008242188
-7.00000009e-010  -0.01032813
-6.80000009e-010   -0.0135625
-6.60000009e-010  -0.01811719
-6.40000009e-010  -0.02460938
-6.20000008e-010  -0.03307813
-6.00000008e-010  -0.04327344
-5.80000008e-010  -0.05553125
-5.60000007e-010  -0.06970313
-5.40000007e-010  -0.08567188
-5.20000007e-010   -0.1024766
-5.00000007e-010   -0.1184297
-4.80000006e-010   -0.1321328
-4.60000006e-010   -0.1434063
-4.40000006e-010   -0.1519453
-4.20000006e-010   -0.1580391
-4.00000005e-010   -0.1614531
-3.80000005e-010   -0.1621172
-3.60000005e-010   -0.1611875
-3.40000005e-010   -0.1588203
-3.20000004e-010   -0.1558828
-3.00000004e-010   -0.1526016
-2.80000004e-010   -0.1487969
-2.60000003e-010   -0.1450234
-2.40000003e-010   -0.1405156
-2.20000003e-010   -0.1351328
-2.00000003e-010   -0.1285078
-1.80000002e-010   -0.1201563
-1.60000002e-010   -0.1101016
-1.40000002e-010  -0.09806251
-1.20000002e-010  -0.08421094
-1.00000001e-010  -0.06913282
-8.00000011e-011  -0.05335938
-6.00000008e-011  -0.03735156
-4.00000005e-011  -0.02195313
-2.00000003e-011 -0.007906251
           0     0.003625
2.00000003e-011    0.0120625
4.00000005e-011   0.01801563
6.00000008e-011   0.02173438
8.00000011e-011   0.02385938
1.00000001e-010   0.02438281
1.20000002e-010   0.02339844
1.40000002e-010   0.02183594
1.60000002e-010   0.02021875
1.80000002e-010   0.01942969
2.00000003e-010   0.01963281
2.20000003e-010     0.020625
2.40000003e-010   0.02221875
2.60000003e-010   0.02410938
2.80000004e-010   0.02605469
3.00000004e-010   0.02778906
3.20000004e-010   0.02897656
3.40000005e-010   0.02940625
3.60000005e-010    0.0290625
3.80000005e-010   0.02817188
4.00000005e-010   0.02719531
4.20000006e-010   0.02624219
4.40000006e-010   0.02553906
4.60000006e-010   0.02502344
4.80000006e-010   0.02464844
5.00000007e-010   0.02441406
5.20000007e-010   0.02417969
5.40000007e-010   0.02379688
5.60000007e-010   0.02321875
5.80000008e-010   0.02254688
6.00000008e-010   0.02197656
6.20000008e-010    0.0216875
6.40000009e-010   0.02158594
6.60000009e-010   0.02147656
6.80000009e-010   0.02124219
7.00000009e-010   0.02108594
7.2000001e-010   0.02107813
7.4000001e-010   0.02115625
7.6000001e-010   0.02105469
7.8000001e-010   0.02060156
8.00000011e-010   0.01997656
8.20000011e-010    0.0195625
8.40000011e-010   0.01959375
8.60000011e-010   0.01992969
8.80000012e-010   0.02038281
9.00000012e-010   0.02076563
9.20000012e-010   0.02107813
9.40000013e-010   0.02130469
9.60000013e-010   0.02160156
9.80000013e-010   0.02192969
1.00000001e-009   0.02223438
1.02000001e-009   0.02250781
1.04000001e-009   0.02278125
1.06000001e-009   0.02308594
1.08000001e-009   0.02332031
1.10000001e-009   0.02344531
1.12000001e-009   0.02359375
1.14000002e-009   0.02389063
1.16000002e-009   0.02451563
1.18000002e-009   0.02525781
1.20000002e-009   0.02578906
1.22000002e-009   0.02594531
1.24000002e-009   0.02589844
1.26000002e-009   0.02592969
1.28000002e-009     0.026125
1.30000002e-009   0.02639844
1.32000002e-009   0.02659375
1.34000002e-009   0.02660938
1.36000002e-009   0.02658594
1.38000002e-009   0.02658594
1.40000002e-009   0.02670313
1.42000002e-009      0.02675
1.44000002e-009   0.02657813
1.46000002e-009   0.02622656
1.48000002e-009   0.02566406
1.50000002e-009   0.02505469
1.52000002e-009   0.02438281
1.54000002e-009   0.02369531
1.56000002e-009   0.02310156
1.58000002e-009   0.02260156
1.60000002e-009   0.02217188
1.62000002e-009   0.02161719
1.64000002e-009   0.02105469
1.66000002e-009   0.02048438
1.68000002e-009   0.02009375
1.70000002e-009   0.02005469
1.72000002e-009   0.02013281
1.74000002e-009   0.02013281
1.76000002e-009   0.01992188
1.78000002e-009   0.01953125
1.80000002e-009   0.01923438
1.82000002e-009   0.01921094
1.84000002e-009   0.01935156
1.86000002e-009   0.01947656
1.88000003e-009   0.01953125
1.90000003e-009   0.01948438
1.92000003e-009   0.01952344
1.94000003e-009   0.01973438
1.96000003e-009    0.0199375
1.98000003e-009   0.02003906
2.00000003e-009   0.01996875
2.02000003e-009   0.01989063
2.04000003e-009   0.01997656
2.06000003e-009   0.02032031
2.08000003e-009   0.02060156
2.10000003e-009   0.02078906
2.12000003e-009   0.02073438
2.14000003e-009    0.0205625
2.16000003e-009   0.02039844
2.18000003e-009     0.020375
2.20000003e-009       0.0205
2.22000003e-009   0.02078125
2.24000003e-009   0.02099219
2.26000003e-009     0.021125
2.28000003e-009   0.02097656
2.30000003e-009   0.02071094
2.32000003e-009   0.02042188
2.34000003e-009   0.02030469
2.36000003e-009   0.02023438
2.38000003e-009   0.02008594
2.40000003e-009   0.01972656
2.42000003e-009   0.01923438
2.44000003e-009   0.01899219
2.46000003e-009   0.01907813
2.48000003e-009   0.01936719
2.50000003e-009   0.01934375
2.52000003e-009   0.01898438
2.54000003e-009   0.01838281
2.56000003e-009   0.01800781
2.58000003e-009   0.01792188
2.60000003e-009   0.01811719
2.62000003e-009   0.01827344
2.64000004e-009   0.01819531
2.66000004e-009   0.01796094
2.68000004e-009   0.01775781
2.70000004e-009   0.01764063
2.72000004e-009    0.0175625
2.74000004e-009   0.01734375
2.76000004e-009    0.0170625
2.78000004e-009   0.01671875
2.80000004e-009   0.01657813
2.82000004e-009   0.01644531
2.84000004e-009      0.01625
2.86000004e-009    0.0160625
2.88000004e-009   0.01607031
2.90000004e-009   0.01628125
2.92000004e-009   0.01639063
2.94000004e-009   0.01625781
2.96000004e-009        0.016
2.98000004e-009   0.01597656
3.00000004e-009   0.01624219
3.02000004e-009   0.01653125
3.04000004e-009   0.01661719
3.06000004e-009   0.01642969
3.08000004e-009   0.01623438
3.10000004e-009   0.01614844
3.12000004e-009   0.01614063
3.14000004e-009   0.01608594
3.16000004e-009   0.01595313
3.18000004e-009    0.0156875
3.20000004e-009   0.01535156
3.22000004e-009   0.01500781
3.24000004e-009   0.01482813
3.26000004e-009   0.01478125
3.28000004e-009   0.01484375
3.30000004e-009   0.01496875
3.32000004e-009   0.01502344
3.34000004e-009   0.01515625
3.36000004e-009   0.01529688
3.38000005e-009   0.01539844
3.40000005e-009   0.01521875
3.42000005e-009   0.01492969
3.44000005e-009   0.01465625
3.46000005e-009   0.01445313
3.48000005e-009    0.0141875
3.50000005e-009   0.01379688
3.52000005e-009   0.01344531
3.54000005e-009   0.01332031
3.56000005e-009   0.01349219
3.58000005e-009   0.01364063
3.60000005e-009   0.01351563
3.62000005e-009   0.01323438
3.64000005e-009   0.01307813
3.66000005e-009   0.01311719
3.68000005e-009   0.01335938
3.70000005e-009   0.01359375
3.72000005e-009   0.01357031
3.74000005e-009   0.01341406
3.76000005e-009   0.01321875
3.78000005e-009   0.01304688
3.80000005e-009   0.01297656
3.82000005e-009   0.01302344
3.84000005e-009   0.01305469
3.86000005e-009   0.01295313
3.88000005e-009   0.01263281
3.90000005e-009   0.01230469
3.92000005e-009   0.01217188
3.94000005e-009    0.0124375
3.96000005e-009   0.01279688
3.98000005e-009   0.01296875
4.00000005e-009   0.01273438
4.02000005e-009   0.01233594
4.04000005e-009   0.01208594
4.06000005e-009   0.01215625
4.08000005e-009   0.01233594
4.10000005e-009   0.01233594
4.12000006e-009   0.01211719
4.14000006e-009   0.01170313
4.16000006e-009   0.01133594
4.18000006e-009   0.01110938
4.20000006e-009   0.01113281
4.22000006e-009      0.01125
4.24000006e-009   0.01135938
4.26000006e-009   0.01138281
4.28000006e-009   0.01121875
4.30000006e-009   0.01103906
4.32000006e-009   0.01090625
4.34000006e-009   0.01096875
4.36000006e-009   0.01113281
4.38000006e-009   0.01110938
4.40000006e-009   0.01085156
4.42000006e-009   0.01045313
4.44000006e-009   0.01015625
4.46000006e-009   0.01007031
4.48000006e-009    0.0101875
4.50000006e-009   0.01023438
4.52000006e-009   0.01023438
4.54000006e-009   0.01013281
4.56000006e-009   0.01007813
4.58000006e-009   0.01005469
4.60000006e-009   0.01014063
4.62000006e-009   0.01025781
4.64000006e-009   0.01039063
4.66000006e-009   0.01038281
4.68000006e-009   0.01025781
4.70000006e-009   0.01003906
4.72000006e-009  0.009851563
4.74000006e-009  0.009773438
4.76000006e-009   0.00978125
4.78000006e-009  0.009796875
4.80000006e-009  0.009617188
4.82000006e-009  0.009398438
4.84000006e-009  0.009398438
4.86000006e-009  0.009539063
4.88000007e-009  0.009765625
4.90000007e-009  0.009851563
4.92000007e-009  0.009859375
4.94000007e-009  0.009851563
4.96000007e-009  0.009835938
4.98000007e-009  0.009773438
5.00000007e-009   0.00965625
