-4.98000007e-009 -0.005351563
-4.96000007e-009   0.00496875
-4.94000007e-009 -0.005882813
-4.92000007e-009        0.005
-4.90000007e-009 -0.003492188
-4.88000007e-009  0.004976562
-4.86000006e-009 -0.006984376
-4.84000006e-009  0.005164062
-4.82000006e-009 -0.005000001
-4.80000006e-009  0.005078125
-4.78000006e-009  -0.00271875
-4.76000006e-009  0.005453125
-4.74000006e-009       -0.003
-4.72000006e-009        0.007
-4.70000006e-009 -0.005000001
-4.68000006e-009    0.0056875
-4.66000006e-009 -0.004726563
-4.64000006e-009  0.005273437
-4.62000006e-009 -0.003460938
-4.60000006e-009        0.007
-4.58000006e-009 -0.005132813
-4.56000006e-009  0.005804687
-4.54000006e-009 -0.003335938
-4.52000006e-009        0.005
-4.50000006e-009       -0.003
-4.48000006e-009  0.004882812
-4.46000006e-009 -0.005664063
-4.44000006e-009  0.004609375
-4.42000006e-009   -0.0020625
-4.40000006e-009        0.005
-4.38000006e-009 -0.004812501
-4.36000006e-009  0.004953125
-4.34000006e-009 -0.004484376
-4.32000006e-009  0.005328125
-4.30000006e-009 -0.005000001
-4.28000006e-009  0.005335937
-4.26000006e-009 -0.005093751
-4.24000006e-009     0.006125
-4.22000006e-009       -0.003
-4.20000006e-009  0.006648437
-4.18000006e-009 -0.005671876
-4.16000006e-009  0.005726562
-4.14000006e-009 -0.005000001
-4.12000006e-009        0.007
-4.10000005e-009 -0.004039063
-4.08000005e-009  0.004867187
-4.06000005e-009 -0.003750001
-4.04000005e-009     0.004125
-4.02000005e-009 -0.004656251
-4.00000005e-009        0.005
-3.98000005e-009 -0.003554688
-3.96000005e-009  0.004851562
-3.94000005e-009 -0.004273438
-3.92000005e-009  0.007546875
-3.90000005e-009 -0.005000001
-3.88000005e-009  0.004945312
-3.86000005e-009 -0.003968751
-3.84000005e-009        0.005
-3.82000005e-009 -0.005000001
-3.80000005e-009        0.005
-3.78000005e-009 -0.005531251
-3.76000005e-009  0.005757812
-3.74000005e-009 -0.005843751
-3.72000005e-009  0.005085937
-3.70000005e-009 -0.005000001
-3.68000005e-009   0.00365625
-3.66000005e-009 -0.005132813
-3.64000005e-009   0.00484375
-3.62000005e-009 -0.006085938
-3.60000005e-009        0.005
-3.58000005e-009 -0.006953126
-3.56000005e-009  0.002632812
-3.54000005e-009 -0.007000001
-3.52000005e-009  0.003046875
-3.50000005e-009 -0.007000001
-3.48000005e-009 0.0009687497
-3.46000005e-009 -0.007718751
-3.44000005e-009  0.002539062
-3.42000005e-009 -0.007710938
-3.40000005e-009 0.0009999997
-3.38000005e-009 -0.009023438
-3.36000004e-009 -0.0005312504
-3.34000004e-009 -0.009851563
-3.32000004e-009 -0.0009609379
-3.30000004e-009       -0.011
-3.28000004e-009 -0.001140625
-3.26000004e-009  -0.01098438
-3.24000004e-009 -0.002867188
-3.22000004e-009   -0.0115625
-3.20000004e-009 -0.001078125
-3.18000004e-009  -0.01171094
-3.16000004e-009  -0.00115625
-3.14000004e-009  -0.01210156
-3.12000004e-009 -0.001664063
-3.10000004e-009       -0.013
-3.08000004e-009 -0.002203125
-3.06000004e-009  -0.01557813
-3.04000004e-009       -0.003
-3.02000004e-009       -0.013
-3.00000004e-009   -0.0014375
-2.98000004e-009  -0.01360938
-2.96000004e-009 -0.003953126
-2.94000004e-009  -0.01394531
-2.92000004e-009       -0.003
-2.90000004e-009  -0.01484375
-2.88000004e-009 -0.002390625
-2.86000004e-009  -0.01247656
-2.84000004e-009       -0.003
-2.82000004e-009  -0.01311719
-2.80000004e-009 -0.004304688
-2.78000004e-009  -0.01346094
-2.76000004e-009 -0.003250001
-2.74000004e-009   -0.0145625
-2.72000004e-009       -0.003
-2.70000004e-009  -0.01358594
-2.68000004e-009 -0.004140626
-2.66000004e-009  -0.01517188
-2.64000004e-009  -0.00265625
-2.62000003e-009  -0.01366406
-2.60000003e-009 -0.001304688
-2.58000003e-009  -0.01439844
-2.56000003e-009 -0.003468751
-2.54000003e-009  -0.01317969
-2.52000003e-009 -0.004171876
-2.50000003e-009    -0.013375
-2.48000003e-009 -0.002890625
-2.46000003e-009  -0.01285938
-2.44000003e-009       -0.003
-2.42000003e-009  -0.01307031
-2.40000003e-009       -0.003
-2.38000003e-009   -0.0124375
-2.36000003e-009 -0.002617188
-2.34000003e-009       -0.013
-2.32000003e-009  -0.00246875
-2.30000003e-009  -0.01278906
-2.28000003e-009 -0.001851563
-2.26000003e-009  -0.01091406
-2.24000003e-009 -0.002554688
-2.22000003e-009       -0.011
-2.20000003e-009 -0.002632813
-2.18000003e-009  -0.01145313
-2.16000003e-009 -0.0007187504
-2.14000003e-009  -0.01141406
-2.12000003e-009 0.0009999997
-2.10000003e-009  -0.01110938
-2.08000003e-009 -0.0004062504
-2.06000003e-009  -0.01076563
-2.04000003e-009 -7.812535e-005
-2.02000003e-009 -0.008625001
-2.00000003e-009 0.0002812497
-1.98000003e-009  -0.01010938
-1.96000003e-009  0.002234375
-1.94000003e-009 -0.008734376
-1.92000003e-009 0.0009921872
-1.90000003e-009 -0.008203126
-1.88000003e-009  0.003140625
-1.86000002e-009 -0.007812501
-1.84000002e-009  0.001921875
-1.82000002e-009 -0.007976563
-1.80000002e-009  0.001328125
-1.78000002e-009 -0.007195313
-1.76000002e-009  0.002320312
-1.74000002e-009 -0.008906251
-1.72000002e-009        0.003
-1.70000002e-009 -0.007000001
-1.68000002e-009  0.002570312
-1.66000002e-009 -0.007218751
-1.64000002e-009        0.003
-1.62000002e-009 -0.007000001
-1.60000002e-009  0.001960937
-1.58000002e-009 -0.006054688
-1.56000002e-009  0.003242187
-1.54000002e-009 -0.007000001
-1.52000002e-009  0.004703125
-1.50000002e-009 -0.007000001
-1.48000002e-009  0.003273437
-1.46000002e-009 -0.006921876
-1.44000002e-009       0.0045
-1.42000002e-009 -0.006343751
-1.40000002e-009        0.003
-1.38000002e-009 -0.005601563
-1.36000002e-009  0.003945312
-1.34000002e-009 -0.005593751
-1.32000002e-009        0.003
-1.30000002e-009 -0.006906251
-1.28000002e-009  0.003226562
-1.26000002e-009 -0.007187501
-1.24000002e-009        0.003
-1.22000002e-009 -0.009000001
-1.20000002e-009   0.00253125
-1.18000002e-009 -0.007710938
-1.16000002e-009  0.002601562
-1.14000002e-009 -0.007343751
-1.12000001e-009        0.003
-1.10000001e-009 -0.006906251
-1.08000001e-009  0.002507812
-1.06000001e-009 -0.005976563
-1.04000001e-009  0.002203125
-1.02000001e-009 -0.007750001
-1.00000001e-009 0.0009999997
-9.80000013e-010  -0.01032813
-9.60000013e-010 0.0008906247
-9.40000013e-010 -0.008289063
-9.20000012e-010        0.003
-9.00000012e-010 -0.009000001
-8.80000012e-010 0.0007109372
-8.60000011e-010 -0.008968751
-8.40000011e-010    0.0011875
-8.20000011e-010       -0.011
-8.00000011e-010 0.0009999997
-7.8000001e-010  -0.01263281
-7.6000001e-010 -0.004250001
-7.4000001e-010  -0.01628906
-7.2000001e-010 -0.009000001
-7.00000009e-010       -0.027
-6.80000009e-010  -0.01832031
-6.60000009e-010   -0.0420625
-6.40000009e-010  -0.03305469
-6.20000008e-010  -0.06797657
-6.00000008e-010       -0.057
-5.80000008e-010  -0.09929688
-5.60000007e-010  -0.08654688
-5.40000007e-010       -0.133
-5.20000007e-010   -0.1209844
-5.00000007e-010       -0.157
-4.80000006e-010   -0.1457344
-4.60000006e-010   -0.1676875
-4.40000006e-010    -0.158375
-4.20000006e-010       -0.171
-4.00000005e-010       -0.157
-3.80000005e-010    -0.169125
-3.60000005e-010   -0.1516875
-3.40000005e-010       -0.163
-3.20000004e-010   -0.1465938
-3.00000004e-010       -0.155
-2.80000004e-010   -0.1360547
-2.60000003e-010   -0.1457109
-2.40000003e-010   -0.1241797
-2.20000003e-010   -0.1315469
-2.00000003e-010   -0.1029141
-1.80000002e-010   -0.1143594
-1.60000002e-010  -0.07607032
-1.40000002e-010  -0.08786719
-1.20000002e-010  -0.03960156
-1.00000001e-010       -0.055
-8.00000011e-011  -0.01355469
-6.00000008e-011  -0.02509375
-4.00000005e-011        0.011
-2.00000003e-011 -0.0001015629
           0        0.023
2.00000003e-011   0.01597656
4.00000005e-011      0.02625
6.00000008e-011   0.01710156
8.00000011e-011   0.02541406
1.00000001e-010   0.01303906
1.20000002e-010   0.02659375
1.40000002e-010   0.01163281
1.60000002e-010   0.02195313
1.80000002e-010        0.013
2.00000003e-010   0.02352344
2.20000003e-010        0.017
2.40000003e-010    0.0291875
2.60000003e-010   0.01950781
2.80000004e-010   0.03342969
3.00000004e-010   0.02301563
3.20000004e-010   0.03289063
3.40000005e-010   0.02189844
3.60000005e-010   0.03254688
3.80000005e-010        0.017
4.00000005e-010        0.029
4.20000006e-010   0.01823438
4.40000006e-010   0.02727344
4.60000006e-010   0.01714063
4.80000006e-010   0.02657031
5.00000007e-010   0.01551563
5.20000007e-010    0.0263125
5.40000007e-010   0.01424219
5.60000007e-010   0.02677344
5.80000008e-010        0.013
6.00000008e-010        0.027
6.20000008e-010   0.01402344
6.40000009e-010   0.02514063
6.60000009e-010   0.01449219
6.80000009e-010    0.0261875
7.00000009e-010        0.015
7.2000001e-010   0.02389063
7.4000001e-010      0.01375
7.6000001e-010   0.02363281
7.8000001e-010   0.01242188
8.00000011e-010   0.02307031
8.20000011e-010   0.01179688
8.40000011e-010   0.02371094
8.60000011e-010   0.01299219
8.80000012e-010        0.023
9.00000012e-010        0.013
9.20000012e-010   0.02564844
9.40000013e-010   0.01601563
9.60000013e-010        0.027
9.80000013e-010        0.017
1.00000001e-009        0.027
1.02000001e-009   0.01717188
1.04000001e-009   0.02492188
1.06000001e-009   0.01534375
1.08000001e-009        0.027
1.10000001e-009        0.017
1.12000001e-009   0.02764063
1.14000002e-009   0.01796094
1.16000002e-009   0.02867188
1.18000002e-009        0.019
1.20000002e-009   0.03173438
1.22000002e-009   0.01970313
1.24000002e-009   0.02935156
1.26000002e-009     0.018125
1.28000002e-009   0.03264844
1.30000002e-009        0.021
1.32000002e-009   0.03028125
1.34000002e-009   0.01872656
1.36000002e-009   0.03028906
1.38000002e-009   0.01942969
1.40000002e-009        0.029
1.42000002e-009    0.0164375
1.44000002e-009   0.02861719
1.46000002e-009   0.01761719
1.48000002e-009        0.029
1.50000002e-009        0.017
1.52000002e-009   0.02653906
1.54000002e-009   0.01510938
1.56000002e-009   0.02559375
1.58000002e-009   0.01575781
1.60000002e-009   0.02336719
1.62000002e-009   0.01452344
1.64000002e-009   0.02424219
1.66000002e-009   0.01315625
1.68000002e-009        0.023
1.70000002e-009   0.01333594
1.72000002e-009   0.02464063
1.74000002e-009   0.01248438
1.76000002e-009   0.02311719
1.78000002e-009   0.01289844
1.80000002e-009        0.023
1.82000002e-009      0.01125
1.84000002e-009   0.02358594
1.86000002e-009   0.01217969
1.88000003e-009   0.02267188
1.90000003e-009   0.01289844
1.92000003e-009   0.02461719
1.94000003e-009   0.01203906
1.96000003e-009   0.02303125
1.98000003e-009   0.01351563
2.00000003e-009        0.023
2.02000003e-009   0.01219531
2.04000003e-009   0.02379688
2.06000003e-009        0.015
2.08000003e-009        0.025
2.10000003e-009   0.01397656
2.12000003e-009   0.02407031
2.14000003e-009   0.01372656
2.16000003e-009   0.02476563
2.18000003e-009   0.01467188
2.20000003e-009        0.025
2.22000003e-009   0.01269531
2.24000003e-009   0.02413281
2.26000003e-009   0.01370313
2.28000003e-009   0.02322656
2.30000003e-009        0.013
2.32000003e-009   0.02395313
2.34000003e-009   0.01414844
2.36000003e-009   0.02389844
2.38000003e-009        0.013
2.40000003e-009        0.023
2.42000003e-009   0.01213281
2.44000003e-009   0.02278125
2.46000003e-009   0.01277344
2.48000003e-009   0.02208594
2.50000003e-009   0.01273438
2.52000003e-009   0.02128125
2.54000003e-009   0.01039063
2.56000003e-009   0.02032813
2.58000003e-009   0.01210156
2.60000003e-009        0.021
2.62000003e-009   0.01028906
2.64000004e-009   0.02132031
2.66000004e-009        0.011
2.68000004e-009        0.021
2.70000004e-009        0.011
2.72000004e-009   0.02130469
2.74000004e-009      0.00925
2.76000004e-009     0.019375
2.78000004e-009         0.01
2.80000004e-009        0.021
2.82000004e-009   0.01046875
2.84000004e-009   0.01964844
2.86000004e-009  0.009398438
2.88000004e-009   0.01938281
2.90000004e-009  0.009679688
2.92000004e-009   0.01980469
2.94000004e-009   0.00990625
2.96000004e-009   0.02089844
2.98000004e-009  0.009835938
3.00000004e-009        0.021
3.02000004e-009  0.008414063
3.04000004e-009   0.02083594
3.06000004e-009        0.009
3.08000004e-009        0.019
3.10000004e-009        0.009
3.12000004e-009   0.01829688
3.14000004e-009    0.0095625
3.16000004e-009        0.017
3.18000004e-009  0.007976563
3.20000004e-009   0.01790625
3.22000004e-009  0.008945313
3.24000004e-009   0.01877344
3.26000004e-009  0.008671875
3.28000004e-009   0.01988281
3.30000004e-009        0.007
3.32000004e-009   0.01821875
3.34000004e-009   0.00878125
3.36000004e-009   0.01816406
3.38000005e-009    0.0065625
3.40000005e-009   0.01624219
3.42000005e-009  0.006945312
3.44000005e-009   0.01717188
3.46000005e-009  0.007507813
3.48000005e-009        0.017
3.50000005e-009        0.007
3.52000005e-009   0.01788281
3.54000005e-009  0.005835937
3.56000005e-009   0.01830469
3.58000005e-009  0.005234375
3.60000005e-009   0.01709375
3.62000005e-009  0.005390625
3.64000005e-009     0.016625
3.66000005e-009  0.004757812
3.68000005e-009   0.01620313
3.70000005e-009  0.005742187
3.72000005e-009   0.01750781
3.74000005e-009  0.006710937
3.76000005e-009    0.0168125
3.78000005e-009        0.007
3.80000005e-009   0.01607031
3.82000005e-009  0.005351562
3.84000005e-009   0.01744531
3.86000005e-009    0.0069375
3.88000005e-009   0.01628125
3.90000005e-009  0.006429687
3.92000005e-009   0.01585938
3.94000005e-009  0.004921875
3.96000005e-009   0.01746875
3.98000005e-009   0.00596875
4.00000005e-009       0.0165
4.02000005e-009  0.003273437
4.04000005e-009   0.01630469
4.06000005e-009   0.00571875
4.08000005e-009        0.015
4.10000005e-009        0.005
4.12000006e-009   0.01434375
4.14000006e-009   0.00446875
4.16000006e-009   0.01567188
4.18000006e-009  0.005664062
4.20000006e-009   0.01559375
4.22000006e-009   0.00478125
4.24000006e-009   0.01447656
4.26000006e-009  0.004398437
4.28000006e-009        0.015
4.30000006e-009  0.003695312
4.32000006e-009   0.01421094
4.34000006e-009  0.004601562
4.36000006e-009   0.01360938
4.38000006e-009   0.00378125
4.40000006e-009   0.01369531
4.42000006e-009   0.00440625
4.44000006e-009   0.01254688
4.46000006e-009       0.0045
4.48000006e-009   0.01310156
4.50000006e-009        0.003
4.52000006e-009   0.01400781
4.54000006e-009  0.004726562
4.56000006e-009   0.01346094
4.58000006e-009        0.003
4.60000006e-009        0.013
4.62000006e-009  0.001859375
4.64000006e-009    0.0128125
4.66000006e-009        0.003
4.68000006e-009        0.013
4.70000006e-009        0.003
4.72000006e-009   0.01242969
4.74000006e-009  0.003367187
4.76000006e-009        0.013
4.78000006e-009  0.002765625
4.80000006e-009   0.01432813
4.82000006e-009  0.002882812
4.84000006e-009   0.01439844
4.86000006e-009    0.0033125
4.88000007e-009   0.01432031
4.90000007e-009        0.003
4.92000007e-009   0.01411719
4.94000007e-009   0.00253125
4.96000007e-009       0.0135
4.98000007e-009  0.001859375
5.00000007e-009        0.013
