-2.49000003e-009 -0.008578126
-2.48000003e-009 -0.008507813
-2.47000003e-009 -0.008406251
-2.46000003e-009 -0.008343751
-2.45000003e-009 -0.008359376
-2.44000003e-009 -0.008320313
-2.43000003e-009 -0.008335938
-2.42000003e-009 -0.008335938
-2.41000003e-009 -0.008320313
-2.40000003e-009 -0.008265626
-2.39000003e-009 -0.008195313
-2.38000003e-009 -0.008101563
-2.37000003e-009 -0.008015626
-2.36000003e-009 -0.007906251
-2.35000003e-009 -0.007882813
-2.34000003e-009 -0.007843751
-2.33000003e-009 -0.007890626
-2.32000003e-009 -0.007921876
-2.31000003e-009 -0.007968751
-2.30000003e-009 -0.007945313
-2.29000003e-009 -0.007859376
-2.28000003e-009 -0.007765626
-2.27000003e-009 -0.007546876
-2.26000003e-009 -0.007265626
-2.25000003e-009 -0.007046876
-2.24000003e-009 -0.006835938
-2.23000003e-009 -0.006640626
-2.22000003e-009 -0.006554688
-2.21000003e-009 -0.006468751
-2.20000003e-009 -0.006421876
-2.19000003e-009 -0.006476563
-2.18000003e-009 -0.006554688
-2.17000003e-009 -0.006601563
-2.16000003e-009 -0.006640626
-2.15000003e-009 -0.006656251
-2.14000003e-009 -0.006625001
-2.13000003e-009 -0.006531251
-2.12000003e-009 -0.006351563
-2.11000003e-009 -0.006062501
-2.10000003e-009 -0.005781251
-2.09000003e-009 -0.005507813
-2.08000003e-009 -0.005242188
-2.07000003e-009 -0.005101563
-2.06000003e-009 -0.005000001
-2.05000003e-009 -0.005000001
-2.04000003e-009 -0.005015626
-2.03000003e-009 -0.005031251
-2.02000003e-009 -0.005046876
-2.01000003e-009 -0.005007813
-2.00000003e-009 -0.004875001
-1.99000003e-009 -0.004804688
-1.98000003e-009 -0.004617188
-1.97000003e-009 -0.004460938
-1.96000003e-009 -0.004296876
-1.95000003e-009 -0.004179688
-1.94000003e-009 -0.004062501
-1.93000003e-009 -0.004007813
-1.92000003e-009 -0.003976563
-1.91000003e-009 -0.003968751
-1.90000003e-009 -0.004007813
-1.89000003e-009 -0.004015626
-1.88000003e-009 -0.004046876
-1.87000002e-009 -0.004039063
-1.86000002e-009 -0.004007813
-1.85000002e-009 -0.003890626
-1.84000002e-009 -0.003703126
-1.83000002e-009 -0.003507813
-1.82000002e-009 -0.003312501
-1.81000002e-009 -0.003117188
-1.80000002e-009 -0.002976563
-1.79000002e-009 -0.002859375
-1.78000002e-009 -0.002859375
-1.77000002e-009 -0.002867188
-1.76000002e-009 -0.002890625
-1.75000002e-009   -0.0029375
-1.74000002e-009 -0.002921875
-1.73000002e-009  -0.00290625
-1.72000002e-009 -0.002835938
-1.71000002e-009 -0.002703125
-1.70000002e-009  -0.00259375
-1.69000002e-009  -0.00246875
-1.68000002e-009 -0.002335938
-1.67000002e-009 -0.002304688
-1.66000002e-009     -0.00225
-1.65000002e-009 -0.002210938
-1.64000002e-009 -0.002171875
-1.63000002e-009 -0.002203125
-1.62000002e-009 -0.002179688
-1.61000002e-009 -0.002148438
-1.60000002e-009 -0.002148438
-1.59000002e-009    -0.002125
-1.58000002e-009 -0.002070313
-1.57000002e-009 -0.002078125
-1.56000002e-009 -0.002046875
-1.55000002e-009   -0.0020625
-1.54000002e-009 -0.002070313
-1.53000002e-009 -0.002117188
-1.52000002e-009 -0.002117188
-1.51000002e-009 -0.002164063
-1.50000002e-009  -0.00209375
-1.49000002e-009 -0.002078125
-1.48000002e-009 -0.002023438
-1.47000002e-009 -0.001921875
-1.46000002e-009 -0.001820313
-1.45000002e-009     -0.00175
-1.44000002e-009 -0.001648438
-1.43000002e-009 -0.001609375
-1.42000002e-009 -0.001601563
-1.41000002e-009 -0.001617188
-1.40000002e-009 -0.001679688
-1.39000002e-009 -0.001703125
-1.38000002e-009 -0.001734375
-1.37000002e-009 -0.001734375
-1.36000002e-009 -0.001734375
-1.35000002e-009   -0.0016875
-1.34000002e-009  -0.00165625
-1.33000002e-009 -0.001632813
-1.32000002e-009 -0.001570313
-1.31000002e-009 -0.001523438
-1.30000002e-009  -0.00153125
-1.29000002e-009      -0.0015
-1.28000002e-009 -0.001515625
-1.27000002e-009 -0.001546875
-1.26000002e-009 -0.001578125
-1.25000002e-009 -0.001585938
-1.24000002e-009    -0.001625
-1.23000002e-009 -0.001640625
-1.22000002e-009 -0.001632813
-1.21000002e-009  -0.00159375
-1.20000002e-009 -0.001546875
-1.19000002e-009 -0.001492188
-1.18000002e-009 -0.001460938
-1.17000002e-009 -0.001453125
-1.16000002e-009 -0.001421875
-1.15000002e-009 -0.001484375
-1.14000002e-009 -0.001546875
-1.13000002e-009 -0.001664063
-1.12000001e-009 -0.001773438
-1.11000001e-009 -0.001914063
-1.10000001e-009  -0.00203125
-1.09000001e-009 -0.002117188
-1.08000001e-009    -0.002125
-1.07000001e-009  -0.00209375
-1.06000001e-009 -0.002046875
-1.05000001e-009       -0.002
-1.04000001e-009 -0.001976563
-1.03000001e-009 -0.002007813
-1.02000001e-009 -0.002109375
-1.01000001e-009 -0.002265625
-1.00000001e-009  -0.00246875
-9.90000013e-010    -0.002625
-9.80000013e-010 -0.002789063
-9.70000013e-010 -0.002914063
-9.60000013e-010 -0.002984375
-9.50000013e-010 -0.003015625
-9.40000013e-010  -0.00303125
-9.30000012e-010 -0.003046875
-9.20000012e-010 -0.003101563
-9.10000012e-010 -0.003179688
-9.00000012e-010 -0.003320313
-8.90000012e-010 -0.003445313
-8.80000012e-010 -0.003593751
-8.70000012e-010 -0.003726563
-8.60000011e-010 -0.003812501
-8.50000011e-010 -0.003937501
-8.40000011e-010 -0.004101563
-8.30000011e-010 -0.004320313
-8.20000011e-010 -0.004640626
-8.10000011e-010 -0.005015626
-8.00000011e-010 -0.005531251
-7.90000011e-010 -0.006062501
-7.8000001e-010 -0.006679688
-7.7000001e-010 -0.007335938
-7.6000001e-010 -0.008015626
-7.5000001e-010 -0.008765626
-7.4000001e-010 -0.009617188
-7.3000001e-010  -0.01061719
-7.2000001e-010   -0.0118125
-7.10000009e-010  -0.01328125
-7.00000009e-010  -0.01508594
-6.90000009e-010  -0.01729688
-6.80000009e-010  -0.01991406
-6.70000009e-010       -0.023
-6.60000009e-010  -0.02650781
-6.50000009e-010  -0.03051563
-6.40000009e-010  -0.03499219
-6.30000008e-010  -0.03996875
-6.20000008e-010  -0.04545313
-6.10000008e-010  -0.05153125
-6.00000008e-010  -0.05810938
-5.90000008e-010   -0.0653125
-5.80000008e-010  -0.07303907
-5.70000008e-010  -0.08125782
-5.60000007e-010  -0.08975782
-5.50000007e-010  -0.09842188
-5.40000007e-010   -0.1070391
-5.30000007e-010   -0.1153984
-5.20000007e-010   -0.1233359
-5.10000007e-010   -0.1307656
-5.00000007e-010   -0.1374922
-4.90000007e-010      -0.1435
-4.80000006e-010   -0.1487578
-4.70000006e-010     -0.15325
-4.60000006e-010   -0.1569922
-4.50000006e-010   -0.1598984
-4.40000006e-010   -0.1620781
-4.30000006e-010   -0.1635156
-4.20000006e-010   -0.1642344
-4.10000005e-010   -0.1644531
-4.00000005e-010   -0.1640859
-3.90000005e-010   -0.1633125
-3.80000005e-010   -0.1622422
-3.70000005e-010   -0.1609453
-3.60000005e-010   -0.1595703
-3.50000005e-010   -0.1581016
-3.40000005e-010   -0.1566328
-3.30000004e-010   -0.1551563
-3.20000004e-010   -0.1535781
-3.10000004e-010   -0.1520156
-3.00000004e-010   -0.1503125
-2.90000004e-010   -0.1484609
-2.80000004e-010   -0.1464219
-2.70000004e-010   -0.1441406
-2.60000003e-010   -0.1416641
-2.50000003e-010   -0.1389453
-2.40000003e-010   -0.1358984
-2.30000003e-010   -0.1325703
-2.20000003e-010   -0.1289141
-2.10000003e-010   -0.1248906
-2.00000003e-010   -0.1204063
-1.90000003e-010   -0.1154844
-1.80000002e-010   -0.1100313
-1.70000002e-010   -0.1040391
-1.60000002e-010  -0.09757032
-1.50000002e-010  -0.09053125
-1.40000002e-010  -0.08310157
-1.30000002e-010  -0.07527344
-1.20000002e-010  -0.06717188
-1.10000001e-010  -0.05892969
-1.00000001e-010  -0.05059375
-9.00000012e-011  -0.04234375
-8.00000011e-011  -0.03424219
-7.00000009e-011  -0.02639844
-6.00000008e-011  -0.01892188
-5.00000007e-011  -0.01190625
-4.00000005e-011 -0.005453126
-3.00000004e-011 0.0003671872
-2.00000003e-011   0.00553125
-1.00000001e-011  0.009984375
           0   0.01367188
1.00000001e-011   0.01666406
2.00000003e-011   0.01894531
3.00000004e-011   0.02061719
4.00000005e-011      0.02175
5.00000007e-011   0.02242188
6.00000008e-011     0.022625
7.00000009e-011   0.02249219
8.00000011e-011   0.02207813
9.00000012e-011   0.02148438
1.00000001e-010   0.02072656
1.10000001e-010   0.01989063
1.20000002e-010   0.01907031
1.30000002e-010   0.01830469
1.40000002e-010   0.01767188
1.50000002e-010   0.01717969
1.60000002e-010   0.01683594
1.70000002e-010      0.01675
1.80000002e-010   0.01690625
1.90000003e-010   0.01739063
2.00000003e-010   0.01810938
2.10000003e-010   0.01909375
2.20000003e-010   0.02024219
2.30000003e-010   0.02154688
2.40000003e-010   0.02286719
2.50000003e-010   0.02417188
2.60000003e-010   0.02539063
2.70000004e-010   0.02645313
2.80000004e-010   0.02733594
2.90000004e-010   0.02803125
3.00000004e-010   0.02849219
3.10000004e-010   0.02878125
3.20000004e-010   0.02882813
3.30000004e-010   0.02867188
3.40000005e-010   0.02828906
3.50000005e-010   0.02778125
3.60000005e-010   0.02713281
3.70000005e-010   0.02642188
3.80000005e-010   0.02569531
3.90000005e-010   0.02508594
4.00000005e-010   0.02453906
4.10000005e-010     0.024125
4.20000006e-010   0.02384375
4.30000006e-010   0.02365625
4.40000006e-010   0.02352344
4.50000006e-010     0.023375
4.60000006e-010   0.02321094
4.70000006e-010   0.02296094
4.80000006e-010   0.02267188
4.90000007e-010   0.02234375
5.00000007e-010   0.02195313
5.10000007e-010   0.02160938
5.20000007e-010      0.02125
5.30000007e-010   0.02102344
5.40000007e-010   0.02078125
5.50000007e-010    0.0206875
5.60000007e-010   0.02058594
5.70000008e-010   0.02052344
5.80000008e-010   0.02045313
5.90000008e-010   0.02039844
6.00000008e-010   0.02033594
6.10000008e-010   0.02028125
6.20000008e-010   0.02020313
6.30000008e-010   0.02021875
6.40000009e-010    0.0201875
6.50000009e-010   0.02026563
6.60000009e-010   0.02032031
6.70000009e-010   0.02033594
6.80000009e-010   0.02032031
6.90000009e-010      0.02025
7.00000009e-010    0.0200625
7.10000009e-010   0.01982813
7.2000001e-010   0.01947656
7.3000001e-010   0.01911719
7.4000001e-010   0.01875781
7.5000001e-010     0.018375
7.6000001e-010   0.01803906
7.7000001e-010   0.01773438
7.8000001e-010   0.01749219
7.90000011e-010   0.01735156
8.00000011e-010   0.01720313
8.10000011e-010   0.01717969
8.20000011e-010   0.01722656
8.30000011e-010   0.01732813
8.40000011e-010   0.01747656
8.50000011e-010    0.0176875
8.60000011e-010   0.01782813
8.70000012e-010   0.01800781
8.80000012e-010   0.01817188
8.90000012e-010   0.01835156
9.00000012e-010   0.01855469
9.10000012e-010   0.01878906
9.20000012e-010   0.01907031
9.30000012e-010   0.01942188
9.40000013e-010   0.01976563
9.50000013e-010   0.02013281
9.60000013e-010   0.02046875
9.70000013e-010   0.02072656
9.80000013e-010   0.02092188
9.90000013e-010   0.02102344
1.00000001e-009   0.02100781
1.01000001e-009   0.02101563
1.02000001e-009    0.0209375
1.03000001e-009   0.02094531
1.04000001e-009   0.02100781
1.05000001e-009   0.02109375
1.06000001e-009   0.02123438
1.07000001e-009   0.02146875
1.08000001e-009   0.02167969
1.09000001e-009     0.021875
1.10000001e-009   0.02201563
1.11000001e-009   0.02208594
1.12000001e-009   0.02216406
1.13000002e-009   0.02217188
1.14000002e-009   0.02221875
1.15000002e-009      0.02225
1.16000002e-009   0.02234375
1.17000002e-009       0.0225
1.18000002e-009   0.02269531
1.19000002e-009   0.02296094
1.20000002e-009   0.02325781
1.21000002e-009   0.02354688
1.22000002e-009   0.02378906
1.23000002e-009   0.02403906
1.24000002e-009   0.02420313
1.25000002e-009   0.02433594
1.26000002e-009   0.02439063
1.27000002e-009    0.0244375
1.28000002e-009   0.02442969
1.29000002e-009    0.0244375
1.30000002e-009   0.02453125
1.31000002e-009   0.02460938
1.32000002e-009   0.02475781
1.33000002e-009   0.02491406
1.34000002e-009   0.02507813
1.35000002e-009   0.02517188
1.36000002e-009   0.02520313
1.37000002e-009   0.02514063
1.38000002e-009   0.02501563
1.39000002e-009   0.02480469
1.40000002e-009   0.02453906
1.41000002e-009   0.02425781
1.42000002e-009   0.02401563
1.43000002e-009   0.02380469
1.44000002e-009   0.02359375
1.45000002e-009   0.02336719
1.46000002e-009   0.02317188
1.47000002e-009   0.02294531
1.48000002e-009   0.02275781
1.49000002e-009   0.02250781
1.50000002e-009   0.02229688
1.51000002e-009   0.02208594
1.52000002e-009   0.02185156
1.53000002e-009   0.02161719
1.54000002e-009   0.02141406
1.55000002e-009   0.02117969
1.56000002e-009   0.02090625
1.57000002e-009    0.0206875
1.58000002e-009   0.02046875
1.59000002e-009   0.02022656
1.60000002e-009   0.02000781
1.61000002e-009   0.01982813
1.62000002e-009   0.01964063
1.63000002e-009   0.01946875
1.64000002e-009   0.01920313
1.65000002e-009   0.01892188
1.66000002e-009   0.01860156
1.67000002e-009   0.01826563
1.68000002e-009   0.01796094
1.69000002e-009   0.01771094
1.70000002e-009   0.01752344
1.71000002e-009   0.01741406
1.72000002e-009   0.01741406
1.73000002e-009    0.0174375
1.74000002e-009   0.01746875
1.75000002e-009   0.01752344
1.76000002e-009   0.01753125
1.77000002e-009   0.01755469
1.78000002e-009   0.01754688
1.79000002e-009    0.0175625
1.80000002e-009    0.0175625
1.81000002e-009   0.01760156
1.82000002e-009   0.01764844
1.83000002e-009   0.01767188
1.84000002e-009   0.01774219
1.85000002e-009   0.01776563
1.86000002e-009   0.01777344
1.87000002e-009   0.01774219
1.88000003e-009   0.01773438
1.89000003e-009   0.01772656
1.90000003e-009   0.01773438
1.91000003e-009   0.01772656
1.92000003e-009   0.01765625
1.93000003e-009   0.01765625
1.94000003e-009   0.01764063
1.95000003e-009   0.01761719
1.96000003e-009   0.01764063
1.97000003e-009   0.01771094
1.98000003e-009   0.01778906
1.99000003e-009    0.0179375
2.00000003e-009    0.0180625
2.01000003e-009   0.01821094
2.02000003e-009   0.01830469
2.03000003e-009   0.01840625
2.04000003e-009   0.01848438
2.05000003e-009   0.01855469
2.06000003e-009   0.01866406
2.07000003e-009   0.01872656
2.08000003e-009   0.01879688
2.09000003e-009     0.018875
2.10000003e-009   0.01895313
2.11000003e-009        0.019
2.12000003e-009   0.01903906
2.13000003e-009   0.01907031
2.14000003e-009     0.019125
2.15000003e-009   0.01914063
2.16000003e-009   0.01921094
2.17000003e-009   0.01925781
2.18000003e-009   0.01932031
2.19000003e-009   0.01929688
2.20000003e-009   0.01928906
2.21000003e-009   0.01921094
2.22000003e-009   0.01907813
2.23000003e-009   0.01901563
2.24000003e-009   0.01892188
2.25000003e-009   0.01889844
2.26000003e-009   0.01890625
2.27000003e-009   0.01899219
2.28000003e-009   0.01904688
2.29000003e-009   0.01910156
2.30000003e-009   0.01907813
2.31000003e-009   0.01896875
2.32000003e-009    0.0188125
2.33000003e-009   0.01859375
2.34000003e-009   0.01832031
2.35000003e-009   0.01803906
2.36000003e-009   0.01778906
2.37000003e-009   0.01761719
2.38000003e-009       0.0175
2.39000003e-009   0.01744531
2.40000003e-009   0.01746875
2.41000003e-009   0.01751563
2.42000003e-009   0.01761719
2.43000003e-009   0.01767969
2.44000003e-009   0.01771094
2.45000003e-009   0.01767188
2.46000003e-009    0.0175625
2.47000003e-009     0.017375
2.48000003e-009   0.01714844
2.49000003e-009   0.01692969
2.50000003e-009   0.01678125
