-4.98000007e-009  0.001335937
-4.96000007e-009  0.001289062
-4.94000007e-009     0.001125
-4.92000007e-009 0.0009140622
-4.90000007e-009 0.0008593747
-4.88000007e-009 0.0009531247
-4.86000006e-009  0.001117187
-4.84000006e-009  0.001132812
-4.82000006e-009  0.001007812
-4.80000006e-009 0.0009296872
-4.78000006e-009   0.00109375
-4.76000006e-009  0.001296875
-4.74000006e-009     0.001375
-4.72000006e-009  0.001242187
-4.70000006e-009    0.0010625
-4.68000006e-009  0.001023437
-4.66000006e-009  0.001109375
-4.64000006e-009     0.001125
-4.62000006e-009  0.001085937
-4.60000006e-009 0.0009921872
-4.58000006e-009  0.001007812
-4.56000006e-009  0.001015625
-4.54000006e-009 0.0009218747
-4.52000006e-009 0.0008124997
-4.50000006e-009 0.0008437497
-4.48000006e-009 0.0009687497
-4.46000006e-009  0.001148437
-4.44000006e-009  0.001226562
-4.42000006e-009  0.001148437
-4.40000006e-009 0.0009687497
-4.38000006e-009 0.0008203122
-4.36000006e-009 0.0008124997
-4.34000006e-009 0.0009921872
-4.32000006e-009  0.001234375
-4.30000006e-009  0.001390625
-4.28000006e-009  0.001328125
-4.26000006e-009  0.001179687
-4.24000006e-009 0.0009531247
-4.22000006e-009 0.0009062497
-4.20000006e-009 0.0009296872
-4.18000006e-009  0.001046875
-4.16000006e-009  0.001101562
-4.14000006e-009  0.001078125
-4.12000006e-009 0.0009765622
-4.10000005e-009 0.0008828122
-4.08000005e-009 0.0007656247
-4.06000005e-009 0.0006953122
-4.04000005e-009 0.0007578122
-4.02000005e-009 0.0008515622
-4.00000005e-009 0.0009062497
-3.98000005e-009 0.0007812497
-3.96000005e-009 0.0006249997
-3.94000005e-009 0.0006015622
-3.92000005e-009 0.0007187497
-3.90000005e-009 0.0009218747
-3.88000005e-009 0.0009531247
-3.86000005e-009 0.0008593747
-3.84000005e-009 0.0006874997
-3.82000005e-009 0.0006171872
-3.80000005e-009 0.0006328122
-3.78000005e-009 0.0007734372
-3.76000005e-009 0.0008749997
-3.74000005e-009 0.0009218747
-3.72000005e-009 0.0008359372
-3.70000005e-009 0.0006796872
-3.68000005e-009 0.0005703122
-3.66000005e-009 0.0004140622
-3.64000005e-009 0.0001249997
-3.62000005e-009 -0.0002187504
-3.60000005e-009 -0.0005234379
-3.58000005e-009 -0.0006562504
-3.56000005e-009 -0.0007265629
-3.54000005e-009 -0.0009218754
-3.52000005e-009 -0.001320313
-3.50000005e-009 -0.001796875
-3.48000005e-009 -0.002296875
-3.46000005e-009 -0.002726563
-3.44000005e-009 -0.003078125
-3.42000005e-009 -0.003375001
-3.40000005e-009 -0.003671876
-3.38000005e-009 -0.003882813
-3.36000004e-009 -0.004132813
-3.34000004e-009 -0.004414063
-3.32000004e-009 -0.004625001
-3.30000004e-009 -0.004867188
-3.28000004e-009 -0.005234376
-3.26000004e-009 -0.005710938
-3.24000004e-009 -0.006179688
-3.22000004e-009 -0.006500001
-3.20000004e-009 -0.006617188
-3.18000004e-009 -0.006671876
-3.16000004e-009 -0.006875001
-3.14000004e-009 -0.007242188
-3.12000004e-009 -0.007585938
-3.10000004e-009 -0.007757813
-3.08000004e-009 -0.007867188
-3.06000004e-009 -0.008085938
-3.04000004e-009 -0.008445313
-3.02000004e-009 -0.008687501
-3.00000004e-009 -0.008664063
-2.98000004e-009 -0.008414063
-2.96000004e-009 -0.008351563
-2.94000004e-009 -0.008507813
-2.92000004e-009 -0.008812501
-2.90000004e-009 -0.008921876
-2.88000004e-009 -0.008796876
-2.86000004e-009 -0.008695313
-2.84000004e-009 -0.008742188
-2.82000004e-009 -0.008968751
-2.80000004e-009 -0.009203126
-2.78000004e-009 -0.009351563
-2.76000004e-009 -0.009328126
-2.74000004e-009 -0.009203126
-2.72000004e-009 -0.008945313
-2.70000004e-009 -0.008789063
-2.68000004e-009 -0.008773438
-2.66000004e-009 -0.008953126
-2.64000004e-009 -0.009132813
-2.62000003e-009 -0.009132813
-2.60000003e-009 -0.008976563
-2.58000003e-009 -0.008812501
-2.56000003e-009 -0.008726563
-2.54000003e-009 -0.008679688
-2.52000003e-009 -0.008601563
-2.50000003e-009 -0.008515626
-2.48000003e-009 -0.008421876
-2.46000003e-009 -0.008398438
-2.44000003e-009 -0.008382813
-2.42000003e-009 -0.008359376
-2.40000003e-009 -0.008335938
-2.38000003e-009 -0.008351563
-2.36000003e-009 -0.008382813
-2.34000003e-009 -0.008265626
-2.32000003e-009 -0.007921876
-2.30000003e-009 -0.007539063
-2.28000003e-009 -0.007296876
-2.26000003e-009 -0.007265626
-2.24000003e-009 -0.007343751
-2.22000003e-009 -0.007250001
-2.20000003e-009 -0.006968751
-2.18000003e-009 -0.006531251
-2.16000003e-009 -0.006234376
-2.14000003e-009 -0.006187501
-2.12000003e-009 -0.006304688
-2.10000003e-009 -0.006367188
-2.08000003e-009 -0.006250001
-2.06000003e-009 -0.005898438
-2.04000003e-009 -0.005445313
-2.02000003e-009 -0.005070313
-2.00000003e-009 -0.004875001
-1.98000003e-009 -0.004843751
-1.96000003e-009 -0.004757813
-1.94000003e-009 -0.004578126
-1.92000003e-009 -0.004257813
-1.90000003e-009 -0.003906251
-1.88000003e-009 -0.003695313
-1.86000002e-009 -0.003617188
-1.84000002e-009 -0.003671876
-1.82000002e-009 -0.003593751
-1.80000002e-009 -0.003351563
-1.78000002e-009   -0.0030625
-1.76000002e-009 -0.002867188
-1.74000002e-009 -0.002960938
-1.72000002e-009 -0.003117188
-1.70000002e-009   -0.0030625
-1.68000002e-009 -0.002773438
-1.66000002e-009 -0.002359375
-1.64000002e-009 -0.002179688
-1.62000002e-009 -0.002304688
-1.60000002e-009 -0.002359375
-1.58000002e-009  -0.00215625
-1.56000002e-009 -0.001796875
-1.54000002e-009 -0.001492188
-1.52000002e-009   -0.0015625
-1.50000002e-009 -0.001773438
-1.48000002e-009 -0.001992188
-1.46000002e-009 -0.001992188
-1.44000002e-009 -0.001914063
-1.42000002e-009 -0.001796875
-1.40000002e-009 -0.001695313
-1.38000002e-009 -0.001539063
-1.36000002e-009 -0.001484375
-1.34000002e-009 -0.001601563
-1.32000002e-009 -0.001835938
-1.30000002e-009  -0.00196875
-1.28000002e-009 -0.001851563
-1.26000002e-009 -0.001601563
-1.24000002e-009 -0.001382813
-1.22000002e-009  -0.00140625
-1.20000002e-009 -0.001554688
-1.18000002e-009  -0.00165625
-1.16000002e-009 -0.001640625
-1.14000002e-009 -0.001578125
-1.12000001e-009 -0.001523438
-1.10000001e-009   -0.0015625
-1.08000001e-009 -0.001671875
-1.06000001e-009 -0.001914063
-1.04000001e-009  -0.00221875
-1.02000001e-009 -0.002515625
-1.00000001e-009 -0.002796875
-9.80000013e-010    -0.002875
-9.60000013e-010 -0.002859375
-9.40000013e-010 -0.002757813
-9.20000012e-010 -0.002757813
-9.00000012e-010 -0.002921875
-8.80000012e-010 -0.003320313
-8.60000011e-010 -0.003789063
-8.40000011e-010 -0.004070313
-8.20000011e-010 -0.004343751
-8.00000011e-010 -0.004703126
-7.8000001e-010 -0.005515626
-7.6000001e-010 -0.006601563
-7.4000001e-010 -0.007789063
-7.2000001e-010 -0.009437501
-7.00000009e-010  -0.01157031
-6.80000009e-010  -0.01514844
-6.60000009e-010  -0.02029688
-6.40000009e-010  -0.02733594
-6.20000008e-010  -0.03640625
-6.00000008e-010  -0.04732813
-5.80000008e-010  -0.06033594
-5.60000007e-010  -0.07546875
-5.40000007e-010  -0.09228907
-5.20000007e-010   -0.1096719
-5.00000007e-010   -0.1259766
-4.80000006e-010   -0.1395859
-4.60000006e-010   -0.1502734
-4.40000006e-010     -0.15775
-4.20000006e-010   -0.1622578
-4.00000005e-010     -0.16425
-3.80000005e-010   -0.1637969
-3.60000005e-010   -0.1621953
-3.40000005e-010   -0.1596172
-3.20000004e-010   -0.1563828
-3.00000004e-010   -0.1530078
-2.80000004e-010   -0.1490469
-2.60000003e-010   -0.1450078
-2.40000003e-010   -0.1403828
-2.20000003e-010   -0.1343672
-2.00000003e-010   -0.1267813
-1.80000002e-010   -0.1169063
-1.60000002e-010   -0.1050234
-1.40000002e-010  -0.09146094
-1.20000002e-010  -0.07645313
-1.00000001e-010  -0.06058594
-8.00000011e-011  -0.04422656
-6.00000008e-011  -0.02789063
-4.00000005e-011  -0.01285938
-2.00000003e-011 -0.0002812504
           0      0.00925
2.00000003e-011   0.01567969
4.00000005e-011   0.01995313
6.00000008e-011    0.0221875
8.00000011e-011   0.02259375
1.00000001e-010   0.02150781
1.20000002e-010   0.01954688
1.40000002e-010   0.01792969
1.60000002e-010   0.01697656
1.80000002e-010   0.01689063
2.00000003e-010   0.01771094
2.20000003e-010   0.01935938
2.40000003e-010   0.02169531
2.60000003e-010   0.02407031
2.80000004e-010   0.02592969
3.00000004e-010   0.02717188
3.20000004e-010   0.02784375
3.40000005e-010   0.02810156
3.60000005e-010   0.02777344
3.80000005e-010   0.02673438
4.00000005e-010     0.025375
4.20000006e-010   0.02414844
4.40000006e-010   0.02339063
4.60000006e-010   0.02285156
4.80000006e-010   0.02232031
5.00000007e-010   0.02189063
5.20000007e-010   0.02152344
5.40000007e-010   0.02116406
5.60000007e-010   0.02064063
5.80000008e-010   0.02005469
6.00000008e-010   0.01969531
6.20000008e-010    0.0198125
6.40000009e-010   0.02010156
6.60000009e-010   0.02017969
6.80000009e-010   0.01989063
7.00000009e-010   0.01946094
7.2000001e-010   0.01907031
7.4000001e-010   0.01875781
7.6000001e-010   0.01835156
7.8000001e-010   0.01782031
8.00000011e-010   0.01726563
8.20000011e-010   0.01696094
8.40000011e-010   0.01698438
8.60000011e-010   0.01736719
8.80000012e-010   0.01792969
9.00000012e-010    0.0184375
9.20000012e-010   0.01889063
9.40000013e-010   0.01928125
9.60000013e-010   0.01979688
9.80000013e-010   0.02040625
1.00000001e-009   0.02089063
1.02000001e-009   0.02107813
1.04000001e-009   0.02104688
1.06000001e-009   0.02096875
1.08000001e-009   0.02096875
1.10000001e-009   0.02119531
1.12000001e-009   0.02155469
1.14000002e-009   0.02194531
1.16000002e-009   0.02236719
1.18000002e-009   0.02282031
1.20000002e-009   0.02328125
1.22000002e-009   0.02360156
1.24000002e-009   0.02385156
1.26000002e-009   0.02402344
1.28000002e-009   0.02427344
1.30000002e-009   0.02463281
1.32000002e-009   0.02502344
1.34000002e-009   0.02521875
1.36000002e-009   0.02517969
1.38000002e-009   0.02486719
1.40000002e-009   0.02455469
1.42000002e-009   0.02414063
1.44000002e-009   0.02377344
1.46000002e-009    0.0233125
1.48000002e-009   0.02282031
1.50000002e-009   0.02226563
1.52000002e-009   0.02171094
1.54000002e-009   0.02121094
1.56000002e-009   0.02083594
1.58000002e-009   0.02051563
1.60000002e-009   0.01996094
1.62000002e-009    0.0191875
1.64000002e-009   0.01844531
1.66000002e-009   0.01809375
1.68000002e-009   0.01815625
1.70000002e-009   0.01819531
1.72000002e-009   0.01784375
1.74000002e-009   0.01722656
1.76000002e-009   0.01674219
1.78000002e-009      0.01675
1.80000002e-009   0.01714844
1.82000002e-009   0.01749219
1.84000002e-009   0.01760938
1.86000002e-009   0.01752344
1.88000003e-009   0.01749219
1.90000003e-009   0.01758594
1.92000003e-009   0.01774219
1.94000003e-009     0.017875
1.96000003e-009   0.01807031
1.98000003e-009   0.01823438
2.00000003e-009   0.01822656
2.02000003e-009     0.018125
2.04000003e-009   0.01803906
2.06000003e-009   0.01821875
2.08000003e-009   0.01861719
2.10000003e-009   0.01892969
2.12000003e-009   0.01901563
2.14000003e-009     0.018875
2.16000003e-009   0.01878906
2.18000003e-009   0.01882031
2.20000003e-009   0.01898438
2.22000003e-009   0.01920313
2.24000003e-009   0.01942188
2.26000003e-009    0.0194375
2.28000003e-009   0.01910156
2.30000003e-009   0.01861719
2.32000003e-009   0.01829688
2.34000003e-009   0.01835156
2.36000003e-009     0.018625
2.38000003e-009   0.01867969
2.40000003e-009   0.01814844
2.42000003e-009   0.01732031
2.44000003e-009   0.01680469
2.46000003e-009   0.01684375
2.48000003e-009   0.01714063
2.50000003e-009   0.01727344
2.52000003e-009   0.01703125
2.54000003e-009     0.016625
2.56000003e-009   0.01635938
2.58000003e-009   0.01638281
2.60000003e-009   0.01641406
2.62000003e-009   0.01635156
2.64000004e-009   0.01613281
2.66000004e-009   0.01588281
2.68000004e-009     0.015625
2.70000004e-009   0.01540625
2.72000004e-009   0.01528906
2.74000004e-009      0.01525
2.76000004e-009   0.01535938
2.78000004e-009   0.01551563
2.80000004e-009   0.01554688
2.82000004e-009   0.01532031
2.84000004e-009   0.01496875
2.86000004e-009   0.01467969
2.88000004e-009   0.01457813
2.90000004e-009   0.01467969
2.92000004e-009   0.01478906
2.94000004e-009   0.01474219
2.96000004e-009   0.01458594
2.98000004e-009   0.01454688
3.00000004e-009   0.01470313
3.02000004e-009   0.01497656
3.04000004e-009   0.01517969
3.06000004e-009   0.01521094
3.08000004e-009   0.01499219
3.10000004e-009   0.01467969
3.12000004e-009   0.01428906
3.14000004e-009   0.01394531
3.16000004e-009   0.01371875
3.18000004e-009   0.01358594
3.20000004e-009   0.01345313
3.22000004e-009   0.01320313
3.24000004e-009    0.0129375
3.26000004e-009   0.01289063
3.28000004e-009   0.01307031
3.30000004e-009   0.01330469
3.32000004e-009   0.01329688
3.34000004e-009   0.01297656
3.36000004e-009   0.01252344
3.38000005e-009   0.01221094
3.40000005e-009   0.01214844
3.42000005e-009   0.01221875
3.44000005e-009     0.012125
3.46000005e-009   0.01178125
3.48000005e-009   0.01151563
3.50000005e-009   0.01140625
3.52000005e-009       0.0115
3.54000005e-009   0.01151563
3.56000005e-009    0.0113125
3.58000005e-009        0.011
3.60000005e-009   0.01083594
3.62000005e-009   0.01092969
3.64000005e-009   0.01121875
3.66000005e-009   0.01157813
3.68000005e-009   0.01172656
3.70000005e-009   0.01164063
3.72000005e-009   0.01132031
3.74000005e-009   0.01096094
3.76000005e-009   0.01089844
3.78000005e-009   0.01105469
3.80000005e-009   0.01120313
3.82000005e-009   0.01113281
3.84000005e-009   0.01085938
3.86000005e-009   0.01076563
3.88000005e-009    0.0109375
3.90000005e-009      0.01125
3.92000005e-009   0.01136719
3.94000005e-009   0.01128125
3.96000005e-009   0.01115625
3.98000005e-009   0.01105469
4.00000005e-009   0.01098438
4.02000005e-009   0.01092188
4.04000005e-009   0.01089844
4.06000005e-009   0.01078125
4.08000005e-009   0.01069531
4.10000005e-009   0.01052344
4.12000006e-009   0.01026563
4.14000006e-009  0.009984375
4.16000006e-009  0.009703125
4.18000006e-009  0.009539063
4.20000006e-009  0.009515625
4.22000006e-009  0.009632813
4.24000006e-009  0.009742188
4.26000006e-009  0.009742188
4.28000006e-009  0.009539063
4.30000006e-009    0.0091875
4.32000006e-009  0.008953125
4.34000006e-009  0.008851563
4.36000006e-009   0.00884375
4.38000006e-009  0.008765625
4.40000006e-009  0.008546875
4.42000006e-009  0.008351563
4.44000006e-009  0.008226563
4.46000006e-009  0.008320313
4.48000006e-009  0.008429688
4.50000006e-009    0.0085625
4.52000006e-009  0.008578125
4.54000006e-009    0.0084375
4.56000006e-009  0.008226563
4.58000006e-009    0.0080625
4.60000006e-009  0.007992188
4.62000006e-009  0.008046875
4.64000006e-009  0.008226563
4.66000006e-009  0.008265625
4.68000006e-009      0.00825
4.70000006e-009    0.0081875
4.72000006e-009  0.008164063
4.74000006e-009  0.008109375
4.76000006e-009  0.008085938
4.78000006e-009  0.008054688
4.80000006e-009  0.008132813
4.82000006e-009    0.0083125
4.84000006e-009  0.008585938
4.86000006e-009   0.00871875
4.88000007e-009  0.008664063
4.90000007e-009  0.008453125
4.92000007e-009  0.008257813
4.94000007e-009  0.008117188
4.96000007e-009        0.008
4.98000007e-009  0.007851563
5.00000007e-009  0.007679688
