-1.24500002e-009 0.0001093747
-1.24000002e-009 0.0001406247
-1.23500002e-009 0.0001406247
-1.23000002e-009 0.0001328122
-1.22500002e-009 0.0001718747
-1.22000002e-009 0.0001718747
-1.21500002e-009 0.0002109372
-1.21000002e-009 0.0002343747
-1.20500002e-009 0.0002578122
-1.20000002e-009 0.0002734372
-1.19500002e-009 0.0002578122
-1.19000002e-009 0.0002499997
-1.18500002e-009 0.0002656247
-1.18000002e-009 0.0002343747
-1.17500002e-009 0.0001953122
-1.17000002e-009 0.0001484372
-1.16500002e-009 7.812465e-005
-1.16000002e-009 7.812151e-006
-1.15500002e-009 -3.906285e-005
-1.15000002e-009 -0.0001250004
-1.14500002e-009 -0.0001562504
-1.14000002e-009 -0.0002031254
-1.13500002e-009 -0.0002500004
-1.13000002e-009 -0.0002343754
-1.12500002e-009 -0.0002656254
-1.12000001e-009 -0.0002265629
-1.11500001e-009 -0.0002031254
-1.11000001e-009 -0.0001484379
-1.10500001e-009 -8.593785e-005
-1.10000001e-009 -4.687535e-005
-1.09500001e-009 -2.343785e-005
-1.09000001e-009 3.124965e-005
-1.08500001e-009 3.906215e-005
-1.08000001e-009 6.249965e-005
-1.07500001e-009 6.249965e-005
-1.07000001e-009 -2.343785e-005
-1.06500001e-009 -3.125035e-005
-1.06000001e-009 -0.0001640629
-1.05500001e-009 -0.0002656254
-1.05000001e-009 -0.0003750004
-1.04500001e-009 -0.0004921879
-1.04000001e-009 -0.0006250004
-1.03500001e-009 -0.0007578129
-1.03000001e-009 -0.0008906254
-1.02500001e-009 -0.0009843754
-1.02000001e-009  -0.00109375
-1.01500001e-009    -0.001125
-1.01000001e-009 -0.001179688
-1.00500001e-009   -0.0011875
-1.00000001e-009 -0.001171875
-9.95000013e-010  -0.00115625
-9.90000013e-010  -0.00109375
-9.85000013e-010 -0.001007813
-9.80000013e-010 -0.0009843754
-9.75000013e-010 -0.0009062504
-9.70000013e-010 -0.0008671879
-9.65000013e-010 -0.0008437504
-9.60000013e-010 -0.0008203129
-9.55000013e-010 -0.0008125004
-9.50000013e-010 -0.0008203129
-9.45000013e-010 -0.0008593754
-9.40000013e-010 -0.0009140629
-9.35000012e-010 -0.0009765629
-9.30000012e-010 -0.001101563
-9.25000012e-010   -0.0011875
-9.20000012e-010 -0.001289063
-9.15000012e-010 -0.001382813
-9.10000012e-010 -0.001476563
-9.05000012e-010 -0.001578125
-9.00000012e-010 -0.001695313
-8.95000012e-010  -0.00178125
-8.90000012e-010    -0.001875
-8.85000012e-010 -0.001914063
-8.80000012e-010 -0.001992188
-8.75000012e-010 -0.002078125
-8.70000012e-010    -0.002125
-8.65000012e-010 -0.002179688
-8.60000011e-010 -0.002289063
-8.55000011e-010 -0.002328125
-8.50000011e-010    -0.002375
-8.45000011e-010 -0.002492188
-8.40000011e-010 -0.002578125
-8.35000011e-010 -0.002671875
-8.30000011e-010 -0.002804688
-8.25000011e-010 -0.002914063
-8.20000011e-010 -0.003046875
-8.15000011e-010 -0.003179688
-8.10000011e-010 -0.003335938
-8.05000011e-010 -0.003484376
-8.00000011e-010 -0.003664063
-7.95000011e-010 -0.003890626
-7.90000011e-010 -0.004148438
-7.8500001e-010 -0.004390626
-7.8000001e-010 -0.004679688
-7.7500001e-010 -0.004984376
-7.7000001e-010 -0.005343751
-7.6500001e-010 -0.005687501
-7.6000001e-010 -0.006062501
-7.5500001e-010 -0.006515626
-7.5000001e-010 -0.006945313
-7.4500001e-010 -0.007484376
-7.4000001e-010 -0.008070313
-7.3500001e-010 -0.008687501
-7.3000001e-010 -0.009304688
-7.2500001e-010 -0.009984376
-7.2000001e-010  -0.01064063
-7.1500001e-010  -0.01138281
-7.10000009e-010  -0.01217188
-7.05000009e-010       -0.013
-7.00000009e-010  -0.01389844
-6.95000009e-010  -0.01494531
-6.90000009e-010   -0.0160625
-6.85000009e-010  -0.01726563
-6.80000009e-010  -0.01861719
-6.75000009e-010  -0.02001563
-6.70000009e-010  -0.02157031
-6.65000009e-010  -0.02319531
-6.60000009e-010  -0.02502344
-6.55000009e-010  -0.02697656
-6.50000009e-010  -0.02903906
-6.45000009e-010  -0.03128125
-6.40000009e-010  -0.03366406
-6.35000008e-010  -0.03617188
-6.30000008e-010  -0.03875781
-6.25000008e-010  -0.04149219
-6.20000008e-010  -0.04430469
-6.15000008e-010  -0.04723438
-6.10000008e-010     -0.05025
-6.05000008e-010  -0.05338282
-6.00000008e-010  -0.05664844
-5.95000008e-010        -0.06
-5.90000008e-010  -0.06347657
-5.85000008e-010  -0.06705469
-5.80000008e-010     -0.07075
-5.75000008e-010  -0.07454688
-5.70000008e-010  -0.07847657
-5.65000008e-010  -0.08246094
-5.60000007e-010  -0.08653125
-5.55000007e-010  -0.09065625
-5.50000007e-010  -0.09479688
-5.45000007e-010  -0.09899219
-5.40000007e-010   -0.1031719
-5.35000007e-010   -0.1073203
-5.30000007e-010   -0.1113438
-5.25000007e-010   -0.1153672
-5.20000007e-010     -0.11925
-5.15000007e-010       -0.123
-5.10000007e-010   -0.1265781
-5.05000007e-010   -0.1300078
-5.00000007e-010   -0.1332813
-4.95000007e-010   -0.1362891
-4.90000007e-010   -0.1391406
-4.85000006e-010   -0.1418359
-4.80000006e-010   -0.1443438
-4.75000006e-010   -0.1467109
-4.70000006e-010   -0.1489219
-4.65000006e-010   -0.1509453
-4.60000006e-010   -0.1527813
-4.55000006e-010   -0.1544922
-4.50000006e-010   -0.1559922
-4.45000006e-010   -0.1572734
-4.40000006e-010   -0.1583984
-4.35000006e-010   -0.1594063
-4.30000006e-010   -0.1602109
-4.25000006e-010   -0.1608828
-4.20000006e-010   -0.1614219
-4.15000006e-010   -0.1617734
-4.10000005e-010   -0.1619297
-4.05000005e-010   -0.1619766
-4.00000005e-010   -0.1618281
-3.95000005e-010   -0.1615703
-3.90000005e-010   -0.1611953
-3.85000005e-010   -0.1607344
-3.80000005e-010   -0.1602031
-3.75000005e-010   -0.1596406
-3.70000005e-010   -0.1591172
-3.65000005e-010   -0.1585156
-3.60000005e-010   -0.1578906
-3.55000005e-010   -0.1572813
-3.50000005e-010   -0.1566094
-3.45000005e-010   -0.1558984
-3.40000005e-010   -0.1551797
-3.35000004e-010   -0.1545078
-3.30000004e-010   -0.1538125
-3.25000004e-010   -0.1531016
-3.20000004e-010   -0.1523828
-3.15000004e-010   -0.1516094
-3.10000004e-010   -0.1507891
-3.05000004e-010   -0.1499453
-3.00000004e-010   -0.1490703
-2.95000004e-010   -0.1480625
-2.90000004e-010   -0.1470156
-2.85000004e-010   -0.1459297
-2.80000004e-010   -0.1448438
-2.75000004e-010   -0.1436719
-2.70000004e-010   -0.1425156
-2.65000004e-010   -0.1413281
-2.60000003e-010   -0.1400625
-2.55000003e-010   -0.1388359
-2.50000003e-010   -0.1374766
-2.45000003e-010   -0.1360781
-2.40000003e-010   -0.1345859
-2.35000003e-010   -0.1330938
-2.30000003e-010      -0.1315
-2.25000003e-010   -0.1298281
-2.20000003e-010   -0.1280781
-2.15000003e-010   -0.1262188
-2.10000003e-010   -0.1242813
-2.05000003e-010   -0.1221641
-2.00000003e-010   -0.1199141
-1.95000003e-010      -0.1175
-1.90000003e-010   -0.1149531
-1.85000002e-010   -0.1122109
-1.80000002e-010   -0.1093438
-1.75000002e-010   -0.1063828
-1.70000002e-010   -0.1032578
-1.65000002e-010   -0.1000625
-1.60000002e-010  -0.09671875
-1.55000002e-010  -0.09334375
-1.50000002e-010  -0.08980469
-1.45000002e-010  -0.08624219
-1.40000002e-010  -0.08257032
-1.35000002e-010  -0.07885157
-1.30000002e-010   -0.0750625
-1.25000002e-010     -0.07125
-1.20000002e-010  -0.06738282
-1.15000002e-010  -0.06352344
-1.10000001e-010    -0.059625
-1.05000001e-010   -0.0556875
-1.00000001e-010  -0.05171875
-9.50000013e-011  -0.04774219
-9.00000012e-011  -0.04372656
-8.50000011e-011  -0.03971094
-8.00000011e-011  -0.03572656
-7.5000001e-011  -0.03171875
-7.00000009e-011  -0.02777344
-6.50000009e-011  -0.02386719
-6.00000008e-011  -0.02005469
-5.50000007e-011  -0.01633594
-5.00000007e-011     -0.01275
-4.50000006e-011 -0.009312501
-4.00000005e-011 -0.006015626
-3.50000005e-011 -0.002914063
-3.00000004e-011 3.906215e-005
-2.50000003e-011    0.0028125
-2.00000003e-011  0.005414062
-1.50000002e-011  0.007765625
-1.00000001e-011  0.009945313
-5.00000007e-012   0.01192969
           0   0.01367969
5.00000007e-012      0.01525
1.00000001e-011   0.01669531
1.50000002e-011   0.01796875
2.00000003e-011   0.01914844
2.50000003e-011    0.0201875
3.00000004e-011   0.02111719
3.50000005e-011   0.02195313
4.00000005e-011   0.02261719
4.50000006e-011   0.02322656
5.00000007e-011   0.02370313
5.50000007e-011   0.02403125
6.00000008e-011    0.0243125
6.50000009e-011       0.0245
7.00000009e-011   0.02458594
7.5000001e-011   0.02459375
8.00000011e-011   0.02457031
8.50000011e-011   0.02441406
9.00000012e-011   0.02416406
9.50000013e-011   0.02385156
1.00000001e-010   0.02353906
1.05000001e-010   0.02307031
1.10000001e-010   0.02264844
1.15000002e-010   0.02221875
1.20000002e-010      0.02175
1.25000002e-010     0.021375
1.30000002e-010   0.02097656
1.35000002e-010   0.02063281
1.40000002e-010    0.0203125
1.45000002e-010   0.02007813
1.50000002e-010   0.01985938
1.55000002e-010   0.01966406
1.60000002e-010   0.01957031
1.65000002e-010   0.01954688
1.70000002e-010   0.01951563
1.75000002e-010   0.01958594
1.80000002e-010   0.01972656
1.85000002e-010   0.01989063
1.90000003e-010   0.02008594
1.95000003e-010     0.020375
2.00000003e-010   0.02070313
2.05000003e-010   0.02103906
2.10000003e-010   0.02141406
2.15000003e-010   0.02184375
2.20000003e-010   0.02233594
2.25000003e-010   0.02285156
2.30000003e-010     0.023375
2.35000003e-010   0.02389844
2.40000003e-010   0.02447656
2.45000003e-010        0.025
2.50000003e-010   0.02553125
2.55000003e-010   0.02605469
2.60000003e-010   0.02653125
2.65000004e-010   0.02700781
2.70000004e-010    0.0274375
2.75000004e-010   0.02782031
2.80000004e-010   0.02817969
2.85000004e-010   0.02847656
2.90000004e-010   0.02874219
2.95000004e-010   0.02897656
3.00000004e-010   0.02917969
3.05000004e-010   0.02930469
3.10000004e-010   0.02941406
3.15000004e-010   0.02949219
3.20000004e-010   0.02952344
3.25000004e-010   0.02950781
3.30000004e-010   0.02945313
3.35000004e-010   0.02939063
3.40000005e-010   0.02933594
3.45000005e-010   0.02914844
3.50000005e-010   0.02892969
3.55000005e-010   0.02873438
3.60000005e-010   0.02851563
3.65000005e-010      0.02825
3.70000005e-010   0.02792969
3.75000005e-010   0.02765625
3.80000005e-010   0.02735156
3.85000005e-010   0.02708594
3.90000005e-010    0.0268125
3.95000005e-010   0.02653906
4.00000005e-010   0.02628906
4.05000005e-010   0.02605469
4.10000005e-010   0.02588281
4.15000006e-010   0.02571094
4.20000006e-010   0.02553906
4.25000006e-010   0.02542188
4.30000006e-010   0.02534375
4.35000006e-010      0.02525
4.40000006e-010   0.02519531
4.45000006e-010   0.02510938
4.50000006e-010   0.02505469
4.55000006e-010   0.02498438
4.60000006e-010   0.02491406
4.65000006e-010     0.024875
4.70000006e-010   0.02480469
4.75000006e-010   0.02474219
4.80000006e-010   0.02465625
4.85000006e-010   0.02458594
4.90000007e-010   0.02450781
4.95000007e-010   0.02441406
5.00000007e-010   0.02432813
5.05000007e-010   0.02419531
5.10000007e-010   0.02407031
5.15000007e-010   0.02392969
5.20000007e-010    0.0238125
5.25000007e-010   0.02361719
5.30000007e-010    0.0234375
5.35000007e-010   0.02323438
5.40000007e-010   0.02305469
5.45000007e-010   0.02285938
5.50000007e-010   0.02264063
5.55000007e-010    0.0224375
5.60000007e-010   0.02224219
5.65000008e-010   0.02207813
5.70000008e-010   0.02192188
5.75000008e-010    0.0218125
5.80000008e-010   0.02170313
5.85000008e-010   0.02165625
5.90000008e-010   0.02164844
5.95000008e-010   0.02165625
6.00000008e-010   0.02167188
6.05000008e-010      0.02175
6.10000008e-010   0.02177344
6.15000008e-010   0.02189844
6.20000008e-010   0.02194531
6.25000008e-010   0.02200781
6.30000008e-010   0.02204688
6.35000008e-010    0.0220625
6.40000009e-010    0.0220625
6.45000009e-010   0.02203125
6.50000009e-010   0.02196875
6.55000009e-010   0.02189844
6.60000009e-010    0.0218125
6.65000009e-010   0.02169531
6.70000009e-010   0.02160156
6.75000009e-010   0.02145313
6.80000009e-010   0.02133594
6.85000009e-010   0.02121094
6.90000009e-010   0.02110156
6.95000009e-010        0.021
7.00000009e-010   0.02092969
7.05000009e-010   0.02088281
7.10000009e-010    0.0208125
7.1500001e-010   0.02082031
7.2000001e-010   0.02076563
7.2500001e-010   0.02074219
7.3000001e-010   0.02072656
7.3500001e-010   0.02067188
7.4000001e-010   0.02066406
7.4500001e-010   0.02064844
7.5000001e-010   0.02057813
7.5500001e-010   0.02054688
7.6000001e-010   0.02046875
7.6500001e-010   0.02042188
7.7000001e-010   0.02032813
7.7500001e-010      0.02025
7.8000001e-010    0.0201875
7.8500001e-010   0.02010156
7.90000011e-010   0.02002344
7.95000011e-010   0.02001563
8.00000011e-010    0.0199375
8.05000011e-010   0.01988281
8.10000011e-010     0.019875
8.15000011e-010   0.01984375
8.20000011e-010   0.01982031
8.25000011e-010   0.01982031
8.30000011e-010   0.01985156
8.35000011e-010   0.01985156
8.40000011e-010     0.019875
8.45000011e-010   0.01988281
8.50000011e-010   0.01992969
8.55000011e-010   0.01998438
8.60000011e-010   0.02000781
8.65000012e-010   0.02010156
8.70000012e-010   0.02014063
8.75000012e-010   0.02028125
8.80000012e-010   0.02034375
8.85000012e-010    0.0204375
8.90000012e-010   0.02058594
8.95000012e-010    0.0206875
9.00000012e-010    0.0208125
9.05000012e-010    0.0209375
9.10000012e-010   0.02105469
9.15000012e-010     0.021125
9.20000012e-010   0.02126563
9.25000012e-010   0.02135156
9.30000012e-010   0.02141406
9.35000012e-010   0.02152344
9.40000013e-010   0.02158594
9.45000013e-010     0.021625
9.50000013e-010    0.0216875
9.55000013e-010      0.02175
9.60000013e-010   0.02179688
9.65000013e-010   0.02185156
9.70000013e-010   0.02191406
9.75000013e-010   0.02194531
9.80000013e-010   0.02203125
9.85000013e-010   0.02211719
9.90000013e-010   0.02221875
9.95000013e-010   0.02228906
1.00000001e-009   0.02236719
1.00500001e-009   0.02252344
1.01000001e-009   0.02260938
1.01500001e-009      0.02275
1.02000001e-009   0.02285156
1.02500001e-009   0.02295313
1.03000001e-009   0.02307813
1.03500001e-009   0.02317188
1.04000001e-009   0.02325781
1.04500001e-009   0.02333594
1.05000001e-009   0.02342969
1.05500001e-009   0.02350781
1.06000001e-009   0.02357031
1.06500001e-009   0.02360938
1.07000001e-009   0.02366406
1.07500001e-009   0.02366406
1.08000001e-009   0.02371094
1.08500001e-009   0.02375781
1.09000001e-009   0.02378125
1.09500001e-009   0.02382031
1.10000001e-009    0.0238125
1.10500001e-009   0.02386719
1.11000001e-009   0.02391406
1.11500001e-009   0.02394531
1.12000001e-009   0.02399219
1.12500002e-009   0.02405469
1.13000002e-009   0.02410156
1.13500002e-009   0.02417188
1.14000002e-009   0.02424219
1.14500002e-009   0.02434375
1.15000002e-009   0.02442969
1.15500002e-009   0.02453125
1.16000002e-009   0.02464844
1.16500002e-009   0.02473438
1.17000002e-009   0.02485938
1.17500002e-009   0.02498438
1.18000002e-009   0.02508594
1.18500002e-009   0.02521875
1.19000002e-009   0.02532813
1.19500002e-009    0.0254375
1.20000002e-009   0.02553906
1.20500002e-009   0.02561719
1.21000002e-009   0.02573438
1.21500002e-009   0.02582031
1.22000002e-009   0.02589063
1.22500002e-009   0.02597656
1.23000002e-009   0.02604688
1.23500002e-009   0.02610938
1.24000002e-009    0.0261875
1.24500002e-009   0.02621875
1.25000002e-009   0.02625781
