-4.98000007e-009 -0.002140625
-4.96000007e-009  0.006976562
-4.94000007e-009 -0.002914063
-4.92000007e-009        0.009
-4.90000007e-009 -0.003210938
-4.88000007e-009  0.008015625
-4.86000006e-009 -0.002828125
-4.84000006e-009  0.008554688
-4.82000006e-009 -0.001203125
-4.80000006e-009        0.007
-4.78000006e-009 -0.001351563
-4.76000006e-009  0.006796875
-4.74000006e-009  -0.00234375
-4.72000006e-009        0.007
-4.70000006e-009       -0.001
-4.68000006e-009   0.00878125
-4.66000006e-009 -0.003484376
-4.64000006e-009  0.005945312
-4.62000006e-009 -0.001015625
-4.60000006e-009        0.007
-4.58000006e-009 -0.001398438
-4.56000006e-009      0.00775
-4.54000006e-009 -0.001601563
-4.52000006e-009  0.008695313
-4.50000006e-009 -0.002609375
-4.48000006e-009  0.008617188
-4.46000006e-009 -0.0009531254
-4.44000006e-009  0.007390625
-4.42000006e-009 -0.002210938
-4.40000006e-009        0.009
-4.38000006e-009    -0.002125
-4.36000006e-009  0.006335937
-4.34000006e-009 -0.001570313
-4.32000006e-009        0.009
-4.30000006e-009 -0.002054688
-4.28000006e-009  0.008234375
-4.26000006e-009 -0.0004765629
-4.24000006e-009  0.007273437
-4.22000006e-009       -0.001
-4.20000006e-009    0.0070625
-4.18000006e-009 -0.004531251
-4.16000006e-009  0.008398438
-4.14000006e-009 -0.001976563
-4.12000006e-009        0.007
-4.10000005e-009  -0.00153125
-4.08000005e-009  0.007460938
-4.06000005e-009 -0.001546875
-4.04000005e-009  0.007429688
-4.02000005e-009 -0.002757813
-4.00000005e-009        0.009
-3.98000005e-009 -0.001539063
-3.96000005e-009  0.007367188
-3.94000005e-009       -0.003
-3.92000005e-009  0.008445313
-3.90000005e-009       -0.003
-3.88000005e-009  0.007679688
-3.86000005e-009 -0.001664063
-3.84000005e-009  0.007484375
-3.82000005e-009 -0.001445313
-3.80000005e-009        0.007
-3.78000005e-009   -0.0018125
-3.76000005e-009   0.00734375
-3.74000005e-009     -0.00275
-3.72000005e-009        0.009
-3.70000005e-009       -0.003
-3.68000005e-009    0.0074375
-3.66000005e-009 -0.005492188
-3.64000005e-009        0.005
-3.62000005e-009       -0.003
-3.60000005e-009      0.00575
-3.58000005e-009 -0.005523438
-3.56000005e-009  0.004867187
-3.54000005e-009 -0.005078126
-3.52000005e-009  0.003546875
-3.50000005e-009 -0.005007813
-3.48000005e-009  0.003773437
-3.46000005e-009 -0.005953126
-3.44000005e-009      0.00625
-3.42000005e-009 -0.009000001
-3.40000005e-009  0.003492187
-3.38000005e-009 -0.006984376
-3.36000004e-009   0.00253125
-3.34000004e-009 -0.008234376
-3.32000004e-009        0.003
-3.30000004e-009 -0.009000001
-3.28000004e-009 0.0009453122
-3.26000004e-009 -0.009414063
-3.24000004e-009 0.0005234372
-3.22000004e-009 -0.009000001
-3.20000004e-009 0.0009999997
-3.18000004e-009 -0.009921876
-3.16000004e-009 0.0003593747
-3.14000004e-009       -0.011
-3.12000004e-009 0.0005624997
-3.10000004e-009  -0.01105469
-3.08000004e-009 -0.001515625
-3.06000004e-009  -0.01474219
-3.04000004e-009 -0.001367188
-3.02000004e-009       -0.011
-3.00000004e-009  -0.00228125
-2.98000004e-009  -0.01346094
-2.96000004e-009 -0.002335938
-2.94000004e-009  -0.01167188
-2.92000004e-009       -0.003
-2.90000004e-009  -0.01128125
-2.88000004e-009 -0.002515625
-2.86000004e-009   -0.0123125
-2.84000004e-009       -0.001
-2.82000004e-009  -0.01128906
-2.80000004e-009  -0.00121875
-2.78000004e-009  -0.01289844
-2.76000004e-009  -0.00109375
-2.74000004e-009  -0.01284375
-2.72000004e-009       -0.001
-2.70000004e-009       -0.013
-2.68000004e-009 -0.0008671879
-2.66000004e-009   -0.0118125
-2.64000004e-009 -0.002585938
-2.62000003e-009  -0.01279688
-2.60000003e-009       -0.001
-2.58000003e-009  -0.01127344
-2.56000003e-009 -0.001664063
-2.54000003e-009  -0.01140625
-2.52000003e-009       -0.001
-2.50000003e-009  -0.01264063
-2.48000003e-009 -0.0002343754
-2.46000003e-009  -0.01259375
-2.44000003e-009       -0.001
-2.42000003e-009  -0.01136719
-2.40000003e-009 -0.0001250004
-2.38000003e-009  -0.01239063
-2.36000003e-009  0.001101562
-2.34000003e-009  -0.01135156
-2.32000003e-009 0.0009999997
-2.30000003e-009 -0.009851563
-2.28000003e-009 0.0004765622
-2.26000003e-009 -0.009117188
-2.24000003e-009       -0.001
-2.22000003e-009 -0.009648438
-2.20000003e-009 -3.49246e-010
-2.18000003e-009 -0.009335938
-2.16000003e-009    0.0028125
-2.14000003e-009 -0.009000001
-2.12000003e-009        0.003
-2.10000003e-009 -0.009000001
-2.08000003e-009 0.0007656247
-2.06000003e-009 -0.008117188
-2.04000003e-009  0.001523437
-2.02000003e-009 -0.007000001
-2.00000003e-009        0.003
-1.98000003e-009 -0.007117188
-1.96000003e-009  0.002453125
-1.94000003e-009 -0.007320313
-1.92000003e-009  0.003867187
-1.90000003e-009 -0.008023438
-1.88000003e-009  0.002695312
-1.86000002e-009 -0.005710938
-1.84000002e-009  0.003664062
-1.82000002e-009 -0.006750001
-1.80000002e-009  0.003015625
-1.78000002e-009 -0.004375001
-1.76000002e-009   0.00353125
-1.74000002e-009 -0.005000001
-1.72000002e-009  0.005335937
-1.70000002e-009 -0.005000001
-1.68000002e-009    0.0049375
-1.66000002e-009 -0.005390626
-1.64000002e-009  0.005429687
-1.62000002e-009 -0.004156251
-1.60000002e-009   0.00428125
-1.58000002e-009 -0.004828126
-1.56000002e-009  0.004140625
-1.54000002e-009 -0.003835938
-1.52000002e-009  0.003304687
-1.50000002e-009 -0.005000001
-1.48000002e-009  0.005757812
-1.46000002e-009 -0.004750001
-1.44000002e-009        0.005
-1.42000002e-009 -0.005242188
-1.40000002e-009  0.004601562
-1.38000002e-009 -0.005156251
-1.36000002e-009   0.00609375
-1.34000002e-009 -0.003703126
-1.32000002e-009        0.005
-1.30000002e-009 -0.005000001
-1.28000002e-009  0.005929687
-1.26000002e-009 -0.004312501
-1.24000002e-009   0.00584375
-1.22000002e-009 -0.004390626
-1.20000002e-009  0.005523437
-1.18000002e-009 -0.004531251
-1.16000002e-009   0.00496875
-1.14000002e-009 -0.005000001
-1.12000001e-009        0.007
-1.10000001e-009 -0.005000001
-1.08000001e-009     0.005375
-1.06000001e-009 -0.005062501
-1.04000001e-009       0.0045
-1.02000001e-009 -0.004554688
-1.00000001e-009  0.005320312
-9.80000013e-010 -0.005476563
-9.60000013e-010    0.0031875
-9.40000013e-010 -0.006640626
-9.20000012e-010        0.003
-9.00000012e-010 -0.007523438
-8.80000012e-010   0.00196875
-8.60000011e-010 -0.008250001
-8.40000011e-010        0.003
-8.20000011e-010 -0.007937501
-8.00000011e-010        0.003
-7.8000001e-010  -0.01126563
-7.6000001e-010 -0.0006875004
-7.4000001e-010  -0.01320313
-7.2000001e-010 -0.005000001
-7.00000009e-010       -0.021
-6.80000009e-010  -0.01385156
-6.60000009e-010  -0.03660938
-6.40000009e-010  -0.02978906
-6.20000008e-010       -0.057
-6.00000008e-010       -0.051
-5.80000008e-010  -0.08582813
-5.60000007e-010  -0.07840625
-5.40000007e-010   -0.1197578
-5.20000007e-010   -0.1128906
-5.00000007e-010   -0.1437656
-4.80000006e-010   -0.1391641
-4.60000006e-010   -0.1630859
-4.40000006e-010   -0.1528828
-4.20000006e-010       -0.167
-4.00000005e-010   -0.1547969
-3.80000005e-010   -0.1657969
-3.60000005e-010    -0.152375
-3.40000005e-010   -0.1601484
-3.20000004e-010   -0.1429922
-3.00000004e-010       -0.157
-2.80000004e-010   -0.1373672
-2.60000003e-010   -0.1450625
-2.40000003e-010   -0.1244688
-2.20000003e-010       -0.133
-2.00000003e-010       -0.105
-1.80000002e-010   -0.1143359
-1.60000002e-010  -0.08310938
-1.40000002e-010  -0.09038282
-1.20000002e-010       -0.053
-1.00000001e-010       -0.057
-8.00000011e-011    -0.021875
-6.00000008e-011  -0.02641406
-4.00000005e-011   0.00621875
-2.00000003e-011 0.0009999997
           0    0.0220625
2.00000003e-011   0.01503906
4.00000005e-011   0.02829688
6.00000008e-011   0.01833594
8.00000011e-011   0.02905469
1.00000001e-010        0.017
1.20000002e-010    0.0283125
1.40000002e-010       0.0165
1.60000002e-010        0.027
1.80000002e-010   0.01448438
2.00000003e-010        0.027
2.20000003e-010   0.01728906
2.40000003e-010   0.03309375
2.60000003e-010        0.023
2.80000004e-010   0.03346094
3.00000004e-010   0.02421875
3.20000004e-010   0.03351563
3.40000005e-010   0.02388281
3.60000005e-010    0.0331875
3.80000005e-010        0.023
4.00000005e-010        0.031
4.20000006e-010   0.02120313
4.40000006e-010    0.0310625
4.60000006e-010        0.019
4.80000006e-010        0.031
5.00000007e-010   0.01683594
5.20000007e-010   0.02871875
5.40000007e-010   0.01699219
5.60000007e-010   0.02921875
5.80000008e-010   0.01702344
6.00000008e-010        0.027
6.20000008e-010    0.0165625
6.40000009e-010   0.02724219
6.60000009e-010   0.01692969
6.80000009e-010   0.02539844
7.00000009e-010        0.017
7.2000001e-010    0.0251875
7.4000001e-010    0.0151875
7.6000001e-010   0.02510156
7.8000001e-010   0.01301563
8.00000011e-010        0.025
8.20000011e-010    0.0133125
8.40000011e-010   0.02484375
8.60000011e-010        0.015
8.80000012e-010   0.02523438
9.00000012e-010   0.01603125
9.20000012e-010   0.02704688
9.40000013e-010   0.01639063
9.60000013e-010   0.02792188
9.80000013e-010   0.01617188
1.00000001e-009   0.02707813
1.02000001e-009   0.01782813
1.04000001e-009   0.02748438
1.06000001e-009        0.017
1.08000001e-009        0.029
1.10000001e-009        0.019
1.12000001e-009   0.03069531
1.14000002e-009   0.01820313
1.16000002e-009   0.03089844
1.18000002e-009   0.02046875
1.20000002e-009   0.03124219
1.22000002e-009   0.02104688
1.24000002e-009   0.03088281
1.26000002e-009   0.02113281
1.28000002e-009   0.03200781
1.30000002e-009   0.02210938
1.32000002e-009   0.03255469
1.34000002e-009   0.02154688
1.36000002e-009   0.03178125
1.38000002e-009   0.02275781
1.40000002e-009   0.03113281
1.42000002e-009   0.02158594
1.44000002e-009   0.03121875
1.46000002e-009        0.021
1.48000002e-009   0.02908594
1.50000002e-009   0.02028125
1.52000002e-009   0.03099219
1.54000002e-009    0.0181875
1.56000002e-009    0.0284375
1.58000002e-009        0.017
1.60000002e-009   0.02648438
1.62000002e-009   0.01754688
1.64000002e-009      0.02575
1.66000002e-009       0.0145
1.68000002e-009        0.027
1.70000002e-009   0.01539844
1.72000002e-009   0.02577344
1.74000002e-009   0.01560156
1.76000002e-009   0.02444531
1.78000002e-009   0.01513281
1.80000002e-009        0.025
1.82000002e-009        0.015
1.84000002e-009   0.02660938
1.86000002e-009        0.015
1.88000003e-009        0.025
1.90000003e-009   0.01461719
1.92000003e-009   0.02420313
1.94000003e-009   0.01521875
1.96000003e-009        0.025
1.98000003e-009        0.013
2.00000003e-009   0.02578125
2.02000003e-009   0.01432031
2.04000003e-009   0.02491406
2.06000003e-009   0.01571094
2.08000003e-009   0.02523438
2.10000003e-009   0.01510156
2.12000003e-009   0.02666406
2.14000003e-009   0.01510156
2.16000003e-009   0.02586719
2.18000003e-009        0.013
2.20000003e-009   0.02532813
2.22000003e-009   0.01640625
2.24000003e-009     0.025375
2.26000003e-009   0.01653125
2.28000003e-009   0.02604688
2.30000003e-009   0.01661719
2.32000003e-009   0.02446875
2.34000003e-009   0.01532031
2.36000003e-009   0.02546094
2.38000003e-009   0.01422656
2.40000003e-009        0.025
2.42000003e-009   0.01310938
2.44000003e-009   0.02353906
2.46000003e-009   0.01307813
2.48000003e-009   0.02477344
2.50000003e-009        0.015
2.52000003e-009     0.024875
2.54000003e-009   0.01398438
2.56000003e-009        0.025
2.58000003e-009   0.01442188
2.60000003e-009        0.023
2.62000003e-009   0.01458594
2.64000004e-009   0.02339844
2.66000004e-009        0.013
2.68000004e-009   0.02413281
2.70000004e-009        0.013
2.72000004e-009   0.02242969
2.74000004e-009   0.01235156
2.76000004e-009        0.023
2.78000004e-009   0.01267188
2.80000004e-009        0.021
2.82000004e-009   0.01017188
2.84000004e-009    0.0211875
2.86000004e-009   0.01189844
2.88000004e-009    0.0211875
2.90000004e-009   0.01254688
2.92000004e-009   0.02463281
2.94000004e-009   0.01195313
2.96000004e-009   0.02128125
2.98000004e-009        0.011
3.00000004e-009   0.02153906
3.02000004e-009   0.01105469
3.04000004e-009   0.02221875
3.06000004e-009        0.011
3.08000004e-009   0.02221094
3.10000004e-009   0.01157031
3.12000004e-009     0.020375
3.14000004e-009   0.01182031
3.16000004e-009   0.02098438
3.18000004e-009    0.0095625
3.20000004e-009        0.021
3.22000004e-009       0.0105
3.24000004e-009   0.01989063
3.26000004e-009  0.009914063
3.28000004e-009        0.021
3.30000004e-009        0.008
3.32000004e-009   0.01995313
3.34000004e-009  0.009234375
3.36000004e-009   0.02103906
3.38000005e-009        0.009
3.40000005e-009   0.02055469
3.42000005e-009   0.01072656
3.44000005e-009   0.02160938
3.46000005e-009        0.009
3.48000005e-009        0.021
3.50000005e-009        0.009
3.52000005e-009    0.0189375
3.54000005e-009  0.008484375
3.56000005e-009   0.01708594
3.58000005e-009  0.007320312
3.60000005e-009   0.01788281
3.62000005e-009   0.01005469
3.64000005e-009      0.01975
3.66000005e-009        0.009
3.68000005e-009   0.01836719
3.70000005e-009        0.007
3.72000005e-009   0.01939063
3.74000005e-009  0.009726563
3.76000005e-009   0.01828906
3.78000005e-009        0.007
3.80000005e-009   0.02092969
3.82000005e-009  0.008734375
3.84000005e-009     0.020125
3.86000005e-009  0.008195313
3.88000005e-009        0.019
3.90000005e-009  0.007578125
3.92000005e-009   0.01842188
3.94000005e-009  0.006921875
3.96000005e-009        0.019
3.98000005e-009  0.008539063
4.00000005e-009        0.017
4.02000005e-009  0.007882813
4.04000005e-009   0.01958594
4.06000005e-009  0.006820312
4.08000005e-009   0.01725781
4.10000005e-009  0.006921875
4.12000006e-009   0.01850781
4.14000006e-009  0.006960937
4.16000006e-009   0.01621875
4.18000006e-009  0.005351562
4.20000006e-009   0.01766406
4.22000006e-009    0.0065625
4.24000006e-009   0.01676563
4.26000006e-009  0.005765625
4.28000006e-009   0.01635938
4.30000006e-009        0.005
4.32000006e-009   0.01821094
4.34000006e-009  0.006914062
4.36000006e-009        0.015
4.38000006e-009        0.007
4.40000006e-009   0.01542188
4.42000006e-009  0.006101562
4.44000006e-009   0.01505469
4.46000006e-009  0.006507812
4.48000006e-009   0.01627344
4.50000006e-009        0.005
4.52000006e-009   0.01658594
4.54000006e-009      0.00525
4.56000006e-009   0.01495313
4.58000006e-009  0.005421875
4.60000006e-009   0.01516406
4.62000006e-009  0.005351562
4.64000006e-009   0.01475781
4.66000006e-009  0.006679687
4.68000006e-009   0.01510938
4.70000006e-009  0.005445312
4.72000006e-009   0.01485938
4.74000006e-009  0.005242187
4.76000006e-009        0.015
4.78000006e-009  0.004523437
4.80000006e-009   0.01471875
4.82000006e-009  0.003359375
4.84000006e-009   0.01457031
4.86000006e-009        0.005
4.88000007e-009        0.015
4.90000007e-009    0.0021875
4.92000007e-009   0.01385156
4.94000007e-009       0.0055
4.96000007e-009        0.015
4.98000007e-009        0.005
5.00000007e-009        0.015
