-1.24500002e-009 -0.005953126
-1.24000002e-009  0.002140625
-1.23500002e-009 -0.006804688
-1.23000002e-009  0.002265625
-1.22500002e-009 -0.006937501
-1.22000002e-009  0.002320312
-1.21500002e-009 -0.007000001
-1.21000002e-009  0.002617187
-1.20500002e-009 -0.007117188
-1.20000002e-009  0.004210937
-1.19500002e-009 -0.007179688
-1.19000002e-009        0.005
-1.18500002e-009 -0.007000001
-1.18000002e-009  0.004710937
-1.17500002e-009 -0.005882813
-1.17000002e-009  0.003453125
-1.16500002e-009 -0.005710938
-1.16000002e-009  0.002765625
-1.15500002e-009 -0.005546876
-1.15000002e-009   0.00303125
-1.14500002e-009 -0.006242188
-1.14000002e-009    0.0034375
-1.13500002e-009 -0.006875001
-1.13000002e-009  0.003171875
-1.12500002e-009 -0.007437501
-1.12000001e-009        0.003
-1.11500001e-009 -0.007968751
-1.11000001e-009  0.002046875
-1.10500001e-009 -0.007835938
-1.10000001e-009 0.0009999997
-1.09500001e-009 -0.007781251
-1.09000001e-009  0.001960937
-1.08500001e-009 -0.009000001
-1.08000001e-009        0.003
-1.07500001e-009 -0.009187501
-1.07000001e-009    0.0035625
-1.06500001e-009 -0.008890626
-1.06000001e-009  0.003617187
-1.05500001e-009 -0.008164063
-1.05000001e-009  0.003164062
-1.04500001e-009 -0.007039063
-1.04000001e-009        0.003
-1.03500001e-009 -0.007000001
-1.03000001e-009  0.002257812
-1.02500001e-009 -0.007351563
-1.02000001e-009 0.0008046872
-1.01500001e-009 -0.008523438
-1.01000001e-009 0.0009999997
-1.00500001e-009 -0.009039063
-1.00000001e-009 0.0008984372
-9.95000013e-010 -0.009031251
-9.90000013e-010 8.593715e-005
-9.85000013e-010 -0.008945313
-9.80000013e-010 -0.0006171879
-9.75000013e-010 -0.008851563
-9.70000013e-010 0.0003203122
-9.65000013e-010 -0.009046876
-9.60000013e-010 0.0008984372
-9.55000013e-010 -0.008640626
-9.50000013e-010 0.0009999997
-9.45000013e-010 -0.009085938
-9.40000013e-010 0.0009999997
-9.35000012e-010 -0.009289063
-9.30000012e-010 0.0009999997
-9.25000012e-010   -0.0101875
-9.20000012e-010 -0.0005390629
-9.15000012e-010       -0.011
-9.10000012e-010 -0.002242188
-9.05000012e-010  -0.01090625
-9.00000012e-010 -0.001179688
-8.95000012e-010 -0.009773438
-8.90000012e-010       -0.001
-8.85000012e-010  -0.01077344
-8.80000012e-010 -0.001789063
-8.75000012e-010   -0.0118125
-8.70000012e-010 -0.003421876
-8.65000012e-010  -0.01267969
-8.60000011e-010 -0.004578126
-8.55000011e-010  -0.01425781
-8.50000011e-010 -0.005000001
-8.45000011e-010       -0.015
-8.40000011e-010 -0.005406251
-8.35000011e-010  -0.01538281
-8.30000011e-010 -0.005984376
-8.25000011e-010  -0.01676563
-8.20000011e-010 -0.006695313
-8.15000011e-010  -0.01845313
-8.10000011e-010 -0.007710938
-8.05000011e-010  -0.02103125
-8.00000011e-010 -0.009000001
-7.95000011e-010    -0.022625
-7.90000011e-010  -0.01177344
-7.8500001e-010  -0.02429688
-7.8000001e-010  -0.01438281
-7.7500001e-010  -0.02808594
-7.7000001e-010  -0.01625781
-7.6500001e-010  -0.03146875
-7.6000001e-010       -0.019
-7.5500001e-010   -0.0348125
-7.5000001e-010  -0.02259375
-7.4500001e-010  -0.03852344
-7.4000001e-010     -0.02625
-7.3500001e-010  -0.04248438
-7.3000001e-010  -0.03048438
-7.2500001e-010   -0.0469375
-7.2000001e-010  -0.03534375
-7.1500001e-010  -0.05304688
-7.10000009e-010  -0.04034375
-7.05000009e-010       -0.059
-7.00000009e-010       -0.045
-6.95000009e-010  -0.06584375
-6.90000009e-010  -0.05027344
-6.85000009e-010  -0.07410938
-6.80000009e-010  -0.05617188
-6.75000009e-010  -0.08265625
-6.70000009e-010  -0.06235157
-6.65000009e-010  -0.09100782
-6.60000009e-010       -0.069
-6.55000009e-010  -0.09874219
-6.50000009e-010  -0.07710157
-6.45000009e-010   -0.1067969
-6.40000009e-010  -0.08632813
-6.35000008e-010   -0.1133906
-6.30000008e-010  -0.09557032
-6.25000008e-010   -0.1213047
-6.20000008e-010   -0.1036719
-6.15000008e-010   -0.1280469
-6.10000008e-010   -0.1098594
-6.05000008e-010   -0.1338047
-6.00000008e-010   -0.1159063
-5.95000008e-010   -0.1395469
-5.90000008e-010   -0.1223594
-5.85000008e-010   -0.1440781
-5.80000008e-010   -0.1289766
-5.75000008e-010   -0.1497031
-5.70000008e-010   -0.1350078
-5.65000008e-010   -0.1548125
-5.60000007e-010       -0.141
-5.55000007e-010   -0.1583359
-5.50000007e-010   -0.1450703
-5.45000007e-010   -0.1603672
-5.40000007e-010   -0.1495547
-5.35000007e-010   -0.1630859
-5.30000007e-010   -0.1508828
-5.25000007e-010       -0.165
-5.20000007e-010   -0.1518984
-5.15000007e-010   -0.1658672
-5.10000007e-010   -0.1532578
-5.05000007e-010   -0.1667656
-5.00000007e-010       -0.155
-4.95000007e-010       -0.167
-4.90000007e-010   -0.1548594
-4.85000006e-010   -0.1668516
-4.80000006e-010    -0.155375
-4.75000006e-010       -0.167
-4.70000006e-010   -0.1549297
-4.65000006e-010   -0.1666172
-4.60000006e-010   -0.1546953
-4.55000006e-010   -0.1665234
-4.50000006e-010   -0.1540859
-4.45000006e-010   -0.1667969
-4.40000006e-010       -0.153
-4.35000006e-010   -0.1661641
-4.30000006e-010   -0.1514297
-4.25000006e-010   -0.1636094
-4.20000006e-010   -0.1507422
-4.15000006e-010   -0.1636953
-4.10000005e-010   -0.1507891
-4.05000005e-010    -0.163375
-4.00000005e-010   -0.1492344
-3.95000005e-010   -0.1618125
-3.90000005e-010   -0.1477188
-3.85000005e-010       -0.161
-3.80000005e-010   -0.1458984
-3.75000005e-010   -0.1593359
-3.70000005e-010   -0.1449375
-3.65000005e-010       -0.157
-3.60000005e-010   -0.1435625
-3.55000005e-010   -0.1550547
-3.50000005e-010   -0.1414531
-3.45000005e-010       -0.153
-3.40000005e-010   -0.1396016
-3.35000004e-010   -0.1511797
-3.30000004e-010   -0.1377656
-3.25000004e-010       -0.149
-3.20000004e-010   -0.1356797
-3.15000004e-010       -0.147
-3.10000004e-010       -0.133
-3.05000004e-010   -0.1460234
-3.00000004e-010   -0.1292266
-2.95000004e-010    -0.144875
-2.90000004e-010   -0.1259922
-2.85000004e-010   -0.1435313
-2.80000004e-010   -0.1237031
-2.75000004e-010   -0.1416641
-2.70000004e-010   -0.1204531
-2.65000004e-010       -0.139
-2.60000003e-010   -0.1172422
-2.55000003e-010   -0.1341484
-2.50000003e-010   -0.1136406
-2.45000003e-010   -0.1280703
-2.40000003e-010   -0.1098672
-2.35000003e-010   -0.1226875
-2.30000003e-010   -0.1055938
-2.25000003e-010   -0.1175156
-2.20000003e-010       -0.101
-2.15000003e-010   -0.1124609
-2.10000003e-010  -0.09442188
-2.05000003e-010   -0.1067344
-2.00000003e-010  -0.08785938
-1.95000003e-010   -0.1013594
-1.90000003e-010  -0.08007813
-1.85000002e-010  -0.09601563
-1.80000002e-010  -0.07194532
-1.75000002e-010   -0.0886875
-1.70000002e-010  -0.06341407
-1.65000002e-010   -0.0798125
-1.60000002e-010  -0.05453125
-1.55000002e-010  -0.07242188
-1.50000002e-010  -0.04528907
-1.45000002e-010  -0.06496094
-1.40000002e-010  -0.03591406
-1.35000002e-010  -0.05672657
-1.30000002e-010  -0.02688281
-1.25000002e-010  -0.04796094
-1.20000002e-010  -0.01867969
-1.15000002e-010       -0.039
-1.10000001e-010  -0.01194531
-1.05000001e-010  -0.03046094
-1.00000001e-010 -0.005000001
-9.50000013e-011  -0.02208594
-9.00000012e-011 0.0008906247
-8.50000011e-011   -0.0141875
-8.00000011e-011  0.006796875
-7.5000001e-011 -0.007078126
-7.00000009e-011    0.0119375
-6.50000009e-011       -0.001
-6.00000008e-011   0.01567188
-5.50000007e-011  0.003382812
-5.00000007e-011   0.01753906
-4.50000006e-011  0.007226562
-4.00000005e-011   0.01970313
-3.50000005e-011   0.01072656
-3.00000004e-011   0.02207813
-2.50000003e-011   0.01398438
-2.00000003e-011   0.02459375
-1.50000002e-011   0.01514844
-1.00000001e-011        0.027
-5.00000007e-012   0.01594531
           0   0.02715625
5.00000007e-012   0.01713281
1.00000001e-011   0.02695313
1.50000002e-011    0.0173125
2.00000003e-011      0.02725
2.50000003e-011        0.017
3.00000004e-011   0.02604688
3.50000005e-011   0.01628125
4.00000005e-011   0.02547656
4.50000006e-011   0.01560156
5.00000007e-011   0.02536719
5.50000007e-011   0.01413281
6.00000008e-011   0.02405469
6.50000009e-011   0.01321875
7.00000009e-011   0.02313281
7.5000001e-011   0.01292969
8.00000011e-011   0.02217188
8.50000011e-011   0.01278125
9.00000012e-011   0.02184375
9.50000013e-011   0.01202344
1.00000001e-010     0.021875
1.05000001e-010   0.01220313
1.10000001e-010   0.02142188
1.15000002e-010   0.01238281
1.20000002e-010   0.02253906
1.25000002e-010   0.01197656
1.30000002e-010   0.02313281
1.35000002e-010   0.01240625
1.40000002e-010   0.02404688
1.45000002e-010        0.013
1.50000002e-010        0.025
1.55000002e-010     0.014375
1.60000002e-010        0.025
1.65000002e-010   0.01567969
1.70000002e-010   0.02644531
1.75000002e-010   0.01665625
1.80000002e-010   0.02802344
1.85000002e-010        0.017
1.90000003e-010     0.028875
1.95000003e-010   0.01770313
2.00000003e-010   0.02928906
2.05000003e-010        0.019
2.10000003e-010   0.03034375
2.15000003e-010   0.01980469
2.20000003e-010   0.03170313
2.25000003e-010   0.02132031
2.30000003e-010   0.03282813
2.35000003e-010   0.02328125
2.40000003e-010   0.03314063
2.45000003e-010   0.02371094
2.50000003e-010     0.033375
2.55000003e-010   0.02419531
2.60000003e-010        0.035
2.65000004e-010   0.02459375
2.70000004e-010   0.03582813
2.75000004e-010   0.02390625
2.80000004e-010   0.03675781
2.85000004e-010   0.02311719
2.90000004e-010   0.03674219
2.95000004e-010        0.023
3.00000004e-010   0.03578906
3.05000004e-010   0.02353906
3.10000004e-010        0.035
3.15000004e-010   0.02373438
3.20000004e-010   0.03520313
3.25000004e-010   0.02313281
3.30000004e-010   0.03490625
3.35000004e-010   0.02242969
3.40000005e-010   0.03467969
3.45000005e-010   0.02189063
3.50000005e-010   0.03320313
3.55000005e-010   0.02036719
3.60000005e-010   0.03252344
3.65000005e-010      0.01975
3.70000005e-010   0.03116406
3.75000005e-010   0.01847656
3.80000005e-010        0.031
3.85000005e-010   0.01814063
3.90000005e-010   0.03085938
3.95000005e-010   0.01739844
4.00000005e-010   0.03084375
4.05000005e-010        0.017
4.10000005e-010   0.02992188
4.15000006e-010    0.0176875
4.20000006e-010        0.029
4.25000006e-010        0.019
4.30000006e-010   0.02919531
4.35000006e-010   0.01827344
4.40000006e-010   0.02889063
4.45000006e-010   0.01838281
4.50000006e-010   0.02807031
4.55000006e-010   0.01867188
4.60000006e-010   0.02721875
4.65000006e-010       0.0185
4.70000006e-010   0.02664063
4.75000006e-010   0.01810156
4.80000006e-010   0.02710156
4.85000006e-010   0.01666406
4.90000007e-010   0.02785156
4.95000007e-010   0.01584375
5.00000007e-010     0.029625
5.05000007e-010   0.01576563
5.10000007e-010   0.03085156
5.15000007e-010   0.01642188
5.20000007e-010   0.03120313
5.25000007e-010   0.01774219
5.30000007e-010   0.03047656
5.35000007e-010   0.01841406
5.40000007e-010   0.02985156
5.45000007e-010   0.01835938
5.50000007e-010   0.03076563
5.55000007e-010   0.01835156
5.60000007e-010        0.031
5.65000008e-010   0.01890625
5.70000008e-010   0.03039844
5.75000008e-010   0.01985938
5.80000008e-010   0.03026563
5.85000008e-010   0.01955469
5.90000008e-010   0.03095313
5.95000008e-010   0.01866406
6.00000008e-010   0.03077344
6.05000008e-010    0.0183125
6.10000008e-010   0.02971875
6.15000008e-010   0.01846094
6.20000008e-010        0.029
6.25000008e-010   0.01896094
6.30000008e-010   0.02904688
6.35000008e-010   0.01903906
6.40000009e-010   0.02916406
6.45000009e-010    0.0181875
6.50000009e-010   0.02889063
6.55000009e-010   0.01725781
6.60000009e-010   0.02782813
6.65000009e-010   0.01611719
6.70000009e-010   0.02648438
6.75000009e-010        0.015
6.80000009e-010   0.02692188
6.85000009e-010   0.01485156
6.90000009e-010        0.027
6.95000009e-010   0.01388281
7.00000009e-010   0.02647656
7.05000009e-010   0.01307031
7.10000009e-010   0.02534375
7.1500001e-010        0.013
7.2000001e-010   0.02476563
7.2500001e-010   0.01283594
7.3000001e-010   0.02461719
7.3500001e-010   0.01327344
7.4000001e-010   0.02415625
7.4500001e-010        0.013
7.5000001e-010   0.02303906
7.5500001e-010   0.01352344
7.6000001e-010   0.02292969
7.6500001e-010   0.01421094
7.7000001e-010   0.02242188
7.7500001e-010   0.01377344
7.8000001e-010   0.02230469
7.8500001e-010   0.01363281
7.90000011e-010   0.02379688
7.95000011e-010   0.01316406
8.00000011e-010   0.02475781
8.05000011e-010   0.01296094
8.10000011e-010        0.025
8.15000011e-010   0.01307813
8.20000011e-010        0.025
8.25000011e-010   0.01339844
8.30000011e-010   0.02628125
8.35000011e-010   0.01310156
8.40000011e-010   0.02707031
8.45000011e-010   0.01403125
8.50000011e-010   0.02738281
8.55000011e-010   0.01589844
8.60000011e-010   0.02732813
8.65000012e-010        0.017
8.70000012e-010        0.027
8.75000012e-010   0.01776563
8.80000012e-010   0.02691406
8.85000012e-010        0.018
8.90000012e-010   0.02767188
8.95000012e-010   0.01808594
9.00000012e-010        0.029
9.05000012e-010    0.0181875
9.10000012e-010   0.02867969
9.15000012e-010   0.01810156
9.20000012e-010    0.0270625
9.25000012e-010   0.01832031
9.30000012e-010   0.02583594
9.35000012e-010   0.01803125
9.40000013e-010   0.02597656
9.45000013e-010   0.01710938
9.50000013e-010        0.027
9.55000013e-010   0.01578125
9.60000013e-010   0.02714063
9.65000013e-010        0.015
9.70000013e-010   0.02721094
9.75000013e-010   0.01542969
9.80000013e-010   0.02755469
9.85000013e-010   0.01674219
9.90000013e-010   0.02733594
9.95000013e-010   0.01846875
1.00000001e-009        0.027
1.00500001e-009   0.01786719
1.01000001e-009   0.02727344
1.01500001e-009   0.01719531
1.02000001e-009   0.02710938
1.02500001e-009   0.01678906
1.03000001e-009   0.02716406
1.03500001e-009   0.01680469
1.04000001e-009    0.0271875
1.04500001e-009   0.01733594
1.05000001e-009     0.027375
1.05500001e-009   0.01835156
1.06000001e-009   0.02792969
1.06500001e-009     0.018875
1.07000001e-009   0.02867969
1.07500001e-009   0.01930469
1.08000001e-009   0.02915625
1.08500001e-009   0.01986719
1.09000001e-009   0.02928125
1.09500001e-009   0.01911719
1.10000001e-009     0.029375
1.10500001e-009   0.01908594
1.11000001e-009   0.03003125
1.11500001e-009   0.01978906
1.12000001e-009   0.03008594
1.12500002e-009   0.02067969
1.13000002e-009   0.02949219
1.13500002e-009   0.02079688
1.14000002e-009   0.02960156
1.14500002e-009   0.02092969
1.15000002e-009   0.03025781
1.15500002e-009   0.02014844
1.16000002e-009   0.03014063
1.16500002e-009   0.02001563
1.17000002e-009   0.02972656
1.17500002e-009   0.02053125
1.18000002e-009     0.029875
1.18500002e-009   0.02121875
1.19000002e-009   0.02946094
1.19500002e-009        0.021
1.20000002e-009        0.029
1.20500002e-009   0.02147656
1.21000002e-009   0.03034375
1.21500002e-009   0.02091406
1.22000002e-009   0.03138281
1.22500002e-009   0.02073438
1.23000002e-009   0.03157031
1.23500002e-009    0.0209375
1.24000002e-009   0.03110938
1.24500002e-009   0.02074219
1.25000002e-009   0.03111719
