-4.98000007e-009 -0.004890626
-4.96000007e-009  0.005445312
-4.94000007e-009 -0.004859376
-4.92000007e-009        0.005
-4.90000007e-009 -0.005000001
-4.88000007e-009  0.004601562
-4.86000006e-009 -0.004820313
-4.84000006e-009        0.005
-4.82000006e-009 -0.003820313
-4.80000006e-009   0.00365625
-4.78000006e-009 -0.006945313
-4.76000006e-009  0.006703125
-4.74000006e-009 -0.005187501
-4.72000006e-009  0.005523437
-4.70000006e-009 -0.004273438
-4.68000006e-009  0.005445312
-4.66000006e-009 -0.004828126
-4.64000006e-009  0.005046875
-4.62000006e-009 -0.005000001
-4.60000006e-009        0.005
-4.58000006e-009 -0.004437501
-4.56000006e-009  0.005148437
-4.54000006e-009 -0.004031251
-4.52000006e-009        0.005
-4.50000006e-009 -0.005000001
-4.48000006e-009  0.005640625
-4.46000006e-009 -0.003726563
-4.44000006e-009    0.0036875
-4.42000006e-009 -0.004429688
-4.40000006e-009        0.005
-4.38000006e-009 -0.004734376
-4.36000006e-009  0.005203125
-4.34000006e-009 -0.004632813
-4.32000006e-009        0.005
-4.30000006e-009 -0.005000001
-4.28000006e-009  0.006039062
-4.26000006e-009 -0.004898438
-4.24000006e-009  0.004796875
-4.22000006e-009 -0.003796876
-4.20000006e-009        0.005
-4.18000006e-009 -0.004820313
-4.16000006e-009  0.005179687
-4.14000006e-009 -0.003953126
-4.12000006e-009        0.005
-4.10000005e-009 -0.006085938
-4.08000005e-009  0.004570312
-4.06000005e-009 -0.005664063
-4.04000005e-009  0.005078125
-4.02000005e-009 -0.005000001
-4.00000005e-009  0.004984375
-3.98000005e-009 -0.004984376
-3.96000005e-009  0.005601562
-3.94000005e-009 -0.005484376
-3.92000005e-009        0.005
-3.90000005e-009 -0.005460938
-3.88000005e-009  0.006945312
-3.86000005e-009 -0.004976563
-3.84000005e-009   0.00490625
-3.82000005e-009 -0.005710938
-3.80000005e-009  0.003367187
-3.78000005e-009 -0.006398438
-3.76000005e-009      0.00375
-3.74000005e-009 -0.007000001
-3.72000005e-009  0.003085937
-3.70000005e-009 -0.009000001
-3.68000005e-009  0.002640625
-3.66000005e-009 -0.009031251
-3.64000005e-009  0.002734375
-3.62000005e-009       -0.011
-3.60000005e-009 0.0002031247
-3.58000005e-009 -0.009023438
-3.56000005e-009  0.001015625
-3.54000005e-009  -0.01057813
-3.52000005e-009 0.0005781247
-3.50000005e-009  -0.01257031
-3.48000005e-009 -0.001867188
-3.46000005e-009   -0.0111875
-3.44000005e-009       -0.001
-3.42000005e-009       -0.011
-3.40000005e-009 -0.0006406254
-3.38000005e-009  -0.01257031
-3.36000004e-009 -0.003179688
-3.34000004e-009       -0.013
-3.32000004e-009 -0.002390625
-3.30000004e-009       -0.013
-3.28000004e-009 -0.001742188
-3.26000004e-009  -0.01284375
-3.24000004e-009 -0.004570313
-3.22000004e-009       -0.015
-3.20000004e-009 -0.004945313
-3.18000004e-009  -0.01416406
-3.16000004e-009 -0.004351563
-3.14000004e-009  -0.01485156
-3.12000004e-009 -0.005000001
-3.10000004e-009       -0.015
-3.08000004e-009 -0.005179688
-3.06000004e-009  -0.01451563
-3.04000004e-009 -0.006007813
-3.02000004e-009       -0.015
-3.00000004e-009 -0.006828126
-2.98000004e-009  -0.01460156
-2.96000004e-009 -0.004445313
-2.94000004e-009  -0.01478125
-2.92000004e-009 -0.005000001
-2.90000004e-009       -0.015
-2.88000004e-009 -0.002929688
-2.86000004e-009  -0.01475781
-2.84000004e-009 -0.006375001
-2.82000004e-009       -0.015
-2.80000004e-009 -0.005000001
-2.78000004e-009  -0.01349219
-2.76000004e-009 -0.002976563
-2.74000004e-009  -0.01514844
-2.72000004e-009 -0.004000001
-2.70000004e-009  -0.01375781
-2.68000004e-009 -0.004125001
-2.66000004e-009  -0.01492188
-2.64000004e-009 -0.005726563
-2.62000003e-009  -0.01570313
-2.60000003e-009       -0.003
-2.58000003e-009  -0.01339063
-2.56000003e-009 -0.003710938
-2.54000003e-009  -0.01303906
-2.52000003e-009 -0.005000001
-2.50000003e-009       -0.013
-2.48000003e-009 -0.0005859379
-2.46000003e-009  -0.01278906
-2.44000003e-009 -0.003968751
-2.42000003e-009  -0.01133594
-2.40000003e-009  -0.00240625
-2.38000003e-009  -0.01152344
-2.36000003e-009 -0.003226563
-2.34000003e-009  -0.01182031
-2.32000003e-009       -0.001
-2.30000003e-009  -0.01029688
-2.28000003e-009 -0.0009531254
-2.26000003e-009  -0.01100781
-2.24000003e-009 -0.0005312504
-2.22000003e-009       -0.011
-2.20000003e-009 0.0003124997
-2.18000003e-009  -0.01176563
-2.16000003e-009 -0.0002343754
-2.14000003e-009 -0.009664063
-2.12000003e-009     0.001875
-2.10000003e-009 -0.009000001
-2.08000003e-009  0.001335937
-2.06000003e-009 -0.009445313
-2.04000003e-009  0.001421875
-2.02000003e-009 -0.009000001
-2.00000003e-009  0.001007812
-1.98000003e-009 -0.009039063
-1.96000003e-009 0.0004921872
-1.94000003e-009 -0.008226563
-1.92000003e-009 0.0009999997
-1.90000003e-009 -0.009000001
-1.88000003e-009  0.001960937
-1.86000002e-009 -0.008453126
-1.84000002e-009  0.003546875
-1.82000002e-009 -0.007000001
-1.80000002e-009  0.002953125
-1.78000002e-009 -0.008554688
-1.76000002e-009  0.002992187
-1.74000002e-009 -0.007835938
-1.72000002e-009  0.001789062
-1.70000002e-009 -0.007257813
-1.68000002e-009  0.002984375
-1.66000002e-009 -0.006914063
-1.64000002e-009  0.003101562
-1.62000002e-009 -0.007000001
-1.60000002e-009        0.003
-1.58000002e-009 -0.009320313
-1.56000002e-009   0.00321875
-1.54000002e-009 -0.007000001
-1.52000002e-009  0.002789062
-1.50000002e-009 -0.007507813
-1.48000002e-009  0.004234375
-1.46000002e-009 -0.005773438
-1.44000002e-009  0.004757812
-1.42000002e-009 -0.007000001
-1.40000002e-009  0.004367187
-1.38000002e-009 -0.008601563
-1.36000002e-009  0.002898437
-1.34000002e-009 -0.006757813
-1.32000002e-009  0.001476562
-1.30000002e-009 -0.007000001
-1.28000002e-009  0.001328125
-1.26000002e-009 -0.007484376
-1.24000002e-009  0.002132812
-1.22000002e-009 -0.007000001
-1.20000002e-009  0.001976562
-1.18000002e-009 -0.007468751
-1.16000002e-009  0.001765625
-1.14000002e-009 -0.007132813
-1.12000001e-009        0.003
-1.10000001e-009 -0.007000001
-1.08000001e-009  0.002898437
-1.06000001e-009 -0.006859376
-1.04000001e-009 0.0005859372
-1.02000001e-009 -0.007179688
-1.00000001e-009       -0.001
-9.80000013e-010  -0.01071094
-9.60000013e-010  0.001445312
-9.40000013e-010  -0.01190625
-9.20000012e-010 -0.001007813
-9.00000012e-010       -0.011
-8.80000012e-010 -0.002726563
-8.60000011e-010  -0.01278906
-8.40000011e-010 -0.004359376
-8.20000011e-010       -0.015
-8.00000011e-010 -0.007000001
-7.8000001e-010  -0.02175781
-7.6000001e-010   -0.0136875
-7.4000001e-010  -0.03578125
-7.2000001e-010       -0.023
-7.00000009e-010       -0.053
-6.80000009e-010  -0.03941406
-6.60000009e-010    -0.079875
-6.40000009e-010  -0.06724219
-6.20000008e-010       -0.111
-6.00000008e-010  -0.09818751
-5.80000008e-010   -0.1381328
-5.60000007e-010   -0.1240781
-5.40000007e-010   -0.1556797
-5.20000007e-010       -0.145
-5.00000007e-010       -0.167
-4.80000006e-010   -0.1562656
-4.60000006e-010   -0.1687109
-4.40000006e-010   -0.1542422
-4.20000006e-010       -0.165
-4.00000005e-010   -0.1521094
-3.80000005e-010   -0.1630859
-3.60000005e-010   -0.1475391
-3.40000005e-010   -0.1585234
-3.20000004e-010   -0.1400078
-3.00000004e-010       -0.149
-2.80000004e-010   -0.1299844
-2.60000003e-010      -0.1425
-2.40000003e-010   -0.1150391
-2.20000003e-010       -0.127
-2.00000003e-010  -0.09721875
-1.80000002e-010   -0.1109219
-1.60000002e-010  -0.06839844
-1.40000002e-010  -0.08391407
-1.20000002e-010      -0.0345
-1.00000001e-010       -0.051
-8.00000011e-011 -0.002210938
-6.00000008e-011  -0.01929688
-4.00000005e-011   0.01520313
-2.00000003e-011        0.007
           0   0.02557031
2.00000003e-011    0.0166875
4.00000005e-011   0.02638281
6.00000008e-011   0.01578906
8.00000011e-011        0.025
1.00000001e-010   0.01104688
1.20000002e-010   0.02194531
1.40000002e-010   0.01001563
1.60000002e-010        0.021
1.80000002e-010        0.013
2.00000003e-010   0.02630469
2.20000003e-010   0.01655469
2.40000003e-010   0.02960156
2.60000003e-010   0.01927344
2.80000004e-010   0.03239063
3.00000004e-010        0.023
3.20000004e-010   0.03323438
3.40000005e-010   0.02067188
3.60000005e-010        0.031
3.80000005e-010    0.0209375
4.00000005e-010        0.031
4.20000006e-010   0.01777344
4.40000006e-010   0.03071875
4.60000006e-010   0.01653906
4.80000006e-010   0.02763281
5.00000007e-010        0.017
5.20000007e-010   0.02821875
5.40000007e-010   0.01638281
5.60000007e-010   0.02746875
5.80000008e-010   0.01791406
6.00000008e-010        0.027
6.20000008e-010   0.01677344
6.40000009e-010   0.02679688
6.60000009e-010   0.01519531
6.80000009e-010        0.025
7.00000009e-010   0.01380469
7.2000001e-010   0.02492969
7.4000001e-010   0.01365625
7.6000001e-010    0.0228125
7.8000001e-010   0.01211719
8.00000011e-010        0.025
8.20000011e-010   0.01335156
8.40000011e-010   0.02484375
8.60000011e-010        0.015
8.80000012e-010        0.025
9.00000012e-010   0.01689063
9.20000012e-010   0.02625781
9.40000013e-010   0.01642969
9.60000013e-010        0.027
9.80000013e-010   0.01714844
1.00000001e-009   0.02578906
1.02000001e-009   0.01542969
1.04000001e-009   0.02682031
1.06000001e-009     0.018375
1.08000001e-009        0.027
1.10000001e-009        0.019
1.12000001e-009   0.02939063
1.14000002e-009   0.01788281
1.16000002e-009   0.02907813
1.18000002e-009        0.019
1.20000002e-009        0.031
1.22000002e-009   0.02007813
1.24000002e-009   0.03054688
1.26000002e-009        0.019
1.28000002e-009        0.031
1.30000002e-009   0.02192969
1.32000002e-009   0.03201563
1.34000002e-009         0.02
1.36000002e-009     0.029375
1.38000002e-009   0.01909375
1.40000002e-009   0.02902344
1.42000002e-009   0.01819531
1.44000002e-009   0.02864844
1.46000002e-009   0.01877344
1.48000002e-009        0.029
1.50000002e-009        0.019
1.52000002e-009   0.02791406
1.54000002e-009    0.0165625
1.56000002e-009        0.025
1.58000002e-009        0.013
1.60000002e-009        0.025
1.62000002e-009   0.01497656
1.64000002e-009   0.02532813
1.66000002e-009   0.01489063
1.68000002e-009   0.02189844
1.70000002e-009      0.01325
1.72000002e-009   0.02301563
1.74000002e-009   0.01267969
1.76000002e-009   0.02402344
1.78000002e-009        0.013
1.80000002e-009        0.025
1.82000002e-009   0.01282031
1.84000002e-009   0.02274219
1.86000002e-009   0.01171094
1.88000003e-009   0.02197656
1.90000003e-009        0.011
1.92000003e-009   0.02246875
1.94000003e-009   0.01416406
1.96000003e-009    0.0231875
1.98000003e-009   0.01138281
2.00000003e-009   0.02585156
2.02000003e-009   0.01108594
2.04000003e-009   0.02236719
2.06000003e-009        0.013
2.08000003e-009        0.023
2.10000003e-009        0.013
2.12000003e-009    0.0228125
2.14000003e-009   0.01332031
2.16000003e-009        0.023
2.18000003e-009        0.013
2.20000003e-009   0.02491406
2.22000003e-009    0.0133125
2.24000003e-009   0.02289063
2.26000003e-009    0.0131875
2.28000003e-009        0.025
2.30000003e-009   0.01351563
2.32000003e-009       0.0235
2.34000003e-009   0.01326563
2.36000003e-009   0.02610156
2.38000003e-009   0.01366406
2.40000003e-009   0.02523438
2.42000003e-009   0.01222656
2.44000003e-009   0.02325781
2.46000003e-009     0.012875
2.48000003e-009        0.023
2.50000003e-009   0.01089844
2.52000003e-009   0.02249219
2.54000003e-009   0.01252344
2.56000003e-009   0.02146094
2.58000003e-009    0.0121875
2.60000003e-009   0.02302344
2.62000003e-009   0.01199219
2.64000004e-009   0.02090625
2.66000004e-009   0.01216406
2.68000004e-009        0.021
2.70000004e-009   0.01059375
2.72000004e-009   0.02164063
2.74000004e-009   0.00878125
2.76000004e-009   0.01985156
2.78000004e-009   0.01052344
2.80000004e-009        0.021
2.82000004e-009   0.01005469
2.84000004e-009   0.01999219
2.86000004e-009   0.01047656
2.88000004e-009        0.019
2.90000004e-009  0.009898438
2.92000004e-009   0.02038281
2.94000004e-009   0.00928125
2.96000004e-009   0.02069531
2.98000004e-009   0.01094531
3.00000004e-009        0.021
3.02000004e-009   0.01024219
3.04000004e-009   0.01933594
3.06000004e-009  0.009859375
3.08000004e-009   0.01933594
3.10000004e-009  0.009742188
3.12000004e-009   0.01917188
3.14000004e-009  0.007757813
3.16000004e-009   0.01950781
3.18000004e-009   0.01049219
3.20000004e-009        0.019
3.22000004e-009   0.01013281
3.24000004e-009   0.01965625
3.26000004e-009  0.008757813
3.28000004e-009    0.0194375
3.30000004e-009   0.00871875
3.32000004e-009   0.01913281
3.34000004e-009   0.00984375
3.36000004e-009   0.01714844
3.38000005e-009        0.007
3.40000005e-009        0.017
3.42000005e-009  0.007648438
3.44000005e-009   0.01592969
3.46000005e-009     0.006375
3.48000005e-009   0.01732031
3.50000005e-009  0.008046875
3.52000005e-009   0.01785938
3.54000005e-009  0.007070312
3.56000005e-009   0.01708594
3.58000005e-009        0.007
3.60000005e-009        0.017
3.62000005e-009   0.00821875
3.64000005e-009        0.017
3.66000005e-009  0.007992188
3.68000005e-009   0.01771875
3.70000005e-009  0.006328125
3.72000005e-009   0.01732813
3.74000005e-009  0.007414063
3.76000005e-009   0.01828125
3.78000005e-009   0.00684375
3.80000005e-009   0.01689063
3.82000005e-009  0.005945312
3.84000005e-009   0.01572656
3.86000005e-009        0.007
3.88000005e-009        0.017
3.90000005e-009        0.007
3.92000005e-009   0.01760156
3.94000005e-009  0.005710937
3.96000005e-009   0.01619531
3.98000005e-009        0.007
4.00000005e-009        0.017
4.02000005e-009  0.005226562
4.04000005e-009     0.015625
4.06000005e-009  0.005195312
4.08000005e-009        0.017
4.10000005e-009     0.006625
4.12000006e-009    0.0160625
4.14000006e-009  0.005109375
4.16000006e-009        0.017
4.18000006e-009  0.006734375
4.20000006e-009        0.015
4.22000006e-009  0.006023437
4.24000006e-009   0.01447656
4.26000006e-009  0.006296875
4.28000006e-009   0.01358594
4.30000006e-009  0.004765625
4.32000006e-009   0.01365625
4.34000006e-009  0.003578125
4.36000006e-009        0.013
4.38000006e-009        0.003
4.40000006e-009   0.01476563
4.42000006e-009  0.004390625
4.44000006e-009   0.01569531
4.46000006e-009        0.003
4.48000006e-009   0.01317188
4.50000006e-009  0.004210937
4.52000006e-009   0.01378125
4.54000006e-009      0.00275
4.56000006e-009   0.01326563
4.58000006e-009        0.003
4.60000006e-009   0.01371094
4.62000006e-009   0.00215625
4.64000006e-009   0.01363281
4.66000006e-009  0.003867187
4.68000006e-009        0.013
4.70000006e-009     0.004625
4.72000006e-009   0.01345313
4.74000006e-009  0.002507812
4.76000006e-009        0.013
4.78000006e-009        0.005
4.80000006e-009   0.01314844
4.82000006e-009  0.004132812
4.84000006e-009   0.01475781
4.86000006e-009  0.002546875
4.88000007e-009        0.013
4.90000007e-009   0.00340625
4.92000007e-009     0.013625
4.94000007e-009  0.001851562
4.96000007e-009        0.013
4.98000007e-009        0.003
5.00000007e-009        0.013
