-1.24500002e-009 -0.002835938
-1.24000002e-009 -0.002867188
-1.23500002e-009 -0.002867188
-1.23000002e-009 -0.002851563
-1.22500002e-009 -0.002835938
-1.22000002e-009     -0.00275
-1.21500002e-009 -0.002703125
-1.21000002e-009    -0.002625
-1.20500002e-009   -0.0025625
-1.20000002e-009 -0.002507813
-1.19500002e-009 -0.002453125
-1.19000002e-009 -0.002414063
-1.18500002e-009 -0.002429688
-1.18000002e-009 -0.002429688
-1.17500002e-009 -0.002445313
-1.17000002e-009 -0.002484375
-1.16500002e-009 -0.002546875
-1.16000002e-009 -0.002578125
-1.15500002e-009 -0.002648438
-1.15000002e-009 -0.002664063
-1.14500002e-009 -0.002742188
-1.14000002e-009 -0.002789063
-1.13500002e-009 -0.002835938
-1.13000002e-009 -0.002828125
-1.12500002e-009 -0.002851563
-1.12000001e-009 -0.002835938
-1.11500001e-009 -0.002828125
-1.11000001e-009   -0.0028125
-1.10500001e-009 -0.002796875
-1.10000001e-009   -0.0028125
-1.09500001e-009 -0.002804688
-1.09000001e-009 -0.002789063
-1.08500001e-009 -0.002828125
-1.08000001e-009 -0.002828125
-1.07500001e-009 -0.002867188
-1.07000001e-009 -0.002914063
-1.06500001e-009 -0.002929688
-1.06000001e-009 -0.002984375
-1.05500001e-009 -0.003054688
-1.05000001e-009  -0.00309375
-1.04500001e-009 -0.003117188
-1.04000001e-009 -0.003179688
-1.03500001e-009 -0.003203126
-1.03000001e-009 -0.003265626
-1.02500001e-009 -0.003296876
-1.02000001e-009 -0.003335938
-1.01500001e-009 -0.003390626
-1.01000001e-009 -0.003484376
-1.00500001e-009 -0.003578126
-1.00000001e-009 -0.003664063
-9.95000013e-010 -0.003796876
-9.90000013e-010 -0.003929688
-9.85000013e-010 -0.004054688
-9.80000013e-010 -0.004234376
-9.75000013e-010 -0.004367188
-9.70000013e-010 -0.004539063
-9.65000013e-010 -0.004726563
-9.60000013e-010 -0.004882813
-9.55000013e-010 -0.005039063
-9.50000013e-010 -0.005179688
-9.45000013e-010 -0.005320313
-9.40000013e-010 -0.005421876
-9.35000012e-010 -0.005507813
-9.30000012e-010 -0.005617188
-9.25000012e-010 -0.005679688
-9.20000012e-010 -0.005742188
-9.15000012e-010 -0.005812501
-9.10000012e-010 -0.005906251
-9.05000012e-010 -0.006015626
-9.00000012e-010 -0.006101563
-8.95000012e-010 -0.006226563
-8.90000012e-010 -0.006343751
-8.85000012e-010 -0.006539063
-8.80000012e-010 -0.006695313
-8.75000012e-010 -0.006914063
-8.70000012e-010 -0.007125001
-8.65000012e-010 -0.007343751
-8.60000011e-010 -0.007648438
-8.55000011e-010 -0.007945313
-8.50000011e-010 -0.008234376
-8.45000011e-010 -0.008554688
-8.40000011e-010 -0.008882813
-8.35000011e-010 -0.009203126
-8.30000011e-010 -0.009554688
-8.25000011e-010 -0.009976563
-8.20000011e-010    -0.010375
-8.15000011e-010  -0.01085938
-8.10000011e-010  -0.01132031
-8.05000011e-010    -0.011875
-8.00000011e-010  -0.01245313
-7.95000011e-010  -0.01303906
-7.90000011e-010  -0.01371094
-7.8500001e-010  -0.01440625
-7.8000001e-010  -0.01517188
-7.7500001e-010  -0.01600781
-7.7000001e-010  -0.01692188
-7.6500001e-010  -0.01792188
-7.6000001e-010  -0.01899219
-7.5500001e-010  -0.02017188
-7.5000001e-010  -0.02141406
-7.4500001e-010  -0.02274219
-7.4000001e-010  -0.02419531
-7.3500001e-010  -0.02572656
-7.3000001e-010  -0.02738281
-7.2500001e-010  -0.02915625
-7.2000001e-010  -0.03100781
-7.1500001e-010  -0.03303906
-7.10000009e-010  -0.03516406
-7.05000009e-010  -0.03739844
-7.00000009e-010  -0.03975781
-6.95000009e-010  -0.04224219
-6.90000009e-010  -0.04483594
-6.85000009e-010  -0.04753125
-6.80000009e-010  -0.05035157
-6.75000009e-010  -0.05329688
-6.70000009e-010  -0.05635938
-6.65000009e-010  -0.05952344
-6.60000009e-010  -0.06278907
-6.55000009e-010  -0.06620313
-6.50000009e-010   -0.0696875
-6.45000009e-010  -0.07324219
-6.40000009e-010  -0.07692188
-6.35000008e-010  -0.08065625
-6.30000008e-010  -0.08442969
-6.25000008e-010  -0.08826563
-6.20000008e-010  -0.09215625
-6.15000008e-010  -0.09601563
-6.10000008e-010  -0.09991407
-6.05000008e-010   -0.1037969
-6.00000008e-010   -0.1076328
-5.95000008e-010   -0.1114531
-5.90000008e-010   -0.1151406
-5.85000008e-010   -0.1187969
-5.80000008e-010   -0.1223203
-5.75000008e-010   -0.1257344
-5.70000008e-010   -0.1290938
-5.65000008e-010     -0.13225
-5.60000007e-010   -0.1352813
-5.55000007e-010   -0.1382188
-5.50000007e-010   -0.1409844
-5.45000007e-010   -0.1436328
-5.40000007e-010   -0.1460859
-5.35000007e-010   -0.1483984
-5.30000007e-010   -0.1505391
-5.25000007e-010   -0.1524766
-5.20000007e-010   -0.1542891
-5.15000007e-010   -0.1558984
-5.10000007e-010   -0.1573359
-5.05000007e-010   -0.1585859
-5.00000007e-010   -0.1596797
-4.95000007e-010   -0.1606016
-4.90000007e-010   -0.1614063
-4.85000006e-010   -0.1620078
-4.80000006e-010   -0.1624297
-4.75000006e-010   -0.1627578
-4.70000006e-010   -0.1629141
-4.65000006e-010   -0.1629297
-4.60000006e-010   -0.1629141
-4.55000006e-010   -0.1627656
-4.50000006e-010   -0.1625625
-4.45000006e-010   -0.1622969
-4.40000006e-010   -0.1620078
-4.35000006e-010   -0.1616406
-4.30000006e-010     -0.16125
-4.25000006e-010   -0.1608438
-4.20000006e-010   -0.1603984
-4.15000006e-010   -0.1599297
-4.10000005e-010   -0.1594609
-4.05000005e-010   -0.1589609
-4.00000005e-010   -0.1584375
-3.95000005e-010   -0.1579375
-3.90000005e-010   -0.1573672
-3.85000005e-010   -0.1568438
-3.80000005e-010     -0.15625
-3.75000005e-010   -0.1555859
-3.70000005e-010   -0.1549531
-3.65000005e-010   -0.1542578
-3.60000005e-010   -0.1535781
-3.55000005e-010   -0.1528516
-3.50000005e-010   -0.1520859
-3.45000005e-010   -0.1513359
-3.40000005e-010   -0.1505781
-3.35000004e-010   -0.1497813
-3.30000004e-010   -0.1489844
-3.25000004e-010   -0.1481563
-3.20000004e-010   -0.1473125
-3.15000004e-010   -0.1464453
-3.10000004e-010   -0.1455391
-3.05000004e-010   -0.1445625
-3.00000004e-010   -0.1436406
-2.95000004e-010   -0.1426641
-2.90000004e-010   -0.1416719
-2.85000004e-010   -0.1406172
-2.80000004e-010   -0.1395156
-2.75000004e-010   -0.1383281
-2.70000004e-010   -0.1371328
-2.65000004e-010   -0.1358438
-2.60000003e-010   -0.1345156
-2.55000003e-010   -0.1330859
-2.50000003e-010   -0.1316016
-2.45000003e-010   -0.1300234
-2.40000003e-010    -0.128375
-2.35000003e-010   -0.1266563
-2.30000003e-010   -0.1248359
-2.25000003e-010   -0.1229063
-2.20000003e-010   -0.1208906
-2.15000003e-010   -0.1187266
-2.10000003e-010   -0.1164453
-2.05000003e-010   -0.1140625
-2.00000003e-010   -0.1115781
-1.95000003e-010   -0.1089531
-1.90000003e-010   -0.1062109
-1.85000002e-010   -0.1033672
-1.80000002e-010   -0.1003594
-1.75000002e-010  -0.09723438
-1.70000002e-010  -0.09400782
-1.65000002e-010  -0.09064844
-1.60000002e-010    -0.087125
-1.55000002e-010  -0.08354688
-1.50000002e-010  -0.07982032
-1.45000002e-010  -0.07596875
-1.40000002e-010  -0.07205469
-1.35000002e-010  -0.06803907
-1.30000002e-010  -0.06394532
-1.25000002e-010  -0.05977344
-1.20000002e-010  -0.05557032
-1.15000002e-010  -0.05133594
-1.10000001e-010  -0.04708594
-1.05000001e-010  -0.04282813
-1.00000001e-010  -0.03860938
-9.50000013e-011  -0.03442969
-9.00000012e-011  -0.03032813
-8.50000011e-011  -0.02630469
-8.00000011e-011  -0.02238281
-7.5000001e-011  -0.01857813
-7.00000009e-011  -0.01494531
-6.50000009e-011  -0.01145313
-6.00000008e-011 -0.008093751
-5.50000007e-011 -0.004937501
-5.00000007e-011 -0.001921875
-4.50000006e-011 0.0008984372
-4.00000005e-011  0.003554687
-3.50000005e-011        0.006
-3.00000004e-011    0.0083125
-2.50000003e-011   0.01040625
-2.00000003e-011    0.0123125
-1.50000002e-011   0.01402344
-1.00000001e-011   0.01559375
-5.00000007e-012   0.01696094
           0   0.01816406
5.00000007e-012   0.01920313
1.00000001e-011   0.02009375
1.50000002e-011    0.0208125
2.00000003e-011   0.02136719
2.50000003e-011   0.02177344
3.00000004e-011   0.02201563
3.50000005e-011   0.02219531
4.00000005e-011   0.02216406
4.50000006e-011   0.02214844
5.00000007e-011   0.02195313
5.50000007e-011   0.02174219
6.00000008e-011   0.02146094
6.50000009e-011   0.02107813
7.00000009e-011   0.02064844
7.5000001e-011   0.02020313
8.00000011e-011   0.01974219
8.50000011e-011      0.01925
9.00000012e-011      0.01875
9.50000013e-011   0.01824219
1.00000001e-010   0.01778125
1.05000001e-010    0.0173125
1.10000001e-010     0.016875
1.15000002e-010   0.01653906
1.20000002e-010   0.01620313
1.25000002e-010   0.01595313
1.30000002e-010   0.01572656
1.35000002e-010   0.01558594
1.40000002e-010   0.01552344
1.45000002e-010   0.01553906
1.50000002e-010   0.01564063
1.55000002e-010   0.01582813
1.60000002e-010   0.01610938
1.65000002e-010   0.01642969
1.70000002e-010   0.01685156
1.75000002e-010   0.01726563
1.80000002e-010   0.01776563
1.85000002e-010   0.01835156
1.90000003e-010   0.01891406
1.95000003e-010   0.01948438
2.00000003e-010     0.020125
2.05000003e-010   0.02072656
2.10000003e-010   0.02138281
2.15000003e-010   0.02200781
2.20000003e-010    0.0225625
2.25000003e-010   0.02317188
2.30000003e-010   0.02373438
2.35000003e-010   0.02428906
2.40000003e-010   0.02477344
2.45000003e-010   0.02532813
2.50000003e-010   0.02576563
2.55000003e-010   0.02619531
2.60000003e-010   0.02664844
2.65000004e-010   0.02698438
2.70000004e-010   0.02732031
2.75000004e-010   0.02764063
2.80000004e-010   0.02785156
2.85000004e-010   0.02804688
2.90000004e-010   0.02819531
2.95000004e-010   0.02828906
3.00000004e-010   0.02832813
3.05000004e-010   0.02827344
3.10000004e-010   0.02823438
3.15000004e-010   0.02810156
3.20000004e-010   0.02794531
3.25000004e-010   0.02774219
3.30000004e-010   0.02750781
3.35000004e-010   0.02724219
3.40000005e-010   0.02697656
3.45000005e-010   0.02667969
3.50000005e-010   0.02636719
3.55000005e-010   0.02608594
3.60000005e-010   0.02579688
3.65000005e-010       0.0255
3.70000005e-010   0.02526563
3.75000005e-010   0.02501563
3.80000005e-010   0.02479688
3.85000005e-010   0.02457813
3.90000005e-010   0.02441406
3.95000005e-010   0.02427344
4.00000005e-010   0.02410938
4.05000005e-010   0.02397656
4.10000005e-010   0.02383594
4.15000006e-010   0.02370313
4.20000006e-010   0.02358594
4.25000006e-010   0.02345313
4.30000006e-010   0.02330469
4.35000006e-010    0.0231875
4.40000006e-010   0.02303906
4.45000006e-010   0.02288281
4.50000006e-010   0.02271875
4.55000006e-010   0.02257031
4.60000006e-010   0.02241406
4.65000006e-010   0.02228125
4.70000006e-010   0.02215625
4.75000006e-010   0.02201563
4.80000006e-010   0.02194531
4.85000006e-010   0.02185938
4.90000007e-010   0.02177344
4.95000007e-010   0.02171094
5.00000007e-010   0.02171875
5.05000007e-010   0.02171094
5.10000007e-010   0.02167969
5.15000007e-010   0.02171875
5.20000007e-010   0.02171094
5.25000007e-010      0.02175
5.30000007e-010   0.02178906
5.35000007e-010   0.02184375
5.40000007e-010   0.02189063
5.45000007e-010   0.02191406
5.50000007e-010   0.02196094
5.55000007e-010   0.02200781
5.60000007e-010   0.02205469
5.65000008e-010   0.02211719
5.70000008e-010   0.02216406
5.75000008e-010   0.02219531
5.80000008e-010      0.02225
5.85000008e-010   0.02225781
5.90000008e-010   0.02232813
5.95000008e-010   0.02232813
6.00000008e-010   0.02235156
6.05000008e-010   0.02234375
6.10000008e-010   0.02235156
6.15000008e-010    0.0223125
6.20000008e-010   0.02228906
6.25000008e-010   0.02217969
6.30000008e-010   0.02213281
6.35000008e-010   0.02203125
6.40000009e-010   0.02190625
6.45000009e-010      0.02175
6.50000009e-010   0.02157031
6.55000009e-010   0.02139063
6.60000009e-010   0.02121094
6.65000009e-010   0.02103906
6.70000009e-010   0.02083594
6.75000009e-010   0.02060156
6.80000009e-010   0.02038281
6.85000009e-010   0.02020313
6.90000009e-010   0.01999219
6.95000009e-010   0.01984375
7.00000009e-010   0.01966406
7.05000009e-010   0.01949219
7.10000009e-010   0.01940625
7.1500001e-010   0.01923438
7.2000001e-010   0.01909375
7.2500001e-010        0.019
7.3000001e-010   0.01885938
7.3500001e-010      0.01875
7.4000001e-010   0.01864063
7.4500001e-010   0.01850781
7.5000001e-010   0.01841406
7.5500001e-010   0.01833594
7.6000001e-010   0.01824219
7.6500001e-010   0.01815625
7.7000001e-010   0.01810156
7.7500001e-010   0.01802344
7.8000001e-010   0.01797656
7.8500001e-010   0.01800781
7.90000011e-010   0.01800781
7.95000011e-010   0.01805469
8.00000011e-010   0.01810938
8.05000011e-010   0.01822656
8.10000011e-010   0.01835156
8.15000011e-010   0.01846875
8.20000011e-010   0.01866406
8.25000011e-010   0.01883594
8.30000011e-010   0.01902344
8.35000011e-010   0.01921875
8.40000011e-010   0.01938281
8.45000011e-010   0.01952344
8.50000011e-010   0.01971094
8.55000011e-010   0.01982813
8.60000011e-010   0.01992969
8.65000012e-010   0.02003125
8.70000012e-010   0.02016406
8.75000012e-010    0.0201875
8.80000012e-010      0.02025
8.85000012e-010   0.02032031
8.90000012e-010     0.020375
8.95000012e-010    0.0204375
9.00000012e-010   0.02047656
9.05000012e-010   0.02053125
9.10000012e-010   0.02059375
9.15000012e-010   0.02069531
9.20000012e-010   0.02078906
9.25000012e-010   0.02088281
9.30000012e-010   0.02098438
9.35000012e-010   0.02107813
9.40000013e-010   0.02115625
9.45000013e-010   0.02125781
9.50000013e-010   0.02132813
9.55000013e-010   0.02140625
9.60000013e-010    0.0214375
9.65000013e-010       0.0215
9.70000013e-010   0.02154688
9.75000013e-010   0.02154688
9.80000013e-010    0.0215625
9.85000013e-010   0.02157813
9.90000013e-010   0.02154688
9.95000013e-010   0.02152344
1.00000001e-009   0.02154688
1.00500001e-009   0.02155469
1.01000001e-009    0.0215625
1.01500001e-009   0.02157813
1.02000001e-009   0.02160156
1.02500001e-009   0.02164844
1.03000001e-009   0.02171875
1.03500001e-009   0.02178906
1.04000001e-009   0.02186719
1.04500001e-009   0.02194531
1.05000001e-009   0.02204688
1.05500001e-009   0.02214844
1.06000001e-009   0.02226563
1.06500001e-009   0.02235938
1.07000001e-009   0.02248438
1.07500001e-009   0.02258594
1.08000001e-009   0.02271094
1.08500001e-009   0.02282031
1.09000001e-009   0.02291406
1.09500001e-009   0.02300781
1.10000001e-009     0.023125
1.10500001e-009   0.02319531
1.11000001e-009   0.02329688
1.11500001e-009   0.02339063
1.12000001e-009   0.02348438
1.12500002e-009   0.02358594
1.13000002e-009   0.02370313
1.13500002e-009   0.02376563
1.14000002e-009     0.023875
1.14500002e-009        0.024
1.15000002e-009   0.02407031
1.15500002e-009   0.02416406
1.16000002e-009   0.02422656
1.16500002e-009   0.02434375
1.17000002e-009   0.02441406
1.17500002e-009   0.02448438
1.18000002e-009   0.02455469
1.18500002e-009   0.02466406
1.19000002e-009   0.02475781
1.19500002e-009   0.02484375
1.20000002e-009   0.02491406
1.20500002e-009        0.025
1.21000002e-009   0.02511719
1.21500002e-009   0.02522656
1.22000002e-009   0.02535156
1.22500002e-009    0.0254375
1.23000002e-009   0.02557813
1.23500002e-009   0.02572656
1.24000002e-009   0.02585938
1.24500002e-009   0.02596875
1.25000002e-009   0.02605469
