+3.00000000000E+005  -7.83310617783E+001
+7.79850000000E+006  -8.22966254762E+001
+1.52970000000E+007  -8.27424135401E+001
+2.27955000000E+007  -7.03190558198E+001
+3.02940000000E+007  -8.92515901121E+001
+3.77925000000E+007  -8.09670049598E+001
+4.52910000000E+007  -7.68181473548E+001
+5.27895000000E+007  -7.35385407863E+001
+6.02880000000E+007  -8.14213273642E+001
+6.77865000000E+007  -7.02736622453E+001
+7.52850000000E+007  -6.68809758782E+001
+8.27835000000E+007  -6.80339868999E+001
+9.02820000000E+007  -7.40168946563E+001
+9.77805000000E+007  -7.19615182962E+001
+1.05279000000E+008  -7.33150603504E+001
+1.12777500000E+008  -6.09789977238E+001
+1.20276000000E+008  -6.21955895141E+001
+1.27774500000E+008  -7.39933757304E+001
+1.35273000000E+008  -7.25696467304E+001
+1.42771500000E+008  -7.26268289302E+001
+1.50270000000E+008  -6.31531323447E+001
+1.57768500000E+008  -5.79469008041E+001
+1.65267000000E+008  -6.60934413688E+001
+1.72765500000E+008  -6.84772512955E+001
+1.80264000000E+008  -5.66537406029E+001
+1.87762500000E+008  -5.15233253077E+001
+1.95261000000E+008  -5.60362932435E+001
+2.02759500000E+008  -6.51595491964E+001
+2.10258000000E+008  -5.98324834727E+001
+2.17756500000E+008  -6.75435999700E+001
+2.25255000000E+008  -5.88443422035E+001
+2.32753500000E+008  -6.75897305024E+001
+2.40252000000E+008  -6.73300967254E+001
+2.47750500000E+008  -6.92088475278E+001
+2.55249000000E+008  -5.71613884327E+001
+2.62747500000E+008  -5.75026728076E+001
+2.70246000000E+008  -7.15171008843E+001
+2.77744500000E+008  -5.81109464095E+001
+2.85243000000E+008  -5.78644284220E+001
+2.92741500000E+008  -5.98411439560E+001
+3.00240000000E+008  -5.49306023171E+001
+3.07738500000E+008  -5.59888073189E+001
+3.15237000000E+008  -6.91121193366E+001
+3.22735500000E+008  -6.65073921839E+001
+3.30234000000E+008  -6.79135109001E+001
+3.37732500000E+008  -6.25582222978E+001
+3.45231000000E+008  -5.96332929879E+001
+3.52729500000E+008  -5.52250652311E+001
+3.60228000000E+008  -5.89109986961E+001
+3.67726500000E+008  -7.63479031988E+001
+3.75225000000E+008  -5.39744421641E+001
+3.82723500000E+008  -6.51500523886E+001
+3.90222000000E+008  -5.82383618538E+001
+3.97720500000E+008  -6.82590384610E+001
+4.05219000000E+008  -7.45257468504E+001
+4.12717500000E+008  -5.71861665172E+001
+4.20216000000E+008  -5.99341110857E+001
+4.27714500000E+008  -5.75859176856E+001
+4.35213000000E+008  -6.55685533504E+001
+4.42711500000E+008  -5.86881555260E+001
+4.50210000000E+008  -6.88628492372E+001
+4.57708500000E+008  -6.54140013823E+001
+4.65207000000E+008  -5.90266958726E+001
+4.72705500000E+008  -6.31268362014E+001
+4.80204000000E+008  -5.75678245096E+001
+4.87702500000E+008  -6.05302030201E+001
+4.95201000000E+008  -6.33774009559E+001
+5.02699500000E+008  -6.66724973989E+001
+5.10198000000E+008  -6.95812255502E+001
+5.17696500000E+008  -6.09566153323E+001
+5.25195000000E+008  -7.04010284590E+001
+5.32693500000E+008  -5.99097751925E+001
+5.40192000000E+008  -5.83809130034E+001
+5.47690500000E+008  -6.68584283358E+001
+5.55189000000E+008  -7.93355905903E+001
+5.62687500000E+008  -6.09469697983E+001
+5.70186000000E+008  -6.01109995763E+001
+5.77684500000E+008  -6.47116637106E+001
+5.85183000000E+008  -5.35438212188E+001
+5.92681500000E+008  -6.85998486038E+001
+6.00180000000E+008  -5.69285131308E+001
+6.07678500000E+008  -5.96920510760E+001
+6.15177000000E+008  -7.23314269810E+001
+6.22675500000E+008  -5.24517813613E+001
+6.30174000000E+008  -5.78578676609E+001
+6.37672500000E+008  -6.05722469577E+001
+6.45171000000E+008  -7.29012757472E+001
+6.52669500000E+008  -6.55899301213E+001
+6.60168000000E+008  -5.57806000409E+001
+6.67666500000E+008  -5.38963725341E+001
+6.75165000000E+008  -6.68510970108E+001
+6.82663500000E+008  -6.41432464812E+001
+6.90162000000E+008  -6.05142597713E+001
+6.97660500000E+008  -5.96361998367E+001
+7.05159000000E+008  -7.53172755797E+001
+7.12657500000E+008  -6.13418540990E+001
+7.20156000000E+008  -5.75483703486E+001
+7.27654500000E+008  -5.63675521886E+001
+7.35153000000E+008  -6.13282037175E+001
+7.42651500000E+008  -5.93972329354E+001
+7.50150000000E+008  -6.05287904168E+001
+7.57648500000E+008  -6.53484504753E+001
+7.65147000000E+008  -6.69141312434E+001
+7.72645500000E+008  -6.33872893875E+001
+7.80144000000E+008  -6.13914319236E+001
+7.87642500000E+008  -5.91814044817E+001
+7.95141000000E+008  -6.81668659921E+001
+8.02639500000E+008  -6.13071054615E+001
+8.10138000000E+008  -5.99692424691E+001
+8.17636500000E+008  -6.56967229176E+001
+8.25135000000E+008  -6.36679128003E+001
+8.32633500000E+008  -7.00883182630E+001
+8.40132000000E+008  -6.83538755727E+001
+8.47630500000E+008  -6.59955651906E+001
+8.55129000000E+008  -5.93101884613E+001
+8.62627500000E+008  -5.88812327689E+001
+8.70126000000E+008  -6.60993606767E+001
+8.77624500000E+008  -6.76776788672E+001
+8.85123000000E+008  -6.33290922327E+001
+8.92621500000E+008  -6.12880550289E+001
+9.00120000000E+008  -6.12274794871E+001
+9.07618500000E+008  -6.27938914245E+001
+9.15117000000E+008  -6.71577799299E+001
+9.22615500000E+008  -6.21720226565E+001
+9.30114000000E+008  -6.61110122198E+001
+9.37612500000E+008  -7.67794425284E+001
+9.45111000000E+008  -6.03006087772E+001
+9.52609500000E+008  -8.42403099619E+001
+9.60108000000E+008  -7.04588851577E+001
+9.67606500000E+008  -6.71402275405E+001
+9.75105000000E+008  -5.99376283306E+001
+9.82603500000E+008  -6.75441918817E+001
+9.90102000000E+008  -6.32898565386E+001
+9.97600500000E+008  -8.01949979685E+001
+1.00509900000E+009  -6.42458028458E+001
+1.01259750000E+009  -6.13036968600E+001
+1.02009600000E+009  -6.90850103828E+001
+1.02759450000E+009  -7.64089573957E+001
+1.03509300000E+009  -6.57676674155E+001
+1.04259150000E+009  -7.00213618234E+001
+1.05009000000E+009  -6.87853430499E+001
+1.05758850000E+009  -6.38296212750E+001
+1.06508700000E+009  -6.84516609635E+001
+1.07258550000E+009  -6.57202026430E+001
+1.08008400000E+009  -6.46711930019E+001
+1.08758250000E+009  -9.12517778612E+001
+1.09508100000E+009  -6.52785001065E+001
+1.10257950000E+009  -6.63053279888E+001
+1.11007800000E+009  -6.86809427864E+001
+1.11757650000E+009  -7.04405435052E+001
+1.12507500000E+009  -7.24256966579E+001
+1.13257350000E+009  -7.05428303076E+001
+1.14007200000E+009  -8.47822002471E+001
+1.14757050000E+009  -6.42666156400E+001
+1.15506900000E+009  -6.95498275996E+001
+1.16256750000E+009  -6.32434678294E+001
+1.17006600000E+009  -7.42422433222E+001
+1.17756450000E+009  -7.01411192714E+001
+1.18506300000E+009  -7.73340200562E+001
+1.19256150000E+009  -6.28031545331E+001
+1.20006000000E+009  -6.94388513116E+001
+1.20755850000E+009  -6.67238984849E+001
+1.21505700000E+009  -6.83706626064E+001
+1.22255550000E+009  -6.41059069724E+001
+1.23005400000E+009  -6.41375701529E+001
+1.23755250000E+009  -6.54724213630E+001
+1.24505100000E+009  -7.23880155598E+001
+1.25254950000E+009  -6.94599080431E+001
+1.26004800000E+009  -6.45636791196E+001
+1.26754650000E+009  -7.36054977095E+001
+1.27504500000E+009  -6.84469801484E+001
+1.28254350000E+009  -6.71359643765E+001
+1.29004200000E+009  -6.53096658485E+001
+1.29754050000E+009  -6.46998019050E+001
+1.30503900000E+009  -7.29728744177E+001
+1.31253750000E+009  -7.52750550642E+001
+1.32003600000E+009  -7.75787217067E+001
+1.32753450000E+009  -6.83618273955E+001
+1.33503300000E+009  -6.55002692696E+001
+1.34253150000E+009  -6.99673802401E+001
+1.35003000000E+009  -6.82913666601E+001
+1.35752850000E+009  -6.57617124699E+001
+1.36502700000E+009  -8.74870698156E+001
+1.37252550000E+009  -6.89970918560E+001
+1.38002400000E+009  -7.73185983178E+001
+1.38752250000E+009  -7.12813122023E+001
+1.39502100000E+009  -7.49753117864E+001
+1.40251950000E+009  -7.36664323415E+001
+1.41001800000E+009  -8.50628449980E+001
+1.41751650000E+009  -7.35750595845E+001
+1.42501500000E+009  -6.37902044049E+001
+1.43251350000E+009  -7.53835141232E+001
+1.44001200000E+009  -7.33950040521E+001
+1.44751050000E+009  -6.92322086456E+001
+1.45500900000E+009  -7.32479107991E+001
+1.46250750000E+009  -6.94224958343E+001
+1.47000600000E+009  -7.03941730321E+001
+1.47750450000E+009  -7.52206482920E+001
+1.48500300000E+009  -8.10578031870E+001
+1.49250150000E+009  -7.67942470564E+001
+1.50000000000E+009  -7.01736529234E+001
