-2.49000003e-009  -0.01207813
-2.48000003e-009 -0.002359375
-2.47000003e-009  -0.01249219
-2.46000003e-009  -0.00278125
-2.45000003e-009  -0.01303125
-2.44000003e-009   -0.0010625
-2.43000003e-009  -0.01245313
-2.42000003e-009 -0.001929688
-2.41000003e-009       -0.013
-2.40000003e-009 -0.002617188
-2.39000003e-009  -0.01103125
-2.38000003e-009       -0.001
-2.37000003e-009  -0.01070313
-2.36000003e-009 -0.0003281254
-2.35000003e-009       -0.011
-2.34000003e-009 -0.0008359379
-2.33000003e-009  -0.01258594
-2.32000003e-009 -0.001828125
-2.31000003e-009       -0.013
-2.30000003e-009 -0.002226563
-2.29000003e-009  -0.01036719
-2.28000003e-009       -0.001
-2.27000003e-009  -0.01092188
-2.26000003e-009 -0.0008515629
-2.25000003e-009 -0.009609376
-2.24000003e-009 0.0003437497
-2.23000003e-009 -0.008789063
-2.22000003e-009 0.0002968747
-2.21000003e-009 -0.009242188
-2.20000003e-009 0.0003203122
-2.19000003e-009 -0.009343751
-2.18000003e-009 0.0009999997
-2.17000003e-009 -0.008718751
-2.16000003e-009 6.249965e-005
-2.15000003e-009 -0.009640626
-2.14000003e-009 0.0008906247
-2.13000003e-009 -0.009101563
-2.12000003e-009 0.0009999997
-2.11000003e-009 -0.009414063
-2.10000003e-009  0.003296875
-2.09000003e-009 -0.008718751
-2.08000003e-009   0.00203125
-2.07000003e-009 -0.007484376
-2.06000003e-009 0.0009999997
-2.05000003e-009 -0.008585938
-2.04000003e-009     0.002375
-2.03000003e-009 -0.009000001
-2.02000003e-009      0.00275
-2.01000003e-009 -0.007265626
-2.00000003e-009  0.001414062
-1.99000003e-009 -0.007000001
-1.98000003e-009  0.003140625
-1.97000003e-009 -0.007414063
-1.96000003e-009        0.003
-1.95000003e-009 -0.007000001
-1.94000003e-009       0.0015
-1.93000003e-009 -0.006398438
-1.92000003e-009  0.002429687
-1.91000003e-009 -0.007000001
-1.90000003e-009        0.003
-1.89000003e-009 -0.007570313
-1.88000003e-009  0.002351562
-1.87000002e-009 -0.009648438
-1.86000002e-009  0.002679687
-1.85000002e-009 -0.009000001
-1.84000002e-009  0.003273437
-1.83000002e-009 -0.007000001
-1.82000002e-009        0.003
-1.81000002e-009 -0.009000001
-1.80000002e-009  0.002726562
-1.79000002e-009 -0.006953126
-1.78000002e-009        0.003
-1.77000002e-009 -0.007000001
-1.76000002e-009  0.004367187
-1.75000002e-009 -0.007125001
-1.74000002e-009  0.003890625
-1.73000002e-009 -0.007000001
-1.72000002e-009  0.003773437
-1.71000002e-009 -0.006484376
-1.70000002e-009  0.003789062
-1.69000002e-009 -0.007164063
-1.68000002e-009  0.004515625
-1.67000002e-009 -0.006414063
-1.66000002e-009   0.00403125
-1.65000002e-009 -0.006546876
-1.64000002e-009  0.003710937
-1.63000002e-009 -0.005117188
-1.62000002e-009    0.0033125
-1.61000002e-009 -0.005515626
-1.60000002e-009  0.002882812
-1.59000002e-009 -0.007281251
-1.58000002e-009  0.002632812
-1.57000002e-009 -0.007000001
-1.56000002e-009        0.003
-1.55000002e-009 -0.007179688
-1.54000002e-009        0.005
-1.53000002e-009 -0.006218751
-1.52000002e-009   0.00403125
-1.51000002e-009 -0.007289063
-1.50000002e-009        0.005
-1.49000002e-009 -0.006640626
-1.48000002e-009   0.00346875
-1.47000002e-009 -0.007000001
-1.46000002e-009   0.00359375
-1.45000002e-009 -0.007117188
-1.44000002e-009        0.005
-1.43000002e-009 -0.007007813
-1.42000002e-009  0.003265625
-1.41000002e-009 -0.005984376
-1.40000002e-009     0.003375
-1.39000002e-009 -0.006148438
-1.38000002e-009   0.00321875
-1.37000002e-009 -0.006179688
-1.36000002e-009        0.005
-1.35000002e-009 -0.007000001
-1.34000002e-009  0.004976562
-1.33000002e-009 -0.005117188
-1.32000002e-009  0.003703125
-1.31000002e-009 -0.006500001
-1.30000002e-009  0.003703125
-1.29000002e-009 -0.007109376
-1.28000002e-009  0.003132812
-1.27000002e-009 -0.007000001
-1.26000002e-009  0.002351562
-1.25000002e-009 -0.008773438
-1.24000002e-009      0.00125
-1.23000002e-009 -0.008414063
-1.22000002e-009  0.001773437
-1.21000002e-009 -0.007203126
-1.20000002e-009  0.001609375
-1.19000002e-009 -0.007000001
-1.18000002e-009    0.0010625
-1.17000002e-009 -0.007000001
-1.16000002e-009        0.003
-1.15000002e-009 -0.007843751
-1.14000002e-009  0.002710937
-1.13000002e-009 -0.007398438
-1.12000001e-009  0.002257812
-1.11000001e-009 -0.006757813
-1.10000001e-009        0.003
-1.09000001e-009 -0.007890626
-1.08000001e-009        0.003
-1.07000001e-009 -0.008351563
-1.06000001e-009        0.003
-1.05000001e-009 -0.008398438
-1.04000001e-009    0.0029375
-1.03000001e-009 -0.008765626
-1.02000001e-009   0.00134375
-1.01000001e-009 -0.007265626
-1.00000001e-009  0.001070312
-9.90000013e-010 -0.008601563
-9.80000013e-010 0.0003593747
-9.70000013e-010 -0.009156251
-9.60000013e-010 8.593715e-005
-9.50000013e-010 -0.009000001
-9.40000013e-010 0.0009999997
-9.30000012e-010 -0.009351563
-9.20000012e-010 -0.0007968754
-9.10000012e-010       -0.011
-9.00000012e-010 -0.0007031254
-8.90000012e-010  -0.01278125
-8.80000012e-010       -0.001
-8.70000012e-010       -0.013
-8.60000011e-010 -0.003132813
-8.50000011e-010  -0.01475781
-8.40000011e-010 -0.005000001
-8.30000011e-010  -0.01684375
-8.20000011e-010 -0.005000001
-8.10000011e-010       -0.017
-8.00000011e-010 -0.007000001
-7.90000011e-010  -0.02101563
-7.8000001e-010  -0.01225781
-7.7000001e-010  -0.02671875
-7.6000001e-010  -0.01360156
-7.5000001e-010  -0.03203906
-7.4000001e-010  -0.01834375
-7.3000001e-010  -0.03963281
-7.2000001e-010  -0.02795313
-7.10000009e-010       -0.051
-7.00000009e-010  -0.03883594
-6.90000009e-010  -0.06646094
-6.80000009e-010  -0.05165625
-6.70000009e-010  -0.08196875
-6.60000009e-010       -0.065
-6.50000009e-010  -0.09552344
-6.40000009e-010       -0.081
-6.30000008e-010       -0.111
-6.20000008e-010  -0.09579688
-6.10000008e-010   -0.1268203
-6.00000008e-010   -0.1095547
-5.90000008e-010   -0.1398906
-5.80000008e-010   -0.1231406
-5.70000008e-010   -0.1504063
-5.60000007e-010   -0.1369375
-5.50000007e-010   -0.1583828
-5.40000007e-010   -0.1443594
-5.30000007e-010       -0.165
-5.20000007e-010   -0.1493203
-5.10000007e-010       -0.165
-5.00000007e-010   -0.1557422
-4.90000007e-010   -0.1654219
-4.80000006e-010       -0.155
-4.70000006e-010       -0.169
-4.60000006e-010   -0.1550391
-4.50000006e-010   -0.1670625
-4.40000006e-010       -0.153
-4.30000006e-010   -0.1655938
-4.20000006e-010   -0.1502031
-4.10000005e-010       -0.163
-4.00000005e-010   -0.1506875
-3.90000005e-010   -0.1606094
-3.80000005e-010   -0.1485156
-3.70000005e-010   -0.1583594
-3.60000005e-010   -0.1449766
-3.50000005e-010   -0.1549297
-3.40000005e-010   -0.1401406
-3.30000004e-010       -0.151
-3.20000004e-010   -0.1376484
-3.10000004e-010       -0.147
-3.00000004e-010   -0.1329766
-2.90000004e-010       -0.143
-2.80000004e-010       -0.129
-2.70000004e-010   -0.1374922
-2.60000003e-010   -0.1225469
-2.50000003e-010       -0.133
-2.40000003e-010       -0.115
-2.30000003e-010       -0.125
-2.20000003e-010   -0.1041484
-2.10000003e-010   -0.1152656
-2.00000003e-010  -0.09147657
-1.90000003e-010   -0.1041016
-1.80000002e-010  -0.07816407
-1.70000002e-010  -0.09350782
-1.60000002e-010       -0.059
-1.50000002e-010       -0.079
-1.40000002e-010  -0.04075781
-1.30000002e-010  -0.06285157
-1.20000002e-010  -0.02438281
-1.10000001e-010  -0.04447656
-1.00000001e-010 -0.009000001
-9.00000012e-011  -0.02599219
-8.00000011e-011        0.003
-7.00000009e-011 -0.008828126
-6.00000008e-011   0.01178906
-5.00000007e-011        0.003
-4.00000005e-011        0.019
-3.00000004e-011   0.01021094
-2.00000003e-011    0.0243125
-1.00000001e-011   0.01588281
           0        0.029
1.00000001e-011        0.017
2.00000003e-011   0.02882031
3.00000004e-011   0.01646094
4.00000005e-011        0.029
5.00000007e-011   0.01577344
6.00000008e-011   0.02599219
7.00000009e-011   0.01303906
8.00000011e-011   0.02296875
9.00000012e-011   0.01067969
1.00000001e-010   0.02220313
1.10000001e-010        0.011
1.20000002e-010        0.023
1.30000002e-010   0.01172656
1.40000002e-010   0.02180469
1.50000002e-010   0.01425781
1.60000002e-010        0.025
1.70000002e-010   0.01557031
1.80000002e-010   0.02877344
1.90000003e-010   0.01765625
2.00000003e-010   0.02944531
2.10000003e-010   0.02042969
2.20000003e-010        0.033
2.30000003e-010    0.0219375
2.40000003e-010        0.035
2.50000003e-010   0.02427344
2.60000003e-010        0.035
2.70000004e-010   0.02421094
2.80000004e-010   0.03360156
2.90000004e-010   0.02229688
3.00000004e-010   0.03355469
3.10000004e-010   0.02214844
3.20000004e-010        0.033
3.30000004e-010   0.02289063
3.40000005e-010   0.03124219
3.50000005e-010   0.02088281
3.60000005e-010   0.03103125
3.70000005e-010   0.01804688
3.80000005e-010        0.033
3.90000005e-010   0.01882031
4.00000005e-010        0.031
4.10000005e-010   0.01865625
4.20000006e-010    0.0298125
4.30000006e-010       0.0175
4.40000006e-010   0.02829688
4.50000006e-010   0.01680469
4.60000006e-010        0.029
4.70000006e-010   0.01711719
4.80000006e-010    0.0284375
4.90000007e-010        0.017
5.00000007e-010   0.02885156
5.10000007e-010   0.01632031
5.20000007e-010   0.02865625
5.30000007e-010   0.01676563
5.40000007e-010   0.02819531
5.50000007e-010   0.01883594
5.60000007e-010     0.030125
5.70000008e-010        0.019
5.80000008e-010   0.02982813
5.90000008e-010   0.01920313
6.00000008e-010   0.03010156
6.10000008e-010        0.019
6.20000008e-010   0.02996875
6.30000008e-010   0.01892188
6.40000009e-010       0.0275
6.50000009e-010        0.017
6.60000009e-010   0.02735938
6.70000009e-010   0.01584375
6.80000009e-010    0.0254375
6.90000009e-010   0.01492969
7.00000009e-010   0.02422656
7.10000009e-010   0.01320313
7.2000001e-010   0.02350781
7.3000001e-010   0.01354688
7.4000001e-010   0.02304688
7.5000001e-010   0.01403906
7.6000001e-010   0.02239844
7.7000001e-010   0.01404688
7.8000001e-010     0.023625
7.90000011e-010        0.013
8.00000011e-010   0.02530469
8.10000011e-010   0.01489063
8.20000011e-010   0.02417188
8.30000011e-010   0.01513281
8.40000011e-010        0.025
8.50000011e-010        0.015
8.60000011e-010   0.02617188
8.70000012e-010   0.01576563
8.80000012e-010   0.02682031
8.90000012e-010        0.015
9.00000012e-010    0.0258125
9.10000012e-010   0.01639063
9.20000012e-010        0.027
9.30000012e-010   0.01707031
9.40000013e-010   0.02647656
9.50000013e-010   0.01723438
9.60000013e-010   0.02732031
9.70000013e-010   0.01714844
9.80000013e-010   0.02717188
9.90000013e-010        0.017
1.00000001e-009   0.02857031
1.01000001e-009   0.01778906
1.02000001e-009   0.02910156
1.03000001e-009   0.01724219
1.04000001e-009   0.02742188
1.05000001e-009   0.01844531
1.06000001e-009   0.02770313
1.07000001e-009   0.01853906
1.08000001e-009   0.02776563
1.09000001e-009        0.019
1.10000001e-009   0.02839063
1.11000001e-009   0.01894531
1.12000001e-009   0.02923438
1.13000002e-009   0.01867188
1.14000002e-009        0.031
1.15000002e-009   0.02010156
1.16000002e-009   0.03028125
1.17000002e-009        0.019
1.18000002e-009   0.03053906
1.19000002e-009   0.02071094
1.20000002e-009   0.02984375
1.21000002e-009   0.02102344
1.22000002e-009   0.02999219
1.23000002e-009   0.01996094
1.24000002e-009   0.03214844
1.25000002e-009   0.01953125
1.26000002e-009   0.03207813
1.27000002e-009        0.021
1.28000002e-009   0.03107813
1.29000002e-009    0.0208125
1.30000002e-009   0.03094531
1.31000002e-009        0.021
1.32000002e-009      0.03125
1.33000002e-009       0.0215
1.34000002e-009   0.03182031
1.35000002e-009   0.02142188
1.36000002e-009   0.03307031
1.37000002e-009        0.021
1.38000002e-009   0.03085156
1.39000002e-009   0.02038281
1.40000002e-009        0.031
1.41000002e-009        0.021
1.42000002e-009    0.0300625
1.43000002e-009   0.02052344
1.44000002e-009    0.0298125
1.45000002e-009   0.02058594
1.46000002e-009   0.02916406
1.47000002e-009   0.01899219
1.48000002e-009        0.029
1.49000002e-009        0.019
1.50000002e-009   0.02835156
1.51000002e-009        0.019
1.52000002e-009   0.02745313
1.53000002e-009   0.01785156
1.54000002e-009        0.027
1.55000002e-009   0.01684375
1.56000002e-009   0.02549219
1.57000002e-009   0.01670313
1.58000002e-009        0.025
1.59000002e-009        0.017
1.60000002e-009   0.02519531
1.61000002e-009   0.01583594
1.62000002e-009   0.02425781
1.63000002e-009   0.01457813
1.64000002e-009   0.02525781
1.65000002e-009   0.01457031
1.66000002e-009   0.02517969
1.67000002e-009    0.0154375
1.68000002e-009   0.02413281
1.69000002e-009   0.01498438
1.70000002e-009   0.02532031
1.71000002e-009   0.01483594
1.72000002e-009        0.025
1.73000002e-009   0.01158594
1.74000002e-009   0.02401563
1.75000002e-009   0.01144531
1.76000002e-009   0.02494531
1.77000002e-009   0.01289844
1.78000002e-009    0.0236875
1.79000002e-009   0.01250781
1.80000002e-009   0.02398438
1.81000002e-009   0.01091406
1.82000002e-009   0.02432031
1.83000002e-009        0.013
1.84000002e-009   0.02301563
1.85000002e-009   0.01352344
1.86000002e-009    0.0234375
1.87000002e-009        0.015
1.88000003e-009   0.02307031
1.89000003e-009   0.01451563
1.90000003e-009   0.02365625
1.91000003e-009        0.013
1.92000003e-009        0.025
1.93000003e-009        0.013
1.94000003e-009   0.02420313
1.95000003e-009   0.01240625
1.96000003e-009        0.023
1.97000003e-009   0.01275781
1.98000003e-009   0.02367188
1.99000003e-009   0.01346875
2.00000003e-009        0.027
2.01000003e-009   0.01399219
2.02000003e-009   0.02573438
2.03000003e-009   0.01363281
2.04000003e-009        0.025
2.05000003e-009   0.01242969
2.06000003e-009   0.02309375
2.07000003e-009   0.01286719
2.08000003e-009   0.02534375
2.09000003e-009   0.01378906
2.10000003e-009   0.02438281
2.11000003e-009   0.01288281
2.12000003e-009    0.0239375
2.13000003e-009   0.01397656
2.14000003e-009   0.02513281
2.15000003e-009   0.01446094
2.16000003e-009   0.02470313
2.17000003e-009   0.01450781
2.18000003e-009    0.0248125
2.19000003e-009   0.01464844
2.20000003e-009   0.02492188
2.21000003e-009        0.015
2.22000003e-009    0.0240625
2.23000003e-009   0.01467188
2.24000003e-009   0.02313281
2.25000003e-009   0.01346875
2.26000003e-009        0.025
2.27000003e-009   0.01289844
2.28000003e-009   0.02527344
2.29000003e-009   0.01408594
2.30000003e-009        0.025
2.31000003e-009   0.01428125
2.32000003e-009        0.025
2.33000003e-009        0.015
2.34000003e-009   0.02500781
2.35000003e-009        0.013
2.36000003e-009        0.023
2.37000003e-009   0.01484375
2.38000003e-009        0.023
2.39000003e-009   0.01423438
2.40000003e-009   0.02314063
2.41000003e-009   0.01444531
2.42000003e-009   0.02341406
2.43000003e-009        0.013
2.44000003e-009        0.025
2.45000003e-009   0.01264844
2.46000003e-009   0.02392969
2.47000003e-009   0.01307813
2.48000003e-009   0.02439063
2.49000003e-009   0.01266406
2.50000003e-009        0.023
