-1.24500002e-009 -0.001507813
-1.24000002e-009 -0.001515625
-1.23500002e-009      -0.0015
-1.23000002e-009 -0.001523438
-1.22500002e-009 -0.001507813
-1.22000002e-009 -0.001523438
-1.21500002e-009 -0.001523438
-1.21000002e-009 -0.001507813
-1.20500002e-009 -0.001523438
-1.20000002e-009 -0.001507813
-1.19500002e-009  -0.00153125
-1.19000002e-009  -0.00153125
-1.18500002e-009 -0.001539063
-1.18000002e-009 -0.001546875
-1.17500002e-009 -0.001546875
-1.17000002e-009 -0.001585938
-1.16500002e-009 -0.001632813
-1.16000002e-009 -0.001664063
-1.15500002e-009 -0.001703125
-1.15000002e-009  -0.00178125
-1.14500002e-009 -0.001835938
-1.14000002e-009 -0.001921875
-1.13500002e-009 -0.001992188
-1.13000002e-009 -0.002085938
-1.12500002e-009 -0.002171875
-1.12000001e-009 -0.002242188
-1.11500001e-009 -0.002335938
-1.11000001e-009    -0.002375
-1.10500001e-009 -0.002429688
-1.10000001e-009 -0.002460938
-1.09500001e-009 -0.002460938
-1.09000001e-009 -0.002484375
-1.08500001e-009 -0.002453125
-1.08000001e-009  -0.00240625
-1.07500001e-009 -0.002382813
-1.07000001e-009 -0.002359375
-1.06500001e-009 -0.002335938
-1.06000001e-009 -0.002328125
-1.05500001e-009 -0.002296875
-1.05000001e-009   -0.0023125
-1.04500001e-009 -0.002335938
-1.04000001e-009  -0.00240625
-1.03500001e-009 -0.002445313
-1.03000001e-009 -0.002539063
-1.02500001e-009 -0.002640625
-1.02000001e-009 -0.002742188
-1.01500001e-009 -0.002882813
-1.01000001e-009       -0.003
-1.00500001e-009  -0.00309375
-1.00000001e-009 -0.003140625
-9.95000013e-010 -0.003250001
-9.90000013e-010 -0.003257813
-9.85000013e-010 -0.003312501
-9.80000013e-010 -0.003273438
-9.75000013e-010 -0.003257813
-9.70000013e-010 -0.003210938
-9.65000013e-010 -0.003164063
-9.60000013e-010 -0.003070313
-9.55000013e-010       -0.003
-9.50000013e-010 -0.002898438
-9.45000013e-010  -0.00284375
-9.40000013e-010 -0.002789063
-9.35000012e-010 -0.002757813
-9.30000012e-010     -0.00275
-9.25000012e-010 -0.002789063
-9.20000012e-010  -0.00284375
-9.15000012e-010 -0.002914063
-9.10000012e-010 -0.003007813
-9.05000012e-010 -0.003148438
-9.00000012e-010 -0.003257813
-8.95000012e-010 -0.003414063
-8.90000012e-010 -0.003546876
-8.85000012e-010 -0.003718751
-8.80000012e-010 -0.003890626
-8.75000012e-010 -0.004046876
-8.70000012e-010 -0.004171876
-8.65000012e-010 -0.004304688
-8.60000011e-010 -0.004421876
-8.55000011e-010 -0.004562501
-8.50000011e-010 -0.004609376
-8.45000011e-010 -0.004726563
-8.40000011e-010 -0.004796876
-8.35000011e-010 -0.004851563
-8.30000011e-010 -0.004945313
-8.25000011e-010 -0.005054688
-8.20000011e-010 -0.005164063
-8.15000011e-010 -0.005281251
-8.10000011e-010 -0.005476563
-8.05000011e-010 -0.005632813
-8.00000011e-010 -0.005898438
-7.95000011e-010 -0.006132813
-7.90000011e-010 -0.006398438
-7.8500001e-010 -0.006718751
-7.8000001e-010 -0.007085938
-7.7500001e-010 -0.007468751
-7.7000001e-010 -0.007898438
-7.6500001e-010 -0.008375001
-7.6000001e-010 -0.008859376
-7.5500001e-010 -0.009367188
-7.5000001e-010 -0.009867188
-7.4500001e-010   -0.0104375
-7.4000001e-010  -0.01098438
-7.3500001e-010   -0.0115625
-7.3000001e-010  -0.01220313
-7.2500001e-010  -0.01285938
-7.2000001e-010  -0.01360156
-7.1500001e-010    -0.014375
-7.10000009e-010  -0.01524219
-7.05000009e-010  -0.01617969
-7.00000009e-010  -0.01717188
-6.95000009e-010  -0.01828125
-6.90000009e-010   -0.0194375
-6.85000009e-010  -0.02070313
-6.80000009e-010  -0.02209375
-6.75000009e-010  -0.02361719
-6.70000009e-010     -0.02525
-6.65000009e-010  -0.02697656
-6.60000009e-010  -0.02884375
-6.55000009e-010  -0.03082813
-6.50000009e-010  -0.03292188
-6.45000009e-010  -0.03510156
-6.40000009e-010  -0.03736719
-6.35000008e-010     -0.03975
-6.30000008e-010  -0.04225781
-6.25000008e-010  -0.04486719
-6.20000008e-010  -0.04764063
-6.15000008e-010  -0.05053907
-6.10000008e-010  -0.05352344
-6.05000008e-010  -0.05671875
-6.00000008e-010  -0.05999219
-5.95000008e-010  -0.06340625
-5.90000008e-010  -0.06695313
-5.85000008e-010  -0.07067188
-5.80000008e-010  -0.07447657
-5.75000008e-010    -0.078375
-5.70000008e-010  -0.08240625
-5.65000008e-010  -0.08647657
-5.60000007e-010  -0.09061719
-5.55000007e-010  -0.09476563
-5.50000007e-010  -0.09896876
-5.45000007e-010    -0.103125
-5.40000007e-010   -0.1072891
-5.35000007e-010   -0.1113281
-5.30000007e-010   -0.1153281
-5.25000007e-010   -0.1192422
-5.20000007e-010   -0.1230625
-5.15000007e-010   -0.1267188
-5.10000007e-010   -0.1302969
-5.05000007e-010   -0.1337188
-5.00000007e-010   -0.1370234
-4.95000007e-010   -0.1402109
-4.90000007e-010   -0.1431875
-4.85000006e-010   -0.1460313
-4.80000006e-010   -0.1486328
-4.75000006e-010   -0.1510469
-4.70000006e-010   -0.1532656
-4.65000006e-010   -0.1552656
-4.60000006e-010   -0.1570313
-4.55000006e-010   -0.1586094
-4.50000006e-010   -0.1599609
-4.45000006e-010   -0.1611172
-4.40000006e-010   -0.1620859
-4.35000006e-010   -0.1628125
-4.30000006e-010   -0.1633594
-4.25000006e-010   -0.1637266
-4.20000006e-010   -0.1639063
-4.15000006e-010   -0.1639141
-4.10000005e-010   -0.1638203
-4.05000005e-010   -0.1636641
-4.00000005e-010   -0.1633672
-3.95000005e-010   -0.1630469
-3.90000005e-010   -0.1626875
-3.85000005e-010   -0.1622344
-3.80000005e-010   -0.1617734
-3.75000005e-010   -0.1612266
-3.70000005e-010   -0.1606328
-3.65000005e-010   -0.1599766
-3.60000005e-010   -0.1593203
-3.55000005e-010   -0.1586328
-3.50000005e-010    -0.157875
-3.45000005e-010   -0.1571328
-3.40000005e-010   -0.1563906
-3.35000004e-010   -0.1555781
-3.30000004e-010   -0.1547109
-3.25000004e-010   -0.1538281
-3.20000004e-010   -0.1528828
-3.15000004e-010   -0.1518984
-3.10000004e-010   -0.1508906
-3.05000004e-010   -0.1498828
-3.00000004e-010   -0.1488672
-2.95000004e-010   -0.1478047
-2.90000004e-010     -0.14675
-2.85000004e-010   -0.1456641
-2.80000004e-010      -0.1445
-2.75000004e-010   -0.1433047
-2.70000004e-010   -0.1420469
-2.65000004e-010   -0.1406563
-2.60000003e-010   -0.1392422
-2.55000003e-010     -0.13775
-2.50000003e-010   -0.1361719
-2.45000003e-010      -0.1345
-2.40000003e-010     -0.13275
-2.35000003e-010   -0.1308906
-2.30000003e-010   -0.1288984
-2.25000003e-010   -0.1268125
-2.20000003e-010   -0.1245625
-2.15000003e-010   -0.1221641
-2.10000003e-010    -0.119625
-2.05000003e-010   -0.1169453
-2.00000003e-010   -0.1141563
-1.95000003e-010   -0.1111719
-1.90000003e-010   -0.1081406
-1.85000002e-010   -0.1048672
-1.80000002e-010   -0.1014844
-1.75000002e-010  -0.09799219
-1.70000002e-010  -0.09430469
-1.65000002e-010  -0.09055469
-1.60000002e-010  -0.08667188
-1.55000002e-010  -0.08264844
-1.50000002e-010  -0.07857813
-1.45000002e-010   -0.0744375
-1.40000002e-010  -0.07022657
-1.35000002e-010  -0.06596875
-1.30000002e-010   -0.0616875
-1.25000002e-010  -0.05742188
-1.20000002e-010  -0.05311719
-1.15000002e-010  -0.04882813
-1.10000001e-010  -0.04457813
-1.05000001e-010  -0.04035156
-1.00000001e-010  -0.03621094
-9.50000013e-011    -0.032125
-9.00000012e-011  -0.02814844
-8.50000011e-011  -0.02428125
-8.00000011e-011  -0.02050781
-7.5000001e-011  -0.01688281
-7.00000009e-011  -0.01339844
-6.50000009e-011  -0.01008594
-6.00000008e-011 -0.006953126
-5.50000007e-011 -0.003945313
-5.00000007e-011 -0.001140625
-4.50000006e-011  0.001476562
-4.00000005e-011  0.003945312
-3.50000005e-011  0.006203125
-3.00000004e-011  0.008242188
-2.50000003e-011     0.010125
-2.00000003e-011   0.01175781
-1.50000002e-011   0.01329688
-1.00000001e-011   0.01463281
-5.00000007e-012   0.01584375
           0    0.0169375
5.00000007e-012   0.01782031
1.00000001e-011   0.01863281
1.50000002e-011   0.01932031
2.00000003e-011   0.01982813
2.50000003e-011      0.02025
3.00000004e-011   0.02051563
3.50000005e-011   0.02067969
4.00000005e-011   0.02077344
4.50000006e-011   0.02077344
5.00000007e-011   0.02066406
5.50000007e-011   0.02049219
6.00000008e-011   0.02028906
6.50000009e-011   0.01996875
7.00000009e-011   0.01963281
7.5000001e-011      0.01925
8.00000011e-011   0.01883594
8.50000011e-011   0.01839063
9.00000012e-011        0.018
9.50000013e-011   0.01757031
1.00000001e-010   0.01725781
1.05000001e-010   0.01689844
1.10000001e-010     0.016625
1.15000002e-010     0.016375
1.20000002e-010    0.0161875
1.25000002e-010   0.01602344
1.30000002e-010    0.0159375
1.35000002e-010   0.01586719
1.40000002e-010   0.01585938
1.45000002e-010   0.01591406
1.50000002e-010   0.01602344
1.55000002e-010   0.01617188
1.60000002e-010   0.01639063
1.65000002e-010   0.01663281
1.70000002e-010   0.01692188
1.75000002e-010   0.01728125
1.80000002e-010    0.0176875
1.85000002e-010   0.01811719
1.90000003e-010   0.01864844
1.95000003e-010   0.01923438
2.00000003e-010   0.01986719
2.05000003e-010   0.02053906
2.10000003e-010      0.02125
2.15000003e-010   0.02196094
2.20000003e-010   0.02273438
2.25000003e-010       0.0235
2.30000003e-010   0.02428906
2.35000003e-010   0.02500781
2.40000003e-010   0.02572656
2.45000003e-010   0.02640625
2.50000003e-010   0.02703125
2.55000003e-010   0.02760938
2.60000003e-010   0.02814844
2.65000004e-010   0.02857031
2.70000004e-010   0.02894531
2.75000004e-010   0.02926563
2.80000004e-010   0.02953906
2.85000004e-010    0.0296875
2.90000004e-010   0.02979688
2.95000004e-010   0.02986719
3.00000004e-010   0.02984375
3.05000004e-010   0.02978906
3.10000004e-010   0.02971094
3.15000004e-010   0.02952344
3.20000004e-010   0.02932813
3.25000004e-010   0.02907031
3.30000004e-010   0.02880469
3.35000004e-010   0.02850781
3.40000005e-010   0.02814844
3.45000005e-010   0.02776563
3.50000005e-010   0.02735156
3.55000005e-010   0.02697656
3.60000005e-010   0.02657813
3.65000005e-010   0.02615625
3.70000005e-010   0.02578125
3.75000005e-010   0.02541406
3.80000005e-010   0.02503125
3.85000005e-010   0.02471875
3.90000005e-010   0.02442969
3.95000005e-010   0.02411719
4.00000005e-010   0.02385156
4.05000005e-010     0.023625
4.10000005e-010   0.02342188
4.15000006e-010   0.02324219
4.20000006e-010   0.02310156
4.25000006e-010   0.02292188
4.30000006e-010   0.02280469
4.35000006e-010   0.02267969
4.40000006e-010       0.0225
4.45000006e-010     0.022375
4.50000006e-010   0.02225781
4.55000006e-010   0.02216406
4.60000006e-010   0.02203125
4.65000006e-010   0.02194531
4.70000006e-010   0.02183594
4.75000006e-010   0.02174219
4.80000006e-010   0.02165625
4.85000006e-010   0.02159375
4.90000007e-010   0.02154688
4.95000007e-010   0.02150781
5.00000007e-010   0.02147656
5.05000007e-010   0.02140625
5.10000007e-010   0.02138281
5.15000007e-010   0.02130469
5.20000007e-010   0.02128125
5.25000007e-010   0.02120313
5.30000007e-010   0.02113281
5.35000007e-010   0.02102344
5.40000007e-010   0.02091406
5.45000007e-010    0.0208125
5.50000007e-010   0.02067188
5.55000007e-010   0.02052344
5.60000007e-010   0.02041406
5.65000008e-010   0.02028906
5.70000008e-010   0.02011719
5.75000008e-010         0.02
5.80000008e-010   0.01991406
5.85000008e-010   0.01985156
5.90000008e-010   0.01973438
5.95000008e-010    0.0196875
6.00000008e-010   0.01967969
6.05000008e-010    0.0196875
6.10000008e-010   0.01967969
6.15000008e-010   0.01969531
6.20000008e-010   0.01971875
6.25000008e-010      0.01975
6.30000008e-010   0.01975781
6.35000008e-010   0.01977344
6.40000009e-010   0.01976563
6.45000009e-010      0.01975
6.50000009e-010   0.01967969
6.55000009e-010   0.01960156
6.60000009e-010   0.01949219
6.65000009e-010   0.01936719
6.70000009e-010   0.01925781
6.75000009e-010   0.01908594
6.80000009e-010   0.01889844
6.85000009e-010   0.01873438
6.90000009e-010   0.01855469
6.95000009e-010   0.01832813
7.00000009e-010   0.01817188
7.05000009e-010   0.01795313
7.10000009e-010   0.01782031
7.1500001e-010   0.01767188
7.2000001e-010   0.01749219
7.2500001e-010   0.01733594
7.3000001e-010   0.01723438
7.3500001e-010   0.01714063
7.4000001e-010   0.01704688
7.4500001e-010    0.0169375
7.5000001e-010   0.01688281
7.5500001e-010   0.01680469
7.6000001e-010   0.01676563
7.6500001e-010   0.01670313
7.7000001e-010    0.0166875
7.7500001e-010   0.01666406
7.8000001e-010   0.01666406
7.8500001e-010   0.01667969
7.90000011e-010   0.01670313
7.95000011e-010   0.01675781
8.00000011e-010   0.01682813
8.05000011e-010     0.016875
8.10000011e-010   0.01694531
8.15000011e-010   0.01704688
8.20000011e-010   0.01713281
8.25000011e-010   0.01726563
8.30000011e-010   0.01735156
8.35000011e-010   0.01747656
8.40000011e-010   0.01754688
8.45000011e-010   0.01761719
8.50000011e-010   0.01771094
8.55000011e-010   0.01775781
8.60000011e-010    0.0178125
8.65000012e-010   0.01788281
8.70000012e-010   0.01792188
8.75000012e-010   0.01799219
8.80000012e-010   0.01802344
8.85000012e-010   0.01808594
8.90000012e-010   0.01820313
8.95000012e-010   0.01826563
9.00000012e-010   0.01842969
9.05000012e-010   0.01855469
9.10000012e-010   0.01866406
9.15000012e-010   0.01880469
9.20000012e-010   0.01896875
9.25000012e-010   0.01913281
9.30000012e-010   0.01925781
9.35000012e-010   0.01942969
9.40000013e-010   0.01953906
9.45000013e-010   0.01966406
9.50000013e-010   0.01971875
9.55000013e-010   0.01978906
9.60000013e-010   0.01982813
9.65000013e-010   0.01988281
9.70000013e-010   0.01985156
9.75000013e-010   0.01982813
9.80000013e-010   0.01984375
9.85000013e-010   0.01983594
9.90000013e-010    0.0198125
9.95000013e-010   0.01986719
1.00000001e-009   0.01989844
1.00500001e-009   0.01996094
1.01000001e-009    0.0200625
1.01500001e-009   0.02017969
1.02000001e-009   0.02027344
1.02500001e-009   0.02041406
1.03000001e-009   0.02053906
1.03500001e-009   0.02072656
1.04000001e-009    0.0208125
1.04500001e-009   0.02096875
1.05000001e-009   0.02108594
1.05500001e-009    0.0211875
1.06000001e-009   0.02127344
1.06500001e-009   0.02133594
1.07000001e-009   0.02140625
1.07500001e-009   0.02144531
1.08000001e-009   0.02146875
1.08500001e-009   0.02151563
1.09000001e-009   0.02157031
1.09500001e-009   0.02164063
1.10000001e-009    0.0216875
1.10500001e-009   0.02177344
1.11000001e-009     0.021875
1.11500001e-009        0.022
1.12000001e-009     0.022125
1.12500002e-009   0.02224219
1.13000002e-009   0.02239844
1.13500002e-009   0.02253906
1.14000002e-009   0.02266406
1.14500002e-009   0.02278906
1.15000002e-009   0.02292188
1.15500002e-009   0.02300781
1.16000002e-009   0.02311719
1.16500002e-009   0.02320313
1.17000002e-009   0.02328906
1.17500002e-009   0.02335156
1.18000002e-009   0.02340625
1.18500002e-009   0.02350781
1.19000002e-009   0.02353906
1.19500002e-009   0.02360156
1.20000002e-009   0.02370313
1.20500002e-009   0.02375781
1.21000002e-009   0.02385938
1.21500002e-009   0.02391406
1.22000002e-009   0.02401563
1.22500002e-009   0.02410156
1.23000002e-009    0.0241875
1.23500002e-009   0.02427344
1.24000002e-009   0.02435156
1.24500002e-009   0.02439844
1.25000002e-009    0.0244375
