-1.24500002e-009 -0.007000001
-1.24000002e-009        0.003
-1.23500002e-009 -0.005312501
-1.23000002e-009        0.003
-1.22500002e-009 -0.006242188
-1.22000002e-009  0.003195312
-1.21500002e-009 -0.006945313
-1.21000002e-009   0.00309375
-1.20500002e-009 -0.007000001
-1.20000002e-009  0.003195312
-1.19500002e-009 -0.007164063
-1.19000002e-009  0.002414062
-1.18500002e-009 -0.007351563
-1.18000002e-009   0.00178125
-1.17500002e-009 -0.007195313
-1.17000002e-009  0.001679687
-1.16500002e-009 -0.006851563
-1.16000002e-009   0.00171875
-1.15500002e-009 -0.006453126
-1.15000002e-009  0.002664062
-1.14500002e-009 -0.007000001
-1.14000002e-009  0.003109375
-1.13500002e-009 -0.007000001
-1.13000002e-009        0.003
-1.12500002e-009 -0.007406251
-1.12000001e-009  0.002609375
-1.11500001e-009 -0.007882813
-1.11000001e-009  0.003140625
-1.10500001e-009 -0.007796876
-1.10000001e-009  0.002726562
-1.09500001e-009 -0.007914063
-1.09000001e-009  0.001523437
-1.08500001e-009 -0.009000001
-1.08000001e-009      0.00125
-1.07500001e-009 -0.009023438
-1.07000001e-009  0.002234375
-1.06500001e-009 -0.008101563
-1.06000001e-009     0.002875
-1.05500001e-009 -0.008429688
-1.05000001e-009  0.002921875
-1.04500001e-009 -0.009000001
-1.04000001e-009  0.003492187
-1.03500001e-009 -0.008789063
-1.03000001e-009  0.004703125
-1.02500001e-009 -0.008148438
-1.02000001e-009        0.005
-1.01500001e-009 -0.008343751
-1.01000001e-009  0.004335937
-1.00500001e-009 -0.008085938
-1.00000001e-009  0.003007812
-9.95000013e-010 -0.007445313
-9.90000013e-010  0.002453125
-9.85000013e-010 -0.006859376
-9.80000013e-010  0.001632812
-9.75000013e-010 -0.007273438
-9.70000013e-010 0.0009999997
-9.65000013e-010 -0.007593751
-9.60000013e-010    0.0011875
-9.55000013e-010 -0.008257813
-9.50000013e-010 0.0007421872
-9.45000013e-010 -0.008960938
-9.40000013e-010 -0.0001875004
-9.35000012e-010 -0.008867188
-9.30000012e-010 -3.125035e-005
-9.25000012e-010 -0.008039063
-9.20000012e-010 0.0002265622
-9.15000012e-010 -0.007867188
-9.10000012e-010 0.0002499997
-9.05000012e-010 -0.008578126
-9.00000012e-010 -0.0001562504
-8.95000012e-010 -0.009000001
-8.90000012e-010 -0.0008906254
-8.85000012e-010 -0.009000001
-8.80000012e-010 0.0003749997
-8.75000012e-010  -0.01025781
-8.70000012e-010 0.0009999997
-8.65000012e-010  -0.01111719
-8.60000011e-010 0.0002109372
-8.55000011e-010  -0.01150781
-8.50000011e-010 -0.001226563
-8.45000011e-010   -0.0114375
-8.40000011e-010       -0.001
-8.35000011e-010     -0.01225
-8.30000011e-010 -0.001289063
-8.25000011e-010  -0.01235938
-8.20000011e-010  -0.00134375
-8.15000011e-010  -0.01230469
-8.10000011e-010 -0.001203125
-8.05000011e-010  -0.01336719
-8.00000011e-010     -0.00225
-7.95000011e-010  -0.01514063
-7.90000011e-010 -0.003351563
-7.8500001e-010  -0.01651563
-7.8000001e-010 -0.004617188
-7.7500001e-010  -0.01770313
-7.7000001e-010 -0.005593751
-7.6500001e-010  -0.01883594
-7.6000001e-010 -0.007398438
-7.5500001e-010  -0.01948438
-7.5000001e-010 -0.008726563
-7.4500001e-010  -0.02121875
-7.4000001e-010  -0.01004688
-7.3500001e-010  -0.02296094
-7.3000001e-010  -0.01227344
-7.2500001e-010  -0.02432813
-7.2000001e-010   -0.0140625
-7.1500001e-010  -0.02704688
-7.10000009e-010  -0.01654688
-7.05000009e-010  -0.03128125
-7.00000009e-010  -0.01945313
-6.95000009e-010  -0.03550781
-6.90000009e-010  -0.02160156
-6.85000009e-010  -0.03928906
-6.80000009e-010       -0.025
-6.75000009e-010  -0.04360938
-6.70000009e-010  -0.03045313
-6.65000009e-010  -0.04823438
-6.60000009e-010       -0.035
-6.55000009e-010  -0.05454688
-6.50000009e-010  -0.04004688
-6.45000009e-010  -0.06128125
-6.40000009e-010  -0.04546875
-6.35000008e-010  -0.06824219
-6.30000008e-010       -0.051
-6.25000008e-010  -0.07538282
-6.20000008e-010  -0.05800782
-6.15000008e-010  -0.08353907
-6.10000008e-010  -0.06510157
-6.05000008e-010  -0.09142969
-6.00000008e-010   -0.0725625
-5.95000008e-010   -0.1010078
-5.90000008e-010  -0.08091407
-5.85000008e-010    -0.110625
-5.80000008e-010       -0.089
-5.75000008e-010   -0.1187734
-5.70000008e-010       -0.097
-5.65000008e-010   -0.1254219
-5.60000007e-010   -0.1051875
-5.55000007e-010   -0.1310625
-5.50000007e-010   -0.1125703
-5.45000007e-010   -0.1361172
-5.40000007e-010   -0.1181875
-5.35000007e-010   -0.1432422
-5.30000007e-010   -0.1235781
-5.25000007e-010   -0.1492422
-5.20000007e-010   -0.1292422
-5.15000007e-010   -0.1546875
-5.10000007e-010   -0.1356172
-5.05000007e-010       -0.159
-5.00000007e-010   -0.1425156
-4.95000007e-010       -0.163
-4.90000007e-010   -0.1477266
-4.85000006e-010    -0.165125
-4.80000006e-010   -0.1509688
-4.75000006e-010       -0.167
-4.70000006e-010   -0.1542813
-4.65000006e-010   -0.1673359
-4.60000006e-010    -0.156875
-4.55000006e-010   -0.1681172
-4.50000006e-010   -0.1581406
-4.45000006e-010   -0.1694688
-4.40000006e-010   -0.1579766
-4.35000006e-010       -0.171
-4.30000006e-010   -0.1569609
-4.25000006e-010   -0.1698516
-4.20000006e-010       -0.157
-4.15000006e-010   -0.1681406
-4.10000005e-010   -0.1566016
-4.05000005e-010   -0.1680391
-4.00000005e-010   -0.1550781
-3.95000005e-010   -0.1674844
-3.90000005e-010   -0.1544531
-3.85000005e-010   -0.1659609
-3.80000005e-010       -0.153
-3.75000005e-010   -0.1641016
-3.70000005e-010   -0.1509375
-3.65000005e-010   -0.1617656
-3.60000005e-010   -0.1480391
-3.55000005e-010   -0.1611953
-3.50000005e-010   -0.1462031
-3.45000005e-010   -0.1597969
-3.40000005e-010   -0.1453594
-3.35000004e-010       -0.159
-3.30000004e-010   -0.1439375
-3.25000004e-010   -0.1568203
-3.20000004e-010      -0.1415
-3.15000004e-010   -0.1536172
-3.10000004e-010   -0.1383281
-3.05000004e-010   -0.1496875
-3.00000004e-010   -0.1345234
-2.95000004e-010       -0.147
-2.90000004e-010   -0.1309063
-2.85000004e-010   -0.1441563
-2.80000004e-010   -0.1268203
-2.75000004e-010   -0.1411172
-2.70000004e-010   -0.1229141
-2.65000004e-010   -0.1377969
-2.60000003e-010   -0.1193516
-2.55000003e-010   -0.1332031
-2.50000003e-010   -0.1153438
-2.45000003e-010   -0.1282344
-2.40000003e-010   -0.1102031
-2.35000003e-010   -0.1230078
-2.30000003e-010   -0.1039922
-2.25000003e-010       -0.117
-2.20000003e-010  -0.09711719
-2.15000003e-010   -0.1102656
-2.10000003e-010  -0.08895313
-2.05000003e-010   -0.1040078
-2.00000003e-010  -0.08058594
-1.95000003e-010     -0.09725
-1.90000003e-010  -0.07250782
-1.85000002e-010  -0.09027344
-1.80000002e-010       -0.065
-1.75000002e-010    -0.082875
-1.70000002e-010       -0.057
-1.65000002e-010  -0.07492188
-1.60000002e-010  -0.04867969
-1.55000002e-010  -0.06697657
-1.50000002e-010  -0.04069531
-1.45000002e-010  -0.05954688
-1.40000002e-010  -0.03307031
-1.35000002e-010  -0.05260157
-1.30000002e-010  -0.02484375
-1.25000002e-010  -0.04538282
-1.20000002e-010       -0.017
-1.15000002e-010  -0.03765625
-1.10000001e-010  -0.01052344
-1.05000001e-010  -0.02939844
-1.00000001e-010 -0.004617188
-9.50000013e-011  -0.02097656
-9.00000012e-011 0.0006640622
-8.50000011e-011  -0.01401563
-8.00000011e-011   0.00521875
-7.5000001e-011 -0.008742188
-7.00000009e-011        0.009
-6.50000009e-011 -0.003640626
-6.00000008e-011   0.01153125
-5.50000007e-011 0.0008515622
-5.00000007e-011   0.01482031
-4.50000006e-011   0.00496875
-4.00000005e-011   0.01732813
-3.50000005e-011  0.007078125
-3.00000004e-011        0.019
-2.50000003e-011  0.009929688
-2.00000003e-011   0.02075781
-1.50000002e-011      0.01175
-1.00000001e-011   0.02301563
-5.00000007e-012   0.01357031
           0   0.02454688
5.00000007e-012   0.01459375
1.00000001e-011   0.02528125
1.50000002e-011        0.016
2.00000003e-011   0.02547656
2.50000003e-011   0.01596094
3.00000004e-011   0.02523438
3.50000005e-011        0.015
4.00000005e-011   0.02460156
4.50000006e-011   0.01364063
5.00000007e-011   0.02360938
5.50000007e-011   0.01332813
6.00000008e-011   0.02342188
6.50000009e-011   0.01353125
7.00000009e-011        0.023
7.5000001e-011   0.01367969
8.00000011e-011        0.023
8.50000011e-011   0.01357031
9.00000012e-011        0.023
9.50000013e-011   0.01288281
1.00000001e-010   0.02246094
1.05000001e-010   0.01298438
1.10000001e-010   0.02286719
1.15000002e-010   0.01263281
1.20000002e-010   0.02320313
1.25000002e-010    0.0129375
1.30000002e-010     0.023375
1.35000002e-010   0.01378125
1.40000002e-010   0.02445313
1.45000002e-010   0.01563281
1.50000002e-010   0.02517969
1.55000002e-010   0.01634375
1.60000002e-010   0.02503125
1.65000002e-010   0.01648438
1.70000002e-010   0.02532031
1.75000002e-010   0.01713281
1.80000002e-010   0.02663281
1.85000002e-010   0.01827344
1.90000003e-010   0.02766406
1.95000003e-010        0.019
2.00000003e-010   0.02839063
2.05000003e-010   0.01882031
2.10000003e-010   0.02974219
2.15000003e-010        0.019
2.20000003e-010   0.03064063
2.25000003e-010   0.02005469
2.30000003e-010   0.03135938
2.35000003e-010   0.02191406
2.40000003e-010     0.031875
2.45000003e-010   0.02289844
2.50000003e-010   0.03185938
2.55000003e-010   0.02292969
2.60000003e-010   0.03102344
2.65000004e-010   0.02296094
2.70000004e-010     0.031125
2.75000004e-010   0.02271875
2.80000004e-010   0.03183594
2.85000004e-010   0.02213281
2.90000004e-010     0.033375
2.95000004e-010        0.021
3.00000004e-010    0.0344375
3.05000004e-010     0.020625
3.10000004e-010   0.03467188
3.15000004e-010   0.01955469
3.20000004e-010   0.03384375
3.25000004e-010   0.01895313
3.30000004e-010   0.03178906
3.35000004e-010      0.01925
3.40000005e-010        0.031
3.45000005e-010   0.02017969
3.50000005e-010   0.02938281
3.55000005e-010     0.019125
3.60000005e-010   0.02883594
3.65000005e-010   0.01760938
3.70000005e-010   0.02788281
3.75000005e-010   0.01667188
3.80000005e-010        0.027
3.85000005e-010   0.01646094
3.90000005e-010   0.02739063
3.95000005e-010        0.017
4.00000005e-010   0.02805469
4.05000005e-010   0.01819531
4.10000005e-010   0.02839063
4.15000006e-010   0.01827344
4.20000006e-010   0.02826563
4.25000006e-010   0.01740625
4.30000006e-010   0.02791406
4.35000006e-010        0.017
4.40000006e-010   0.02817188
4.45000006e-010   0.01721875
4.50000006e-010   0.02803125
4.55000006e-010   0.01784375
4.60000006e-010   0.02744531
4.65000006e-010   0.01657031
4.70000006e-010   0.02733594
4.75000006e-010        0.015
4.80000006e-010   0.02678906
4.85000006e-010   0.01480469
4.90000007e-010   0.02685938
4.95000007e-010        0.015
5.00000007e-010   0.02696094
5.05000007e-010   0.01457031
5.10000007e-010   0.02634375
5.15000007e-010   0.01467969
5.20000007e-010   0.02510938
5.25000007e-010        0.015
5.30000007e-010     0.025125
5.35000007e-010   0.01378125
5.40000007e-010   0.02479688
5.45000007e-010   0.01325781
5.50000007e-010   0.02379688
5.55000007e-010   0.01338281
5.60000007e-010   0.02305469
5.65000008e-010   0.01403125
5.70000008e-010   0.02310156
5.75000008e-010   0.01339063
5.80000008e-010   0.02257813
5.85000008e-010   0.01286719
5.90000008e-010   0.02238281
5.95000008e-010        0.013
6.00000008e-010   0.02248438
6.05000008e-010   0.01272656
6.10000008e-010   0.02202344
6.15000008e-010   0.01245313
6.20000008e-010        0.021
6.25000008e-010   0.01194531
6.30000008e-010    0.0211875
6.35000008e-010     0.012125
6.40000009e-010   0.02114844
6.45000009e-010   0.01228906
6.50000009e-010   0.02103125
6.55000009e-010   0.01239844
6.60000009e-010   0.02098438
6.65000009e-010   0.01271875
6.70000009e-010   0.02073438
6.75000009e-010   0.01252344
6.80000009e-010   0.02121094
6.85000009e-010   0.01246094
6.90000009e-010   0.02141406
6.95000009e-010   0.01260156
7.00000009e-010   0.02196094
7.05000009e-010   0.01289063
7.10000009e-010   0.02235156
7.1500001e-010   0.01286719
7.2000001e-010   0.02220313
7.2500001e-010      0.01325
7.3000001e-010    0.0216875
7.3500001e-010   0.01277344
7.4000001e-010   0.02146094
7.4500001e-010   0.01282813
7.5000001e-010   0.02124219
7.5500001e-010   0.01298438
7.6000001e-010   0.02177344
7.6500001e-010   0.01308594
7.7000001e-010    0.0223125
7.7500001e-010        0.013
7.8000001e-010        0.023
7.8500001e-010   0.01289063
7.90000011e-010   0.02289063
7.95000011e-010   0.01313281
8.00000011e-010   0.02215625
8.05000011e-010   0.01346875
8.10000011e-010        0.023
8.15000011e-010   0.01302344
8.20000011e-010   0.02364063
8.25000011e-010     0.013125
8.30000011e-010   0.02388281
8.35000011e-010   0.01246094
8.40000011e-010   0.02357031
8.45000011e-010   0.01260938
8.50000011e-010   0.02303125
8.55000011e-010   0.01315625
8.60000011e-010   0.02333594
8.65000012e-010   0.01367969
8.70000012e-010   0.02355469
8.75000012e-010   0.01410938
8.80000012e-010   0.02374219
8.85000012e-010        0.013
8.90000012e-010   0.02414063
8.95000012e-010   0.01211719
9.00000012e-010   0.02485938
9.05000012e-010   0.01154688
9.10000012e-010   0.02494531
9.15000012e-010   0.01144531
9.20000012e-010   0.02445313
9.25000012e-010   0.01191406
9.30000012e-010   0.02357031
9.35000012e-010        0.013
9.40000013e-010   0.02345313
9.45000013e-010        0.013
9.50000013e-010   0.02366406
9.55000013e-010   0.01414063
9.60000013e-010    0.0238125
9.65000013e-010    0.0149375
9.70000013e-010        0.025
9.75000013e-010   0.01485938
9.80000013e-010   0.02498438
9.85000013e-010        0.015
9.90000013e-010        0.025
9.95000013e-010     0.014125
1.00000001e-009   0.02547656
1.00500001e-009        0.013
1.01000001e-009   0.02576563
1.01500001e-009   0.01304688
1.02000001e-009   0.02580469
1.02500001e-009   0.01408594
1.03000001e-009   0.02555469
1.03500001e-009        0.015
1.04000001e-009   0.02528906
1.04500001e-009   0.01509375
1.05000001e-009    0.0264375
1.05500001e-009   0.01594531
1.06000001e-009        0.027
1.06500001e-009   0.01700781
1.07000001e-009   0.02824219
1.07500001e-009   0.01610156
1.08000001e-009   0.02951563
1.08500001e-009   0.01585156
1.09000001e-009   0.02994531
1.09500001e-009   0.01640625
1.10000001e-009   0.02963281
1.10500001e-009        0.017
1.11000001e-009   0.02877344
1.11500001e-009   0.01758594
1.12000001e-009        0.029
1.12500002e-009   0.01924219
1.13000002e-009   0.02915625
1.13500002e-009   0.01917188
1.14000002e-009        0.029
1.14500002e-009        0.019
1.15000002e-009   0.02828906
1.15500002e-009   0.01897656
1.16000002e-009   0.02871094
1.16500002e-009   0.01914844
1.17000002e-009   0.02910938
1.17500002e-009   0.01930469
1.18000002e-009   0.02902344
1.18500002e-009   0.01764063
1.19000002e-009    0.0286875
1.19500002e-009   0.01676563
1.20000002e-009   0.02785938
1.20500002e-009   0.01742188
1.21000002e-009   0.02803906
1.21500002e-009   0.01925781
1.22000002e-009        0.028
1.22500002e-009   0.01949219
1.23000002e-009   0.02823438
1.23500002e-009   0.01942969
1.24000002e-009   0.02898438
1.24500002e-009   0.01992969
1.25000002e-009   0.02915625
