+3.00000000000E+005  -8.09763982478E+001
+7.79850000000E+006  -8.90787517644E+001
+1.52970000000E+007  -8.12453257330E+001
+2.27955000000E+007  -8.62575086949E+001
+3.02940000000E+007  -8.63219407992E+001
+3.77925000000E+007  -8.93216282943E+001
+4.52910000000E+007  -8.44571926722E+001
+5.27895000000E+007  -8.23478952815E+001
+6.02880000000E+007  -8.37562380305E+001
+6.77865000000E+007  -8.96649992968E+001
+7.52850000000E+007  -7.82722478689E+001
+8.27835000000E+007  -9.02948612330E+001
+9.02820000000E+007  -9.02106832632E+001
+9.77805000000E+007  -9.55963454312E+001
+1.05279000000E+008  -8.14466337511E+001
+1.12777500000E+008  -9.03544388271E+001
+1.20276000000E+008  -8.13127656681E+001
+1.27774500000E+008  -8.49301315657E+001
+1.35273000000E+008  -8.43432181437E+001
+1.42771500000E+008  -8.50002303849E+001
+1.50270000000E+008  -8.41654635958E+001
+1.57768500000E+008  -8.85453752697E+001
+1.65267000000E+008  -8.78986310725E+001
+1.72765500000E+008  -8.53741033594E+001
+1.80264000000E+008  -8.23346133430E+001
+1.87762500000E+008  -8.87365126637E+001
+1.95261000000E+008  -8.41835471154E+001
+2.02759500000E+008  -8.66876424987E+001
+2.10258000000E+008  -8.61628452032E+001
+2.17756500000E+008  -8.05405529027E+001
+2.25255000000E+008  -8.05584480179E+001
+2.32753500000E+008  -8.53015262206E+001
+2.40252000000E+008  -8.36702477487E+001
+2.47750500000E+008  -7.81212313964E+001
+2.55249000000E+008  -7.61314488659E+001
+2.62747500000E+008  -7.91190005817E+001
+2.70246000000E+008  -7.87793364111E+001
+2.77744500000E+008  -8.41777316695E+001
+2.85243000000E+008  -9.20249769471E+001
+2.92741500000E+008  -9.07868062151E+001
+3.00240000000E+008  -8.30950313979E+001
+3.07738500000E+008  -8.38310524225E+001
+3.15237000000E+008  -8.62367680112E+001
+3.22735500000E+008  -8.79705011354E+001
+3.30234000000E+008  -8.37830171366E+001
+3.37732500000E+008  -7.76401106376E+001
+3.45231000000E+008  -8.52186409370E+001
+3.52729500000E+008  -8.23658735907E+001
+3.60228000000E+008  -8.06719120384E+001
+3.67726500000E+008  -8.60956118605E+001
+3.75225000000E+008  -8.22528899186E+001
+3.82723500000E+008  -9.30239480249E+001
+3.90222000000E+008  -8.85762174956E+001
+3.97720500000E+008  -8.14426920402E+001
+4.05219000000E+008  -8.02964333324E+001
+4.12717500000E+008  -8.79331597739E+001
+4.20216000000E+008  -8.51225311995E+001
+4.27714500000E+008  -8.66466942258E+001
+4.35213000000E+008  -8.16735939358E+001
+4.42711500000E+008  -8.57845251440E+001
+4.50210000000E+008  -8.29434318630E+001
+4.57708500000E+008  -9.05182488606E+001
+4.65207000000E+008  -8.84315809217E+001
+4.72705500000E+008  -8.14549242388E+001
+4.80204000000E+008  -8.68850420516E+001
+4.87702500000E+008  -8.06185036622E+001
+4.95201000000E+008  -8.56599482536E+001
+5.02699500000E+008  -8.43865908915E+001
+5.10198000000E+008  -8.66267633348E+001
+5.17696500000E+008  -1.02069395444E+002
+5.25195000000E+008  -8.46288124650E+001
+5.32693500000E+008  -8.20672136842E+001
+5.40192000000E+008  -8.46359525943E+001
+5.47690500000E+008  -8.86996283829E+001
+5.55189000000E+008  -8.18961304758E+001
+5.62687500000E+008  -8.24584274852E+001
+5.70186000000E+008  -9.67143185078E+001
+5.77684500000E+008  -8.72252901968E+001
+5.85183000000E+008  -1.00782038074E+002
+5.92681500000E+008  -8.34555616097E+001
+6.00180000000E+008  -8.86357922382E+001
+6.07678500000E+008  -8.92582641564E+001
+6.15177000000E+008  -8.72550499363E+001
+6.22675500000E+008  -8.55280598815E+001
+6.30174000000E+008  -8.30303204499E+001
+6.37672500000E+008  -1.06039901350E+002
+6.45171000000E+008  -8.05045193281E+001
+6.52669500000E+008  -7.81812079276E+001
+6.60168000000E+008  -7.53759885924E+001
+6.67666500000E+008  -8.45685167327E+001
+6.75165000000E+008  -8.21644363368E+001
+6.82663500000E+008  -9.40199875864E+001
+6.90162000000E+008  -7.68906926639E+001
+6.97660500000E+008  -8.12492637462E+001
+7.05159000000E+008  -8.21524870445E+001
+7.12657500000E+008  -8.26065761898E+001
+7.20156000000E+008  -9.15106327689E+001
+7.27654500000E+008  -8.17846660294E+001
+7.35153000000E+008  -8.52136609123E+001
+7.42651500000E+008  -8.31944744546E+001
+7.50150000000E+008  -8.14949401749E+001
+7.57648500000E+008  -8.65119340994E+001
+7.65147000000E+008  -8.33292539648E+001
+7.72645500000E+008  -8.89643873862E+001
+7.80144000000E+008  -8.51562228646E+001
+7.87642500000E+008  -8.84313250261E+001
+7.95141000000E+008  -7.74613616676E+001
+8.02639500000E+008  -8.70112884191E+001
+8.10138000000E+008  -8.35510238801E+001
+8.17636500000E+008  -9.12579270511E+001
+8.25135000000E+008  -8.15901574409E+001
+8.32633500000E+008  -8.80908573151E+001
+8.40132000000E+008  -8.55494673894E+001
+8.47630500000E+008  -8.81466851869E+001
+8.55129000000E+008  -8.35639026489E+001
+8.62627500000E+008  -8.71919708048E+001
+8.70126000000E+008  -8.63852548600E+001
+8.77624500000E+008  -8.39256234755E+001
+8.85123000000E+008  -8.68680282953E+001
+8.92621500000E+008  -8.22816343560E+001
+9.00120000000E+008  -8.04432371718E+001
+9.07618500000E+008  -8.01782659597E+001
+9.15117000000E+008  -7.89904208991E+001
+9.22615500000E+008  -8.10491375076E+001
+9.30114000000E+008  -8.86635415736E+001
+9.37612500000E+008  -8.45545589009E+001
+9.45111000000E+008  -8.19143938384E+001
+9.52609500000E+008  -9.21204468738E+001
+9.60108000000E+008  -8.82643191216E+001
+9.67606500000E+008  -8.53107811918E+001
+9.75105000000E+008  -9.19224308943E+001
+9.82603500000E+008  -8.95796119693E+001
+9.90102000000E+008  -8.31645018178E+001
+9.97600500000E+008  -9.43267771310E+001
+1.00509900000E+009  -8.48957210437E+001
+1.01259750000E+009  -7.82358197129E+001
+1.02009600000E+009  -8.20307163000E+001
+1.02759450000E+009  -8.73634006415E+001
+1.03509300000E+009  -8.65936962285E+001
+1.04259150000E+009  -7.89133941709E+001
+1.05009000000E+009  -9.15812979794E+001
+1.05758850000E+009  -8.51024792789E+001
+1.06508700000E+009  -8.41505660870E+001
+1.07258550000E+009  -9.13477078563E+001
+1.08008400000E+009  -7.75318993315E+001
+1.08758250000E+009  -8.17929592767E+001
+1.09508100000E+009  -8.73791659986E+001
+1.10257950000E+009  -8.08957684569E+001
+1.11007800000E+009  -8.12011729630E+001
+1.11757650000E+009  -9.20255819662E+001
+1.12507500000E+009  -8.55736320090E+001
+1.13257350000E+009  -9.07691230066E+001
+1.14007200000E+009  -9.64085540197E+001
+1.14757050000E+009  -8.48034952397E+001
+1.15506900000E+009  -1.07132436722E+002
+1.16256750000E+009  -8.07269571355E+001
+1.17006600000E+009  -8.87670625769E+001
+1.17756450000E+009  -8.47282988996E+001
+1.18506300000E+009  -8.48861319518E+001
+1.19256150000E+009  -8.07912037015E+001
+1.20006000000E+009  -8.30040084297E+001
+1.20755850000E+009  -8.88743219688E+001
+1.21505700000E+009  -8.05772628477E+001
+1.22255550000E+009  -8.32279662769E+001
+1.23005400000E+009  -9.27872417357E+001
+1.23755250000E+009  -8.89404816633E+001
+1.24505100000E+009  -8.82996404182E+001
+1.25254950000E+009  -8.32465243061E+001
+1.26004800000E+009  -8.94243652498E+001
+1.26754650000E+009  -7.85387303081E+001
+1.27504500000E+009  -8.55225063105E+001
+1.28254350000E+009  -1.03311313920E+002
+1.29004200000E+009  -8.57632075669E+001
+1.29754050000E+009  -8.28238063033E+001
+1.30503900000E+009  -8.16315573254E+001
+1.31253750000E+009  -7.76017237828E+001
+1.32003600000E+009  -8.37539575032E+001
+1.32753450000E+009  -8.78861320499E+001
+1.33503300000E+009  -9.09681607134E+001
+1.34253150000E+009  -8.41968413090E+001
+1.35003000000E+009  -8.30025311133E+001
+1.35752850000E+009  -9.27960708894E+001
+1.36502700000E+009  -8.29911816916E+001
+1.37252550000E+009  -8.46678226944E+001
+1.38002400000E+009  -8.03848344339E+001
+1.38752250000E+009  -8.92088057005E+001
+1.39502100000E+009  -8.01403471312E+001
+1.40251950000E+009  -8.62554218421E+001
+1.41001800000E+009  -8.06603387639E+001
+1.41751650000E+009  -8.50335680615E+001
+1.42501500000E+009  -8.27371366537E+001
+1.43251350000E+009  -8.36046375907E+001
+1.44001200000E+009  -8.79083098164E+001
+1.44751050000E+009  -8.35310487222E+001
+1.45500900000E+009  -9.26322403401E+001
+1.46250750000E+009  -8.16443602199E+001
+1.47000600000E+009  -7.97607355707E+001
+1.47750450000E+009  -8.08628230789E+001
+1.48500300000E+009  -8.64997862071E+001
+1.49250150000E+009  -8.23158066164E+001
+1.50000000000E+009  -7.99658447980E+001
