+3.00000000000E+005  -8.90750909168E+001
+7.79850000000E+006  -7.87939468388E+001
+1.52970000000E+007  -7.88846281206E+001
+2.27955000000E+007  -7.88892625289E+001
+3.02940000000E+007  -7.32833592540E+001
+3.77925000000E+007  -7.02321350545E+001
+4.52910000000E+007  -7.45944258487E+001
+5.27895000000E+007  -6.45966002884E+001
+6.02880000000E+007  -7.45719058997E+001
+6.77865000000E+007  -7.97360711147E+001
+7.52850000000E+007  -7.03167374143E+001
+8.27835000000E+007  -7.63123429038E+001
+9.02820000000E+007  -7.02569906812E+001
+9.77805000000E+007  -6.49311804265E+001
+1.05279000000E+008  -6.37893304923E+001
+1.12777500000E+008  -7.07451193847E+001
+1.20276000000E+008  -7.46501902442E+001
+1.27774500000E+008  -7.50923083476E+001
+1.35273000000E+008  -7.07616154537E+001
+1.42771500000E+008  -6.58984139743E+001
+1.50270000000E+008  -7.10066507443E+001
+1.57768500000E+008  -6.78864934387E+001
+1.65267000000E+008  -6.04574556105E+001
+1.72765500000E+008  -6.91388174906E+001
+1.80264000000E+008  -5.92717279387E+001
+1.87762500000E+008  -6.93193768896E+001
+1.95261000000E+008  -5.33332059262E+001
+2.02759500000E+008  -5.92195176220E+001
+2.10258000000E+008  -6.37718668036E+001
+2.17756500000E+008  -6.17806728198E+001
+2.25255000000E+008  -5.28264070301E+001
+2.32753500000E+008  -6.12835156844E+001
+2.40252000000E+008  -6.46773008898E+001
+2.47750500000E+008  -6.13540641482E+001
+2.55249000000E+008  -5.66632026492E+001
+2.62747500000E+008  -7.20436566890E+001
+2.70246000000E+008  -6.29799426762E+001
+2.77744500000E+008  -5.94599380827E+001
+2.85243000000E+008  -6.86087447035E+001
+2.92741500000E+008  -6.01438247165E+001
+3.00240000000E+008  -5.87575337033E+001
+3.07738500000E+008  -5.68246223660E+001
+3.15237000000E+008  -7.45070053631E+001
+3.22735500000E+008  -5.78790927015E+001
+3.30234000000E+008  -6.74568526390E+001
+3.37732500000E+008  -5.77905900073E+001
+3.45231000000E+008  -7.04732919985E+001
+3.52729500000E+008  -8.05552850285E+001
+3.60228000000E+008  -5.75000326120E+001
+3.67726500000E+008  -6.22308575402E+001
+3.75225000000E+008  -5.62296632026E+001
+3.82723500000E+008  -5.69185038247E+001
+3.90222000000E+008  -6.16293635809E+001
+3.97720500000E+008  -6.29307613277E+001
+4.05219000000E+008  -5.39416238571E+001
+4.12717500000E+008  -6.50396221117E+001
+4.20216000000E+008  -5.45020790229E+001
+4.27714500000E+008  -5.29278213252E+001
+4.35213000000E+008  -5.41647720234E+001
+4.42711500000E+008  -5.25918767326E+001
+4.50210000000E+008  -5.60029430572E+001
+4.57708500000E+008  -6.28083394239E+001
+4.65207000000E+008  -6.16632148321E+001
+4.72705500000E+008  -5.98808747529E+001
+4.80204000000E+008  -6.09888619410E+001
+4.87702500000E+008  -6.98012091015E+001
+4.95201000000E+008  -5.29685420241E+001
+5.02699500000E+008  -6.06634654914E+001
+5.10198000000E+008  -6.08192088868E+001
+5.17696500000E+008  -5.52150250546E+001
+5.25195000000E+008  -5.60333060117E+001
+5.32693500000E+008  -6.86150009654E+001
+5.40192000000E+008  -5.93122545899E+001
+5.47690500000E+008  -7.64463993827E+001
+5.55189000000E+008  -7.54743719313E+001
+5.62687500000E+008  -5.92924160732E+001
+5.70186000000E+008  -6.33891232586E+001
+5.77684500000E+008  -7.11513067216E+001
+5.85183000000E+008  -6.42090783019E+001
+5.92681500000E+008  -5.88747453759E+001
+6.00180000000E+008  -6.46977721415E+001
+6.07678500000E+008  -6.54355835388E+001
+6.15177000000E+008  -5.88924552475E+001
+6.22675500000E+008  -6.33922063728E+001
+6.30174000000E+008  -5.72881497312E+001
+6.37672500000E+008  -6.58158830159E+001
+6.45171000000E+008  -5.86240033072E+001
+6.52669500000E+008  -6.26676523391E+001
+6.60168000000E+008  -6.37920462654E+001
+6.67666500000E+008  -5.16068504696E+001
+6.75165000000E+008  -5.82860161404E+001
+6.82663500000E+008  -6.30702857225E+001
+6.90162000000E+008  -7.43100245229E+001
+6.97660500000E+008  -6.12982173165E+001
+7.05159000000E+008  -6.58553114980E+001
+7.12657500000E+008  -6.50318755178E+001
+7.20156000000E+008  -5.42861168253E+001
+7.27654500000E+008  -5.83048575304E+001
+7.35153000000E+008  -6.80419507408E+001
+7.42651500000E+008  -5.72584479800E+001
+7.50150000000E+008  -5.70517801840E+001
+7.57648500000E+008  -6.07850593240E+001
+7.65147000000E+008  -5.79252434234E+001
+7.72645500000E+008  -6.62057295237E+001
+7.80144000000E+008  -6.29471855686E+001
+7.87642500000E+008  -6.10460784158E+001
+7.95141000000E+008  -6.13743486697E+001
+8.02639500000E+008  -6.74962656808E+001
+8.10138000000E+008  -6.59495454230E+001
+8.17636500000E+008  -5.94280883635E+001
+8.25135000000E+008  -5.79632608550E+001
+8.32633500000E+008  -6.88101264636E+001
+8.40132000000E+008  -6.25477909987E+001
+8.47630500000E+008  -7.11731780122E+001
+8.55129000000E+008  -6.94948862707E+001
+8.62627500000E+008  -6.47474780088E+001
+8.70126000000E+008  -5.77670329342E+001
+8.77624500000E+008  -6.04818619958E+001
+8.85123000000E+008  -6.05223141686E+001
+8.92621500000E+008  -6.21138737664E+001
+9.00120000000E+008  -5.99352649023E+001
+9.07618500000E+008  -6.23398024776E+001
+9.15117000000E+008  -7.66699940864E+001
+9.22615500000E+008  -5.86921011531E+001
+9.30114000000E+008  -6.16901084600E+001
+9.37612500000E+008  -5.56875360071E+001
+9.45111000000E+008  -6.36680306693E+001
+9.52609500000E+008  -6.64581745188E+001
+9.60108000000E+008  -6.13807121462E+001
+9.67606500000E+008  -6.99915342519E+001
+9.75105000000E+008  -6.10357645771E+001
+9.82603500000E+008  -6.10589254394E+001
+9.90102000000E+008  -6.46009868013E+001
+9.97600500000E+008  -5.83749081876E+001
+1.00509900000E+009  -6.99686498637E+001
+1.01259750000E+009  -6.88482181342E+001
+1.02009600000E+009  -6.87370479349E+001
+1.02759450000E+009  -6.29604363053E+001
+1.03509300000E+009  -6.80237259152E+001
+1.04259150000E+009  -5.97875237536E+001
+1.05009000000E+009  -5.76917294889E+001
+1.05758850000E+009  -6.84819917884E+001
+1.06508700000E+009  -6.95453386436E+001
+1.07258550000E+009  -6.26428701809E+001
+1.08008400000E+009  -5.86703621762E+001
+1.08758250000E+009  -6.82157820417E+001
+1.09508100000E+009  -7.32898572691E+001
+1.10257950000E+009  -6.98813450039E+001
+1.11007800000E+009  -7.26276771227E+001
+1.11757650000E+009  -8.55153139646E+001
+1.12507500000E+009  -6.83950787278E+001
+1.13257350000E+009  -6.18115827409E+001
+1.14007200000E+009  -8.77124338618E+001
+1.14757050000E+009  -6.48909465928E+001
+1.15506900000E+009  -7.28468027257E+001
+1.16256750000E+009  -6.25623119259E+001
+1.17006600000E+009  -6.39845129974E+001
+1.17756450000E+009  -6.87587100947E+001
+1.18506300000E+009  -6.29306629556E+001
+1.19256150000E+009  -7.42103208901E+001
+1.20006000000E+009  -7.05615917741E+001
+1.20755850000E+009  -6.64649009937E+001
+1.21505700000E+009  -6.54562366372E+001
+1.22255550000E+009  -7.16644807306E+001
+1.23005400000E+009  -6.98376014679E+001
+1.23755250000E+009  -7.03316748883E+001
+1.24505100000E+009  -6.33069680770E+001
+1.25254950000E+009  -6.89086470268E+001
+1.26004800000E+009  -7.60340082550E+001
+1.26754650000E+009  -7.63739449893E+001
+1.27504500000E+009  -7.91136089141E+001
+1.28254350000E+009  -7.62776697898E+001
+1.29004200000E+009  -6.98986329940E+001
+1.29754050000E+009  -7.23945958203E+001
+1.30503900000E+009  -6.48990251754E+001
+1.31253750000E+009  -7.14606476571E+001
+1.32003600000E+009  -6.76635201687E+001
+1.32753450000E+009  -6.72712026251E+001
+1.33503300000E+009  -7.07411163019E+001
+1.34253150000E+009  -6.83267754969E+001
+1.35003000000E+009  -6.35480217058E+001
+1.35752850000E+009  -7.14524170131E+001
+1.36502700000E+009  -7.44896332992E+001
+1.37252550000E+009  -6.58693979317E+001
+1.38002400000E+009  -8.10422974654E+001
+1.38752250000E+009  -6.73619093806E+001
+1.39502100000E+009  -6.94970016232E+001
+1.40251950000E+009  -7.36945899704E+001
+1.41001800000E+009  -6.97384907975E+001
+1.41751650000E+009  -8.17956485747E+001
+1.42501500000E+009  -6.85120328156E+001
+1.43251350000E+009  -6.52932194259E+001
+1.44001200000E+009  -7.13158295011E+001
+1.44751050000E+009  -6.76749890723E+001
+1.45500900000E+009  -6.61623518161E+001
+1.46250750000E+009  -7.36570456074E+001
+1.47000600000E+009  -9.35118860661E+001
+1.47750450000E+009  -8.72926639893E+001
+1.48500300000E+009  -7.29223450226E+001
+1.49250150000E+009  -6.69568116325E+001
+1.50000000000E+009  -6.94597145764E+001
