-4.98000007e-009 -0.003898438
-4.96000007e-009    0.0043125
-4.94000007e-009 -0.004656251
-4.92000007e-009        0.007
-4.90000007e-009 -0.005000001
-4.88000007e-009  0.004773437
-4.86000006e-009 -0.003812501
-4.84000006e-009  0.005273437
-4.82000006e-009 -0.003843751
-4.80000006e-009  0.004953125
-4.78000006e-009 -0.003531251
-4.76000006e-009  0.006210937
-4.74000006e-009 -0.004445313
-4.72000006e-009  0.005234375
-4.70000006e-009 -0.005000001
-4.68000006e-009  0.005929687
-4.66000006e-009 -0.005117188
-4.64000006e-009        0.005
-4.62000006e-009 -0.003429688
-4.60000006e-009  0.005179687
-4.58000006e-009 -0.005460938
-4.56000006e-009  0.004851562
-4.54000006e-009 -0.005375001
-4.52000006e-009        0.005
-4.50000006e-009 -0.003265626
-4.48000006e-009  0.007453125
-4.46000006e-009  -0.00303125
-4.44000006e-009      0.00575
-4.42000006e-009       -0.003
-4.40000006e-009        0.005
-4.38000006e-009 -0.003953126
-4.36000006e-009     0.004625
-4.34000006e-009 -0.005023438
-4.32000006e-009  0.005421875
-4.30000006e-009 -0.005000001
-4.28000006e-009   0.00528125
-4.26000006e-009 -0.004671876
-4.24000006e-009  0.005265625
-4.22000006e-009 -0.006132813
-4.20000006e-009        0.005
-4.18000006e-009 -0.004429688
-4.16000006e-009  0.005257812
-4.14000006e-009 -0.006539063
-4.12000006e-009  0.005242187
-4.10000005e-009 -0.003187501
-4.08000005e-009  0.006398437
-4.06000005e-009 -0.003210938
-4.04000005e-009  0.004570312
-4.02000005e-009 -0.005000001
-4.00000005e-009        0.005
-3.98000005e-009 -0.005960938
-3.96000005e-009  0.005203125
-3.94000005e-009 -0.003734376
-3.92000005e-009  0.003882812
-3.90000005e-009 -0.005000001
-3.88000005e-009  0.005546875
-3.86000005e-009 -0.005054688
-3.84000005e-009   0.00428125
-3.82000005e-009 -0.005000001
-3.80000005e-009  0.003351562
-3.78000005e-009 -0.007382813
-3.76000005e-009   0.00259375
-3.74000005e-009 -0.008898438
-3.72000005e-009  0.001453125
-3.70000005e-009 -0.008796876
-3.68000005e-009 0.0003046872
-3.66000005e-009 -0.008046876
-3.64000005e-009 0.0008984372
-3.62000005e-009 -0.009132813
-3.60000005e-009 0.0009999997
-3.58000005e-009 -0.009101563
-3.56000005e-009 -0.0005625004
-3.54000005e-009 -0.009671876
-3.52000005e-009       -0.001
-3.50000005e-009       -0.011
-3.48000005e-009 -0.0008750004
-3.46000005e-009  -0.01100781
-3.44000005e-009 -0.002507813
-3.42000005e-009  -0.01191406
-3.40000005e-009     -0.00275
-3.38000005e-009  -0.01515625
-3.36000004e-009 -0.003421876
-3.34000004e-009    -0.013875
-3.32000004e-009 -0.003015625
-3.30000004e-009  -0.01335156
-3.28000004e-009 -0.002929688
-3.26000004e-009  -0.01341406
-3.24000004e-009 -0.002953125
-3.22000004e-009  -0.01442969
-3.20000004e-009 -0.004296876
-3.18000004e-009  -0.01385156
-3.16000004e-009 -0.005023438
-3.14000004e-009  -0.01342188
-3.12000004e-009 -0.005000001
-3.10000004e-009  -0.01436719
-3.08000004e-009 -0.004609376
-3.06000004e-009   -0.0154375
-3.04000004e-009 -0.005585938
-3.02000004e-009  -0.01427344
-3.00000004e-009 -0.005000001
-2.98000004e-009  -0.01542969
-2.96000004e-009 -0.003617188
-2.94000004e-009  -0.01323438
-2.92000004e-009 -0.005000001
-2.90000004e-009  -0.01363281
-2.88000004e-009 -0.004507813
-2.86000004e-009  -0.01328906
-2.84000004e-009 -0.005000001
-2.82000004e-009  -0.01404688
-2.80000004e-009 -0.004476563
-2.78000004e-009  -0.01560156
-2.76000004e-009 -0.004851563
-2.74000004e-009  -0.01426563
-2.72000004e-009 -0.004601563
-2.70000004e-009  -0.01394531
-2.68000004e-009 -0.004664063
-2.66000004e-009       -0.015
-2.64000004e-009 -0.004875001
-2.62000003e-009       -0.013
-2.60000003e-009       -0.003
-2.58000003e-009  -0.01322656
-2.56000003e-009 -0.002867188
-2.54000003e-009  -0.01270313
-2.52000003e-009       -0.003
-2.50000003e-009  -0.01333594
-2.48000003e-009 -0.003554688
-2.46000003e-009  -0.01374219
-2.44000003e-009 -0.002195313
-2.42000003e-009  -0.01214844
-2.40000003e-009       -0.001
-2.38000003e-009     -0.01175
-2.36000003e-009  -0.00203125
-2.34000003e-009  -0.01110938
-2.32000003e-009  -0.00109375
-2.30000003e-009  -0.01103906
-2.28000003e-009  -0.00159375
-2.26000003e-009  -0.01046094
-2.24000003e-009 1.562465e-005
-2.22000003e-009 -0.009789063
-2.20000003e-009       -0.001
-2.18000003e-009    -0.010375
-2.16000003e-009 -0.0003125004
-2.14000003e-009 -0.009000001
-2.12000003e-009 0.0003749997
-2.10000003e-009 -0.009000001
-2.08000003e-009  0.001335937
-2.06000003e-009 -0.009320313
-2.04000003e-009  0.001671875
-2.02000003e-009 -0.007609376
-2.00000003e-009        0.003
-1.98000003e-009 -0.007257813
-1.96000003e-009  0.002929687
-1.94000003e-009 -0.008398438
-1.92000003e-009 0.0009999997
-1.90000003e-009 -0.007000001
-1.88000003e-009  0.001742187
-1.86000002e-009 -0.007328126
-1.84000002e-009   0.00271875
-1.82000002e-009 -0.007000001
-1.80000002e-009   0.00215625
-1.78000002e-009 -0.006953126
-1.76000002e-009  0.001515625
-1.74000002e-009 -0.007203126
-1.72000002e-009  0.002148437
-1.70000002e-009 -0.007000001
-1.68000002e-009  0.003398437
-1.66000002e-009 -0.007625001
-1.64000002e-009  0.003585937
-1.62000002e-009 -0.006320313
-1.60000002e-009  0.004515625
-1.58000002e-009 -0.006226563
-1.56000002e-009  0.004289062
-1.54000002e-009 -0.006562501
-1.52000002e-009        0.003
-1.50000002e-009 -0.006351563
-1.48000002e-009  0.003914062
-1.46000002e-009 -0.006781251
-1.44000002e-009  0.003140625
-1.42000002e-009 -0.006195313
-1.40000002e-009  0.004328125
-1.38000002e-009 -0.004945313
-1.36000002e-009  0.003703125
-1.34000002e-009 -0.006828126
-1.32000002e-009  0.003632812
-1.30000002e-009 -0.007000001
-1.28000002e-009  0.002796875
-1.26000002e-009 -0.006867188
-1.24000002e-009   0.00290625
-1.22000002e-009 -0.008046876
-1.20000002e-009        0.003
-1.18000002e-009 -0.006718751
-1.16000002e-009    0.0033125
-1.14000002e-009 -0.007664063
-1.12000001e-009        0.003
-1.10000001e-009 -0.007000001
-1.08000001e-009  0.001445312
-1.06000001e-009 -0.007101563
-1.04000001e-009  0.005554687
-1.02000001e-009 -0.007984376
-1.00000001e-009  0.002242187
-9.80000013e-010 -0.006421876
-9.60000013e-010 0.0004843747
-9.40000013e-010 -0.008265626
-9.20000012e-010 0.0009999997
-9.00000012e-010 -0.009000001
-8.80000012e-010  0.002570312
-8.60000011e-010 -0.009929688
-8.40000011e-010 -0.0003593754
-8.20000011e-010 -0.009835938
-8.00000011e-010       -0.001
-7.8000001e-010  -0.01225781
-7.6000001e-010 -0.005085938
-7.4000001e-010  -0.01728906
-7.2000001e-010 -0.007000001
-7.00000009e-010  -0.02814844
-6.80000009e-010   -0.0165625
-6.60000009e-010  -0.04253125
-6.40000009e-010  -0.03125781
-6.20000008e-010       -0.063
-6.00000008e-010       -0.055
-5.80000008e-010  -0.09300782
-5.60000007e-010  -0.08404688
-5.40000007e-010   -0.1263594
-5.20000007e-010   -0.1118672
-5.00000007e-010       -0.149
-4.80000006e-010   -0.1407109
-4.60000006e-010   -0.1630234
-4.40000006e-010   -0.1547422
-4.20000006e-010       -0.171
-4.00000005e-010   -0.1580938
-3.80000005e-010   -0.1669453
-3.60000005e-010   -0.1511328
-3.40000005e-010   -0.1631016
-3.20000004e-010   -0.1446953
-3.00000004e-010       -0.155
-2.80000004e-010   -0.1363906
-2.60000003e-010       -0.143
-2.40000003e-010   -0.1223828
-2.20000003e-010       -0.131
-2.00000003e-010       -0.093
-1.80000002e-010   -0.1063359
-1.60000002e-010  -0.06129688
-1.40000002e-010  -0.07738282
-1.20000002e-010      -0.0365
-1.00000001e-010       -0.047
-8.00000011e-011 -0.007304688
-6.00000008e-011  -0.01389063
-4.00000005e-011   0.01333594
-2.00000003e-011    0.0051875
           0        0.021
2.00000003e-011   0.01407813
4.00000005e-011   0.02467188
6.00000008e-011      0.01525
8.00000011e-011   0.02300781
1.00000001e-010   0.01378125
1.20000002e-010   0.02329688
1.40000002e-010   0.01076563
1.60000002e-010        0.023
1.80000002e-010    0.0123125
2.00000003e-010   0.02646094
2.20000003e-010   0.01671094
2.40000003e-010   0.03054688
2.60000003e-010     0.020625
2.80000004e-010        0.033
3.00000004e-010        0.021
3.20000004e-010   0.03253125
3.40000005e-010   0.02052344
3.60000005e-010        0.033
3.80000005e-010   0.01861719
4.00000005e-010   0.02715625
4.20000006e-010   0.01757813
4.40000006e-010    0.0269375
4.60000006e-010   0.01651563
4.80000006e-010        0.027
5.00000007e-010   0.01585938
5.20000007e-010   0.02577344
5.40000007e-010   0.01438281
5.60000007e-010   0.02370313
5.80000008e-010        0.011
6.00000008e-010        0.025
6.20000008e-010    0.0128125
6.40000009e-010   0.02321094
6.60000009e-010        0.011
6.80000009e-010   0.02286719
7.00000009e-010   0.01145313
7.2000001e-010   0.02170313
7.4000001e-010   0.01230469
7.6000001e-010        0.023
7.8000001e-010   0.01135938
8.00000011e-010        0.023
8.20000011e-010   0.01307031
8.40000011e-010   0.02488281
8.60000011e-010    0.0130625
8.80000012e-010   0.02361719
9.00000012e-010        0.013
9.20000012e-010   0.02697656
9.40000013e-010   0.01365625
9.60000013e-010   0.02310156
9.80000013e-010        0.013
1.00000001e-009        0.025
1.02000001e-009   0.01532813
1.04000001e-009   0.02445313
1.06000001e-009        0.015
1.08000001e-009        0.027
1.10000001e-009   0.01645313
1.12000001e-009   0.02742969
1.14000002e-009   0.01892188
1.16000002e-009        0.031
1.18000002e-009        0.017
1.20000002e-009   0.03038281
1.22000002e-009   0.01877344
1.24000002e-009   0.03074219
1.26000002e-009        0.019
1.28000002e-009        0.029
1.30000002e-009   0.01944531
1.32000002e-009   0.02840625
1.34000002e-009   0.01821875
1.36000002e-009   0.03042188
1.38000002e-009        0.019
1.40000002e-009   0.02967188
1.42000002e-009   0.01990625
1.44000002e-009   0.02839063
1.46000002e-009   0.01857031
1.48000002e-009        0.029
1.50000002e-009        0.017
1.52000002e-009   0.02759375
1.54000002e-009   0.01308594
1.56000002e-009    0.0246875
1.58000002e-009   0.01483594
1.60000002e-009        0.025
1.62000002e-009   0.01407813
1.64000002e-009   0.02314844
1.66000002e-009        0.013
1.68000002e-009   0.02369531
1.70000002e-009        0.013
1.72000002e-009   0.02308594
1.74000002e-009   0.01246094
1.76000002e-009   0.02408594
1.78000002e-009   0.01253125
1.80000002e-009     0.021875
1.82000002e-009   0.01210938
1.84000002e-009   0.02128906
1.86000002e-009    0.0110625
1.88000003e-009        0.021
1.90000003e-009   0.01259375
1.92000003e-009   0.02211719
1.94000003e-009    0.0124375
1.96000003e-009   0.02385156
1.98000003e-009        0.013
2.00000003e-009   0.02436719
2.02000003e-009   0.01158594
2.04000003e-009   0.02617188
2.06000003e-009   0.01373438
2.08000003e-009        0.025
2.10000003e-009    0.0128125
2.12000003e-009   0.02365625
2.14000003e-009   0.01413281
2.16000003e-009   0.02342969
2.18000003e-009        0.015
2.20000003e-009        0.023
2.22000003e-009   0.01292969
2.24000003e-009   0.02454688
2.26000003e-009   0.01221094
2.28000003e-009        0.025
2.30000003e-009   0.01236719
2.32000003e-009   0.02159375
2.34000003e-009   0.01146875
2.36000003e-009   0.02183594
2.38000003e-009   0.01254688
2.40000003e-009        0.023
2.42000003e-009   0.01114844
2.44000003e-009   0.02304688
2.46000003e-009   0.01261719
2.48000003e-009   0.02196094
2.50000003e-009   0.01041406
2.52000003e-009   0.02160156
2.54000003e-009  0.009898438
2.56000003e-009        0.023
2.58000003e-009    0.0108125
2.60000003e-009   0.02050781
2.62000003e-009   0.01084375
2.64000004e-009   0.02124219
2.66000004e-009   0.01108594
2.68000004e-009   0.02180469
2.70000004e-009  0.009640625
2.72000004e-009   0.02096875
2.74000004e-009   0.01032813
2.76000004e-009   0.02022656
2.78000004e-009        0.011
2.80000004e-009        0.019
2.82000004e-009  0.009804688
2.84000004e-009   0.01924219
2.86000004e-009   0.01047656
2.88000004e-009   0.02008594
2.90000004e-009  0.008148438
2.92000004e-009   0.01880469
2.94000004e-009  0.008710938
2.96000004e-009   0.01917969
2.98000004e-009        0.009
3.00000004e-009   0.01934375
3.02000004e-009  0.008679688
3.04000004e-009   0.02055469
3.06000004e-009        0.009
3.08000004e-009        0.021
3.10000004e-009  0.008679688
3.12000004e-009   0.01904688
3.14000004e-009    0.0088125
3.16000004e-009   0.01845313
3.18000004e-009  0.006414062
3.20000004e-009        0.017
3.22000004e-009  0.007734375
3.24000004e-009   0.01696094
3.26000004e-009  0.008429688
3.28000004e-009   0.01711719
3.30000004e-009        0.007
3.32000004e-009   0.01702344
3.34000004e-009  0.009148438
3.36000004e-009   0.01723438
3.38000005e-009        0.007
3.40000005e-009        0.019
3.42000005e-009  0.007296875
3.44000005e-009   0.01847656
3.46000005e-009  0.006820312
3.48000005e-009   0.01610156
3.50000005e-009        0.007
3.52000005e-009   0.01478125
3.54000005e-009  0.005835937
3.56000005e-009        0.017
3.58000005e-009        0.005
3.60000005e-009   0.01578906
3.62000005e-009  0.005976562
3.64000005e-009    0.0154375
3.66000005e-009  0.006609375
3.68000005e-009        0.017
3.70000005e-009  0.006671875
3.72000005e-009   0.01601563
3.74000005e-009  0.005546875
3.76000005e-009   0.01553906
3.78000005e-009        0.005
3.80000005e-009        0.015
3.82000005e-009  0.005953125
3.84000005e-009   0.01502344
3.86000005e-009        0.005
3.88000005e-009   0.01369531
3.90000005e-009  0.006617187
3.92000005e-009   0.01700781
3.94000005e-009  0.005023437
3.96000005e-009   0.01514063
3.98000005e-009  0.005578125
4.00000005e-009    0.0159375
4.02000005e-009  0.005023437
4.04000005e-009   0.01499219
4.06000005e-009  0.004960937
4.08000005e-009        0.015
4.10000005e-009        0.005
4.12000006e-009   0.01488281
4.14000006e-009  0.006257812
4.16000006e-009   0.01388281
4.18000006e-009  0.005515625
4.20000006e-009   0.01466406
4.22000006e-009   0.00359375
4.24000006e-009   0.01470313
4.26000006e-009  0.005210937
4.28000006e-009      0.01475
4.30000006e-009  0.004648437
4.32000006e-009   0.01371875
4.34000006e-009      0.00275
4.36000006e-009   0.01420313
4.38000006e-009  0.004335937
4.40000006e-009   0.01303906
4.42000006e-009  0.004140625
4.44000006e-009    0.0145625
4.46000006e-009  0.004515625
4.48000006e-009        0.013
4.50000006e-009        0.003
4.52000006e-009    0.0114375
4.54000006e-009  0.003109375
4.56000006e-009   0.01436719
4.58000006e-009   0.00303125
4.60000006e-009        0.013
4.62000006e-009  0.004398437
4.64000006e-009   0.01310938
4.66000006e-009        0.003
4.68000006e-009   0.01141406
4.70000006e-009        0.003
4.72000006e-009    0.0125625
4.74000006e-009   0.00403125
4.76000006e-009        0.015
4.78000006e-009        0.003
4.80000006e-009   0.01360156
4.82000006e-009  0.004015625
4.84000006e-009   0.01339063
4.86000006e-009     0.002625
4.88000007e-009   0.01342969
4.90000007e-009        0.003
4.92000007e-009   0.01303125
4.94000007e-009  0.003046875
4.96000007e-009        0.013
4.98000007e-009        0.003
5.00000007e-009   0.01148438
