-2.49000003e-009 -0.008609376
-2.48000003e-009 -0.008562501
-2.47000003e-009 -0.008578126
-2.46000003e-009 -0.008687501
-2.45000003e-009 -0.008789063
-2.44000003e-009 -0.008882813
-2.43000003e-009 -0.008898438
-2.42000003e-009 -0.008851563
-2.41000003e-009 -0.008765626
-2.40000003e-009 -0.008593751
-2.39000003e-009 -0.008476563
-2.38000003e-009 -0.008351563
-2.37000003e-009 -0.008296876
-2.36000003e-009 -0.008273438
-2.35000003e-009 -0.008226563
-2.34000003e-009 -0.008234376
-2.33000003e-009 -0.008164063
-2.32000003e-009 -0.008062501
-2.31000003e-009 -0.007906251
-2.30000003e-009 -0.007750001
-2.29000003e-009 -0.007539063
-2.28000003e-009 -0.007382813
-2.27000003e-009 -0.007273438
-2.26000003e-009 -0.007148438
-2.25000003e-009 -0.007078126
-2.24000003e-009 -0.007015626
-2.23000003e-009 -0.006945313
-2.22000003e-009 -0.006906251
-2.21000003e-009 -0.006843751
-2.20000003e-009 -0.006789063
-2.19000003e-009 -0.006710938
-2.18000003e-009 -0.006656251
-2.17000003e-009 -0.006585938
-2.16000003e-009 -0.006492188
-2.15000003e-009 -0.006390626
-2.14000003e-009 -0.006234376
-2.13000003e-009 -0.006070313
-2.12000003e-009 -0.005929688
-2.11000003e-009 -0.005820313
-2.10000003e-009 -0.005773438
-2.09000003e-009 -0.005765626
-2.08000003e-009 -0.005742188
-2.07000003e-009 -0.005765626
-2.06000003e-009 -0.005757813
-2.05000003e-009 -0.005726563
-2.04000003e-009 -0.005617188
-2.03000003e-009 -0.005398438
-2.02000003e-009 -0.005179688
-2.01000003e-009 -0.004929688
-2.00000003e-009 -0.004687501
-1.99000003e-009 -0.004476563
-1.98000003e-009 -0.004328126
-1.97000003e-009 -0.004218751
-1.96000003e-009 -0.004171876
-1.95000003e-009 -0.004171876
-1.94000003e-009 -0.004187501
-1.93000003e-009 -0.004195313
-1.92000003e-009 -0.004218751
-1.91000003e-009 -0.004187501
-1.90000003e-009 -0.004125001
-1.89000003e-009 -0.004031251
-1.88000003e-009 -0.003937501
-1.87000002e-009 -0.003796876
-1.86000002e-009 -0.003703126
-1.85000002e-009 -0.003578126
-1.84000002e-009 -0.003515626
-1.83000002e-009 -0.003484376
-1.82000002e-009 -0.003429688
-1.81000002e-009 -0.003414063
-1.80000002e-009 -0.003414063
-1.79000002e-009 -0.003367188
-1.78000002e-009 -0.003328126
-1.77000002e-009 -0.003296876
-1.76000002e-009 -0.003234376
-1.75000002e-009    -0.003125
-1.74000002e-009 -0.003039063
-1.73000002e-009  -0.00290625
-1.72000002e-009   -0.0028125
-1.71000002e-009   -0.0026875
-1.70000002e-009 -0.002601563
-1.69000002e-009 -0.002585938
-1.68000002e-009 -0.002601563
-1.67000002e-009 -0.002617188
-1.66000002e-009 -0.002632813
-1.65000002e-009 -0.002671875
-1.64000002e-009 -0.002671875
-1.63000002e-009   -0.0026875
-1.62000002e-009 -0.002671875
-1.61000002e-009 -0.002648438
-1.60000002e-009 -0.002539063
-1.59000002e-009 -0.002484375
-1.58000002e-009    -0.002375
-1.57000002e-009 -0.002328125
-1.56000002e-009   -0.0023125
-1.55000002e-009 -0.002320313
-1.54000002e-009  -0.00234375
-1.53000002e-009    -0.002375
-1.52000002e-009 -0.002429688
-1.51000002e-009 -0.002421875
-1.50000002e-009 -0.002429688
-1.49000002e-009 -0.002398438
-1.48000002e-009 -0.002359375
-1.47000002e-009 -0.002289063
-1.46000002e-009 -0.002289063
-1.45000002e-009  -0.00228125
-1.44000002e-009   -0.0023125
-1.43000002e-009    -0.002375
-1.42000002e-009 -0.002429688
-1.41000002e-009 -0.002476563
-1.40000002e-009      -0.0025
-1.39000002e-009   -0.0024375
-1.38000002e-009 -0.002351563
-1.37000002e-009 -0.002226563
-1.36000002e-009 -0.002085938
-1.35000002e-009  -0.00196875
-1.34000002e-009   -0.0019375
-1.33000002e-009 -0.001945313
-1.32000002e-009  -0.00203125
-1.31000002e-009 -0.002171875
-1.30000002e-009 -0.002328125
-1.29000002e-009      -0.0025
-1.28000002e-009 -0.002617188
-1.27000002e-009 -0.002648438
-1.26000002e-009 -0.002570313
-1.25000002e-009      -0.0025
-1.24000002e-009 -0.002367188
-1.23000002e-009 -0.002226563
-1.22000002e-009   -0.0021875
-1.21000002e-009  -0.00215625
-1.20000002e-009 -0.002226563
-1.19000002e-009 -0.002335938
-1.18000002e-009 -0.002445313
-1.17000002e-009 -0.002523438
-1.16000002e-009  -0.00259375
-1.15000002e-009  -0.00259375
-1.14000002e-009  -0.00253125
-1.13000002e-009  -0.00246875
-1.12000001e-009 -0.002445313
-1.11000001e-009 -0.002390625
-1.10000001e-009 -0.002429688
-1.09000001e-009 -0.002476563
-1.08000001e-009 -0.002585938
-1.07000001e-009 -0.002734375
-1.06000001e-009 -0.002820313
-1.05000001e-009  -0.00290625
-1.04000001e-009 -0.003007813
-1.03000001e-009 -0.003054688
-1.02000001e-009 -0.003148438
-1.01000001e-009 -0.003226563
-1.00000001e-009 -0.003343751
-9.90000013e-010 -0.003492188
-9.80000013e-010 -0.003632813
-9.70000013e-010 -0.003773438
-9.60000013e-010 -0.003859376
-9.50000013e-010 -0.003867188
-9.40000013e-010 -0.003859376
-9.30000012e-010 -0.003820313
-9.20000012e-010 -0.003804688
-9.10000012e-010 -0.003843751
-9.00000012e-010 -0.003945313
-8.90000012e-010 -0.004132813
-8.80000012e-010 -0.004367188
-8.70000012e-010 -0.004648438
-8.60000011e-010 -0.004984376
-8.50000011e-010 -0.005242188
-8.40000011e-010 -0.005484376
-8.30000011e-010 -0.005750001
-8.20000011e-010 -0.005992188
-8.10000011e-010 -0.006273438
-8.00000011e-010 -0.006687501
-7.90000011e-010 -0.007218751
-7.8000001e-010 -0.007953126
-7.7000001e-010 -0.008882813
-7.6000001e-010 -0.009914063
-7.5000001e-010   -0.0110625
-7.4000001e-010  -0.01235938
-7.3000001e-010  -0.01389063
-7.2000001e-010  -0.01555469
-7.10000009e-010  -0.01749219
-7.00000009e-010  -0.01972656
-6.90000009e-010  -0.02242188
-6.80000009e-010  -0.02563281
-6.70000009e-010  -0.02942969
-6.60000009e-010  -0.03372656
-6.50000009e-010  -0.03857031
-6.40000009e-010       -0.044
-6.30000008e-010        -0.05
-6.20000008e-010  -0.05654688
-6.10000008e-010  -0.06360938
-6.00000008e-010  -0.07108594
-5.90000008e-010  -0.07903125
-5.80000008e-010  -0.08729688
-5.70000008e-010  -0.09579688
-5.60000007e-010   -0.1044141
-5.50000007e-010   -0.1129219
-5.40000007e-010    -0.121125
-5.30000007e-010   -0.1287656
-5.20000007e-010   -0.1358984
-5.10000007e-010   -0.1423359
-5.00000007e-010   -0.1480156
-4.90000007e-010   -0.1528828
-4.80000006e-010   -0.1569063
-4.70000006e-010   -0.1601797
-4.60000006e-010   -0.1626484
-4.50000006e-010   -0.1644219
-4.40000006e-010   -0.1653906
-4.30000006e-010   -0.1656094
-4.20000006e-010   -0.1653203
-4.10000005e-010      -0.1645
-4.00000005e-010   -0.1634219
-3.90000005e-010   -0.1621094
-3.80000005e-010   -0.1605469
-3.70000005e-010   -0.1590938
-3.60000005e-010   -0.1576406
-3.50000005e-010   -0.1563047
-3.40000005e-010   -0.1549219
-3.30000004e-010   -0.1534453
-3.20000004e-010   -0.1519453
-3.10000004e-010     -0.15025
-3.00000004e-010   -0.1484688
-2.90000004e-010   -0.1464688
-2.80000004e-010   -0.1441641
-2.70000004e-010   -0.1417109
-2.60000003e-010   -0.1390391
-2.50000003e-010   -0.1361563
-2.40000003e-010   -0.1329766
-2.30000003e-010   -0.1293281
-2.20000003e-010   -0.1252656
-2.10000003e-010   -0.1206641
-2.00000003e-010   -0.1155156
-1.90000003e-010   -0.1097422
-1.80000002e-010   -0.1032969
-1.70000002e-010  -0.09630469
-1.60000002e-010  -0.08880469
-1.50000002e-010  -0.08096875
-1.40000002e-010  -0.07285157
-1.30000002e-010  -0.06458594
-1.20000002e-010  -0.05616407
-1.10000001e-010  -0.04780469
-1.00000001e-010  -0.03945313
-9.00000012e-011  -0.03133594
-8.00000011e-011  -0.02353125
-7.00000009e-011  -0.01607031
-6.00000008e-011 -0.009078126
-5.00000007e-011  -0.00271875
-4.00000005e-011  0.002867187
-3.00000004e-011   0.00765625
-2.00000003e-011   0.01166406
-1.00000001e-011     0.014875
           0   0.01734375
1.00000001e-011     0.019125
2.00000003e-011    0.0201875
3.00000004e-011   0.02085156
4.00000005e-011   0.02103125
5.00000007e-011    0.0209375
6.00000008e-011       0.0205
7.00000009e-011   0.01985938
8.00000011e-011    0.0190625
9.00000012e-011   0.01825781
1.00000001e-010   0.01739844
1.10000001e-010   0.01660938
1.20000002e-010   0.01585156
1.30000002e-010   0.01533594
1.40000002e-010   0.01503906
1.50000002e-010   0.01502344
1.60000002e-010   0.01524219
1.70000002e-010   0.01578125
1.80000002e-010   0.01659375
1.90000003e-010   0.01767188
2.00000003e-010   0.01896875
2.10000003e-010     0.020375
2.20000003e-010   0.02185938
2.30000003e-010    0.0233125
2.40000003e-010   0.02469531
2.50000003e-010     0.025875
2.60000003e-010   0.02685938
2.70000004e-010   0.02754688
2.80000004e-010   0.02803906
2.90000004e-010   0.02826563
3.00000004e-010   0.02824219
3.10000004e-010   0.02803906
3.20000004e-010   0.02764063
3.30000004e-010   0.02716406
3.40000005e-010   0.02657813
3.50000005e-010   0.02595313
3.60000005e-010      0.02525
3.70000005e-010   0.02452344
3.80000005e-010   0.02384375
3.90000005e-010   0.02311719
4.00000005e-010   0.02250781
4.10000005e-010   0.02189844
4.20000006e-010   0.02139063
4.30000006e-010    0.0209375
4.40000006e-010   0.02060938
4.50000006e-010   0.02041406
4.60000006e-010   0.02027344
4.70000006e-010    0.0201875
4.80000006e-010   0.02015625
4.90000007e-010   0.02014063
5.00000007e-010   0.02010156
5.10000007e-010    0.0200625
5.20000007e-010   0.02000781
5.30000007e-010   0.01992969
5.40000007e-010   0.01984375
5.50000007e-010   0.01980469
5.60000007e-010   0.01976563
5.70000008e-010   0.01972656
5.80000008e-010   0.01969531
5.90000008e-010   0.01961719
6.00000008e-010   0.01945313
6.10000008e-010   0.01923438
6.20000008e-010   0.01901563
6.30000008e-010   0.01875781
6.40000009e-010   0.01852344
6.50000009e-010   0.01828125
6.60000009e-010   0.01808594
6.70000009e-010   0.01788281
6.80000009e-010   0.01764063
6.90000009e-010    0.0174375
7.00000009e-010   0.01714844
7.10000009e-010   0.01692188
7.2000001e-010   0.01664844
7.3000001e-010   0.01640625
7.4000001e-010   0.01622656
7.5000001e-010   0.01607031
7.6000001e-010   0.01594531
7.7000001e-010   0.01589063
7.8000001e-010     0.015875
7.90000011e-010   0.01586719
8.00000011e-010   0.01592188
8.10000011e-010   0.01603125
8.20000011e-010   0.01620313
8.30000011e-010   0.01642188
8.40000011e-010   0.01665625
8.50000011e-010   0.01697656
8.60000011e-010   0.01725781
8.70000012e-010   0.01753906
8.80000012e-010   0.01772656
8.90000012e-010   0.01792969
9.00000012e-010   0.01810156
9.10000012e-010   0.01826563
9.20000012e-010   0.01847656
9.30000012e-010   0.01865625
9.40000013e-010   0.01882031
9.50000013e-010   0.01897656
9.60000013e-010   0.01911719
9.70000013e-010   0.01921094
9.80000013e-010   0.01927344
9.90000013e-010   0.01930469
1.00000001e-009   0.01942188
1.01000001e-009   0.01953125
1.02000001e-009   0.01970313
1.03000001e-009   0.01996094
1.04000001e-009   0.02020313
1.05000001e-009   0.02048438
1.06000001e-009   0.02075781
1.07000001e-009   0.02099219
1.08000001e-009   0.02121875
1.09000001e-009   0.02142969
1.10000001e-009   0.02164063
1.11000001e-009   0.02185156
1.12000001e-009   0.02208594
1.13000002e-009   0.02232031
1.14000002e-009   0.02254688
1.15000002e-009   0.02280469
1.16000002e-009   0.02302344
1.17000002e-009   0.02321094
1.18000002e-009   0.02336719
1.19000002e-009   0.02346094
1.20000002e-009   0.02353906
1.21000002e-009   0.02357031
1.22000002e-009   0.02360156
1.23000002e-009   0.02358594
1.24000002e-009   0.02357813
1.25000002e-009   0.02359375
1.26000002e-009   0.02360938
1.27000002e-009     0.023625
1.28000002e-009    0.0236875
1.29000002e-009      0.02375
1.30000002e-009   0.02385156
1.31000002e-009   0.02396094
1.32000002e-009   0.02404688
1.33000002e-009   0.02408594
1.34000002e-009   0.02408594
1.35000002e-009   0.02403906
1.36000002e-009   0.02389844
1.37000002e-009   0.02376563
1.38000002e-009   0.02360156
1.39000002e-009     0.023375
1.40000002e-009   0.02319531
1.41000002e-009   0.02297656
1.42000002e-009   0.02277344
1.43000002e-009   0.02257813
1.44000002e-009   0.02238281
1.45000002e-009   0.02214844
1.46000002e-009   0.02186719
1.47000002e-009   0.02160156
1.48000002e-009   0.02133594
1.49000002e-009   0.02105469
1.50000002e-009   0.02082031
1.51000002e-009   0.02060156
1.52000002e-009   0.02039844
1.53000002e-009   0.02021875
1.54000002e-009   0.02004688
1.55000002e-009   0.01984375
1.56000002e-009   0.01964063
1.57000002e-009   0.01940625
1.58000002e-009   0.01916406
1.59000002e-009   0.01889844
1.60000002e-009   0.01861719
1.61000002e-009   0.01835938
1.62000002e-009   0.01808594
1.63000002e-009   0.01789063
1.64000002e-009   0.01767969
1.65000002e-009   0.01746875
1.66000002e-009   0.01727344
1.67000002e-009   0.01711719
1.68000002e-009   0.01695313
1.69000002e-009   0.01677344
1.70000002e-009   0.01664063
1.71000002e-009   0.01644531
1.72000002e-009   0.01630469
1.73000002e-009   0.01617188
1.74000002e-009   0.01605469
1.75000002e-009   0.01599219
1.76000002e-009   0.01594531
1.77000002e-009   0.01597656
1.78000002e-009        0.016
1.79000002e-009   0.01602344
1.80000002e-009   0.01605469
1.81000002e-009   0.01609375
1.82000002e-009   0.01611719
1.83000002e-009   0.01614063
1.84000002e-009   0.01621094
1.85000002e-009   0.01627344
1.86000002e-009   0.01635938
1.87000002e-009   0.01651563
1.88000003e-009   0.01666406
1.89000003e-009   0.01679688
1.90000003e-009   0.01689063
1.91000003e-009    0.0169375
1.92000003e-009   0.01694531
1.93000003e-009   0.01691406
1.94000003e-009   0.01688281
1.95000003e-009   0.01689063
1.96000003e-009   0.01692188
1.97000003e-009   0.01699219
1.98000003e-009   0.01708594
1.99000003e-009   0.01721875
2.00000003e-009    0.0173125
2.01000003e-009   0.01739063
2.02000003e-009    0.0174375
2.03000003e-009   0.01748438
2.04000003e-009   0.01749219
2.05000003e-009   0.01748438
2.06000003e-009   0.01753906
2.07000003e-009   0.01759375
2.08000003e-009   0.01771875
2.09000003e-009   0.01783594
2.10000003e-009   0.01797656
2.11000003e-009   0.01810156
2.12000003e-009   0.01819531
2.13000003e-009   0.01832031
2.14000003e-009   0.01836719
2.15000003e-009   0.01838281
2.16000003e-009   0.01839063
2.17000003e-009   0.01839844
2.18000003e-009     0.018375
2.19000003e-009   0.01836719
2.20000003e-009   0.01832813
2.21000003e-009    0.0183125
2.22000003e-009   0.01828906
2.23000003e-009   0.01828906
2.24000003e-009   0.01830469
2.25000003e-009   0.01828125
2.26000003e-009   0.01822656
2.27000003e-009   0.01817969
2.28000003e-009   0.01809375
2.29000003e-009   0.01796094
2.30000003e-009   0.01782031
2.31000003e-009   0.01767969
2.32000003e-009   0.01752344
2.33000003e-009   0.01749219
2.34000003e-009   0.01746094
2.35000003e-009    0.0174375
2.36000003e-009   0.01747656
2.37000003e-009   0.01745313
2.38000003e-009     0.017375
2.39000003e-009   0.01721094
2.40000003e-009   0.01703906
2.41000003e-009   0.01677344
2.42000003e-009   0.01650781
2.43000003e-009   0.01626563
2.44000003e-009   0.01607813
2.45000003e-009        0.016
2.46000003e-009    0.0159375
2.47000003e-009   0.01592969
2.48000003e-009   0.01589063
2.49000003e-009   0.01585156
2.50000003e-009   0.01577344
