+3.00000000000E+005  -8.25978543839E+001
+7.79850000000E+006  -8.91256959012E+001
+1.52970000000E+007  -8.29150236549E+001
+2.27955000000E+007  -8.21585392157E+001
+3.02940000000E+007  -9.32810874660E+001
+3.77925000000E+007  -7.67492561860E+001
+4.52910000000E+007  -7.28158842184E+001
+5.27895000000E+007  -8.27174671453E+001
+6.02880000000E+007  -8.08521176464E+001
+6.77865000000E+007  -6.95790070845E+001
+7.52850000000E+007  -6.94285801737E+001
+8.27835000000E+007  -7.01224620822E+001
+9.02820000000E+007  -7.16577028999E+001
+9.77805000000E+007  -7.08995619875E+001
+1.05279000000E+008  -6.66188421842E+001
+1.12777500000E+008  -7.61473056449E+001
+1.20276000000E+008  -6.39614977767E+001
+1.27774500000E+008  -7.42428637467E+001
+1.35273000000E+008  -7.55763459221E+001
+1.42771500000E+008  -7.02355946180E+001
+1.50270000000E+008  -7.30872441769E+001
+1.57768500000E+008  -7.06596181554E+001
+1.65267000000E+008  -5.90897917504E+001
+1.72765500000E+008  -6.55525584791E+001
+1.80264000000E+008  -7.71793020724E+001
+1.87762500000E+008  -5.71860413529E+001
+1.95261000000E+008  -6.73218641463E+001
+2.02759500000E+008  -5.90079178317E+001
+2.10258000000E+008  -7.91658271652E+001
+2.17756500000E+008  -6.16169212055E+001
+2.25255000000E+008  -5.74181363819E+001
+2.32753500000E+008  -5.90473204372E+001
+2.40252000000E+008  -5.50474184210E+001
+2.47750500000E+008  -5.82670331667E+001
+2.55249000000E+008  -6.45801243633E+001
+2.62747500000E+008  -5.91901505259E+001
+2.70246000000E+008  -6.36156412646E+001
+2.77744500000E+008  -5.31941840920E+001
+2.85243000000E+008  -5.77013113687E+001
+2.92741500000E+008  -5.90944017884E+001
+3.00240000000E+008  -6.00861693923E+001
+3.07738500000E+008  -6.19550420145E+001
+3.15237000000E+008  -6.29433013382E+001
+3.22735500000E+008  -5.48227164937E+001
+3.30234000000E+008  -7.07205885837E+001
+3.37732500000E+008  -6.29007330409E+001
+3.45231000000E+008  -6.40448844716E+001
+3.52729500000E+008  -5.47916731291E+001
+3.60228000000E+008  -6.81869950598E+001
+3.67726500000E+008  -5.88338038286E+001
+3.75225000000E+008  -5.70856095376E+001
+3.82723500000E+008  -5.40333824680E+001
+3.90222000000E+008  -5.30541733561E+001
+3.97720500000E+008  -5.92061903345E+001
+4.05219000000E+008  -7.51335423023E+001
+4.12717500000E+008  -5.61376702099E+001
+4.20216000000E+008  -6.71166207978E+001
+4.27714500000E+008  -6.82768414706E+001
+4.35213000000E+008  -6.84470855553E+001
+4.42711500000E+008  -6.54891832805E+001
+4.50210000000E+008  -5.37677305956E+001
+4.57708500000E+008  -7.00552613141E+001
+4.65207000000E+008  -6.33575959481E+001
+4.72705500000E+008  -5.18373304624E+001
+4.80204000000E+008  -5.56708730511E+001
+4.87702500000E+008  -6.14315576833E+001
+4.95201000000E+008  -5.32682072880E+001
+5.02699500000E+008  -6.12542826398E+001
+5.10198000000E+008  -6.97680467514E+001
+5.17696500000E+008  -6.15448950720E+001
+5.25195000000E+008  -6.92949357923E+001
+5.32693500000E+008  -6.19478447436E+001
+5.40192000000E+008  -6.88046075365E+001
+5.47690500000E+008  -5.41768690851E+001
+5.55189000000E+008  -6.36956966092E+001
+5.62687500000E+008  -6.65144795723E+001
+5.70186000000E+008  -6.09862685721E+001
+5.77684500000E+008  -5.64991340793E+001
+5.85183000000E+008  -6.24941872293E+001
+5.92681500000E+008  -5.67292089284E+001
+6.00180000000E+008  -5.65682846232E+001
+6.07678500000E+008  -6.10095229324E+001
+6.15177000000E+008  -6.72181908683E+001
+6.22675500000E+008  -6.70746926114E+001
+6.30174000000E+008  -5.78262771577E+001
+6.37672500000E+008  -5.90767022680E+001
+6.45171000000E+008  -5.93727885774E+001
+6.52669500000E+008  -5.93893157727E+001
+6.60168000000E+008  -5.58771342987E+001
+6.67666500000E+008  -7.22026314137E+001
+6.75165000000E+008  -6.97187366993E+001
+6.82663500000E+008  -5.67664250997E+001
+6.90162000000E+008  -6.28239708880E+001
+6.97660500000E+008  -6.12156580815E+001
+7.05159000000E+008  -6.50603623170E+001
+7.12657500000E+008  -6.28839583482E+001
+7.20156000000E+008  -5.89733044318E+001
+7.27654500000E+008  -6.60466100266E+001
+7.35153000000E+008  -8.06838368453E+001
+7.42651500000E+008  -6.13112756057E+001
+7.50150000000E+008  -6.26894783052E+001
+7.57648500000E+008  -5.99689644458E+001
+7.65147000000E+008  -5.93127275291E+001
+7.72645500000E+008  -6.72335600776E+001
+7.80144000000E+008  -8.72759065885E+001
+7.87642500000E+008  -5.93360884711E+001
+7.95141000000E+008  -6.73573517998E+001
+8.02639500000E+008  -6.15916522198E+001
+8.10138000000E+008  -5.62689298761E+001
+8.17636500000E+008  -6.29337580687E+001
+8.25135000000E+008  -6.37563095792E+001
+8.32633500000E+008  -6.46615526691E+001
+8.40132000000E+008  -6.14398186666E+001
+8.47630500000E+008  -6.36823586833E+001
+8.55129000000E+008  -6.36825124535E+001
+8.62627500000E+008  -6.66386646797E+001
+8.70126000000E+008  -6.34158635303E+001
+8.77624500000E+008  -6.44818104950E+001
+8.85123000000E+008  -7.68854272281E+001
+8.92621500000E+008  -6.06047821301E+001
+9.00120000000E+008  -6.26549770541E+001
+9.07618500000E+008  -6.48277754555E+001
+9.15117000000E+008  -7.00818683383E+001
+9.22615500000E+008  -6.80692720861E+001
+9.30114000000E+008  -6.61938637048E+001
+9.37612500000E+008  -6.75070230981E+001
+9.45111000000E+008  -6.46063105450E+001
+9.52609500000E+008  -6.07978227280E+001
+9.60108000000E+008  -6.18928609821E+001
+9.67606500000E+008  -5.92552772630E+001
+9.75105000000E+008  -5.86412158666E+001
+9.82603500000E+008  -6.20711269693E+001
+9.90102000000E+008  -7.40070124657E+001
+9.97600500000E+008  -6.87141317337E+001
+1.00509900000E+009  -6.72595656981E+001
+1.01259750000E+009  -6.83199969749E+001
+1.02009600000E+009  -7.10880368939E+001
+1.02759450000E+009  -6.63517437984E+001
+1.03509300000E+009  -6.93360330024E+001
+1.04259150000E+009  -6.51560137450E+001
+1.05009000000E+009  -6.76902202337E+001
+1.05758850000E+009  -6.88188971800E+001
+1.06508700000E+009  -6.61285634001E+001
+1.07258550000E+009  -6.35479516994E+001
+1.08008400000E+009  -6.59886915619E+001
+1.08758250000E+009  -6.93626752855E+001
+1.09508100000E+009  -7.64833172286E+001
+1.10257950000E+009  -6.93190022995E+001
+1.11007800000E+009  -6.82282738967E+001
+1.11757650000E+009  -8.24731445130E+001
+1.12507500000E+009  -7.82335218950E+001
+1.13257350000E+009  -7.39216380782E+001
+1.14007200000E+009  -6.41024215117E+001
+1.14757050000E+009  -6.44694094686E+001
+1.15506900000E+009  -6.71348369335E+001
+1.16256750000E+009  -7.21289556648E+001
+1.17006600000E+009  -7.23445374579E+001
+1.17756450000E+009  -6.31808669145E+001
+1.18506300000E+009  -6.61066926882E+001
+1.19256150000E+009  -6.66046024801E+001
+1.20006000000E+009  -7.14594179399E+001
+1.20755850000E+009  -6.64407447451E+001
+1.21505700000E+009  -6.67626989103E+001
+1.22255550000E+009  -6.41877145203E+001
+1.23005400000E+009  -6.62975405933E+001
+1.23755250000E+009  -6.21535445409E+001
+1.24505100000E+009  -7.06769023483E+001
+1.25254950000E+009  -7.05058845285E+001
+1.26004800000E+009  -6.91190767930E+001
+1.26754650000E+009  -7.24103337525E+001
+1.27504500000E+009  -6.44078033099E+001
+1.28254350000E+009  -6.24535341904E+001
+1.29004200000E+009  -6.40457351879E+001
+1.29754050000E+009  -6.06370154374E+001
+1.30503900000E+009  -7.10744762503E+001
+1.31253750000E+009  -7.22860817439E+001
+1.32003600000E+009  -7.47430659848E+001
+1.32753450000E+009  -7.41603515889E+001
+1.33503300000E+009  -6.52450797878E+001
+1.34253150000E+009  -6.53590910035E+001
+1.35003000000E+009  -6.58334411442E+001
+1.35752850000E+009  -6.53590756125E+001
+1.36502700000E+009  -7.32994475598E+001
+1.37252550000E+009  -7.58588209969E+001
+1.38002400000E+009  -8.49901204310E+001
+1.38752250000E+009  -6.84818279144E+001
+1.39502100000E+009  -6.51347617278E+001
+1.40251950000E+009  -6.77189645305E+001
+1.41001800000E+009  -6.66762532912E+001
+1.41751650000E+009  -7.72974341349E+001
+1.42501500000E+009  -7.35633757528E+001
+1.43251350000E+009  -6.91387102288E+001
+1.44001200000E+009  -6.84852860430E+001
+1.44751050000E+009  -7.86851820335E+001
+1.45500900000E+009  -7.63350175256E+001
+1.46250750000E+009  -6.71002240733E+001
+1.47000600000E+009  -7.30392291940E+001
+1.47750450000E+009  -6.86238290257E+001
+1.48500300000E+009  -7.07733991936E+001
+1.49250150000E+009  -7.31968670672E+001
+1.50000000000E+009  -6.76391860137E+001
