+3.00000000000E+005  -7.92299159498E+001
+7.79850000000E+006  -9.99346898106E+001
+1.52970000000E+007  -7.82872565831E+001
+2.27955000000E+007  -8.28983255725E+001
+3.02940000000E+007  -9.26309400866E+001
+3.77925000000E+007  -8.89262648083E+001
+4.52910000000E+007  -7.35304614715E+001
+5.27895000000E+007  -7.48490784228E+001
+6.02880000000E+007  -7.28391926419E+001
+6.77865000000E+007  -7.90562453060E+001
+7.52850000000E+007  -6.99480523141E+001
+8.27835000000E+007  -7.61394812784E+001
+9.02820000000E+007  -6.84296252850E+001
+9.77805000000E+007  -7.77667580245E+001
+1.05279000000E+008  -7.44224404403E+001
+1.12777500000E+008  -7.54324274486E+001
+1.20276000000E+008  -6.49780725751E+001
+1.27774500000E+008  -7.62164995206E+001
+1.35273000000E+008  -7.82538674746E+001
+1.42771500000E+008  -6.46447654920E+001
+1.50270000000E+008  -6.79810166067E+001
+1.57768500000E+008  -6.66550902853E+001
+1.65267000000E+008  -6.28442170601E+001
+1.72765500000E+008  -6.60337381828E+001
+1.80264000000E+008  -6.38434719653E+001
+1.87762500000E+008  -6.13321443595E+001
+1.95261000000E+008  -6.63995471088E+001
+2.02759500000E+008  -5.83618469585E+001
+2.10258000000E+008  -7.82315940420E+001
+2.17756500000E+008  -5.98257910390E+001
+2.25255000000E+008  -6.59038190600E+001
+2.32753500000E+008  -6.18981066395E+001
+2.40252000000E+008  -6.78059086885E+001
+2.47750500000E+008  -6.23801537032E+001
+2.55249000000E+008  -5.84061827921E+001
+2.62747500000E+008  -6.44865293532E+001
+2.70246000000E+008  -7.24001028008E+001
+2.77744500000E+008  -5.90701570952E+001
+2.85243000000E+008  -6.19738631707E+001
+2.92741500000E+008  -6.82615139797E+001
+3.00240000000E+008  -6.27695953133E+001
+3.07738500000E+008  -6.71477284225E+001
+3.15237000000E+008  -5.72384768948E+001
+3.22735500000E+008  -6.17723373656E+001
+3.30234000000E+008  -6.07124751979E+001
+3.37732500000E+008  -7.83293497071E+001
+3.45231000000E+008  -6.48826466029E+001
+3.52729500000E+008  -5.85672426129E+001
+3.60228000000E+008  -5.85821730519E+001
+3.67726500000E+008  -5.91102346877E+001
+3.75225000000E+008  -6.12247067776E+001
+3.82723500000E+008  -5.90024277174E+001
+3.90222000000E+008  -5.89517324271E+001
+3.97720500000E+008  -5.48640235085E+001
+4.05219000000E+008  -6.55341449866E+001
+4.12717500000E+008  -6.10409985384E+001
+4.20216000000E+008  -6.06988585326E+001
+4.27714500000E+008  -5.65706564253E+001
+4.35213000000E+008  -6.56747726892E+001
+4.42711500000E+008  -6.57167210763E+001
+4.50210000000E+008  -6.47358619006E+001
+4.57708500000E+008  -6.93444654903E+001
+4.65207000000E+008  -5.70939912409E+001
+4.72705500000E+008  -6.27962050663E+001
+4.80204000000E+008  -5.71194566986E+001
+4.87702500000E+008  -5.66327632652E+001
+4.95201000000E+008  -6.67562267019E+001
+5.02699500000E+008  -5.62536387861E+001
+5.10198000000E+008  -6.46353289272E+001
+5.17696500000E+008  -5.62942787506E+001
+5.25195000000E+008  -5.80217686732E+001
+5.32693500000E+008  -6.65368805900E+001
+5.40192000000E+008  -5.51290993295E+001
+5.47690500000E+008  -6.26555274902E+001
+5.55189000000E+008  -5.91012994673E+001
+5.62687500000E+008  -5.41639693108E+001
+5.70186000000E+008  -5.72294761567E+001
+5.77684500000E+008  -6.25351087881E+001
+5.85183000000E+008  -5.68777951288E+001
+5.92681500000E+008  -5.90850097879E+001
+6.00180000000E+008  -5.73994452947E+001
+6.07678500000E+008  -5.42983566674E+001
+6.15177000000E+008  -6.12485705472E+001
+6.22675500000E+008  -6.45259964628E+001
+6.30174000000E+008  -5.84486573785E+001
+6.37672500000E+008  -6.69795363892E+001
+6.45171000000E+008  -6.42326693628E+001
+6.52669500000E+008  -6.10100083637E+001
+6.60168000000E+008  -5.63849590393E+001
+6.67666500000E+008  -5.93671271930E+001
+6.75165000000E+008  -5.69126677000E+001
+6.82663500000E+008  -6.41297675957E+001
+6.90162000000E+008  -5.88571051027E+001
+6.97660500000E+008  -5.88159582888E+001
+7.05159000000E+008  -5.65188883232E+001
+7.12657500000E+008  -5.98178382351E+001
+7.20156000000E+008  -7.40791341481E+001
+7.27654500000E+008  -5.84554211190E+001
+7.35153000000E+008  -5.81487517673E+001
+7.42651500000E+008  -5.84925573261E+001
+7.50150000000E+008  -5.31302793121E+001
+7.57648500000E+008  -6.94587947910E+001
+7.65147000000E+008  -6.09302753136E+001
+7.72645500000E+008  -5.79765811217E+001
+7.80144000000E+008  -6.21580225885E+001
+7.87642500000E+008  -6.25062341247E+001
+7.95141000000E+008  -6.14254265238E+001
+8.02639500000E+008  -6.30069067997E+001
+8.10138000000E+008  -6.86802310188E+001
+8.17636500000E+008  -7.13889854203E+001
+8.25135000000E+008  -5.51275017595E+001
+8.32633500000E+008  -6.11194949014E+001
+8.40132000000E+008  -5.46257671725E+001
+8.47630500000E+008  -6.67274062222E+001
+8.55129000000E+008  -5.75911019175E+001
+8.62627500000E+008  -6.33591147816E+001
+8.70126000000E+008  -5.08872912452E+001
+8.77624500000E+008  -7.11092948158E+001
+8.85123000000E+008  -6.08373924677E+001
+8.92621500000E+008  -7.69109474695E+001
+9.00120000000E+008  -5.84144298752E+001
+9.07618500000E+008  -5.98930111482E+001
+9.15117000000E+008  -6.54378482444E+001
+9.22615500000E+008  -7.32880478934E+001
+9.30114000000E+008  -5.59960095020E+001
+9.37612500000E+008  -6.67303972453E+001
+9.45111000000E+008  -6.45202528360E+001
+9.52609500000E+008  -7.25665044606E+001
+9.60108000000E+008  -7.28314483305E+001
+9.67606500000E+008  -5.99826820945E+001
+9.75105000000E+008  -6.94339284047E+001
+9.82603500000E+008  -6.76498543591E+001
+9.90102000000E+008  -6.11775879964E+001
+9.97600500000E+008  -6.59808439820E+001
+1.00509900000E+009  -6.42979163637E+001
+1.01259750000E+009  -6.70451543307E+001
+1.02009600000E+009  -6.82143424897E+001
+1.02759450000E+009  -6.41234166053E+001
+1.03509300000E+009  -6.36033972842E+001
+1.04259150000E+009  -6.21669575818E+001
+1.05009000000E+009  -6.79549063005E+001
+1.05758850000E+009  -8.11455161860E+001
+1.06508700000E+009  -6.50034261414E+001
+1.07258550000E+009  -6.33868692909E+001
+1.08008400000E+009  -6.17170462008E+001
+1.08758250000E+009  -6.21448008737E+001
+1.09508100000E+009  -7.63921111596E+001
+1.10257950000E+009  -7.43845404791E+001
+1.11007800000E+009  -6.29675018612E+001
+1.11757650000E+009  -6.79339330692E+001
+1.12507500000E+009  -8.29295504000E+001
+1.13257350000E+009  -6.89807235786E+001
+1.14007200000E+009  -6.70300443719E+001
+1.14757050000E+009  -6.73686901261E+001
+1.15506900000E+009  -6.31109484329E+001
+1.16256750000E+009  -6.79797205657E+001
+1.17006600000E+009  -6.97365356074E+001
+1.17756450000E+009  -5.96992499967E+001
+1.18506300000E+009  -5.82676999843E+001
+1.19256150000E+009  -6.53539867838E+001
+1.20006000000E+009  -6.91633333807E+001
+1.20755850000E+009  -6.62459251991E+001
+1.21505700000E+009  -7.04378768570E+001
+1.22255550000E+009  -6.68006057283E+001
+1.23005400000E+009  -6.18151781216E+001
+1.23755250000E+009  -6.21794157889E+001
+1.24505100000E+009  -5.92408227133E+001
+1.25254950000E+009  -5.97880659548E+001
+1.26004800000E+009  -7.68478145105E+001
+1.26754650000E+009  -6.66830150047E+001
+1.27504500000E+009  -7.47284946783E+001
+1.28254350000E+009  -7.49483720862E+001
+1.29004200000E+009  -6.05841045750E+001
+1.29754050000E+009  -6.02605544099E+001
+1.30503900000E+009  -6.52247557714E+001
+1.31253750000E+009  -7.42929653562E+001
+1.32003600000E+009  -7.03869040817E+001
+1.32753450000E+009  -7.24764148695E+001
+1.33503300000E+009  -6.80420944993E+001
+1.34253150000E+009  -6.82615043434E+001
+1.35003000000E+009  -7.46310096823E+001
+1.35752850000E+009  -6.44683139469E+001
+1.36502700000E+009  -7.66064868685E+001
+1.37252550000E+009  -6.49094609693E+001
+1.38002400000E+009  -7.59511035281E+001
+1.38752250000E+009  -6.62232603038E+001
+1.39502100000E+009  -7.37644489555E+001
+1.40251950000E+009  -7.17287764374E+001
+1.41001800000E+009  -7.39919297372E+001
+1.41751650000E+009  -7.59955307227E+001
+1.42501500000E+009  -7.22399480182E+001
+1.43251350000E+009  -7.22699094787E+001
+1.44001200000E+009  -7.07302260929E+001
+1.44751050000E+009  -7.37800518409E+001
+1.45500900000E+009  -6.85587849211E+001
+1.46250750000E+009  -6.36934180700E+001
+1.47000600000E+009  -8.00270856733E+001
+1.47750450000E+009  -7.40383475092E+001
+1.48500300000E+009  -7.17094319758E+001
+1.49250150000E+009  -7.17234289615E+001
+1.50000000000E+009  -7.12934335357E+001
