-4.98000007e-009 0.0001171872
-4.96000007e-009 -1.562535e-005
-4.94000007e-009 -3.49246e-010
-4.92000007e-009 7.031215e-005
-4.90000007e-009 8.593715e-005
-4.88000007e-009 -3.906285e-005
-4.86000006e-009 -0.0001484379
-4.84000006e-009 -7.812535e-005
-4.82000006e-009 0.0002578122
-4.80000006e-009 0.0006328122
-4.78000006e-009 0.0007265622
-4.76000006e-009 0.0005859372
-4.74000006e-009 0.0003046872
-4.72000006e-009 0.0001562497
-4.70000006e-009 0.0002109372
-4.68000006e-009 0.0003671872
-4.66000006e-009 0.0004999997
-4.64000006e-009 0.0005234372
-4.62000006e-009 0.0004296872
-4.60000006e-009 0.0003124997
-4.58000006e-009 0.0002656247
-4.56000006e-009 0.0003593747
-4.54000006e-009 0.0005624997
-4.52000006e-009 0.0006015622
-4.50000006e-009 0.0003749997
-4.48000006e-009 7.031215e-005
-4.46000006e-009 -3.125035e-005
-4.44000006e-009 0.0001406247
-4.42000006e-009 0.0003984372
-4.40000006e-009 0.0004921872
-4.38000006e-009 0.0004140622
-4.36000006e-009 0.0003046872
-4.34000006e-009 0.0002812497
-4.32000006e-009 0.0002890622
-4.30000006e-009 0.0003984372
-4.28000006e-009 0.0005624997
-4.26000006e-009 0.0007890622
-4.24000006e-009 0.0008437497
-4.22000006e-009 0.0006406247
-4.20000006e-009 0.0002812497
-4.18000006e-009 -3.49246e-010
-4.16000006e-009 -9.375035e-005
-4.14000006e-009 -9.375035e-005
-4.12000006e-009 -9.375035e-005
-4.10000005e-009 -0.0001406254
-4.08000005e-009 -4.687535e-005
-4.06000005e-009 8.593715e-005
-4.04000005e-009 0.0002109372
-4.02000005e-009 0.0002421872
-4.00000005e-009 0.0002265622
-3.98000005e-009 0.0001406247
-3.96000005e-009 -0.0001250004
-3.94000005e-009 -0.0004609379
-3.92000005e-009 -0.0006484379
-3.90000005e-009 -0.0005312504
-3.88000005e-009 -0.0001640629
-3.86000005e-009 0.0001406247
-3.84000005e-009 0.0002343747
-3.82000005e-009 0.0001406247
-3.80000005e-009 -1.562535e-005
-3.78000005e-009 -0.0001796879
-3.76000005e-009 -0.0003593754
-3.74000005e-009 -0.0006484379
-3.72000005e-009 -0.001007813
-3.70000005e-009 -0.001390625
-3.68000005e-009 -0.001773438
-3.66000005e-009 -0.002046875
-3.64000005e-009 -0.002273438
-3.62000005e-009  -0.00240625
-3.60000005e-009 -0.002570313
-3.58000005e-009 -0.002828125
-3.56000005e-009 -0.003289063
-3.54000005e-009 -0.003757813
-3.52000005e-009 -0.004132813
-3.50000005e-009 -0.004281251
-3.48000005e-009 -0.004398438
-3.46000005e-009 -0.004625001
-3.44000005e-009 -0.005031251
-3.42000005e-009 -0.005468751
-3.40000005e-009 -0.005812501
-3.38000005e-009 -0.006023438
-3.36000004e-009 -0.006117188
-3.34000004e-009 -0.006296876
-3.32000004e-009 -0.006656251
-3.30000004e-009 -0.007125001
-3.28000004e-009 -0.007554688
-3.26000004e-009 -0.007835938
-3.24000004e-009 -0.007914063
-3.22000004e-009 -0.007882813
-3.20000004e-009 -0.007992188
-3.18000004e-009 -0.008195313
-3.16000004e-009 -0.008437501
-3.14000004e-009 -0.008640626
-3.12000004e-009 -0.008773438
-3.10000004e-009 -0.008953126
-3.08000004e-009 -0.009148438
-3.06000004e-009 -0.009304688
-3.04000004e-009 -0.009351563
-3.02000004e-009 -0.009421876
-3.00000004e-009 -0.009500001
-2.98000004e-009 -0.009632813
-2.96000004e-009 -0.009687501
-2.94000004e-009 -0.009679688
-2.92000004e-009 -0.009617188
-2.90000004e-009 -0.009687501
-2.88000004e-009 -0.009828126
-2.86000004e-009  -0.01001563
-2.84000004e-009  -0.01008594
-2.82000004e-009 -0.009906251
-2.80000004e-009 -0.009640626
-2.78000004e-009 -0.009546876
-2.76000004e-009 -0.009648438
-2.74000004e-009 -0.009890626
-2.72000004e-009  -0.01014844
-2.70000004e-009  -0.01017188
-2.68000004e-009 -0.009968751
-2.66000004e-009 -0.009679688
-2.64000004e-009 -0.009500001
-2.62000003e-009 -0.009523438
-2.60000003e-009 -0.009609376
-2.58000003e-009 -0.009679688
-2.56000003e-009 -0.009648438
-2.54000003e-009 -0.009515626
-2.52000003e-009 -0.009437501
-2.50000003e-009 -0.009531251
-2.48000003e-009 -0.009609376
-2.46000003e-009 -0.009585938
-2.44000003e-009 -0.009257813
-2.42000003e-009 -0.008789063
-2.40000003e-009 -0.008492188
-2.38000003e-009 -0.008445313
-2.36000003e-009 -0.008546876
-2.34000003e-009 -0.008531251
-2.32000003e-009 -0.008312501
-2.30000003e-009 -0.007953126
-2.28000003e-009 -0.007656251
-2.26000003e-009 -0.007476563
-2.24000003e-009 -0.007453126
-2.22000003e-009 -0.007421876
-2.20000003e-009 -0.007351563
-2.18000003e-009 -0.007117188
-2.16000003e-009 -0.006765626
-2.14000003e-009 -0.006390626
-2.12000003e-009 -0.006203126
-2.10000003e-009 -0.006226563
-2.08000003e-009 -0.006343751
-2.06000003e-009 -0.006281251
-2.04000003e-009 -0.005882813
-2.02000003e-009 -0.005351563
-2.00000003e-009 -0.005046876
-1.98000003e-009 -0.004945313
-1.96000003e-009 -0.004976563
-1.94000003e-009 -0.004875001
-1.92000003e-009 -0.004593751
-1.90000003e-009 -0.004429688
-1.88000003e-009 -0.004343751
-1.86000002e-009 -0.004257813
-1.84000002e-009 -0.004062501
-1.82000002e-009 -0.003789063
-1.80000002e-009 -0.003546876
-1.78000002e-009 -0.003359376
-1.76000002e-009 -0.003210938
-1.74000002e-009  -0.00309375
-1.72000002e-009 -0.003078125
-1.70000002e-009 -0.003117188
-1.68000002e-009 -0.003039063
-1.66000002e-009 -0.002828125
-1.64000002e-009 -0.002554688
-1.62000002e-009 -0.002367188
-1.60000002e-009 -0.002460938
-1.58000002e-009  -0.00253125
-1.56000002e-009 -0.002453125
-1.54000002e-009 -0.002265625
-1.52000002e-009 -0.002273438
-1.50000002e-009      -0.0025
-1.48000002e-009     -0.00275
-1.46000002e-009 -0.002734375
-1.44000002e-009 -0.002421875
-1.42000002e-009 -0.002132813
-1.40000002e-009  -0.00215625
-1.38000002e-009    -0.002375
-1.36000002e-009 -0.002507813
-1.34000002e-009 -0.002445313
-1.32000002e-009 -0.002320313
-1.30000002e-009 -0.002304688
-1.28000002e-009  -0.00240625
-1.26000002e-009 -0.002484375
-1.24000002e-009 -0.002421875
-1.22000002e-009 -0.002296875
-1.20000002e-009 -0.002242188
-1.18000002e-009  -0.00228125
-1.16000002e-009 -0.002304688
-1.14000002e-009 -0.002367188
-1.12000001e-009   -0.0024375
-1.10000001e-009  -0.00259375
-1.08000001e-009 -0.002726563
-1.06000001e-009 -0.002789063
-1.04000001e-009 -0.002710938
-1.02000001e-009  -0.00265625
-1.00000001e-009 -0.002890625
-9.80000013e-010 -0.003273438
-9.60000013e-010 -0.003640626
-9.40000013e-010 -0.003882813
-9.20000012e-010 -0.004039063
-9.00000012e-010 -0.004304688
-8.80000012e-010 -0.004804688
-8.60000011e-010 -0.005210938
-8.40000011e-010 -0.005492188
-8.20000011e-010 -0.005796876
-8.00000011e-010 -0.006328126
-7.8000001e-010 -0.007625001
-7.6000001e-010 -0.009109376
-7.4000001e-010  -0.01104688
-7.2000001e-010  -0.01375781
-7.00000009e-010  -0.01752344
-6.80000009e-010  -0.02310938
-6.60000009e-010  -0.03016406
-6.40000009e-010   -0.0389375
-6.20000008e-010  -0.04973438
-6.00000008e-010   -0.0626875
-5.80000008e-010    -0.077875
-5.60000007e-010  -0.09442188
-5.40000007e-010   -0.1108359
-5.20000007e-010   -0.1260547
-5.00000007e-010   -0.1391875
-4.80000006e-010   -0.1495625
-4.60000006e-010   -0.1575234
-4.40000006e-010     -0.16225
-4.20000006e-010   -0.1638906
-4.00000005e-010    -0.163125
-3.80000005e-010   -0.1603828
-3.60000005e-010   -0.1574219
-3.40000005e-010   -0.1540703
-3.20000004e-010   -0.1506016
-3.00000004e-010   -0.1471797
-2.80000004e-010   -0.1431641
-2.60000003e-010   -0.1390234
-2.40000003e-010   -0.1339219
-2.20000003e-010   -0.1273203
-2.00000003e-010   -0.1190703
-1.80000002e-010   -0.1086172
-1.60000002e-010  -0.09642969
-1.40000002e-010  -0.08253125
-1.20000002e-010  -0.06729688
-1.00000001e-010  -0.05129688
-8.00000011e-011  -0.03526563
-6.00000008e-011  -0.01999219
-4.00000005e-011 -0.006812501
-2.00000003e-011  0.003867187
           0   0.01164063
2.00000003e-011   0.01664063
4.00000005e-011   0.01966406
6.00000008e-011    0.0205625
8.00000011e-011   0.02007031
1.00000001e-010   0.01858594
1.20000002e-010   0.01663281
1.40000002e-010      0.01525
1.60000002e-010   0.01458594
1.80000002e-010        0.015
2.00000003e-010    0.0164375
2.20000003e-010   0.01860156
2.40000003e-010   0.02116406
2.60000003e-010   0.02363281
2.80000004e-010   0.02570313
3.00000004e-010   0.02707031
3.20000004e-010   0.02745313
3.40000005e-010   0.02690625
3.60000005e-010   0.02576563
3.80000005e-010   0.02436719
4.00000005e-010   0.02307031
4.20000006e-010   0.02188281
4.40000006e-010   0.02085938
4.60000006e-010   0.01999219
4.80000006e-010   0.01939844
5.00000007e-010   0.01910938
5.20000007e-010   0.01910156
5.40000007e-010   0.01927344
5.60000007e-010   0.01949219
5.80000008e-010     0.019625
6.00000008e-010   0.01961719
6.20000008e-010    0.0194375
6.40000009e-010    0.0191875
6.60000009e-010     0.018875
6.80000009e-010   0.01850781
7.00000009e-010   0.01801563
7.2000001e-010   0.01742188
7.4000001e-010     0.016875
7.6000001e-010   0.01654688
7.8000001e-010   0.01651563
8.00000011e-010   0.01667969
8.20000011e-010   0.01684375
8.40000011e-010    0.0169375
8.60000011e-010   0.01715625
8.80000012e-010   0.01758594
9.00000012e-010   0.01821094
9.20000012e-010   0.01877344
9.40000013e-010    0.0191875
9.60000013e-010   0.01944531
9.80000013e-010   0.01959375
1.00000001e-009   0.01966406
1.02000001e-009   0.01961719
1.04000001e-009   0.01967188
1.06000001e-009   0.01989063
1.08000001e-009   0.02021094
1.10000001e-009   0.02061719
1.12000001e-009   0.02104688
1.14000002e-009   0.02161719
1.16000002e-009   0.02232813
1.18000002e-009   0.02314063
1.20000002e-009   0.02377344
1.22000002e-009   0.02403906
1.24000002e-009   0.02410156
1.26000002e-009   0.02396875
1.28000002e-009   0.02388281
1.30000002e-009   0.02386719
1.32000002e-009   0.02385156
1.34000002e-009   0.02392188
1.36000002e-009   0.02396094
1.38000002e-009   0.02383594
1.40000002e-009   0.02351563
1.42000002e-009   0.02303906
1.44000002e-009     0.022625
1.46000002e-009   0.02226563
1.48000002e-009   0.02204688
1.50000002e-009      0.02175
1.52000002e-009   0.02122656
1.54000002e-009   0.02064063
1.56000002e-009   0.02007031
1.58000002e-009     0.019625
1.60000002e-009      0.01925
1.62000002e-009   0.01878125
1.64000002e-009   0.01815625
1.66000002e-009   0.01761719
1.68000002e-009   0.01728906
1.70000002e-009   0.01720313
1.72000002e-009   0.01723438
1.74000002e-009   0.01713281
1.76000002e-009     0.016875
1.78000002e-009     0.016625
1.80000002e-009   0.01654688
1.82000002e-009   0.01660938
1.84000002e-009   0.01682031
1.86000002e-009   0.01694531
1.88000003e-009   0.01692188
1.90000003e-009   0.01683594
1.92000003e-009   0.01683594
1.94000003e-009   0.01695313
1.96000003e-009   0.01717969
1.98000003e-009   0.01739844
2.00000003e-009   0.01757813
2.02000003e-009   0.01773438
2.04000003e-009    0.0178125
2.06000003e-009   0.01792969
2.08000003e-009   0.01803125
2.10000003e-009   0.01808594
2.12000003e-009   0.01819531
2.14000003e-009   0.01832813
2.16000003e-009   0.01839844
2.18000003e-009     0.018375
2.20000003e-009      0.01825
2.22000003e-009   0.01815625
2.24000003e-009   0.01822656
2.26000003e-009   0.01835938
2.28000003e-009   0.01835156
2.30000003e-009   0.01814844
2.32000003e-009   0.01778125
2.34000003e-009   0.01746875
2.36000003e-009   0.01732813
2.38000003e-009   0.01734375
2.40000003e-009   0.01738281
2.42000003e-009   0.01730469
2.44000003e-009   0.01694531
2.46000003e-009    0.0164375
2.48000003e-009   0.01607813
2.50000003e-009        0.016
2.52000003e-009   0.01607813
2.54000003e-009   0.01619531
2.56000003e-009   0.01613281
2.58000003e-009   0.01597656
2.60000003e-009   0.01582813
2.62000003e-009   0.01570313
2.64000004e-009   0.01564063
2.66000004e-009   0.01560156
2.68000004e-009   0.01552344
2.70000004e-009   0.01534375
2.72000004e-009   0.01499219
2.74000004e-009   0.01460156
2.76000004e-009   0.01432031
2.78000004e-009   0.01421094
2.80000004e-009   0.01430469
2.82000004e-009   0.01449219
2.84000004e-009   0.01449219
2.86000004e-009   0.01428906
2.88000004e-009        0.014
2.90000004e-009   0.01389063
2.92000004e-009   0.01407813
2.94000004e-009     0.014375
2.96000004e-009   0.01448438
2.98000004e-009   0.01423438
3.00000004e-009   0.01395313
3.02000004e-009     0.013875
3.04000004e-009   0.01398438
3.06000004e-009   0.01407813
3.08000004e-009   0.01398438
3.10000004e-009   0.01364844
3.12000004e-009   0.01336719
3.14000004e-009   0.01323438
3.16000004e-009   0.01324219
3.18000004e-009    0.0134375
3.20000004e-009   0.01357813
3.22000004e-009   0.01353906
3.24000004e-009     0.013375
3.26000004e-009   0.01311719
3.28000004e-009   0.01292969
3.30000004e-009   0.01289063
3.32000004e-009     0.012875
3.34000004e-009   0.01279688
3.36000004e-009   0.01261719
3.38000005e-009   0.01234375
3.40000005e-009   0.01208594
3.42000005e-009   0.01189063
3.44000005e-009   0.01173438
3.46000005e-009   0.01149219
3.48000005e-009   0.01123438
3.50000005e-009   0.01110938
3.52000005e-009   0.01107031
3.54000005e-009   0.01108594
3.56000005e-009   0.01111719
3.58000005e-009   0.01120313
3.60000005e-009   0.01132031
3.62000005e-009   0.01130469
3.64000005e-009   0.01114063
3.66000005e-009   0.01088281
3.68000005e-009   0.01066406
3.70000005e-009    0.0105625
3.72000005e-009   0.01060938
3.74000005e-009   0.01071875
3.76000005e-009    0.0108125
3.78000005e-009   0.01078906
3.80000005e-009   0.01065625
3.82000005e-009   0.01052344
3.84000005e-009   0.01044531
3.86000005e-009    0.0104375
3.88000005e-009     0.010375
3.90000005e-009   0.01042188
3.92000005e-009   0.01053125
3.94000005e-009   0.01060938
3.96000005e-009   0.01063281
3.98000005e-009   0.01050781
4.00000005e-009   0.01035156
4.02000005e-009      0.01025
4.04000005e-009   0.01017188
4.06000005e-009   0.01000781
4.08000005e-009  0.009859375
4.10000005e-009  0.009703125
4.12000006e-009  0.009679688
4.14000006e-009  0.009671875
4.16000006e-009  0.009539063
4.18000006e-009     0.009375
4.20000006e-009  0.009203125
4.22000006e-009  0.009132813
4.24000006e-009  0.009054688
4.26000006e-009  0.008921875
4.28000006e-009  0.008664063
4.30000006e-009  0.008546875
4.32000006e-009  0.008609375
4.34000006e-009   0.00871875
4.36000006e-009  0.008640625
4.38000006e-009    0.0083125
4.40000006e-009  0.008078125
4.42000006e-009  0.007929688
4.44000006e-009   0.00790625
4.46000006e-009  0.007851563
4.48000006e-009  0.007726563
4.50000006e-009  0.007679688
4.52000006e-009   0.00778125
4.54000006e-009  0.007984375
4.56000006e-009  0.008085938
4.58000006e-009  0.007929688
4.60000006e-009  0.007734375
4.62000006e-009  0.007640625
4.64000006e-009   0.00771875
4.66000006e-009  0.007882813
4.68000006e-009  0.007898438
4.70000006e-009  0.007828125
4.72000006e-009  0.007757813
4.74000006e-009  0.007710938
4.76000006e-009  0.007742188
4.78000006e-009   0.00778125
4.80000006e-009  0.007820313
4.82000006e-009  0.007828125
4.84000006e-009  0.007765625
4.86000006e-009  0.007671875
4.88000007e-009   0.00759375
4.90000007e-009     0.007625
4.92000007e-009  0.007695313
4.94000007e-009  0.007835938
4.96000007e-009  0.007859375
4.98000007e-009      0.00775
5.00000007e-009  0.007546875
