-2.49000003e-009  -0.01285938
-2.48000003e-009 -0.004359376
-2.47000003e-009  -0.01407031
-2.46000003e-009 -0.004851563
-2.45000003e-009   -0.0150625
-2.44000003e-009 -0.003968751
-2.43000003e-009       -0.015
-2.42000003e-009 -0.004453126
-2.41000003e-009  -0.01363281
-2.40000003e-009  -0.00234375
-2.39000003e-009  -0.01439844
-2.38000003e-009 -0.003007813
-2.37000003e-009  -0.01400781
-2.36000003e-009     -0.00275
-2.35000003e-009  -0.01316406
-2.34000003e-009       -0.003
-2.33000003e-009       -0.015
-2.32000003e-009 -0.003007813
-2.31000003e-009       -0.013
-2.30000003e-009 -0.003476563
-2.29000003e-009  -0.01210938
-2.28000003e-009       -0.003
-2.27000003e-009  -0.01158594
-2.26000003e-009 -0.002976563
-2.25000003e-009  -0.01171875
-2.24000003e-009  -0.00215625
-2.23000003e-009  -0.01214063
-2.22000003e-009 -0.001429688
-2.21000003e-009       -0.011
-2.20000003e-009 -0.001515625
-2.19000003e-009  -0.01201563
-2.18000003e-009 -0.001320313
-2.17000003e-009       -0.011
-2.16000003e-009 -0.001390625
-2.15000003e-009  -0.01163281
-2.14000003e-009 0.0005156247
-2.13000003e-009       -0.011
-2.12000003e-009 0.0006406247
-2.11000003e-009  -0.01107031
-2.10000003e-009 -0.0005312504
-2.09000003e-009  -0.01045313
-2.08000003e-009 -0.0008984379
-2.07000003e-009 -0.009507813
-2.06000003e-009 -0.001328125
-2.05000003e-009 -0.009304688
-2.04000003e-009 0.0004999997
-2.03000003e-009 -0.009226563
-2.02000003e-009 0.0006249997
-2.01000003e-009 -0.009171876
-2.00000003e-009  0.001070312
-1.99000003e-009 -0.009937501
-1.98000003e-009    0.0011875
-1.97000003e-009  -0.01092969
-1.96000003e-009 0.0009140622
-1.95000003e-009   -0.0104375
-1.94000003e-009  0.001367187
-1.93000003e-009  -0.01026563
-1.92000003e-009 0.0009999997
-1.91000003e-009 -0.009687501
-1.90000003e-009 0.0009999997
-1.89000003e-009 -0.008195313
-1.88000003e-009 -0.0003984379
-1.87000002e-009 -0.007562501
-1.86000002e-009 0.0009999997
-1.85000002e-009 -0.008796876
-1.84000002e-009  0.001015625
-1.83000002e-009 -0.008437501
-1.82000002e-009    0.0014375
-1.81000002e-009 -0.007398438
-1.80000002e-009        0.003
-1.79000002e-009 -0.009000001
-1.78000002e-009  0.002070312
-1.77000002e-009 -0.008296876
-1.76000002e-009  0.001085937
-1.75000002e-009 -0.008734376
-1.74000002e-009 0.0009999997
-1.73000002e-009 -0.009000001
-1.72000002e-009  0.001484375
-1.71000002e-009 -0.007671876
-1.70000002e-009        0.003
-1.69000002e-009 -0.007328126
-1.68000002e-009  0.002664062
-1.67000002e-009 -0.006578126
-1.66000002e-009  0.002390625
-1.65000002e-009 -0.007195313
-1.64000002e-009   0.00290625
-1.63000002e-009 -0.008734376
-1.62000002e-009  0.001203125
-1.61000002e-009 -0.008359376
-1.60000002e-009   0.00171875
-1.59000002e-009 -0.006367188
-1.58000002e-009  0.001984375
-1.57000002e-009 -0.008515626
-1.56000002e-009        0.003
-1.55000002e-009 -0.008820313
-1.54000002e-009  0.001328125
-1.53000002e-009 -0.007953126
-1.52000002e-009  0.001882812
-1.51000002e-009 -0.007710938
-1.50000002e-009  0.003171875
-1.49000002e-009 -0.007000001
-1.48000002e-009  0.003070312
-1.47000002e-009 -0.007000001
-1.46000002e-009    0.0028125
-1.45000002e-009 -0.006187501
-1.44000002e-009  0.003132812
-1.43000002e-009 -0.007460938
-1.42000002e-009  0.002421875
-1.41000002e-009 -0.007804688
-1.40000002e-009  0.002382812
-1.39000002e-009 -0.007375001
-1.38000002e-009        0.003
-1.37000002e-009 -0.007507813
-1.36000002e-009  0.001421875
-1.35000002e-009 -0.006812501
-1.34000002e-009  0.001054687
-1.33000002e-009 -0.007000001
-1.32000002e-009        0.003
-1.31000002e-009 -0.007429688
-1.30000002e-009    0.0029375
-1.29000002e-009 -0.009195313
-1.28000002e-009  0.001476562
-1.27000002e-009       -0.011
-1.26000002e-009  0.001429687
-1.25000002e-009 -0.009351563
-1.24000002e-009  0.001882812
-1.23000002e-009 -0.007000001
-1.22000002e-009        0.003
-1.21000002e-009 -0.006890626
-1.20000002e-009  0.002015625
-1.19000002e-009 -0.007000001
-1.18000002e-009   0.00296875
-1.17000002e-009 -0.008039063
-1.16000002e-009        0.003
-1.15000002e-009 -0.009000001
-1.14000002e-009    0.0018125
-1.13000002e-009 -0.007390626
-1.12000001e-009  0.001515625
-1.11000001e-009 -0.007250001
-1.10000001e-009  0.001539062
-1.09000001e-009 -0.007578126
-1.08000001e-009        0.003
-1.07000001e-009 -0.006585938
-1.06000001e-009  0.002796875
-1.05000001e-009 -0.008468751
-1.04000001e-009   0.00265625
-1.03000001e-009 -0.009000001
-1.02000001e-009  0.002757812
-1.01000001e-009 -0.007812501
-1.00000001e-009  0.002679687
-9.90000013e-010 -0.007796876
-9.80000013e-010 0.0008124997
-9.70000013e-010 -0.008812501
-9.60000013e-010  0.001601562
-9.50000013e-010 -0.008835938
-9.40000013e-010  0.001890625
-9.30000012e-010 -0.007734376
-9.20000012e-010 0.0009999997
-9.10000012e-010 -0.009273438
-9.00000012e-010 -0.0009140629
-8.90000012e-010  -0.01198438
-8.80000012e-010       -0.001
-8.70000012e-010  -0.01185156
-8.60000011e-010       -0.001
-8.50000011e-010       -0.013
-8.40000011e-010       -0.003
-8.30000011e-010    -0.012375
-8.20000011e-010       -0.003
-8.10000011e-010  -0.01447656
-8.00000011e-010 -0.004421876
-7.90000011e-010       -0.015
-7.8000001e-010 -0.004609376
-7.7000001e-010  -0.01764063
-7.6000001e-010 -0.007000001
-7.5000001e-010  -0.02392188
-7.4000001e-010  -0.01295313
-7.3000001e-010  -0.03028125
-7.2000001e-010       -0.017
-7.10000009e-010       -0.037
-7.00000009e-010  -0.02378125
-6.90000009e-010   -0.0455625
-6.80000009e-010  -0.03107813
-6.70000009e-010    -0.056625
-6.60000009e-010       -0.039
-6.50000009e-010  -0.07110157
-6.40000009e-010  -0.04998438
-6.30000008e-010  -0.08861719
-6.20000008e-010  -0.06349219
-6.10000008e-010       -0.107
-6.00000008e-010  -0.07907813
-5.90000008e-010   -0.1199453
-5.80000008e-010     -0.09575
-5.70000008e-010   -0.1340078
-5.60000007e-010       -0.111
-5.50000007e-010   -0.1471797
-5.40000007e-010   -0.1235156
-5.30000007e-010       -0.157
-5.20000007e-010   -0.1362734
-5.10000007e-010       -0.161
-5.00000007e-010   -0.1487109
-4.90000007e-010       -0.167
-4.80000006e-010   -0.1560234
-4.70000006e-010       -0.169
-4.60000006e-010    -0.158875
-4.50000006e-010   -0.1690859
-4.40000006e-010   -0.1580391
-4.30000006e-010    -0.166375
-4.20000006e-010   -0.1541875
-4.10000005e-010   -0.1638672
-4.00000005e-010   -0.1517578
-3.90000005e-010       -0.163
-3.80000005e-010       -0.146
-3.70000005e-010       -0.159
-3.60000005e-010       -0.143
-3.50000005e-010   -0.1559219
-3.40000005e-010   -0.1398438
-3.30000004e-010   -0.1516328
-3.20000004e-010   -0.1367031
-3.10000004e-010   -0.1491406
-3.00000004e-010   -0.1317969
-2.90000004e-010   -0.1434375
-2.80000004e-010       -0.125
-2.70000004e-010   -0.1382109
-2.60000003e-010       -0.117
-2.50000003e-010   -0.1343047
-2.40000003e-010   -0.1082969
-2.30000003e-010   -0.1263203
-2.20000003e-010  -0.09421875
-2.10000003e-010       -0.115
-2.00000003e-010  -0.07984375
-1.90000003e-010       -0.101
-1.80000002e-010  -0.06607813
-1.70000002e-010       -0.087
-1.60000002e-010  -0.05117969
-1.50000002e-010  -0.07157032
-1.40000002e-010       -0.035
-1.30000002e-010  -0.05510938
-1.20000002e-010  -0.01901563
-1.10000001e-010  -0.03932813
-1.00000001e-010 -0.003601563
-9.00000012e-011  -0.02473438
-8.00000011e-011  0.007765625
-7.00000009e-011       -0.011
-6.00000008e-011   0.01492969
-5.00000007e-011 -0.0007031254
-4.00000005e-011        0.019
-3.00000004e-011  0.008796875
-2.00000003e-011   0.02184375
-1.00000001e-011   0.01410156
           0   0.02717188
1.00000001e-011   0.01547656
2.00000003e-011   0.02792188
3.00000004e-011   0.01415625
4.00000005e-011   0.02591406
5.00000007e-011       0.0125
6.00000008e-011   0.02357031
7.00000009e-011   0.01217969
8.00000011e-011   0.02227344
9.00000012e-011   0.01022656
1.00000001e-010        0.021
1.10000001e-010  0.007445313
1.20000002e-010        0.019
1.30000002e-010        0.009
1.40000002e-010   0.01989844
1.50000002e-010        0.011
1.60000002e-010   0.02124219
1.70000002e-010   0.01217969
1.80000002e-010    0.0245625
1.90000003e-010        0.013
2.00000003e-010   0.02763281
2.10000003e-010   0.01655469
2.20000003e-010   0.02992969
2.30000003e-010   0.01992188
2.40000003e-010    0.0309375
2.50000003e-010   0.01985156
2.60000003e-010        0.033
2.70000004e-010   0.02188281
2.80000004e-010   0.03234375
2.90000004e-010   0.02226563
3.00000004e-010   0.03315625
3.10000004e-010   0.02267969
3.20000004e-010   0.03154688
3.30000004e-010   0.01982031
3.40000005e-010   0.02877344
3.50000005e-010   0.01811719
3.60000005e-010        0.027
3.70000005e-010   0.01580469
3.80000005e-010   0.02675781
3.90000005e-010   0.01395313
4.00000005e-010        0.027
4.10000005e-010   0.01390625
4.20000006e-010   0.02549219
4.30000006e-010   0.01442188
4.40000006e-010   0.02578125
4.50000006e-010   0.01448438
4.60000006e-010   0.02746094
4.70000006e-010   0.01330469
4.80000006e-010   0.02521094
4.90000007e-010   0.01298438
5.00000007e-010   0.02479688
5.10000007e-010   0.01219531
5.20000007e-010        0.025
5.30000007e-010      0.01375
5.40000007e-010   0.02438281
5.50000007e-010   0.01210938
5.60000007e-010   0.02546094
5.70000008e-010   0.01225781
5.80000008e-010        0.025
5.90000008e-010   0.01463281
6.00000008e-010        0.025
6.10000008e-010   0.01419531
6.20000008e-010   0.02459375
6.30000008e-010   0.01316406
6.40000009e-010        0.025
6.50000009e-010   0.01269531
6.60000009e-010   0.02378125
6.70000009e-010   0.01355469
6.80000009e-010   0.02301563
6.90000009e-010      0.01275
7.00000009e-010   0.02115625
7.10000009e-010   0.01267188
7.2000001e-010   0.02183594
7.3000001e-010    0.0116875
7.4000001e-010   0.02314844
7.5000001e-010   0.01109375
7.6000001e-010   0.02257813
7.7000001e-010   0.01180469
7.8000001e-010     0.021875
7.90000011e-010        0.011
8.00000011e-010        0.023
8.10000011e-010        0.011
8.20000011e-010   0.02141406
8.30000011e-010   0.01199219
8.40000011e-010   0.02367188
8.50000011e-010   0.01180469
8.60000011e-010   0.02496094
8.70000012e-010   0.01161719
8.80000012e-010   0.02439063
8.90000012e-010   0.01420313
9.00000012e-010   0.02432031
9.10000012e-010   0.01513281
9.20000012e-010   0.02541406
9.30000012e-010   0.01482813
9.40000013e-010        0.025
9.50000013e-010        0.015
9.60000013e-010   0.02458594
9.70000013e-010        0.015
9.80000013e-010   0.02474219
9.90000013e-010    0.0151875
1.00000001e-009   0.02455469
1.01000001e-009        0.015
1.02000001e-009        0.025
1.03000001e-009   0.01466406
1.04000001e-009   0.02513281
1.05000001e-009        0.015
1.06000001e-009   0.02550781
1.07000001e-009   0.01653906
1.08000001e-009   0.02732031
1.09000001e-009   0.01685156
1.10000001e-009   0.02721094
1.11000001e-009   0.01617188
1.12000001e-009        0.029
1.13000002e-009        0.017
1.14000002e-009   0.02892188
1.15000002e-009   0.01772656
1.16000002e-009        0.029
1.17000002e-009   0.01896875
1.18000002e-009   0.02851563
1.19000002e-009        0.019
1.20000002e-009   0.02871875
1.21000002e-009   0.01890625
1.22000002e-009   0.03002344
1.23000002e-009   0.01827344
1.24000002e-009   0.03028906
1.25000002e-009   0.01853125
1.26000002e-009   0.02935938
1.27000002e-009   0.01821875
1.28000002e-009        0.029
1.29000002e-009   0.01911719
1.30000002e-009   0.02771094
1.31000002e-009        0.019
1.32000002e-009        0.029
1.33000002e-009   0.01813281
1.34000002e-009   0.02849219
1.35000002e-009    0.0171875
1.36000002e-009   0.03034375
1.37000002e-009        0.015
1.38000002e-009   0.03021875
1.39000002e-009   0.01607031
1.40000002e-009        0.029
1.41000002e-009        0.019
1.42000002e-009        0.027
1.43000002e-009    0.0176875
1.44000002e-009   0.02741406
1.45000002e-009   0.01699219
1.46000002e-009        0.027
1.47000002e-009   0.01648438
1.48000002e-009   0.02644531
1.49000002e-009   0.01598438
1.50000002e-009    0.0249375
1.51000002e-009   0.01589063
1.52000002e-009   0.02498438
1.53000002e-009     0.015375
1.54000002e-009   0.02495313
1.55000002e-009   0.01464063
1.56000002e-009   0.02471875
1.57000002e-009        0.015
1.58000002e-009   0.02421094
1.59000002e-009   0.01297656
1.60000002e-009        0.023
1.61000002e-009        0.013
1.62000002e-009        0.023
1.63000002e-009   0.01315625
1.64000002e-009   0.02132813
1.65000002e-009        0.011
1.66000002e-009   0.02178125
1.67000002e-009   0.01077344
1.68000002e-009   0.02153125
1.69000002e-009   0.01254688
1.70000002e-009   0.02129688
1.71000002e-009    0.0123125
1.72000002e-009        0.021
1.73000002e-009   0.01183594
1.74000002e-009   0.02195313
1.75000002e-009   0.01280469
1.76000002e-009        0.023
1.77000002e-009   0.01089063
1.78000002e-009   0.02242188
1.79000002e-009   0.01177344
1.80000002e-009   0.02307813
1.81000002e-009       0.0125
1.82000002e-009   0.02253906
1.83000002e-009   0.01221094
1.84000002e-009   0.02264063
1.85000002e-009    0.0104375
1.86000002e-009   0.02240625
1.87000002e-009   0.01179688
1.88000003e-009   0.02145313
1.89000003e-009   0.01235156
1.90000003e-009   0.02128125
1.91000003e-009   0.01299219
1.92000003e-009   0.02139844
1.93000003e-009        0.011
1.94000003e-009        0.021
1.95000003e-009   0.01235156
1.96000003e-009        0.023
1.97000003e-009   0.01217188
1.98000003e-009     0.022375
1.99000003e-009        0.011
2.00000003e-009   0.02377344
2.01000003e-009   0.01246875
2.02000003e-009   0.02317188
2.03000003e-009   0.01388281
2.04000003e-009   0.02319531
2.05000003e-009        0.011
2.06000003e-009    0.0219375
2.07000003e-009   0.01200781
2.08000003e-009   0.02197656
2.09000003e-009    0.0128125
2.10000003e-009   0.02269531
2.11000003e-009   0.01333594
2.12000003e-009        0.023
2.13000003e-009   0.01363281
2.14000003e-009        0.023
2.15000003e-009        0.013
2.16000003e-009        0.025
2.17000003e-009   0.01199219
2.18000003e-009    0.0248125
2.19000003e-009        0.013
2.20000003e-009        0.025
2.21000003e-009       0.0135
2.22000003e-009        0.023
2.23000003e-009   0.01304688
2.24000003e-009   0.02223438
2.25000003e-009   0.01399219
2.26000003e-009   0.02253125
2.27000003e-009   0.01349219
2.28000003e-009   0.02303906
2.29000003e-009   0.01254688
2.30000003e-009   0.02346094
2.31000003e-009   0.01189063
2.32000003e-009    0.0218125
2.33000003e-009   0.01367969
2.34000003e-009   0.02326563
2.35000003e-009   0.01220313
2.36000003e-009   0.02307813
2.37000003e-009   0.01084375
2.38000003e-009   0.02247656
2.39000003e-009  0.008320313
2.40000003e-009   0.02195313
2.41000003e-009   0.01124219
2.42000003e-009   0.02157031
2.43000003e-009   0.01144531
2.44000003e-009   0.02113281
2.45000003e-009   0.01045313
2.46000003e-009   0.02314844
2.47000003e-009   0.01169531
2.48000003e-009   0.02208594
2.49000003e-009   0.01136719
2.50000003e-009        0.023
