-4.98000007e-009  0.001046875
-4.96000007e-009  0.001140625
-4.94000007e-009 0.0008359372
-4.92000007e-009 0.0005312497
-4.90000007e-009 0.0006484372
-4.88000007e-009  0.001070312
-4.86000006e-009  0.001390625
-4.84000006e-009  0.001203125
-4.82000006e-009 0.0007421872
-4.80000006e-009 0.0005078122
-4.78000006e-009 0.0006484372
-4.76000006e-009 0.0009062497
-4.74000006e-009  0.001007812
-4.72000006e-009  0.001015625
-4.70000006e-009  0.001023437
-4.68000006e-009     0.001125
-4.66000006e-009  0.001109375
-4.64000006e-009 0.0008828122
-4.62000006e-009 0.0006796872
-4.60000006e-009 0.0007890622
-4.58000006e-009   0.00103125
-4.56000006e-009  0.001109375
-4.54000006e-009 0.0008593747
-4.52000006e-009 0.0004765622
-4.50000006e-009 0.0003671872
-4.48000006e-009 0.0006093747
-4.46000006e-009 0.0009140622
-4.44000006e-009  0.001078125
-4.42000006e-009 0.0009999997
-4.40000006e-009 0.0008671872
-4.38000006e-009 0.0007265622
-4.36000006e-009 0.0006562497
-4.34000006e-009 0.0006406247
-4.32000006e-009 0.0006015622
-4.30000006e-009 0.0006093747
-4.28000006e-009 0.0006718747
-4.26000006e-009 0.0007187497
-4.24000006e-009 0.0006953122
-4.22000006e-009 0.0006796872
-4.20000006e-009 0.0007109372
-4.18000006e-009 0.0007734372
-4.16000006e-009 0.0007968747
-4.14000006e-009 0.0007343747
-4.12000006e-009 0.0006328122
-4.10000005e-009 0.0006796872
-4.08000005e-009 0.0007578122
-4.06000005e-009 0.0008984372
-4.04000005e-009 0.0009296872
-4.02000005e-009 0.0008124997
-4.00000005e-009 0.0006796872
-3.98000005e-009 0.0005390622
-3.96000005e-009 0.0006015622
-3.94000005e-009 0.0008203122
-3.92000005e-009 0.0009765622
-3.90000005e-009 0.0008984372
-3.88000005e-009 0.0005468747
-3.86000005e-009 0.0001796872
-3.84000005e-009 2.343715e-005
-3.82000005e-009 9.374966e-005
-3.80000005e-009 0.0002421872
-3.78000005e-009 0.0003203122
-3.76000005e-009 0.0003359372
-3.74000005e-009 0.0002812497
-3.72000005e-009 0.0001015622
-3.70000005e-009 -0.0001562504
-3.68000005e-009 -0.0004609379
-3.66000005e-009 -0.0007031254
-3.64000005e-009 -0.0008203129
-3.62000005e-009 -0.0008828129
-3.60000005e-009 -0.001054688
-3.58000005e-009 -0.001429688
-3.56000005e-009 -0.001859375
-3.54000005e-009    -0.002375
-3.52000005e-009 -0.002820313
-3.50000005e-009    -0.003125
-3.48000005e-009 -0.003335938
-3.46000005e-009 -0.003476563
-3.44000005e-009 -0.003750001
-3.42000005e-009 -0.004117188
-3.40000005e-009 -0.004640626
-3.38000005e-009 -0.005101563
-3.36000004e-009 -0.005445313
-3.34000004e-009 -0.005710938
-3.32000004e-009 -0.005976563
-3.30000004e-009 -0.006171876
-3.28000004e-009 -0.006343751
-3.26000004e-009 -0.006468751
-3.24000004e-009 -0.006687501
-3.22000004e-009 -0.007023438
-3.20000004e-009 -0.007414063
-3.18000004e-009 -0.007765626
-3.16000004e-009 -0.008039063
-3.14000004e-009 -0.008164063
-3.12000004e-009 -0.008273438
-3.10000004e-009 -0.008359376
-3.08000004e-009 -0.008476563
-3.06000004e-009 -0.008632813
-3.04000004e-009 -0.008835938
-3.02000004e-009 -0.008937501
-3.00000004e-009 -0.008921876
-2.98000004e-009 -0.008835938
-2.96000004e-009 -0.008914063
-2.94000004e-009 -0.009187501
-2.92000004e-009 -0.009468751
-2.90000004e-009 -0.009531251
-2.88000004e-009 -0.009398438
-2.86000004e-009 -0.009250001
-2.84000004e-009 -0.009250001
-2.82000004e-009 -0.009289063
-2.80000004e-009 -0.009328126
-2.78000004e-009 -0.009234376
-2.76000004e-009 -0.009156251
-2.74000004e-009 -0.009203126
-2.72000004e-009 -0.009429688
-2.70000004e-009 -0.009632813
-2.68000004e-009 -0.009695313
-2.66000004e-009 -0.009523438
-2.64000004e-009 -0.009312501
-2.62000003e-009 -0.009132813
-2.60000003e-009 -0.009109376
-2.58000003e-009 -0.009132813
-2.56000003e-009 -0.009148438
-2.54000003e-009 -0.009109376
-2.52000003e-009 -0.009000001
-2.50000003e-009 -0.008953126
-2.48000003e-009 -0.008835938
-2.46000003e-009 -0.008687501
-2.44000003e-009 -0.008554688
-2.42000003e-009 -0.008453126
-2.40000003e-009 -0.008445313
-2.38000003e-009 -0.008445313
-2.36000003e-009 -0.008445313
-2.34000003e-009 -0.008414063
-2.32000003e-009 -0.008343751
-2.30000003e-009 -0.008156251
-2.28000003e-009 -0.007828126
-2.26000003e-009 -0.007500001
-2.24000003e-009 -0.007320313
-2.22000003e-009 -0.007335938
-2.20000003e-009 -0.007335938
-2.18000003e-009 -0.007132813
-2.16000003e-009 -0.006671876
-2.14000003e-009 -0.006117188
-2.12000003e-009 -0.005710938
-2.10000003e-009 -0.005570313
-2.08000003e-009 -0.005609376
-2.06000003e-009 -0.005742188
-2.04000003e-009 -0.005742188
-2.02000003e-009 -0.005570313
-2.00000003e-009 -0.005179688
-1.98000003e-009 -0.004882813
-1.96000003e-009 -0.004718751
-1.94000003e-009 -0.004703126
-1.92000003e-009 -0.004648438
-1.90000003e-009 -0.004445313
-1.88000003e-009 -0.004171876
-1.86000002e-009 -0.003804688
-1.84000002e-009 -0.003523438
-1.82000002e-009 -0.003375001
-1.80000002e-009 -0.003351563
-1.78000002e-009 -0.003367188
-1.76000002e-009 -0.003335938
-1.74000002e-009 -0.003234376
-1.72000002e-009 -0.003078125
-1.70000002e-009 -0.002890625
-1.68000002e-009 -0.002734375
-1.66000002e-009  -0.00253125
-1.64000002e-009  -0.00240625
-1.62000002e-009  -0.00240625
-1.60000002e-009      -0.0025
-1.58000002e-009 -0.002507813
-1.56000002e-009 -0.002265625
-1.54000002e-009 -0.001960938
-1.52000002e-009 -0.001765625
-1.50000002e-009 -0.001742188
-1.48000002e-009 -0.001773438
-1.46000002e-009 -0.001765625
-1.44000002e-009 -0.001703125
-1.42000002e-009 -0.001695313
-1.40000002e-009 -0.001773438
-1.38000002e-009 -0.001828125
-1.36000002e-009 -0.001789063
-1.34000002e-009  -0.00165625
-1.32000002e-009  -0.00153125
-1.30000002e-009 -0.001515625
-1.28000002e-009 -0.001554688
-1.26000002e-009 -0.001601563
-1.24000002e-009 -0.001617188
-1.22000002e-009  -0.00165625
-1.20000002e-009 -0.001695313
-1.18000002e-009 -0.001734375
-1.16000002e-009    -0.001625
-1.14000002e-009 -0.001546875
-1.12000001e-009 -0.001671875
-1.10000001e-009 -0.001945313
-1.08000001e-009  -0.00221875
-1.06000001e-009 -0.002304688
-1.04000001e-009 -0.002242188
-1.02000001e-009   -0.0021875
-1.00000001e-009 -0.002320313
-9.80000013e-010 -0.002578125
-9.60000013e-010  -0.00290625
-9.40000013e-010  -0.00315625
-9.20000012e-010 -0.003265626
-9.00000012e-010 -0.003273438
-8.80000012e-010 -0.003445313
-8.60000011e-010 -0.003820313
-8.40000011e-010 -0.004273438
-8.20000011e-010 -0.004750001
-8.00000011e-010 -0.005250001
-7.8000001e-010 -0.006015626
-7.6000001e-010 -0.007093751
-7.4000001e-010 -0.008640626
-7.2000001e-010   -0.0108125
-7.00000009e-010  -0.01365625
-6.80000009e-010  -0.01785938
-6.60000009e-010  -0.02370313
-6.40000009e-010   -0.0315625
-6.20000008e-010  -0.04171094
-6.00000008e-010  -0.05380469
-5.80000008e-010  -0.06786719
-5.60000007e-010  -0.08360157
-5.40000007e-010   -0.1003359
-5.20000007e-010   -0.1167656
-5.00000007e-010   -0.1315234
-4.80000006e-010   -0.1436406
-4.60000006e-010   -0.1529297
-4.40000006e-010   -0.1590703
-4.20000006e-010   -0.1621641
-4.00000005e-010   -0.1625547
-3.80000005e-010   -0.1609141
-3.60000005e-010   -0.1587266
-3.40000005e-010   -0.1561094
-3.20000004e-010   -0.1531797
-3.00000004e-010   -0.1497734
-2.80000004e-010   -0.1456172
-2.60000003e-010   -0.1410938
-2.40000003e-010   -0.1358359
-2.20000003e-010    -0.129375
-2.00000003e-010   -0.1213047
-1.80000002e-010   -0.1110078
-1.60000002e-010  -0.09870313
-1.40000002e-010  -0.08461719
-1.20000002e-010  -0.06903907
-1.00000001e-010  -0.05285938
-8.00000011e-011  -0.03670313
-6.00000008e-011  -0.02135156
-4.00000005e-011 -0.007898438
-2.00000003e-011  0.002984375
           0   0.01088281
2.00000003e-011   0.01585938
4.00000005e-011   0.01875781
6.00000008e-011   0.01996875
8.00000011e-011   0.02003906
1.00000001e-010   0.01933594
1.20000002e-010     0.018125
1.40000002e-010        0.017
1.60000002e-010    0.0161875
1.80000002e-010   0.01617188
2.00000003e-010   0.01716406
2.20000003e-010   0.01919531
2.40000003e-010   0.02174219
2.60000003e-010   0.02420313
2.80000004e-010   0.02607813
3.00000004e-010   0.02710938
3.20000004e-010   0.02726563
3.40000005e-010   0.02666406
3.60000005e-010       0.0255
3.80000005e-010   0.02421094
4.00000005e-010   0.02308594
4.20000006e-010   0.02233594
4.40000006e-010   0.02185156
4.60000006e-010   0.02157031
4.80000006e-010   0.02132813
5.00000007e-010   0.02116406
5.20000007e-010   0.02085938
5.40000007e-010   0.02039063
5.60000007e-010   0.01973438
5.80000008e-010   0.01905469
6.00000008e-010   0.01860938
6.20000008e-010   0.01840625
6.40000009e-010   0.01829688
6.60000009e-010   0.01817969
6.80000009e-010   0.01800781
7.00000009e-010   0.01782031
7.2000001e-010   0.01766406
7.4000001e-010     0.017625
7.6000001e-010   0.01763281
7.8000001e-010   0.01749219
8.00000011e-010   0.01725781
8.20000011e-010   0.01704688
8.40000011e-010   0.01697656
8.60000011e-010   0.01710156
8.80000012e-010   0.01721094
9.00000012e-010   0.01724219
9.20000012e-010   0.01723438
9.40000013e-010   0.01746094
9.60000013e-010   0.01791406
9.80000013e-010   0.01853125
1.00000001e-009   0.01917969
1.02000001e-009     0.019625
1.04000001e-009   0.01996094
1.06000001e-009    0.0203125
1.08000001e-009   0.02085938
1.10000001e-009   0.02155469
1.12000001e-009   0.02226563
1.14000002e-009   0.02277344
1.16000002e-009   0.02294531
1.18000002e-009   0.02284375
1.20000002e-009   0.02272656
1.22000002e-009   0.02285938
1.24000002e-009   0.02309375
1.26000002e-009   0.02328125
1.28000002e-009   0.02336719
1.30000002e-009   0.02349219
1.32000002e-009   0.02385156
1.34000002e-009   0.02429688
1.36000002e-009   0.02459375
1.38000002e-009   0.02465625
1.40000002e-009   0.02457813
1.42000002e-009   0.02436719
1.44000002e-009   0.02398438
1.46000002e-009   0.02329688
1.48000002e-009   0.02244531
1.50000002e-009   0.02171094
1.52000002e-009   0.02119531
1.54000002e-009   0.02077344
1.56000002e-009    0.0201875
1.58000002e-009   0.01941406
1.60000002e-009   0.01882813
1.62000002e-009   0.01860156
1.64000002e-009   0.01857813
1.66000002e-009   0.01845313
1.68000002e-009   0.01811719
1.70000002e-009   0.01775781
1.72000002e-009   0.01753125
1.74000002e-009   0.01747656
1.76000002e-009   0.01739844
1.78000002e-009   0.01725781
1.80000002e-009   0.01720313
1.82000002e-009   0.01727344
1.84000002e-009   0.01729688
1.86000002e-009   0.01711719
1.88000003e-009   0.01679688
1.90000003e-009   0.01658594
1.92000003e-009   0.01674219
1.94000003e-009   0.01713281
1.96000003e-009    0.0174375
1.98000003e-009   0.01753125
2.00000003e-009   0.01760156
2.02000003e-009   0.01776563
2.04000003e-009   0.01807813
2.06000003e-009   0.01840625
2.08000003e-009    0.0185625
2.10000003e-009   0.01854688
2.12000003e-009   0.01846875
2.14000003e-009   0.01842188
2.16000003e-009   0.01844531
2.18000003e-009   0.01857031
2.20000003e-009   0.01863281
2.22000003e-009    0.0186875
2.24000003e-009   0.01870313
2.26000003e-009   0.01871094
2.28000003e-009   0.01865625
2.30000003e-009   0.01853906
2.32000003e-009   0.01834375
2.34000003e-009   0.01811719
2.36000003e-009   0.01796094
2.38000003e-009   0.01771875
2.40000003e-009    0.0174375
2.42000003e-009   0.01709375
2.44000003e-009   0.01672656
2.46000003e-009   0.01642188
2.48000003e-009      0.01625
2.50000003e-009      0.01625
2.52000003e-009   0.01623438
2.54000003e-009   0.01610156
2.56000003e-009   0.01580469
2.58000003e-009   0.01553906
2.60000003e-009   0.01555469
2.62000003e-009   0.01571875
2.64000004e-009   0.01588281
2.66000004e-009   0.01582813
2.68000004e-009   0.01561719
2.70000004e-009   0.01534375
2.72000004e-009   0.01516406
2.74000004e-009    0.0150625
2.76000004e-009   0.01497656
2.78000004e-009   0.01492969
2.80000004e-009   0.01488281
2.82000004e-009    0.0146875
2.84000004e-009   0.01446875
2.86000004e-009   0.01429688
2.88000004e-009   0.01425781
2.90000004e-009   0.01435938
2.92000004e-009   0.01447656
2.94000004e-009   0.01446094
2.96000004e-009   0.01446875
2.98000004e-009   0.01455469
3.00000004e-009   0.01467969
3.02000004e-009   0.01471094
3.04000004e-009   0.01455469
3.06000004e-009   0.01430469
3.08000004e-009   0.01413281
3.10000004e-009   0.01413281
3.12000004e-009    0.0141875
3.14000004e-009   0.01420313
3.16000004e-009   0.01407813
3.18000004e-009    0.0139375
3.20000004e-009   0.01380469
3.22000004e-009   0.01375781
3.24000004e-009   0.01375781
3.26000004e-009   0.01366406
3.28000004e-009   0.01352344
3.30000004e-009   0.01328906
3.32000004e-009   0.01314844
3.34000004e-009   0.01313281
3.36000004e-009     0.013125
3.38000005e-009   0.01315625
3.40000005e-009   0.01303906
3.42000005e-009   0.01280469
3.44000005e-009   0.01255469
3.46000005e-009     0.012375
3.48000005e-009   0.01219531
3.50000005e-009   0.01197656
3.52000005e-009   0.01184375
3.54000005e-009   0.01182031
3.56000005e-009   0.01174219
3.58000005e-009   0.01153906
3.60000005e-009      0.01125
3.62000005e-009   0.01105469
3.64000005e-009   0.01108594
3.66000005e-009   0.01116406
3.68000005e-009   0.01117188
3.70000005e-009   0.01113281
3.72000005e-009   0.01107813
3.74000005e-009   0.01107031
3.76000005e-009   0.01103906
3.78000005e-009   0.01099219
3.80000005e-009   0.01096094
3.82000005e-009   0.01082813
3.84000005e-009   0.01072656
3.86000005e-009   0.01061719
3.88000005e-009   0.01050781
3.90000005e-009   0.01053125
3.92000005e-009   0.01061719
3.94000005e-009   0.01076563
3.96000005e-009   0.01086719
3.98000005e-009   0.01089844
4.00000005e-009    0.0108125
4.02000005e-009   0.01058594
4.04000005e-009   0.01036719
4.06000005e-009   0.01028906
4.08000005e-009   0.01027344
4.10000005e-009   0.01020313
4.12000006e-009         0.01
4.14000006e-009  0.009742188
4.16000006e-009   0.00959375
4.18000006e-009  0.009539063
4.20000006e-009  0.009460938
4.22000006e-009  0.009226563
4.24000006e-009  0.008984375
4.26000006e-009   0.00884375
4.28000006e-009  0.008976563
4.30000006e-009  0.009148438
4.32000006e-009  0.009046875
4.34000006e-009  0.008734375
4.36000006e-009  0.008453125
4.38000006e-009  0.008445313
4.40000006e-009   0.00853125
4.42000006e-009  0.008515625
4.44000006e-009  0.008273438
4.46000006e-009  0.008015625
4.48000006e-009  0.008015625
4.50000006e-009  0.008242188
4.52000006e-009  0.008476563
4.54000006e-009  0.008578125
4.56000006e-009  0.008570313
4.58000006e-009  0.008585938
4.60000006e-009  0.008640625
4.62000006e-009  0.008726563
4.64000006e-009   0.00878125
4.66000006e-009   0.00878125
4.68000006e-009  0.008640625
4.70000006e-009  0.008320313
4.72000006e-009  0.007929688
4.74000006e-009  0.007757813
4.76000006e-009  0.007851563
4.78000006e-009  0.008109375
4.80000006e-009   0.00828125
4.82000006e-009  0.008429688
4.84000006e-009  0.008523438
4.86000006e-009  0.008679688
4.88000007e-009  0.008695313
4.90000007e-009  0.008570313
4.92000007e-009  0.008359375
4.94000007e-009  0.008171875
4.96000007e-009  0.008132813
4.98000007e-009  0.008132813
5.00000007e-009    0.0080625
