+3.00000000000E+005  -9.12610933731E+001
+7.79850000000E+006  -8.18193625870E+001
+1.52970000000E+007  -8.01606227484E+001
+2.27955000000E+007  -8.20951559056E+001
+3.02940000000E+007  -8.03975484432E+001
+3.77925000000E+007  -8.00891826011E+001
+4.52910000000E+007  -8.33811774554E+001
+5.27895000000E+007  -7.86594897114E+001
+6.02880000000E+007  -7.19615513414E+001
+6.77865000000E+007  -7.35371192011E+001
+7.52850000000E+007  -7.80295805593E+001
+8.27835000000E+007  -6.94997032973E+001
+9.02820000000E+007  -7.54636892953E+001
+9.77805000000E+007  -7.76793457711E+001
+1.05279000000E+008  -6.91649200216E+001
+1.12777500000E+008  -7.65246368798E+001
+1.20276000000E+008  -7.49913241162E+001
+1.27774500000E+008  -7.20118781779E+001
+1.35273000000E+008  -6.87394976814E+001
+1.42771500000E+008  -8.03546920916E+001
+1.50270000000E+008  -7.16651604284E+001
+1.57768500000E+008  -7.20845613393E+001
+1.65267000000E+008  -6.72851638277E+001
+1.72765500000E+008  -5.95778617065E+001
+1.80264000000E+008  -9.39182556804E+001
+1.87762500000E+008  -6.13274370982E+001
+1.95261000000E+008  -6.43830432437E+001
+2.02759500000E+008  -6.33454750693E+001
+2.10258000000E+008  -7.86775285761E+001
+2.17756500000E+008  -6.73012369547E+001
+2.25255000000E+008  -5.75058899050E+001
+2.32753500000E+008  -6.63950472531E+001
+2.40252000000E+008  -5.95552733225E+001
+2.47750500000E+008  -5.76780929045E+001
+2.55249000000E+008  -7.57925768238E+001
+2.62747500000E+008  -6.61243581755E+001
+2.70246000000E+008  -5.60725179165E+001
+2.77744500000E+008  -6.52845028252E+001
+2.85243000000E+008  -6.51199487289E+001
+2.92741500000E+008  -8.91138782106E+001
+3.00240000000E+008  -6.14040561245E+001
+3.07738500000E+008  -8.37994373221E+001
+3.15237000000E+008  -5.99861484243E+001
+3.22735500000E+008  -6.72018305985E+001
+3.30234000000E+008  -6.03966152678E+001
+3.37732500000E+008  -5.83113881392E+001
+3.45231000000E+008  -6.12984238770E+001
+3.52729500000E+008  -5.92934267549E+001
+3.60228000000E+008  -7.13119245976E+001
+3.67726500000E+008  -6.99856628140E+001
+3.75225000000E+008  -5.66115165931E+001
+3.82723500000E+008  -5.24047869670E+001
+3.90222000000E+008  -5.93269610727E+001
+3.97720500000E+008  -6.19237017512E+001
+4.05219000000E+008  -5.63107629181E+001
+4.12717500000E+008  -5.52529163332E+001
+4.20216000000E+008  -7.37690089503E+001
+4.27714500000E+008  -5.55113402775E+001
+4.35213000000E+008  -6.03502668599E+001
+4.42711500000E+008  -6.21751979644E+001
+4.50210000000E+008  -7.42799101116E+001
+4.57708500000E+008  -6.00145046582E+001
+4.65207000000E+008  -5.74992673406E+001
+4.72705500000E+008  -5.93044988339E+001
+4.80204000000E+008  -5.09981075929E+001
+4.87702500000E+008  -5.62400483103E+001
+4.95201000000E+008  -5.64324371521E+001
+5.02699500000E+008  -6.71027913309E+001
+5.10198000000E+008  -5.60819035098E+001
+5.17696500000E+008  -5.73067926137E+001
+5.25195000000E+008  -5.69840697099E+001
+5.32693500000E+008  -6.39656610210E+001
+5.40192000000E+008  -6.10807324154E+001
+5.47690500000E+008  -6.02308675065E+001
+5.55189000000E+008  -5.78660101118E+001
+5.62687500000E+008  -5.54490931094E+001
+5.70186000000E+008  -5.66380864596E+001
+5.77684500000E+008  -5.45273061834E+001
+5.85183000000E+008  -6.85564262590E+001
+5.92681500000E+008  -5.95433545313E+001
+6.00180000000E+008  -6.17671862400E+001
+6.07678500000E+008  -5.62036655388E+001
+6.15177000000E+008  -6.45629569108E+001
+6.22675500000E+008  -6.31668912729E+001
+6.30174000000E+008  -6.63104527412E+001
+6.37672500000E+008  -5.70296907028E+001
+6.45171000000E+008  -6.14563228723E+001
+6.52669500000E+008  -6.43291924662E+001
+6.60168000000E+008  -5.73738132322E+001
+6.67666500000E+008  -6.24120480258E+001
+6.75165000000E+008  -6.16838022606E+001
+6.82663500000E+008  -6.31515963959E+001
+6.90162000000E+008  -6.50396918615E+001
+6.97660500000E+008  -6.23061988962E+001
+7.05159000000E+008  -6.48248518467E+001
+7.12657500000E+008  -5.69508032173E+001
+7.20156000000E+008  -6.42433361838E+001
+7.27654500000E+008  -6.06494848646E+001
+7.35153000000E+008  -6.34334843819E+001
+7.42651500000E+008  -6.96087074902E+001
+7.50150000000E+008  -5.92408132744E+001
+7.57648500000E+008  -5.82307188365E+001
+7.65147000000E+008  -6.22703527790E+001
+7.72645500000E+008  -6.50067864541E+001
+7.80144000000E+008  -6.72871791075E+001
+7.87642500000E+008  -5.96745679296E+001
+7.95141000000E+008  -6.15183114239E+001
+8.02639500000E+008  -6.40663587203E+001
+8.10138000000E+008  -6.28112962517E+001
+8.17636500000E+008  -6.07399728843E+001
+8.25135000000E+008  -6.35844849182E+001
+8.32633500000E+008  -6.37687981232E+001
+8.40132000000E+008  -7.16824300468E+001
+8.47630500000E+008  -7.64350230992E+001
+8.55129000000E+008  -6.35498102586E+001
+8.62627500000E+008  -5.78166888040E+001
+8.70126000000E+008  -5.60056059982E+001
+8.77624500000E+008  -5.63995865693E+001
+8.85123000000E+008  -5.83575824253E+001
+8.92621500000E+008  -5.72703057885E+001
+9.00120000000E+008  -6.27033728966E+001
+9.07618500000E+008  -6.03467049144E+001
+9.15117000000E+008  -5.80449778001E+001
+9.22615500000E+008  -6.35238494702E+001
+9.30114000000E+008  -5.92461841157E+001
+9.37612500000E+008  -6.76037102415E+001
+9.45111000000E+008  -6.99385413074E+001
+9.52609500000E+008  -6.61198104578E+001
+9.60108000000E+008  -7.02673660227E+001
+9.67606500000E+008  -6.38877431882E+001
+9.75105000000E+008  -7.04014165599E+001
+9.82603500000E+008  -5.53069408333E+001
+9.90102000000E+008  -7.55452340387E+001
+9.97600500000E+008  -6.33885563103E+001
+1.00509900000E+009  -6.62516116603E+001
+1.01259750000E+009  -6.31013641370E+001
+1.02009600000E+009  -6.21954139798E+001
+1.02759450000E+009  -6.51344990932E+001
+1.03509300000E+009  -7.39576093692E+001
+1.04259150000E+009  -7.05520175541E+001
+1.05009000000E+009  -6.58450537813E+001
+1.05758850000E+009  -6.02183719694E+001
+1.06508700000E+009  -6.02820219527E+001
+1.07258550000E+009  -8.91634955672E+001
+1.08008400000E+009  -6.58349544980E+001
+1.08758250000E+009  -6.74664549825E+001
+1.09508100000E+009  -6.33931298494E+001
+1.10257950000E+009  -6.49434211798E+001
+1.11007800000E+009  -7.57238091655E+001
+1.11757650000E+009  -6.22403451294E+001
+1.12507500000E+009  -6.70571812317E+001
+1.13257350000E+009  -6.35615172747E+001
+1.14007200000E+009  -6.44413500442E+001
+1.14757050000E+009  -6.65464776635E+001
+1.15506900000E+009  -8.14188059916E+001
+1.16256750000E+009  -6.61092735488E+001
+1.17006600000E+009  -7.38608495205E+001
+1.17756450000E+009  -5.89801505380E+001
+1.18506300000E+009  -7.10262902389E+001
+1.19256150000E+009  -6.67142933686E+001
+1.20006000000E+009  -5.95477490388E+001
+1.20755850000E+009  -7.48199728547E+001
+1.21505700000E+009  -7.56599444764E+001
+1.22255550000E+009  -6.96200842504E+001
+1.23005400000E+009  -7.05811049698E+001
+1.23755250000E+009  -6.92413797484E+001
+1.24505100000E+009  -6.91357285680E+001
+1.25254950000E+009  -6.60654521630E+001
+1.26004800000E+009  -7.08332001258E+001
+1.26754650000E+009  -7.30069871030E+001
+1.27504500000E+009  -7.34024742795E+001
+1.28254350000E+009  -7.20407031792E+001
+1.29004200000E+009  -6.72220400206E+001
+1.29754050000E+009  -6.46232950840E+001
+1.30503900000E+009  -6.94101226692E+001
+1.31253750000E+009  -8.27525256874E+001
+1.32003600000E+009  -7.42902148839E+001
+1.32753450000E+009  -6.48462014186E+001
+1.33503300000E+009  -6.93347610879E+001
+1.34253150000E+009  -6.17280026661E+001
+1.35003000000E+009  -8.14471488031E+001
+1.35752850000E+009  -6.81150398834E+001
+1.36502700000E+009  -7.80250255052E+001
+1.37252550000E+009  -7.52389747511E+001
+1.38002400000E+009  -8.10639193365E+001
+1.38752250000E+009  -6.13328190025E+001
+1.39502100000E+009  -6.57873679091E+001
+1.40251950000E+009  -6.63713844409E+001
+1.41001800000E+009  -8.61868840794E+001
+1.41751650000E+009  -7.47543844919E+001
+1.42501500000E+009  -6.84433336332E+001
+1.43251350000E+009  -7.61946221644E+001
+1.44001200000E+009  -6.77413489258E+001
+1.44751050000E+009  -6.72383377285E+001
+1.45500900000E+009  -6.55791325695E+001
+1.46250750000E+009  -6.69093075515E+001
+1.47000600000E+009  -7.50034305564E+001
+1.47750450000E+009  -8.23423247105E+001
+1.48500300000E+009  -6.24580971768E+001
+1.49250150000E+009  -8.24999400219E+001
+1.50000000000E+009  -7.03610707360E+001
