-2.49000003e-009 -0.008468751
-2.48000003e-009 -0.008343751
-2.47000003e-009 -0.008242188
-2.46000003e-009 -0.008179688
-2.45000003e-009 -0.008171876
-2.44000003e-009 -0.008187501
-2.43000003e-009 -0.008218751
-2.42000003e-009 -0.008257813
-2.41000003e-009 -0.008203126
-2.40000003e-009 -0.008148438
-2.39000003e-009 -0.008015626
-2.38000003e-009 -0.007875001
-2.37000003e-009 -0.007687501
-2.36000003e-009 -0.007570313
-2.35000003e-009 -0.007460938
-2.34000003e-009 -0.007445313
-2.33000003e-009 -0.007460938
-2.32000003e-009 -0.007492188
-2.31000003e-009 -0.007585938
-2.30000003e-009 -0.007640626
-2.29000003e-009 -0.007656251
-2.28000003e-009 -0.007570313
-2.27000003e-009 -0.007468751
-2.26000003e-009 -0.007343751
-2.25000003e-009 -0.007218751
-2.24000003e-009 -0.007093751
-2.23000003e-009 -0.007031251
-2.22000003e-009 -0.007085938
-2.21000003e-009 -0.007156251
-2.20000003e-009 -0.007171876
-2.19000003e-009 -0.007179688
-2.18000003e-009 -0.007195313
-2.17000003e-009 -0.007015626
-2.16000003e-009 -0.006804688
-2.15000003e-009 -0.006562501
-2.14000003e-009 -0.006257813
-2.13000003e-009 -0.005992188
-2.12000003e-009 -0.005804688
-2.11000003e-009 -0.005687501
-2.10000003e-009 -0.005601563
-2.09000003e-009 -0.005593751
-2.08000003e-009 -0.005570313
-2.07000003e-009 -0.005562501
-2.06000003e-009 -0.005523438
-2.05000003e-009 -0.005460938
-2.04000003e-009 -0.005398438
-2.03000003e-009 -0.005312501
-2.02000003e-009 -0.005234376
-2.01000003e-009 -0.005187501
-2.00000003e-009 -0.005140626
-1.99000003e-009 -0.005140626
-1.98000003e-009 -0.005054688
-1.97000003e-009 -0.004945313
-1.96000003e-009 -0.004789063
-1.95000003e-009 -0.004585938
-1.94000003e-009 -0.004375001
-1.93000003e-009 -0.004187501
-1.92000003e-009 -0.004039063
-1.91000003e-009 -0.003953126
-1.90000003e-009 -0.003890626
-1.89000003e-009 -0.003890626
-1.88000003e-009 -0.003906251
-1.87000002e-009 -0.003890626
-1.86000002e-009 -0.003882813
-1.85000002e-009 -0.003781251
-1.84000002e-009 -0.003648438
-1.83000002e-009 -0.003500001
-1.82000002e-009 -0.003296876
-1.81000002e-009 -0.003164063
-1.80000002e-009 -0.003046875
-1.79000002e-009 -0.003015625
-1.78000002e-009 -0.003039063
-1.77000002e-009 -0.003132813
-1.76000002e-009 -0.003218751
-1.75000002e-009 -0.003273438
-1.74000002e-009 -0.003359376
-1.73000002e-009 -0.003304688
-1.72000002e-009 -0.003187501
-1.71000002e-009       -0.003
-1.70000002e-009  -0.00278125
-1.69000002e-009  -0.00259375
-1.68000002e-009   -0.0024375
-1.67000002e-009 -0.002328125
-1.66000002e-009  -0.00228125
-1.65000002e-009     -0.00225
-1.64000002e-009  -0.00228125
-1.63000002e-009   -0.0023125
-1.62000002e-009  -0.00228125
-1.61000002e-009 -0.002226563
-1.60000002e-009 -0.002140625
-1.59000002e-009   -0.0020625
-1.58000002e-009 -0.001953125
-1.57000002e-009    -0.001875
-1.56000002e-009 -0.001796875
-1.55000002e-009 -0.001757813
-1.54000002e-009     -0.00175
-1.53000002e-009 -0.001796875
-1.52000002e-009 -0.001804688
-1.51000002e-009  -0.00178125
-1.50000002e-009 -0.001773438
-1.49000002e-009 -0.001734375
-1.48000002e-009 -0.001671875
-1.47000002e-009 -0.001671875
-1.46000002e-009 -0.001695313
-1.45000002e-009 -0.001757813
-1.44000002e-009 -0.001835938
-1.43000002e-009 -0.001929688
-1.42000002e-009 -0.002023438
-1.41000002e-009   -0.0020625
-1.40000002e-009 -0.002054688
-1.39000002e-009 -0.001960938
-1.38000002e-009 -0.001851563
-1.37000002e-009 -0.001671875
-1.36000002e-009 -0.001578125
-1.35000002e-009 -0.001460938
-1.34000002e-009   -0.0014375
-1.33000002e-009 -0.001476563
-1.32000002e-009 -0.001515625
-1.31000002e-009 -0.001570313
-1.30000002e-009 -0.001640625
-1.29000002e-009 -0.001648438
-1.28000002e-009  -0.00165625
-1.27000002e-009  -0.00165625
-1.26000002e-009 -0.001601563
-1.25000002e-009 -0.001546875
-1.24000002e-009 -0.001492188
-1.23000002e-009 -0.001492188
-1.22000002e-009  -0.00146875
-1.21000002e-009  -0.00146875
-1.20000002e-009 -0.001492188
-1.19000002e-009  -0.00153125
-1.18000002e-009 -0.001601563
-1.17000002e-009 -0.001703125
-1.16000002e-009 -0.001773438
-1.15000002e-009  -0.00190625
-1.14000002e-009 -0.002007813
-1.13000002e-009 -0.002070313
-1.12000001e-009 -0.002101563
-1.11000001e-009  -0.00215625
-1.10000001e-009 -0.002140625
-1.09000001e-009 -0.002109375
-1.08000001e-009  -0.00209375
-1.07000001e-009 -0.002101563
-1.06000001e-009 -0.002132813
-1.05000001e-009  -0.00221875
-1.04000001e-009 -0.002367188
-1.03000001e-009 -0.002523438
-1.02000001e-009  -0.00271875
-1.01000001e-009    -0.002875
-1.00000001e-009       -0.003
-9.90000013e-010 -0.003070313
-9.80000013e-010 -0.003101563
-9.70000013e-010 -0.003132813
-9.60000013e-010    -0.003125
-9.50000013e-010 -0.003179688
-9.40000013e-010 -0.003242188
-9.30000012e-010 -0.003382813
-9.20000012e-010 -0.003539063
-9.10000012e-010 -0.003703126
-9.00000012e-010 -0.003843751
-8.90000012e-010 -0.003968751
-8.80000012e-010 -0.004070313
-8.70000012e-010 -0.004195313
-8.60000011e-010 -0.004320313
-8.50000011e-010 -0.004515626
-8.40000011e-010 -0.004757813
-8.30000011e-010 -0.005054688
-8.20000011e-010 -0.005406251
-8.10000011e-010 -0.005851563
-8.00000011e-010 -0.006320313
-7.90000011e-010 -0.006804688
-7.8000001e-010 -0.007390626
-7.7000001e-010 -0.008093751
-7.6000001e-010 -0.008851563
-7.5000001e-010 -0.009742188
-7.4000001e-010  -0.01079688
-7.3000001e-010  -0.01203125
-7.2000001e-010  -0.01360156
-7.10000009e-010  -0.01547656
-7.00000009e-010  -0.01767188
-6.90000009e-010  -0.02026563
-6.80000009e-010   -0.0233125
-6.70000009e-010  -0.02683594
-6.60000009e-010  -0.03092188
-6.50000009e-010  -0.03546875
-6.40000009e-010  -0.04052344
-6.30000008e-010  -0.04614844
-6.20000008e-010    -0.052375
-6.10000008e-010  -0.05911719
-6.00000008e-010  -0.06640625
-5.90000008e-010  -0.07416407
-5.80000008e-010   -0.0823125
-5.70000008e-010  -0.09076563
-5.60000007e-010  -0.09925001
-5.50000007e-010   -0.1076641
-5.40000007e-010   -0.1157891
-5.30000007e-010   -0.1235078
-5.20000007e-010   -0.1306563
-5.10000007e-010   -0.1371641
-5.00000007e-010   -0.1429844
-4.90000007e-010   -0.1481328
-4.80000006e-010   -0.1524922
-4.70000006e-010   -0.1560859
-4.60000006e-010   -0.1589219
-4.50000006e-010   -0.1610078
-4.40000006e-010   -0.1624063
-4.30000006e-010   -0.1630391
-4.20000006e-010   -0.1630859
-4.10000005e-010   -0.1626563
-4.00000005e-010   -0.1618828
-3.90000005e-010   -0.1608984
-3.80000005e-010   -0.1597266
-3.70000005e-010   -0.1584453
-3.60000005e-010   -0.1570938
-3.50000005e-010   -0.1557578
-3.40000005e-010   -0.1543125
-3.30000004e-010   -0.1527969
-3.20000004e-010   -0.1510781
-3.10000004e-010   -0.1492188
-3.00000004e-010     -0.14725
-2.90000004e-010   -0.1451484
-2.80000004e-010   -0.1428984
-2.70000004e-010   -0.1404609
-2.60000003e-010   -0.1378203
-2.50000003e-010   -0.1350469
-2.40000003e-010   -0.1319531
-2.30000003e-010   -0.1285859
-2.20000003e-010   -0.1246953
-2.10000003e-010   -0.1203203
-2.00000003e-010   -0.1154063
-1.90000003e-010   -0.1099844
-1.80000002e-010   -0.1039766
-1.70000002e-010  -0.09746875
-1.60000002e-010  -0.09052344
-1.50000002e-010  -0.08320313
-1.40000002e-010    -0.075625
-1.30000002e-010  -0.06788282
-1.20000002e-010  -0.05994532
-1.10000001e-010   -0.0519375
-1.00000001e-010  -0.04383594
-9.00000012e-011  -0.03585156
-8.00000011e-011  -0.02808594
-7.00000009e-011  -0.02064063
-6.00000008e-011    -0.013625
-5.00000007e-011 -0.007195313
-4.00000005e-011 -0.001421875
-3.00000004e-011    0.0035625
-2.00000003e-011  0.007695313
-1.00000001e-011   0.01122656
           0   0.01405469
1.00000001e-011   0.01632031
2.00000003e-011   0.01802344
3.00000004e-011   0.01922656
4.00000005e-011   0.01999219
5.00000007e-011   0.02039063
6.00000008e-011   0.02047656
7.00000009e-011   0.02022656
8.00000011e-011   0.01976563
9.00000012e-011   0.01910938
1.00000001e-010    0.0184375
1.10000001e-010   0.01779688
1.20000002e-010   0.01721094
1.30000002e-010   0.01670313
1.40000002e-010   0.01639063
1.50000002e-010   0.01619531
1.60000002e-010   0.01621094
1.70000002e-010    0.0164375
1.80000002e-010   0.01688281
1.90000003e-010    0.0175625
2.00000003e-010   0.01848438
2.10000003e-010   0.01954688
2.20000003e-010   0.02078906
2.30000003e-010   0.02200781
2.40000003e-010   0.02325781
2.50000003e-010   0.02435938
2.60000003e-010   0.02535156
2.70000004e-010   0.02611719
2.80000004e-010   0.02671094
2.90000004e-010   0.02710156
3.00000004e-010   0.02721094
3.10000004e-010   0.02723438
3.20000004e-010   0.02702344
3.30000004e-010     0.026625
3.40000005e-010   0.02610938
3.50000005e-010   0.02551563
3.60000005e-010   0.02485938
3.70000005e-010   0.02428125
3.80000005e-010   0.02378125
3.90000005e-010   0.02338281
4.00000005e-010   0.02310938
4.10000005e-010   0.02298438
4.20000006e-010   0.02289844
4.30000006e-010   0.02285156
4.40000006e-010   0.02275781
4.50000006e-010   0.02264063
4.60000006e-010   0.02244531
4.70000006e-010   0.02220313
4.80000006e-010   0.02198438
4.90000007e-010   0.02172656
5.00000007e-010   0.02142188
5.10000007e-010   0.02116406
5.20000007e-010   0.02088281
5.30000007e-010   0.02059375
5.40000007e-010      0.02025
5.50000007e-010   0.01989844
5.60000007e-010   0.01954688
5.70000008e-010   0.01922656
5.80000008e-010   0.01899219
5.90000008e-010   0.01879688
6.00000008e-010   0.01871875
6.10000008e-010   0.01865625
6.20000008e-010   0.01864063
6.30000008e-010   0.01864063
6.40000009e-010   0.01861719
6.50000009e-010   0.01858594
6.60000009e-010       0.0185
6.70000009e-010   0.01842188
6.80000009e-010   0.01832813
6.90000009e-010   0.01825781
7.00000009e-010   0.01815625
7.10000009e-010   0.01808594
7.2000001e-010   0.01791406
7.3000001e-010   0.01779688
7.4000001e-010   0.01758594
7.5000001e-010   0.01742969
7.6000001e-010   0.01723438
7.7000001e-010   0.01703906
7.8000001e-010   0.01689063
7.90000011e-010    0.0168125
8.00000011e-010    0.0168125
8.10000011e-010   0.01684375
8.20000011e-010   0.01696875
8.30000011e-010   0.01703125
8.40000011e-010   0.01717969
8.50000011e-010      0.01725
8.60000011e-010   0.01732813
8.70000012e-010   0.01739063
8.80000012e-010   0.01746094
8.90000012e-010   0.01757813
9.00000012e-010   0.01771875
9.10000012e-010    0.0179375
9.20000012e-010   0.01814063
9.30000012e-010   0.01836719
9.40000013e-010   0.01860156
9.50000013e-010   0.01878125
9.60000013e-010   0.01895313
9.70000013e-010   0.01911719
9.80000013e-010   0.01923438
9.90000013e-010    0.0194375
1.00000001e-009   0.01964063
1.01000001e-009   0.01994531
1.02000001e-009   0.02028906
1.03000001e-009   0.02063281
1.04000001e-009        0.021
1.05000001e-009   0.02128906
1.06000001e-009   0.02157031
1.07000001e-009   0.02178906
1.08000001e-009   0.02196875
1.09000001e-009   0.02214063
1.10000001e-009   0.02232031
1.11000001e-009   0.02253125
1.12000001e-009   0.02269531
1.13000002e-009   0.02286719
1.14000002e-009        0.023
1.15000002e-009   0.02308594
1.16000002e-009   0.02310938
1.17000002e-009   0.02311719
1.18000002e-009   0.02313281
1.19000002e-009   0.02314063
1.20000002e-009   0.02320313
1.21000002e-009   0.02324219
1.22000002e-009   0.02336719
1.23000002e-009   0.02350781
1.24000002e-009   0.02364063
1.25000002e-009   0.02378125
1.26000002e-009     0.023875
1.27000002e-009   0.02392969
1.28000002e-009   0.02398438
1.29000002e-009   0.02403906
1.30000002e-009   0.02411719
1.31000002e-009   0.02422656
1.32000002e-009   0.02439063
1.33000002e-009   0.02454688
1.34000002e-009      0.02475
1.35000002e-009   0.02490625
1.36000002e-009   0.02500781
1.37000002e-009   0.02507031
1.38000002e-009   0.02503906
1.39000002e-009   0.02491406
1.40000002e-009      0.02475
1.41000002e-009   0.02453906
1.42000002e-009   0.02432813
1.43000002e-009   0.02410938
1.44000002e-009   0.02389063
1.45000002e-009   0.02365625
1.46000002e-009   0.02342188
1.47000002e-009   0.02313281
1.48000002e-009    0.0228125
1.49000002e-009   0.02242969
1.50000002e-009   0.02199219
1.51000002e-009   0.02155469
1.52000002e-009   0.02113281
1.53000002e-009   0.02077344
1.54000002e-009   0.02046875
1.55000002e-009   0.02019531
1.56000002e-009   0.02001563
1.57000002e-009   0.01989063
1.58000002e-009    0.0198125
1.59000002e-009   0.01970313
1.60000002e-009   0.01954688
1.61000002e-009   0.01942188
1.62000002e-009   0.01923438
1.63000002e-009   0.01907031
1.64000002e-009   0.01885938
1.65000002e-009   0.01870313
1.66000002e-009   0.01854688
1.67000002e-009   0.01845313
1.68000002e-009   0.01836719
1.69000002e-009   0.01829688
1.70000002e-009   0.01824219
1.71000002e-009   0.01815625
1.72000002e-009   0.01808594
1.73000002e-009    0.0179375
1.74000002e-009    0.0178125
1.75000002e-009     0.017625
1.76000002e-009   0.01742969
1.77000002e-009   0.01725781
1.78000002e-009   0.01710938
1.79000002e-009   0.01707031
1.80000002e-009   0.01699219
1.81000002e-009   0.01701563
1.82000002e-009   0.01705469
1.83000002e-009   0.01710156
1.84000002e-009   0.01713281
1.85000002e-009   0.01716406
1.86000002e-009    0.0171875
1.87000002e-009   0.01713281
1.88000003e-009     0.017125
1.89000003e-009   0.01709375
1.90000003e-009   0.01710156
1.91000003e-009    0.0171875
1.92000003e-009   0.01728906
1.93000003e-009   0.01740625
1.94000003e-009   0.01753125
1.95000003e-009   0.01767969
1.96000003e-009   0.01782813
1.97000003e-009   0.01794531
1.98000003e-009        0.018
1.99000003e-009   0.01810938
2.00000003e-009   0.01819531
2.01000003e-009      0.01825
2.02000003e-009   0.01836719
2.03000003e-009   0.01845313
2.04000003e-009   0.01857031
2.05000003e-009   0.01871094
2.06000003e-009   0.01877344
2.07000003e-009   0.01882031
2.08000003e-009   0.01883594
2.09000003e-009   0.01876563
2.10000003e-009   0.01866406
2.11000003e-009    0.0185625
2.12000003e-009    0.0184375
2.13000003e-009     0.018375
2.14000003e-009   0.01829688
2.15000003e-009   0.01834375
2.16000003e-009   0.01840625
2.17000003e-009       0.0185
2.18000003e-009    0.0185625
2.19000003e-009   0.01863281
2.20000003e-009   0.01860938
2.21000003e-009   0.01852344
2.22000003e-009   0.01841406
2.23000003e-009   0.01832031
2.24000003e-009   0.01820313
2.25000003e-009   0.01823438
2.26000003e-009   0.01828906
2.27000003e-009   0.01846094
2.28000003e-009   0.01866406
2.29000003e-009   0.01883594
2.30000003e-009   0.01899219
2.31000003e-009   0.01903125
2.32000003e-009   0.01899219
2.33000003e-009   0.01885938
2.34000003e-009   0.01864844
2.35000003e-009   0.01842188
2.36000003e-009   0.01824219
2.37000003e-009   0.01807031
2.38000003e-009   0.01796875
2.39000003e-009   0.01789844
2.40000003e-009   0.01786719
2.41000003e-009   0.01776563
2.42000003e-009    0.0176875
2.43000003e-009       0.0175
2.44000003e-009   0.01725781
2.45000003e-009   0.01702344
2.46000003e-009   0.01677344
2.47000003e-009   0.01655469
2.48000003e-009   0.01634375
2.49000003e-009   0.01620313
2.50000003e-009   0.01610156
