-4.98000007e-009 -0.003796876
-4.96000007e-009  0.005609375
-4.94000007e-009 -0.005000001
-4.92000007e-009  0.004726562
-4.90000007e-009 -0.005000001
-4.88000007e-009  0.005171875
-4.86000006e-009 -0.003414063
-4.84000006e-009  0.007171875
-4.82000006e-009 -0.005000001
-4.80000006e-009        0.007
-4.78000006e-009 -0.004945313
-4.76000006e-009   0.00421875
-4.74000006e-009 -0.003757813
-4.72000006e-009        0.005
-4.70000006e-009 -0.006093751
-4.68000006e-009  0.004648437
-4.66000006e-009 -0.004070313
-4.64000006e-009        0.005
-4.62000006e-009 -0.005500001
-4.60000006e-009        0.005
-4.58000006e-009 -0.005890626
-4.56000006e-009  0.004203125
-4.54000006e-009 -0.004812501
-4.52000006e-009        0.005
-4.50000006e-009 -0.005000001
-4.48000006e-009  0.006304687
-4.46000006e-009 -0.003960938
-4.44000006e-009    0.0050625
-4.42000006e-009 -0.005000001
-4.40000006e-009  0.005117187
-4.38000006e-009 -0.004031251
-4.36000006e-009  0.004835937
-4.34000006e-009 -0.004492188
-4.32000006e-009  0.004414062
-4.30000006e-009 -0.003515626
-4.28000006e-009  0.004890625
-4.26000006e-009 -0.005234376
-4.24000006e-009  0.005117187
-4.22000006e-009 -0.003296876
-4.20000006e-009        0.005
-4.18000006e-009 -0.005140626
-4.16000006e-009  0.005546875
-4.14000006e-009 -0.004718751
-4.12000006e-009        0.007
-4.10000005e-009 -0.004429688
-4.08000005e-009  0.003671875
-4.06000005e-009 -0.004648438
-4.04000005e-009        0.005
-4.02000005e-009 -0.006273438
-4.00000005e-009        0.005
-3.98000005e-009 -0.004757813
-3.96000005e-009   0.00446875
-3.94000005e-009 -0.004156251
-3.92000005e-009        0.005
-3.90000005e-009 -0.005000001
-3.88000005e-009  0.003945312
-3.86000005e-009 -0.006187501
-3.84000005e-009  0.003429687
-3.82000005e-009 -0.005062501
-3.80000005e-009  0.003921875
-3.78000005e-009 -0.005539063
-3.76000005e-009  0.004117187
-3.74000005e-009 -0.005304688
-3.72000005e-009  0.004070312
-3.70000005e-009 -0.006421876
-3.68000005e-009  0.003109375
-3.66000005e-009 -0.007210938
-3.64000005e-009        0.003
-3.62000005e-009 -0.007171876
-3.60000005e-009 0.0009999997
-3.58000005e-009 -0.008914063
-3.56000005e-009  0.001242187
-3.54000005e-009 -0.009437501
-3.52000005e-009   0.00121875
-3.50000005e-009  -0.01016406
-3.48000005e-009 -0.0006015629
-3.46000005e-009  -0.01074219
-3.44000005e-009 0.0001640622
-3.42000005e-009       -0.011
-3.40000005e-009 -0.002945313
-3.38000005e-009  -0.01297656
-3.36000004e-009 -0.002070313
-3.34000004e-009  -0.01153125
-3.32000004e-009  -0.00221875
-3.30000004e-009       -0.013
-3.28000004e-009 -0.002953125
-3.26000004e-009  -0.01342188
-3.24000004e-009       -0.003
-3.22000004e-009  -0.01428906
-3.20000004e-009 -0.004085938
-3.18000004e-009  -0.01359375
-3.16000004e-009 -0.002898438
-3.14000004e-009       -0.015
-3.12000004e-009 -0.002898438
-3.10000004e-009       -0.015
-3.08000004e-009 -0.004953126
-3.06000004e-009  -0.01346875
-3.04000004e-009 -0.004687501
-3.02000004e-009  -0.01353125
-3.00000004e-009 -0.005390626
-2.98000004e-009  -0.01401563
-2.96000004e-009 -0.003101563
-2.94000004e-009  -0.01397656
-2.92000004e-009 -0.005000001
-2.90000004e-009  -0.01563281
-2.88000004e-009 -0.004648438
-2.86000004e-009  -0.01505469
-2.84000004e-009 -0.005289063
-2.82000004e-009       -0.015
-2.80000004e-009       -0.003
-2.78000004e-009  -0.01567969
-2.76000004e-009 -0.005453126
-2.74000004e-009  -0.01446094
-2.72000004e-009 -0.005000001
-2.70000004e-009       -0.015
-2.68000004e-009 -0.004796876
-2.66000004e-009  -0.01361719
-2.64000004e-009 -0.005000001
-2.62000003e-009  -0.01661719
-2.60000003e-009 -0.003718751
-2.58000003e-009  -0.01320313
-2.56000003e-009 -0.002554688
-2.54000003e-009       -0.015
-2.52000003e-009 -0.004382813
-2.50000003e-009       -0.013
-2.48000003e-009 -0.002976563
-2.46000003e-009  -0.01463281
-2.44000003e-009 -0.003437501
-2.42000003e-009  -0.01459375
-2.40000003e-009 -0.003742188
-2.38000003e-009  -0.01421875
-2.36000003e-009 -0.003273438
-2.34000003e-009    -0.012375
-2.32000003e-009       -0.003
-2.30000003e-009  -0.01324219
-2.28000003e-009 -0.001617188
-2.26000003e-009  -0.01271094
-2.24000003e-009  -0.00265625
-2.22000003e-009  -0.01132031
-2.20000003e-009 -0.002835938
-2.18000003e-009      -0.0115
-2.16000003e-009 -0.001476563
-2.14000003e-009  -0.01101563
-2.12000003e-009       -0.001
-2.10000003e-009  -0.01257813
-2.08000003e-009 -0.0009609379
-2.06000003e-009  -0.01107813
-2.04000003e-009 -0.0008750004
-2.02000003e-009 -0.009890626
-2.00000003e-009 5.468715e-005
-1.98000003e-009  -0.01017969
-1.96000003e-009 0.0001796872
-1.94000003e-009 -0.009000001
-1.92000003e-009 -0.0006328129
-1.90000003e-009 -0.009054688
-1.88000003e-009 -4.687535e-005
-1.86000002e-009 -0.008882813
-1.84000002e-009 0.0009999997
-1.82000002e-009 -0.008195313
-1.80000002e-009 0.0009999997
-1.78000002e-009 -0.008367188
-1.76000002e-009  0.001914062
-1.74000002e-009 -0.007125001
-1.72000002e-009        0.003
-1.70000002e-009 -0.009000001
-1.68000002e-009  0.003359375
-1.66000002e-009 -0.008796876
-1.64000002e-009  0.002554687
-1.62000002e-009 -0.008828126
-1.60000002e-009        0.003
-1.58000002e-009 -0.007742188
-1.56000002e-009  0.003429687
-1.54000002e-009 -0.007000001
-1.52000002e-009        0.003
-1.50000002e-009 -0.008234376
-1.48000002e-009   0.00259375
-1.46000002e-009 -0.006906251
-1.44000002e-009        0.003
-1.42000002e-009 -0.007000001
-1.40000002e-009 0.0009999997
-1.38000002e-009 -0.007179688
-1.36000002e-009  0.002765625
-1.34000002e-009 -0.007046876
-1.32000002e-009  0.004492187
-1.30000002e-009 -0.007000001
-1.28000002e-009  0.002554687
-1.26000002e-009 -0.006140626
-1.24000002e-009  0.003734375
-1.22000002e-009 -0.009000001
-1.20000002e-009        0.005
-1.18000002e-009 -0.008789063
-1.16000002e-009  0.002664062
-1.14000002e-009  -0.01010156
-1.12000001e-009        0.003
-1.10000001e-009 -0.009000001
-1.08000001e-009  0.002367187
-1.06000001e-009 -0.008867188
-1.04000001e-009  0.003484375
-1.02000001e-009 -0.007523438
-1.00000001e-009  0.001570312
-9.80000013e-010 -0.008929688
-9.60000013e-010 7.812151e-006
-9.40000013e-010 -0.009351563
-9.20000012e-010 0.0009999997
-9.00000012e-010  -0.01055469
-8.80000012e-010 -0.001070313
-8.60000011e-010 -0.009796876
-8.40000011e-010 -0.001882813
-8.20000011e-010  -0.01172656
-8.00000011e-010       -0.001
-7.8000001e-010  -0.01528906
-7.6000001e-010 -0.005507813
-7.4000001e-010  -0.02755469
-7.2000001e-010  -0.01048438
-7.00000009e-010  -0.04190625
-6.80000009e-010  -0.02113281
-6.60000009e-010  -0.05885938
-6.40000009e-010  -0.04250781
-6.20000008e-010  -0.09155469
-6.00000008e-010  -0.06869532
-5.80000008e-010   -0.1236406
-5.60000007e-010   -0.1021094
-5.40000007e-010   -0.1477734
-5.20000007e-010   -0.1331719
-5.00000007e-010       -0.163
-4.80000006e-010   -0.1527813
-4.60000006e-010   -0.1694531
-4.40000006e-010   -0.1575313
-4.20000006e-010   -0.1679531
-4.00000005e-010   -0.1536875
-3.80000005e-010   -0.1621328
-3.60000005e-010   -0.1451016
-3.40000005e-010   -0.1565625
-3.20000004e-010   -0.1354375
-3.00000004e-010   -0.1490625
-2.80000004e-010   -0.1280234
-2.60000003e-010   -0.1403906
-2.40000003e-010   -0.1092422
-2.20000003e-010       -0.125
-2.00000003e-010  -0.08376563
-1.80000002e-010   -0.1119844
-1.60000002e-010  -0.05583594
-1.40000002e-010  -0.08161719
-1.20000002e-010  -0.01983594
-1.00000001e-010       -0.045
-8.00000011e-011  0.003078125
-6.00000008e-011  -0.01321094
-4.00000005e-011   0.01703906
-2.00000003e-011  0.006960937
           0   0.02434375
2.00000003e-011   0.01567188
4.00000005e-011   0.02572656
6.00000008e-011   0.01354688
8.00000011e-011   0.02321875
1.00000001e-010   0.01089844
1.20000002e-010   0.01985156
1.40000002e-010   0.01014844
1.60000002e-010   0.02113281
1.80000002e-010   0.01233594
2.00000003e-010        0.025
2.20000003e-010   0.01604688
2.40000003e-010   0.02985938
2.60000003e-010   0.02017969
2.80000004e-010   0.03272656
3.00000004e-010        0.021
3.20000004e-010   0.03235156
3.40000005e-010   0.02025781
3.60000005e-010   0.02950781
3.80000005e-010   0.01635938
4.00000005e-010        0.027
4.20000006e-010   0.01328125
4.40000006e-010   0.02720313
4.60000006e-010   0.01403125
4.80000006e-010   0.02401563
5.00000007e-010        0.013
5.20000007e-010   0.02363281
5.40000007e-010   0.01369531
5.60000007e-010   0.02467969
5.80000008e-010   0.01541406
6.00000008e-010        0.025
6.20000008e-010   0.01363281
6.40000009e-010   0.02596094
6.60000009e-010        0.013
6.80000009e-010        0.023
7.00000009e-010    0.0121875
7.2000001e-010   0.02272656
7.4000001e-010    0.0109375
7.6000001e-010        0.023
7.8000001e-010   0.01284375
8.00000011e-010   0.02174219
8.20000011e-010   0.01257813
8.40000011e-010   0.02116406
8.60000011e-010   0.01217969
8.80000012e-010        0.023
9.00000012e-010   0.01386719
9.20000012e-010   0.02434375
9.40000013e-010   0.01428125
9.60000013e-010        0.025
9.80000013e-010        0.015
1.00000001e-009        0.027
1.02000001e-009        0.016
1.04000001e-009    0.0248125
1.06000001e-009      0.01325
1.08000001e-009        0.029
1.10000001e-009    0.0149375
1.12000001e-009   0.02744531
1.14000002e-009   0.01692188
1.16000002e-009   0.02864844
1.18000002e-009   0.01867969
1.20000002e-009   0.02736719
1.22000002e-009   0.01885156
1.24000002e-009   0.02948438
1.26000002e-009   0.01853125
1.28000002e-009        0.031
1.30000002e-009        0.017
1.32000002e-009   0.02826563
1.34000002e-009   0.01908594
1.36000002e-009   0.02905469
1.38000002e-009   0.01874219
1.40000002e-009        0.029
1.42000002e-009   0.01703125
1.44000002e-009   0.02703906
1.46000002e-009   0.01651563
1.48000002e-009        0.027
1.50000002e-009   0.01546875
1.52000002e-009   0.02458594
1.54000002e-009    0.0125625
1.56000002e-009      0.02325
1.58000002e-009   0.01471875
1.60000002e-009        0.025
1.62000002e-009   0.01288281
1.64000002e-009   0.02344531
1.66000002e-009   0.01092969
1.68000002e-009   0.02146875
1.70000002e-009        0.011
1.72000002e-009   0.02298438
1.74000002e-009   0.01121875
1.76000002e-009   0.02127344
1.78000002e-009        0.011
1.80000002e-009        0.023
1.82000002e-009   0.01291406
1.84000002e-009   0.02099219
1.86000002e-009        0.011
1.88000003e-009        0.021
1.90000003e-009        0.011
1.92000003e-009   0.02203125
1.94000003e-009   0.01267188
1.96000003e-009        0.021
1.98000003e-009   0.01145313
2.00000003e-009        0.023
2.02000003e-009   0.01234375
2.04000003e-009   0.02357031
2.06000003e-009        0.013
2.08000003e-009   0.02298438
2.10000003e-009        0.013
2.12000003e-009   0.02385938
2.14000003e-009   0.01350781
2.16000003e-009        0.023
2.18000003e-009    0.0144375
2.20000003e-009     0.023625
2.22000003e-009   0.01359375
2.24000003e-009   0.02342188
2.26000003e-009        0.013
2.28000003e-009    0.0228125
2.30000003e-009   0.01213281
2.32000003e-009   0.02410938
2.34000003e-009   0.01228125
2.36000003e-009   0.02230469
2.38000003e-009   0.01272656
2.40000003e-009   0.02265625
2.42000003e-009   0.01194531
2.44000003e-009   0.02117969
2.46000003e-009   0.01192969
2.48000003e-009        0.021
2.50000003e-009        0.011
2.52000003e-009   0.02046094
2.54000003e-009  0.008460938
2.56000003e-009        0.021
2.58000003e-009   0.01039063
2.60000003e-009   0.02148438
2.62000003e-009   0.01198438
2.64000004e-009    0.0200625
2.66000004e-009   0.01046875
2.68000004e-009        0.021
2.70000004e-009   0.01004688
2.72000004e-009   0.02002344
2.74000004e-009  0.009632813
2.76000004e-009   0.01908594
2.78000004e-009        0.009
2.80000004e-009        0.019
2.82000004e-009    0.0100625
2.84000004e-009   0.02002344
2.86000004e-009        0.009
2.88000004e-009        0.019
2.90000004e-009   0.00859375
2.92000004e-009   0.01808594
2.94000004e-009  0.008828125
2.96000004e-009   0.01935938
2.98000004e-009  0.008328125
3.00000004e-009   0.02067969
3.02000004e-009  0.009859375
3.04000004e-009   0.02297656
3.06000004e-009        0.009
3.08000004e-009        0.019
3.10000004e-009  0.008960938
3.12000004e-009   0.01835156
3.14000004e-009  0.008492188
3.16000004e-009   0.01717969
3.18000004e-009        0.007
3.20000004e-009        0.017
3.22000004e-009  0.008015625
3.24000004e-009     0.018625
3.26000004e-009   0.00859375
3.28000004e-009   0.01808594
3.30000004e-009   0.00653125
3.32000004e-009   0.01780469
3.34000004e-009  0.007703125
3.36000004e-009     0.017875
3.38000005e-009  0.005992187
3.40000005e-009        0.017
3.42000005e-009  0.008203125
3.44000005e-009   0.01679688
3.46000005e-009   0.00640625
3.48000005e-009   0.01665625
3.50000005e-009        0.003
3.52000005e-009   0.01596094
3.54000005e-009  0.006851562
3.56000005e-009   0.01647656
3.58000005e-009        0.005
3.60000005e-009   0.01698438
3.62000005e-009  0.005757812
3.64000005e-009   0.01528906
3.66000005e-009    0.0053125
3.68000005e-009   0.01592188
3.70000005e-009  0.006195312
3.72000005e-009   0.01659375
3.74000005e-009  0.006585937
3.76000005e-009   0.01641406
3.78000005e-009        0.005
3.80000005e-009        0.017
3.82000005e-009  0.004023437
3.84000005e-009   0.01671094
3.86000005e-009       0.0065
3.88000005e-009   0.01528125
3.90000005e-009  0.006242187
3.92000005e-009   0.01664844
3.94000005e-009   0.00665625
3.96000005e-009   0.01578125
3.98000005e-009  0.006335937
4.00000005e-009        0.017
4.02000005e-009  0.005578125
4.04000005e-009   0.01542969
4.06000005e-009  0.005945312
4.08000005e-009        0.015
4.10000005e-009        0.005
4.12000006e-009   0.01434375
4.14000006e-009  0.004085937
4.16000006e-009   0.01473438
4.18000006e-009   0.00434375
4.20000006e-009      0.01425
4.22000006e-009 0.0008437497
4.24000006e-009   0.01432813
4.26000006e-009        0.003
4.28000006e-009   0.01308594
4.30000006e-009  0.003554687
4.32000006e-009   0.01334375
4.34000006e-009  0.003578125
4.36000006e-009   0.01310938
4.38000006e-009        0.003
4.40000006e-009   0.01339844
4.42000006e-009   0.00440625
4.44000006e-009    0.0136875
4.46000006e-009  0.002882812
4.48000006e-009        0.013
4.50000006e-009  0.003007812
4.52000006e-009   0.01178125
4.54000006e-009   0.00409375
4.56000006e-009        0.013
4.58000006e-009  0.003242187
4.60000006e-009      0.01375
4.62000006e-009  0.002945312
4.64000006e-009   0.01420313
4.66000006e-009     0.001875
4.68000006e-009        0.013
4.70000006e-009        0.003
4.72000006e-009   0.01335938
4.74000006e-009    0.0015625
4.76000006e-009   0.01296875
4.78000006e-009  0.002132812
4.80000006e-009   0.01332813
4.82000006e-009   0.00346875
4.84000006e-009   0.01382813
4.86000006e-009   0.00221875
4.88000007e-009   0.01382031
4.90000007e-009     0.004375
4.92000007e-009   0.01153125
4.94000007e-009  0.002914062
4.96000007e-009   0.01311719
4.98000007e-009    0.0029375
5.00000007e-009   0.01170313
