-2.49000003e-009 -0.008804688
-2.48000003e-009 -0.008757813
-2.47000003e-009 -0.008757813
-2.46000003e-009 -0.008734376
-2.45000003e-009 -0.008773438
-2.44000003e-009 -0.008828126
-2.43000003e-009 -0.008875001
-2.42000003e-009 -0.008921876
-2.41000003e-009 -0.008937501
-2.40000003e-009 -0.008914063
-2.39000003e-009 -0.008851563
-2.38000003e-009 -0.008750001
-2.37000003e-009 -0.008601563
-2.36000003e-009 -0.008476563
-2.35000003e-009 -0.008359376
-2.34000003e-009 -0.008304688
-2.33000003e-009 -0.008265626
-2.32000003e-009 -0.008242188
-2.31000003e-009 -0.008203126
-2.30000003e-009 -0.008171876
-2.29000003e-009 -0.008117188
-2.28000003e-009 -0.007992188
-2.27000003e-009 -0.007835938
-2.26000003e-009 -0.007679688
-2.25000003e-009 -0.007515626
-2.24000003e-009 -0.007375001
-2.23000003e-009 -0.007335938
-2.22000003e-009 -0.007250001
-2.21000003e-009 -0.007234376
-2.20000003e-009 -0.007218751
-2.19000003e-009 -0.007164063
-2.18000003e-009 -0.007109376
-2.17000003e-009 -0.006945313
-2.16000003e-009 -0.006804688
-2.15000003e-009 -0.006617188
-2.14000003e-009 -0.006460938
-2.13000003e-009 -0.006328126
-2.12000003e-009 -0.006242188
-2.11000003e-009 -0.006203126
-2.10000003e-009 -0.006156251
-2.09000003e-009 -0.006164063
-2.08000003e-009 -0.006140626
-2.07000003e-009 -0.006046876
-2.06000003e-009 -0.005914063
-2.05000003e-009 -0.005710938
-2.04000003e-009 -0.005507813
-2.03000003e-009 -0.005328126
-2.02000003e-009 -0.005117188
-2.01000003e-009 -0.005031251
-2.00000003e-009 -0.004937501
-1.99000003e-009 -0.004898438
-1.98000003e-009 -0.004898438
-1.97000003e-009 -0.004906251
-1.96000003e-009 -0.004882813
-1.95000003e-009 -0.004867188
-1.94000003e-009 -0.004789063
-1.93000003e-009 -0.004734376
-1.92000003e-009 -0.004664063
-1.91000003e-009 -0.004617188
-1.90000003e-009 -0.004523438
-1.89000003e-009 -0.004414063
-1.88000003e-009 -0.004281251
-1.87000002e-009 -0.004156251
-1.86000002e-009 -0.004015626
-1.85000002e-009 -0.003882813
-1.84000002e-009 -0.003820313
-1.83000002e-009 -0.003789063
-1.82000002e-009 -0.003843751
-1.81000002e-009 -0.003906251
-1.80000002e-009 -0.003906251
-1.79000002e-009 -0.003898438
-1.78000002e-009 -0.003820313
-1.77000002e-009 -0.003687501
-1.76000002e-009 -0.003523438
-1.75000002e-009 -0.003359376
-1.74000002e-009 -0.003210938
-1.73000002e-009 -0.003117188
-1.72000002e-009 -0.003078125
-1.71000002e-009 -0.003085938
-1.70000002e-009   -0.0030625
-1.69000002e-009 -0.003023438
-1.68000002e-009 -0.002953125
-1.67000002e-009 -0.002867188
-1.66000002e-009 -0.002726563
-1.65000002e-009 -0.002546875
-1.64000002e-009 -0.002414063
-1.63000002e-009 -0.002304688
-1.62000002e-009  -0.00228125
-1.61000002e-009  -0.00228125
-1.60000002e-009 -0.002351563
-1.59000002e-009 -0.002421875
-1.58000002e-009 -0.002460938
-1.57000002e-009 -0.002554688
-1.56000002e-009 -0.002539063
-1.55000002e-009 -0.002554688
-1.54000002e-009 -0.002554688
-1.53000002e-009 -0.002507813
-1.52000002e-009 -0.002476563
-1.51000002e-009 -0.002484375
-1.50000002e-009  -0.00246875
-1.49000002e-009 -0.002421875
-1.48000002e-009 -0.002351563
-1.47000002e-009 -0.002289063
-1.46000002e-009 -0.002179688
-1.45000002e-009 -0.002039063
-1.44000002e-009 -0.001945313
-1.43000002e-009 -0.001890625
-1.42000002e-009 -0.001898438
-1.41000002e-009 -0.001953125
-1.40000002e-009   -0.0020625
-1.39000002e-009 -0.002242188
-1.38000002e-009 -0.002398438
-1.37000002e-009 -0.002539063
-1.36000002e-009 -0.002617188
-1.35000002e-009 -0.002695313
-1.34000002e-009 -0.002695313
-1.33000002e-009 -0.002648438
-1.32000002e-009 -0.002578125
-1.31000002e-009 -0.002539063
-1.30000002e-009 -0.002429688
-1.29000002e-009    -0.002375
-1.28000002e-009 -0.002382813
-1.27000002e-009 -0.002335938
-1.26000002e-009  -0.00234375
-1.25000002e-009 -0.002320313
-1.24000002e-009  -0.00234375
-1.23000002e-009 -0.002328125
-1.22000002e-009  -0.00228125
-1.21000002e-009 -0.002265625
-1.20000002e-009  -0.00221875
-1.19000002e-009 -0.002210938
-1.18000002e-009 -0.002265625
-1.17000002e-009 -0.002328125
-1.16000002e-009 -0.002398438
-1.15000002e-009 -0.002492188
-1.14000002e-009 -0.002578125
-1.13000002e-009 -0.002648438
-1.12000001e-009 -0.002679688
-1.11000001e-009 -0.002703125
-1.10000001e-009   -0.0026875
-1.09000001e-009  -0.00265625
-1.08000001e-009 -0.002664063
-1.07000001e-009   -0.0026875
-1.06000001e-009 -0.002765625
-1.05000001e-009 -0.002859375
-1.04000001e-009 -0.002984375
-1.03000001e-009 -0.003117188
-1.02000001e-009 -0.003226563
-1.01000001e-009 -0.003335938
-1.00000001e-009 -0.003453126
-9.90000013e-010 -0.003515626
-9.80000013e-010 -0.003640626
-9.70000013e-010 -0.003710938
-9.60000013e-010 -0.003820313
-9.50000013e-010 -0.003882813
-9.40000013e-010 -0.003976563
-9.30000012e-010 -0.004039063
-9.20000012e-010 -0.004148438
-9.10000012e-010 -0.004179688
-9.00000012e-010 -0.004289063
-8.90000012e-010 -0.004468751
-8.80000012e-010 -0.004664063
-8.70000012e-010 -0.004984376
-8.60000011e-010 -0.005218751
-8.50000011e-010 -0.005460938
-8.40000011e-010 -0.005765626
-8.30000011e-010 -0.006078126
-8.20000011e-010 -0.006421876
-8.10000011e-010 -0.006765626
-8.00000011e-010 -0.007164063
-7.90000011e-010 -0.007750001
-7.8000001e-010 -0.008437501
-7.7000001e-010 -0.009351563
-7.6000001e-010  -0.01029688
-7.5000001e-010  -0.01133594
-7.4000001e-010  -0.01258594
-7.3000001e-010  -0.01410156
-7.2000001e-010  -0.01588281
-7.10000009e-010  -0.01796875
-7.00000009e-010  -0.02041406
-6.90000009e-010  -0.02339063
-6.80000009e-010  -0.02686719
-6.70000009e-010  -0.03092188
-6.60000009e-010  -0.03549219
-6.50000009e-010  -0.04050781
-6.40000009e-010  -0.04608594
-6.30000008e-010  -0.05220313
-6.20000008e-010  -0.05889063
-6.10000008e-010  -0.06602344
-6.00000008e-010  -0.07358594
-5.90000008e-010  -0.08146094
-5.80000008e-010  -0.08953907
-5.70000008e-010  -0.09771094
-5.60000007e-010   -0.1058281
-5.50000007e-010   -0.1137656
-5.40000007e-010   -0.1213594
-5.30000007e-010   -0.1285156
-5.20000007e-010   -0.1352031
-5.10000007e-010   -0.1413516
-5.00000007e-010   -0.1468984
-4.90000007e-010   -0.1516016
-4.80000006e-010      -0.1555
-4.70000006e-010   -0.1585313
-4.60000006e-010    -0.160875
-4.50000006e-010   -0.1625156
-4.40000006e-010   -0.1633594
-4.30000006e-010   -0.1635469
-4.20000006e-010   -0.1632734
-4.10000005e-010   -0.1626016
-4.00000005e-010   -0.1616328
-3.90000005e-010   -0.1602891
-3.80000005e-010   -0.1586172
-3.70000005e-010   -0.1567734
-3.60000005e-010   -0.1548984
-3.50000005e-010   -0.1531172
-3.40000005e-010   -0.1512891
-3.30000004e-010   -0.1494453
-3.20000004e-010   -0.1476875
-3.10000004e-010   -0.1459766
-3.00000004e-010   -0.1442422
-2.90000004e-010   -0.1423281
-2.80000004e-010   -0.1401406
-2.70000004e-010   -0.1376875
-2.60000003e-010   -0.1349844
-2.50000003e-010   -0.1321172
-2.40000003e-010   -0.1289453
-2.30000003e-010   -0.1253516
-2.20000003e-010   -0.1214297
-2.10000003e-010   -0.1170234
-2.00000003e-010   -0.1122031
-1.90000003e-010   -0.1067969
-1.80000002e-010   -0.1007734
-1.70000002e-010  -0.09417188
-1.60000002e-010  -0.08717188
-1.50000002e-010  -0.07974219
-1.40000002e-010  -0.07202344
-1.30000002e-010    -0.064125
-1.20000002e-010  -0.05601563
-1.10000001e-010  -0.04786719
-1.00000001e-010  -0.03978125
-9.00000012e-011  -0.03185938
-8.00000011e-011  -0.02423438
-7.00000009e-011  -0.01701563
-6.00000008e-011  -0.01027344
-5.00000007e-011 -0.004125001
-4.00000005e-011    0.0013125
-3.00000004e-011    0.0059375
-2.00000003e-011     0.009875
-1.00000001e-011   0.01320313
           0   0.01589063
1.00000001e-011   0.01785156
2.00000003e-011   0.01917969
3.00000004e-011    0.0200625
4.00000005e-011   0.02051563
5.00000007e-011   0.02065625
6.00000008e-011   0.02036719
7.00000009e-011   0.01985156
8.00000011e-011   0.01917188
9.00000012e-011   0.01842188
1.00000001e-010   0.01755469
1.10000001e-010   0.01667188
1.20000002e-010    0.0158125
1.30000002e-010    0.0150625
1.40000002e-010   0.01459375
1.50000002e-010   0.01436719
1.60000002e-010   0.01446875
1.70000002e-010   0.01489844
1.80000002e-010   0.01563281
1.90000003e-010   0.01666406
2.00000003e-010   0.01789063
2.10000003e-010   0.01924219
2.20000003e-010   0.02053906
2.30000003e-010   0.02184375
2.40000003e-010   0.02303125
2.50000003e-010     0.024125
2.60000003e-010   0.02509375
2.70000004e-010   0.02589844
2.80000004e-010   0.02654688
2.90000004e-010    0.0270625
3.00000004e-010   0.02735938
3.10000004e-010   0.02741406
3.20000004e-010   0.02723438
3.30000004e-010   0.02682813
3.40000005e-010   0.02623438
3.50000005e-010    0.0255625
3.60000005e-010   0.02482031
3.70000005e-010    0.0240625
3.80000005e-010   0.02342188
3.90000005e-010   0.02276563
4.00000005e-010   0.02225781
4.10000005e-010   0.02178125
4.20000006e-010   0.02128906
4.30000006e-010   0.02085938
4.40000006e-010   0.02044531
4.50000006e-010   0.02007031
4.60000006e-010   0.01980469
4.70000006e-010   0.01957813
4.80000006e-010   0.01953125
4.90000007e-010   0.01947656
5.00000007e-010   0.01948438
5.10000007e-010   0.01953906
5.20000007e-010   0.01954688
5.30000007e-010   0.01952344
5.40000007e-010   0.01940625
5.50000007e-010   0.01928906
5.60000007e-010   0.01923438
5.70000008e-010   0.01923438
5.80000008e-010   0.01926563
5.90000008e-010   0.01939063
6.00000008e-010   0.01953906
6.10000008e-010   0.01966406
6.20000008e-010      0.01975
6.30000008e-010   0.01971875
6.40000009e-010   0.01954688
6.50000009e-010    0.0193125
6.60000009e-010   0.01897656
6.70000009e-010   0.01857031
6.80000009e-010      0.01825
6.90000009e-010   0.01790625
7.00000009e-010   0.01765625
7.10000009e-010   0.01742188
7.2000001e-010   0.01726563
7.3000001e-010   0.01710156
7.4000001e-010   0.01698438
7.5000001e-010   0.01686719
7.6000001e-010      0.01675
7.7000001e-010   0.01673438
7.8000001e-010   0.01672656
7.90000011e-010   0.01672656
8.00000011e-010   0.01676563
8.10000011e-010   0.01689844
8.20000011e-010   0.01701563
8.30000011e-010     0.017125
8.40000011e-010      0.01725
8.50000011e-010   0.01740625
8.60000011e-010   0.01760938
8.70000012e-010   0.01783594
8.80000012e-010   0.01810156
8.90000012e-010   0.01840625
9.00000012e-010    0.0186875
9.10000012e-010   0.01896875
9.20000012e-010   0.01923438
9.30000012e-010   0.01942969
9.40000013e-010   0.01952344
9.50000013e-010   0.01960156
9.60000013e-010   0.01957031
9.70000013e-010   0.01957813
9.80000013e-010   0.01950781
9.90000013e-010       0.0195
1.00000001e-009   0.01947656
1.01000001e-009   0.01957031
1.02000001e-009   0.01963281
1.03000001e-009   0.01977344
1.04000001e-009   0.01989844
1.05000001e-009   0.02010156
1.06000001e-009   0.02028906
1.07000001e-009       0.0205
1.08000001e-009   0.02067969
1.09000001e-009     0.020875
1.10000001e-009   0.02109375
1.11000001e-009   0.02128125
1.12000001e-009   0.02146094
1.13000002e-009   0.02164844
1.14000002e-009   0.02182031
1.15000002e-009   0.02205469
1.16000002e-009   0.02228125
1.17000002e-009   0.02259375
1.18000002e-009     0.022875
1.19000002e-009    0.0231875
1.20000002e-009   0.02349219
1.21000002e-009   0.02371875
1.22000002e-009   0.02386719
1.23000002e-009   0.02392969
1.24000002e-009   0.02392969
1.25000002e-009   0.02382031
1.26000002e-009   0.02365625
1.27000002e-009   0.02349219
1.28000002e-009   0.02336719
1.29000002e-009   0.02328906
1.30000002e-009   0.02328125
1.31000002e-009   0.02335156
1.32000002e-009   0.02344531
1.33000002e-009   0.02353906
1.34000002e-009   0.02358594
1.35000002e-009   0.02360156
1.36000002e-009   0.02357813
1.37000002e-009   0.02346875
1.38000002e-009   0.02335938
1.39000002e-009   0.02319531
1.40000002e-009   0.02307031
1.41000002e-009   0.02292188
1.42000002e-009   0.02277344
1.43000002e-009   0.02264063
1.44000002e-009   0.02251563
1.45000002e-009   0.02235938
1.46000002e-009   0.02216406
1.47000002e-009   0.02196875
1.48000002e-009   0.02176563
1.49000002e-009   0.02157813
1.50000002e-009   0.02136719
1.51000002e-009   0.02115625
1.52000002e-009   0.02090625
1.53000002e-009   0.02064063
1.54000002e-009   0.02034375
1.55000002e-009    0.0200625
1.56000002e-009    0.0196875
1.57000002e-009   0.01939844
1.58000002e-009   0.01907813
1.59000002e-009   0.01886719
1.60000002e-009     0.018625
1.61000002e-009   0.01850781
1.62000002e-009   0.01834375
1.63000002e-009   0.01823438
1.64000002e-009   0.01811719
1.65000002e-009   0.01803125
1.66000002e-009     0.017875
1.67000002e-009   0.01771875
1.68000002e-009   0.01753906
1.69000002e-009   0.01733594
1.70000002e-009   0.01716406
1.71000002e-009   0.01699219
1.72000002e-009   0.01688281
1.73000002e-009   0.01679688
1.74000002e-009   0.01674219
1.75000002e-009   0.01671094
1.76000002e-009   0.01667969
1.77000002e-009   0.01667969
1.78000002e-009   0.01664063
1.79000002e-009   0.01659375
1.80000002e-009    0.0165625
1.81000002e-009   0.01653125
1.82000002e-009   0.01653906
1.83000002e-009   0.01660156
1.84000002e-009   0.01670313
1.85000002e-009   0.01682031
1.86000002e-009   0.01694531
1.87000002e-009   0.01705469
1.88000003e-009   0.01709375
1.89000003e-009   0.01711719
1.90000003e-009   0.01708594
1.91000003e-009   0.01700781
1.92000003e-009   0.01699219
1.93000003e-009   0.01696875
1.94000003e-009   0.01695313
1.95000003e-009        0.017
1.96000003e-009     0.017125
1.97000003e-009   0.01724219
1.98000003e-009   0.01739844
1.99000003e-009   0.01757031
2.00000003e-009    0.0176875
2.01000003e-009   0.01785156
2.02000003e-009   0.01792188
2.03000003e-009   0.01798438
2.04000003e-009   0.01801563
2.05000003e-009   0.01802344
2.06000003e-009   0.01803125
2.07000003e-009   0.01804688
2.08000003e-009   0.01803125
2.09000003e-009   0.01809375
2.10000003e-009   0.01814063
2.11000003e-009   0.01825781
2.12000003e-009     0.018375
2.13000003e-009   0.01845313
2.14000003e-009   0.01851563
2.15000003e-009   0.01851563
2.16000003e-009   0.01847656
2.17000003e-009   0.01838281
2.18000003e-009   0.01828125
2.19000003e-009   0.01821875
2.20000003e-009   0.01817969
2.21000003e-009   0.01816406
2.22000003e-009   0.01823438
2.23000003e-009   0.01828906
2.24000003e-009   0.01835156
2.25000003e-009   0.01836719
2.26000003e-009   0.01838281
2.27000003e-009   0.01832813
2.28000003e-009   0.01826563
2.29000003e-009   0.01817969
2.30000003e-009   0.01810938
2.31000003e-009   0.01805469
2.32000003e-009   0.01802344
2.33000003e-009   0.01795313
2.34000003e-009   0.01786719
2.35000003e-009   0.01776563
2.36000003e-009   0.01766406
2.37000003e-009   0.01757813
2.38000003e-009   0.01746094
2.39000003e-009   0.01738281
2.40000003e-009   0.01734375
2.41000003e-009   0.01734375
2.42000003e-009   0.01733594
2.43000003e-009   0.01732031
2.44000003e-009      0.01725
2.45000003e-009   0.01714063
2.46000003e-009        0.017
2.47000003e-009   0.01682813
2.48000003e-009   0.01667969
2.49000003e-009   0.01647656
2.50000003e-009   0.01634375
