-4.98000007e-009 -0.004757813
-4.96000007e-009     0.006875
-4.94000007e-009 -0.003250001
-4.92000007e-009        0.005
-4.90000007e-009 -0.003742188
-4.88000007e-009  0.003882812
-4.86000006e-009 -0.003984376
-4.84000006e-009        0.005
-4.82000006e-009 -0.003750001
-4.80000006e-009        0.005
-4.78000006e-009 -0.003945313
-4.76000006e-009  0.004992187
-4.74000006e-009 -0.004156251
-4.72000006e-009  0.006367187
-4.70000006e-009 -0.003492188
-4.68000006e-009  0.004710937
-4.66000006e-009 -0.005023438
-4.64000006e-009  0.004429687
-4.62000006e-009 -0.005000001
-4.60000006e-009        0.007
-4.58000006e-009 -0.004523438
-4.56000006e-009     0.003875
-4.54000006e-009 -0.003429688
-4.52000006e-009        0.005
-4.50000006e-009 -0.003968751
-4.48000006e-009  0.006171875
-4.46000006e-009 -0.004187501
-4.44000006e-009  0.005367187
-4.42000006e-009 -0.004148438
-4.40000006e-009        0.005
-4.38000006e-009 -0.004242188
-4.36000006e-009  0.003585937
-4.34000006e-009 -0.003500001
-4.32000006e-009  0.005046875
-4.30000006e-009 -0.003609376
-4.28000006e-009  0.004640625
-4.26000006e-009 -0.005609376
-4.24000006e-009  0.005023437
-4.22000006e-009       -0.003
-4.20000006e-009        0.005
-4.18000006e-009 -0.003109375
-4.16000006e-009  0.006523437
-4.14000006e-009 -0.006203126
-4.12000006e-009  0.003773437
-4.10000005e-009 -0.003710938
-4.08000005e-009  0.004710937
-4.06000005e-009 -0.005226563
-4.04000005e-009  0.006039062
-4.02000005e-009 -0.004062501
-4.00000005e-009        0.005
-3.98000005e-009 -0.005242188
-3.96000005e-009  0.004601562
-3.94000005e-009 -0.003531251
-3.92000005e-009  0.005828125
-3.90000005e-009 -0.005000001
-3.88000005e-009  0.005601562
-3.86000005e-009 -0.003304688
-3.84000005e-009   0.00346875
-3.82000005e-009 -0.005242188
-3.80000005e-009  0.005132812
-3.78000005e-009 -0.005726563
-3.76000005e-009  0.002953125
-3.74000005e-009 -0.005976563
-3.72000005e-009        0.003
-3.70000005e-009 -0.007000001
-3.68000005e-009   0.00215625
-3.66000005e-009 -0.007507813
-3.64000005e-009  0.003265625
-3.62000005e-009 -0.008062501
-3.60000005e-009        0.003
-3.58000005e-009  -0.01116406
-3.56000005e-009  0.001710937
-3.54000005e-009 -0.009007813
-3.52000005e-009  0.002304687
-3.50000005e-009 -0.009859376
-3.48000005e-009 -0.0006640629
-3.46000005e-009    -0.010375
-3.44000005e-009       -0.001
-3.42000005e-009       -0.011
-3.40000005e-009       -0.003
-3.38000005e-009  -0.01104688
-3.36000004e-009 -0.0005390629
-3.34000004e-009  -0.01269531
-3.32000004e-009 -0.002640625
-3.30000004e-009       -0.013
-3.28000004e-009 -0.001953125
-3.26000004e-009  -0.01251563
-3.24000004e-009 -0.001210938
-3.22000004e-009  -0.01386719
-3.20000004e-009 -0.004265626
-3.18000004e-009  -0.01372656
-3.16000004e-009 -0.003773438
-3.14000004e-009  -0.01373438
-3.12000004e-009 -0.005000001
-3.10000004e-009  -0.01502344
-3.08000004e-009 -0.004898438
-3.06000004e-009  -0.01307031
-3.04000004e-009 -0.004296876
-3.02000004e-009  -0.01455469
-3.00000004e-009 -0.004023438
-2.98000004e-009  -0.01399219
-2.96000004e-009 -0.004007813
-2.94000004e-009  -0.01402344
-2.92000004e-009 -0.004000001
-2.90000004e-009  -0.01423438
-2.88000004e-009 -0.005093751
-2.86000004e-009  -0.01348438
-2.84000004e-009 -0.005101563
-2.82000004e-009  -0.01483594
-2.80000004e-009 -0.004976563
-2.78000004e-009   -0.0136875
-2.76000004e-009 -0.003828126
-2.74000004e-009  -0.01504688
-2.72000004e-009 -0.003226563
-2.70000004e-009       -0.015
-2.68000004e-009 -0.004437501
-2.66000004e-009  -0.01458594
-2.64000004e-009 -0.003796876
-2.62000003e-009  -0.01267188
-2.60000003e-009       -0.003
-2.58000003e-009  -0.01289063
-2.56000003e-009 -0.004367188
-2.54000003e-009  -0.01228125
-2.52000003e-009 -0.004367188
-2.50000003e-009       -0.013
-2.48000003e-009    -0.002625
-2.46000003e-009  -0.01357813
-2.44000003e-009       -0.003
-2.42000003e-009  -0.01182813
-2.40000003e-009       -0.003
-2.38000003e-009  -0.01110938
-2.36000003e-009 -0.002890625
-2.34000003e-009       -0.011
-2.32000003e-009 -0.002679688
-2.30000003e-009   -0.0113125
-2.28000003e-009  -0.00115625
-2.26000003e-009  -0.01182813
-2.24000003e-009       -0.001
-2.22000003e-009       -0.013
-2.20000003e-009 0.0006640622
-2.18000003e-009 -0.009882813
-2.16000003e-009  0.001898437
-2.14000003e-009 -0.009000001
-2.12000003e-009 0.0009999997
-2.10000003e-009 -0.009390626
-2.08000003e-009 -0.0002890629
-2.06000003e-009 -0.009218751
-2.04000003e-009  0.002609375
-2.02000003e-009 -0.009851563
-2.00000003e-009    0.0025625
-1.98000003e-009 -0.007992188
-1.96000003e-009  0.001546875
-1.94000003e-009 -0.009000001
-1.92000003e-009 0.0009999997
-1.90000003e-009 -0.009000001
-1.88000003e-009  0.003296875
-1.86000002e-009 -0.007867188
-1.84000002e-009      0.00225
-1.82000002e-009 -0.007039063
-1.80000002e-009 0.0009999997
-1.78000002e-009 -0.006890626
-1.76000002e-009  0.002351562
-1.74000002e-009 -0.006851563
-1.72000002e-009  0.001539062
-1.70000002e-009 -0.007000001
-1.68000002e-009  0.001953125
-1.66000002e-009 -0.006062501
-1.64000002e-009  0.003835937
-1.62000002e-009 -0.007000001
-1.60000002e-009        0.005
-1.58000002e-009 -0.007398438
-1.56000002e-009   0.00328125
-1.54000002e-009 -0.007023438
-1.52000002e-009  0.003335937
-1.50000002e-009 -0.007000001
-1.48000002e-009  0.003828125
-1.46000002e-009 -0.005007813
-1.44000002e-009  0.002460937
-1.42000002e-009 -0.007000001
-1.40000002e-009  0.004914062
-1.38000002e-009 -0.006945313
-1.36000002e-009   0.00459375
-1.34000002e-009 -0.006726563
-1.32000002e-009  0.003335937
-1.30000002e-009 -0.006164063
-1.28000002e-009  0.001023437
-1.26000002e-009 -0.007062501
-1.24000002e-009        0.003
-1.22000002e-009 -0.007000001
-1.20000002e-009  0.001773437
-1.18000002e-009 -0.005703126
-1.16000002e-009  0.002648437
-1.14000002e-009 -0.007000001
-1.12000001e-009        0.003
-1.10000001e-009 -0.008328126
-1.08000001e-009     0.003625
-1.06000001e-009 -0.007273438
-1.04000001e-009        0.003
-1.02000001e-009 -0.008101563
-1.00000001e-009  0.001664062
-9.80000013e-010 -0.008937501
-9.60000013e-010 0.0004531247
-9.40000013e-010 -0.009000001
-9.20000012e-010 0.0009999997
-9.00000012e-010 -0.009296876
-8.80000012e-010 -0.0004218754
-8.60000011e-010  -0.01133594
-8.40000011e-010 -0.002546875
-8.20000011e-010  -0.01400781
-8.00000011e-010 -0.005000001
-7.8000001e-010  -0.01882031
-7.6000001e-010  -0.01064063
-7.4000001e-010  -0.03178125
-7.2000001e-010       -0.021
-7.00000009e-010       -0.053
-6.80000009e-010  -0.03758594
-6.60000009e-010  -0.08384375
-6.40000009e-010  -0.06574219
-6.20000008e-010       -0.117
-6.00000008e-010  -0.09993751
-5.80000008e-010   -0.1431797
-5.60000007e-010   -0.1303516
-5.40000007e-010       -0.165
-5.20000007e-010       -0.153
-5.00000007e-010       -0.171
-4.80000006e-010   -0.1610625
-4.60000006e-010   -0.1711797
-4.40000006e-010   -0.1534219
-4.20000006e-010   -0.1671016
-4.00000005e-010   -0.1528359
-3.80000005e-010   -0.1608984
-3.60000005e-010   -0.1442188
-3.40000005e-010   -0.1563594
-3.20000004e-010       -0.139
-3.00000004e-010   -0.1473984
-2.80000004e-010   -0.1310625
-2.60000003e-010   -0.1392656
-2.40000003e-010   -0.1182578
-2.20000003e-010   -0.1253516
-2.00000003e-010  -0.09399219
-1.80000002e-010   -0.1070156
-1.60000002e-010  -0.06332813
-1.40000002e-010  -0.07946094
-1.20000002e-010  -0.03239063
-1.00000001e-010       -0.049
-8.00000011e-011 0.0001796872
-6.00000008e-011   -0.0190625
-4.00000005e-011   0.01755469
-2.00000003e-011        0.009
           0        0.027
2.00000003e-011   0.01560938
4.00000005e-011   0.02659375
6.00000008e-011   0.01553125
8.00000011e-011        0.025
1.00000001e-010   0.01205469
1.20000002e-010   0.02226563
1.40000002e-010   0.01024219
1.60000002e-010    0.0214375
1.80000002e-010        0.013
2.00000003e-010   0.02794531
2.20000003e-010   0.01922656
2.40000003e-010   0.03303125
2.60000003e-010   0.02198438
2.80000004e-010   0.03564844
3.00000004e-010   0.02488281
3.20000004e-010   0.03422656
3.40000005e-010   0.02442188
3.60000005e-010   0.03269531
3.80000005e-010   0.02146094
4.00000005e-010   0.02988281
4.20000006e-010   0.01821094
4.40000006e-010   0.02860156
4.60000006e-010        0.017
4.80000006e-010   0.02821875
5.00000007e-010     0.017375
5.20000007e-010   0.02892188
5.40000007e-010   0.01792188
5.60000007e-010        0.029
5.80000008e-010        0.017
6.00000008e-010   0.02951563
6.20000008e-010   0.01855469
6.40000009e-010   0.02748438
6.60000009e-010        0.015
6.80000009e-010   0.02507031
7.00000009e-010   0.01213281
7.2000001e-010   0.02434375
7.4000001e-010   0.01245313
7.6000001e-010   0.02319531
7.8000001e-010     0.010375
8.00000011e-010   0.02335938
8.20000011e-010   0.01348438
8.40000011e-010   0.02364063
8.60000011e-010   0.01380469
8.80000012e-010   0.02347656
9.00000012e-010        0.015
9.20000012e-010   0.02623438
9.40000013e-010    0.0149375
9.60000013e-010   0.02586719
9.80000013e-010     0.016375
1.00000001e-009   0.02746094
1.02000001e-009    0.0186875
1.04000001e-009   0.02757031
1.06000001e-009        0.017
1.08000001e-009        0.029
1.10000001e-009        0.019
1.12000001e-009   0.03092969
1.14000002e-009   0.01866406
1.16000002e-009        0.031
1.18000002e-009   0.02038281
1.20000002e-009   0.03114844
1.22000002e-009   0.02017188
1.24000002e-009   0.03083594
1.26000002e-009   0.02141406
1.28000002e-009   0.03333594
1.30000002e-009   0.02103125
1.32000002e-009   0.03146875
1.34000002e-009   0.02242969
1.36000002e-009        0.031
1.38000002e-009   0.02084375
1.40000002e-009        0.033
1.42000002e-009     0.019625
1.44000002e-009   0.03017969
1.46000002e-009        0.019
1.48000002e-009        0.029
1.50000002e-009   0.01660156
1.52000002e-009   0.02803125
1.54000002e-009   0.01771875
1.56000002e-009   0.02708594
1.58000002e-009     0.016625
1.60000002e-009   0.02685938
1.62000002e-009   0.01428906
1.64000002e-009   0.02522656
1.66000002e-009   0.01482031
1.68000002e-009        0.025
1.70000002e-009   0.01363281
1.72000002e-009   0.02239063
1.74000002e-009   0.01283594
1.76000002e-009   0.02288281
1.78000002e-009   0.01342969
1.80000002e-009   0.02417969
1.82000002e-009   0.01410156
1.84000002e-009   0.02351563
1.86000002e-009        0.013
1.88000003e-009        0.023
1.90000003e-009    0.0140625
1.92000003e-009   0.02299219
1.94000003e-009   0.01371875
1.96000003e-009   0.02539063
1.98000003e-009        0.013
2.00000003e-009   0.02523438
2.02000003e-009    0.0141875
2.04000003e-009   0.02492969
2.06000003e-009   0.01561719
2.08000003e-009   0.02460938
2.10000003e-009     0.016375
2.12000003e-009   0.02545313
2.14000003e-009   0.01489844
2.16000003e-009        0.025
2.18000003e-009   0.01542969
2.20000003e-009   0.02591406
2.22000003e-009   0.01460938
2.24000003e-009   0.02529688
2.26000003e-009    0.0144375
2.28000003e-009   0.02423438
2.30000003e-009     0.013875
2.32000003e-009   0.02385938
2.34000003e-009   0.01448438
2.36000003e-009   0.02445313
2.38000003e-009   0.01296875
2.40000003e-009        0.025
2.42000003e-009   0.01282813
2.44000003e-009   0.02442188
2.46000003e-009   0.01351563
2.48000003e-009   0.02250781
2.50000003e-009        0.013
2.52000003e-009   0.02471875
2.54000003e-009   0.01232813
2.56000003e-009        0.023
2.58000003e-009   0.01240625
2.60000003e-009   0.02242969
2.62000003e-009   0.01207031
2.64000004e-009   0.02230469
2.66000004e-009   0.01265625
2.68000004e-009   0.02142188
2.70000004e-009   0.01271094
2.72000004e-009   0.02060938
2.74000004e-009   0.01065625
2.76000004e-009        0.021
2.78000004e-009        0.011
2.80000004e-009   0.02154688
2.82000004e-009   0.01074219
2.84000004e-009   0.02127344
2.86000004e-009        0.011
2.88000004e-009   0.01942969
2.90000004e-009        0.011
2.92000004e-009   0.02151563
2.94000004e-009   0.01060156
2.96000004e-009   0.01944531
2.98000004e-009        0.011
3.00000004e-009        0.021
3.02000004e-009   0.01000781
3.04000004e-009   0.02033594
3.06000004e-009        0.009
3.08000004e-009   0.02114844
3.10000004e-009        0.011
3.12000004e-009     0.020375
3.14000004e-009   0.00928125
3.16000004e-009   0.01966406
3.18000004e-009    0.0103125
3.20000004e-009   0.02157031
3.22000004e-009  0.009289063
3.24000004e-009   0.01869531
3.26000004e-009  0.008320313
3.28000004e-009   0.01909375
3.30000004e-009  0.009742188
3.32000004e-009   0.01832813
3.34000004e-009    0.0080625
3.36000004e-009   0.01708594
3.38000005e-009  0.006523437
3.40000005e-009        0.019
3.42000005e-009    0.0080625
3.44000005e-009   0.01767969
3.46000005e-009    0.0076875
3.48000005e-009        0.017
3.50000005e-009  0.006789062
3.52000005e-009   0.01623438
3.54000005e-009  0.007976563
3.56000005e-009   0.01858594
3.58000005e-009  0.007179687
3.60000005e-009   0.01838281
3.62000005e-009  0.004867187
3.64000005e-009   0.01777344
3.66000005e-009        0.007
3.68000005e-009   0.01716406
3.70000005e-009   0.00790625
3.72000005e-009    0.0161875
3.74000005e-009   0.00665625
3.76000005e-009        0.017
3.78000005e-009  0.005273437
3.80000005e-009   0.01676563
3.82000005e-009  0.006398437
3.84000005e-009   0.01749219
3.86000005e-009  0.006539062
3.88000005e-009        0.017
3.90000005e-009  0.006539062
3.92000005e-009   0.01753906
3.94000005e-009       0.0065
3.96000005e-009        0.015
3.98000005e-009  0.005257812
4.00000005e-009   0.01544531
4.02000005e-009  0.006890625
4.04000005e-009   0.01674219
4.06000005e-009  0.006054687
4.08000005e-009        0.015
4.10000005e-009  0.006015625
4.12000006e-009   0.01617969
4.14000006e-009  0.006039062
4.16000006e-009   0.01674219
4.18000006e-009        0.005
4.20000006e-009        0.015
4.22000006e-009  0.005523437
4.24000006e-009    0.0154375
4.26000006e-009  0.005015625
4.28000006e-009   0.01665625
4.30000006e-009        0.005
4.32000006e-009   0.01578906
4.34000006e-009  0.005484375
4.36000006e-009   0.01589844
4.38000006e-009  0.004867187
4.40000006e-009   0.01503125
4.42000006e-009  0.004773437
4.44000006e-009   0.01489063
4.46000006e-009  0.005859375
4.48000006e-009        0.013
4.50000006e-009  0.003445312
4.52000006e-009   0.01317188
4.54000006e-009   0.00271875
4.56000006e-009   0.01349219
4.58000006e-009  0.003789062
4.60000006e-009        0.013
4.62000006e-009  0.002828125
4.64000006e-009   0.01413281
4.66000006e-009  0.002851562
4.68000006e-009        0.013
4.70000006e-009  0.003726562
4.72000006e-009   0.01250781
4.74000006e-009  0.003164062
4.76000006e-009        0.015
4.78000006e-009    0.0039375
4.80000006e-009   0.01444531
4.82000006e-009  0.004929687
4.84000006e-009   0.01350781
4.86000006e-009   0.00409375
4.88000007e-009        0.013
4.90000007e-009    0.0036875
4.92000007e-009   0.01210156
4.94000007e-009  0.003054687
4.96000007e-009   0.01339063
4.98000007e-009  0.002953125
5.00000007e-009   0.01246875
