-4.98000007e-009 0.0003515622
-4.96000007e-009 0.0001562497
-4.94000007e-009 -2.343785e-005
-4.92000007e-009 -7.812535e-005
-4.90000007e-009 0.0001796872
-4.88000007e-009 0.0005937497
-4.86000006e-009 0.0009140622
-4.84000006e-009 0.0008437497
-4.82000006e-009 0.0005546872
-4.80000006e-009 0.0002812497
-4.78000006e-009 0.0002265622
-4.76000006e-009 0.0003359372
-4.74000006e-009 0.0004921872
-4.72000006e-009 0.0006171872
-4.70000006e-009 0.0006718747
-4.68000006e-009 0.0006328122
-4.66000006e-009 0.0005624997
-4.64000006e-009 0.0004374997
-4.62000006e-009 0.0004140622
-4.60000006e-009 0.0004687497
-4.58000006e-009 0.0004921872
-4.56000006e-009 0.0004218747
-4.54000006e-009 0.0003437497
-4.52000006e-009 0.0003203122
-4.50000006e-009 0.0004296872
-4.48000006e-009 0.0005546872
-4.46000006e-009 0.0004296872
-4.44000006e-009 0.0001484372
-4.42000006e-009 -3.125035e-005
-4.40000006e-009 1.562465e-005
-4.38000006e-009 0.0002421872
-4.36000006e-009 0.0004609372
-4.34000006e-009 0.0005546872
-4.32000006e-009 0.0005312497
-4.30000006e-009 0.0005624997
-4.28000006e-009 0.0006406247
-4.26000006e-009 0.0007578122
-4.24000006e-009 0.0007578122
-4.22000006e-009 0.0007109372
-4.20000006e-009 0.0005546872
-4.18000006e-009 0.0003749997
-4.16000006e-009 0.0002499997
-4.14000006e-009 0.0001953122
-4.12000006e-009 0.0001874997
-4.10000005e-009 0.0001328122
-4.08000005e-009 5.468715e-005
-4.06000005e-009 -1.562535e-005
-4.04000005e-009 3.124965e-005
-4.02000005e-009 8.593715e-005
-4.00000005e-009 0.0001796872
-3.98000005e-009 0.0001953122
-3.96000005e-009 0.0002187497
-3.94000005e-009 0.0002968747
-3.92000005e-009 0.0003281247
-3.90000005e-009 0.0003203122
-3.88000005e-009 0.0002109372
-3.86000005e-009 7.812465e-005
-3.84000005e-009 4.687465e-005
-3.82000005e-009 3.124965e-005
-3.80000005e-009 7.812151e-006
-3.78000005e-009 -0.0001093754
-3.76000005e-009 -0.0002656254
-3.74000005e-009 -0.0004765629
-3.72000005e-009 -0.0005859379
-3.70000005e-009 -0.0007031254
-3.68000005e-009 -0.0007656254
-3.66000005e-009 -0.0009687504
-3.64000005e-009 -0.001265625
-3.62000005e-009 -0.001546875
-3.60000005e-009 -0.001828125
-3.58000005e-009       -0.002
-3.56000005e-009 -0.002164063
-3.54000005e-009 -0.002429688
-3.52000005e-009 -0.002726563
-3.50000005e-009 -0.003085938
-3.48000005e-009 -0.003414063
-3.46000005e-009 -0.003742188
-3.44000005e-009 -0.004148438
-3.42000005e-009 -0.004671876
-3.40000005e-009 -0.005203126
-3.38000005e-009 -0.005765626
-3.36000004e-009 -0.006304688
-3.34000004e-009 -0.006687501
-3.32000004e-009 -0.006914063
-3.30000004e-009 -0.006968751
-3.28000004e-009 -0.007031251
-3.26000004e-009 -0.007257813
-3.24000004e-009 -0.007640626
-3.22000004e-009 -0.008054688
-3.20000004e-009 -0.008320313
-3.18000004e-009 -0.008445313
-3.16000004e-009 -0.008546876
-3.14000004e-009 -0.008664063
-3.12000004e-009 -0.008710938
-3.10000004e-009 -0.008796876
-3.08000004e-009 -0.009007813
-3.06000004e-009 -0.009273438
-3.04000004e-009 -0.009460938
-3.02000004e-009 -0.009500001
-3.00000004e-009 -0.009484376
-2.98000004e-009 -0.009632813
-2.96000004e-009 -0.009992188
-2.94000004e-009  -0.01030469
-2.92000004e-009  -0.01033594
-2.90000004e-009  -0.01007813
-2.88000004e-009 -0.009843751
-2.86000004e-009 -0.009898438
-2.84000004e-009   -0.0101875
-2.82000004e-009  -0.01046875
-2.80000004e-009  -0.01069531
-2.78000004e-009   -0.0106875
-2.76000004e-009  -0.01057813
-2.74000004e-009  -0.01044531
-2.72000004e-009  -0.01041406
-2.70000004e-009  -0.01048438
-2.68000004e-009  -0.01055469
-2.66000004e-009  -0.01048438
-2.64000004e-009  -0.01029688
-2.62000003e-009    -0.010125
-2.60000003e-009   -0.0100625
-2.58000003e-009  -0.01016406
-2.56000003e-009  -0.01022656
-2.54000003e-009  -0.01014844
-2.52000003e-009 -0.009929688
-2.50000003e-009 -0.009718751
-2.48000003e-009 -0.009593751
-2.46000003e-009 -0.009562501
-2.44000003e-009 -0.009421876
-2.42000003e-009 -0.009242188
-2.40000003e-009 -0.009070313
-2.38000003e-009 -0.009046876
-2.36000003e-009 -0.009093751
-2.34000003e-009 -0.008976563
-2.32000003e-009 -0.008648438
-2.30000003e-009 -0.008335938
-2.28000003e-009 -0.008164063
-2.26000003e-009 -0.008046876
-2.24000003e-009 -0.007929688
-2.22000003e-009 -0.007750001
-2.20000003e-009 -0.007632813
-2.18000003e-009 -0.007601563
-2.16000003e-009 -0.007570313
-2.14000003e-009 -0.007437501
-2.12000003e-009 -0.007179688
-2.10000003e-009 -0.006906251
-2.08000003e-009 -0.006625001
-2.06000003e-009 -0.006406251
-2.04000003e-009 -0.006101563
-2.02000003e-009 -0.005812501
-2.00000003e-009 -0.005578126
-1.98000003e-009 -0.005445313
-1.96000003e-009 -0.005359376
-1.94000003e-009 -0.005203126
-1.92000003e-009 -0.005031251
-1.90000003e-009 -0.004828126
-1.88000003e-009 -0.004578126
-1.86000002e-009 -0.004304688
-1.84000002e-009 -0.004070313
-1.82000002e-009 -0.003890626
-1.80000002e-009 -0.003796876
-1.78000002e-009 -0.003796876
-1.76000002e-009 -0.003851563
-1.74000002e-009 -0.003906251
-1.72000002e-009 -0.003945313
-1.70000002e-009 -0.003820313
-1.68000002e-009 -0.003484376
-1.66000002e-009 -0.003078125
-1.64000002e-009  -0.00290625
-1.62000002e-009 -0.002945313
-1.60000002e-009  -0.00303125
-1.58000002e-009 -0.002953125
-1.56000002e-009 -0.002757813
-1.54000002e-009 -0.002507813
-1.52000002e-009 -0.002367188
-1.50000002e-009 -0.002359375
-1.48000002e-009 -0.002507813
-1.46000002e-009 -0.002585938
-1.44000002e-009 -0.002546875
-1.42000002e-009 -0.002328125
-1.40000002e-009 -0.002140625
-1.38000002e-009  -0.00215625
-1.36000002e-009 -0.002367188
-1.34000002e-009 -0.002570313
-1.32000002e-009  -0.00259375
-1.30000002e-009 -0.002445313
-1.28000002e-009 -0.002304688
-1.26000002e-009 -0.002226563
-1.24000002e-009 -0.002234375
-1.22000002e-009     -0.00225
-1.20000002e-009 -0.002179688
-1.18000002e-009 -0.002179688
-1.16000002e-009  -0.00228125
-1.14000002e-009 -0.002359375
-1.12000001e-009  -0.00240625
-1.10000001e-009 -0.002484375
-1.08000001e-009 -0.002664063
-1.06000001e-009 -0.002835938
-1.04000001e-009 -0.002851563
-1.02000001e-009 -0.002734375
-1.00000001e-009 -0.002601563
-9.80000013e-010 -0.002804688
-9.60000013e-010 -0.003234376
-9.40000013e-010 -0.003585938
-9.20000012e-010 -0.003835938
-9.00000012e-010 -0.003890626
-8.80000012e-010 -0.004054688
-8.60000011e-010 -0.004273438
-8.40000011e-010 -0.004500001
-8.20000011e-010 -0.004796876
-8.00000011e-010 -0.005117188
-7.8000001e-010 -0.005953126
-7.6000001e-010 -0.006984376
-7.4000001e-010 -0.008375001
-7.2000001e-010  -0.01032031
-7.00000009e-010  -0.01289063
-6.80000009e-010  -0.01703125
-6.60000009e-010   -0.0226875
-6.40000009e-010  -0.03021094
-6.20000008e-010  -0.04002344
-6.00000008e-010  -0.05194532
-5.80000008e-010  -0.06626563
-5.60000007e-010  -0.08253125
-5.40000007e-010  -0.09979688
-5.20000007e-010   -0.1168516
-5.00000007e-010   -0.1325625
-4.80000006e-010   -0.1455156
-4.60000006e-010   -0.1557109
-4.40000006e-010      -0.1625
-4.20000006e-010   -0.1660469
-4.00000005e-010   -0.1669453
-3.80000005e-010   -0.1650313
-3.60000005e-010   -0.1619453
-3.40000005e-010   -0.1579219
-3.20000004e-010   -0.1536094
-3.00000004e-010   -0.1498125
-2.80000004e-010   -0.1456328
-2.60000003e-010   -0.1413359
-2.40000003e-010   -0.1359531
-2.20000003e-010     -0.12875
-2.00000003e-010   -0.1196094
-1.80000002e-010   -0.1079375
-1.60000002e-010  -0.09413282
-1.40000002e-010  -0.07864844
-1.20000002e-010  -0.06200782
-1.00000001e-010  -0.04499219
-8.00000011e-011  -0.02860938
-6.00000008e-011  -0.01352344
-4.00000005e-011  -0.00103125
-2.00000003e-011  0.008304688
           0   0.01469531
2.00000003e-011   0.01809375
4.00000005e-011   0.01974219
6.00000008e-011   0.01972656
8.00000011e-011   0.01860156
1.00000001e-010   0.01709375
1.20000002e-010   0.01557813
1.40000002e-010   0.01482031
1.60000002e-010   0.01476563
1.80000002e-010   0.01557031
2.00000003e-010   0.01741406
2.20000003e-010   0.02004688
2.40000003e-010   0.02317969
2.60000003e-010    0.0261875
2.80000004e-010   0.02852344
3.00000004e-010   0.02999219
3.20000004e-010   0.03033594
3.40000005e-010   0.02951563
3.60000005e-010   0.02765625
3.80000005e-010    0.0253125
4.00000005e-010   0.02315625
4.20000006e-010     0.021625
4.40000006e-010   0.02073438
4.60000006e-010   0.02025781
4.80000006e-010   0.01996875
5.00000007e-010   0.01982813
5.20000007e-010   0.01982031
5.40000007e-010    0.0200625
5.60000007e-010   0.02047656
5.80000008e-010   0.02086719
6.00000008e-010   0.02090625
6.20000008e-010    0.0204375
6.40000009e-010   0.01958594
6.60000009e-010   0.01860938
6.80000009e-010    0.0178125
7.00000009e-010   0.01721875
7.2000001e-010   0.01667969
7.4000001e-010   0.01615625
7.6000001e-010   0.01579688
7.8000001e-010   0.01564063
8.00000011e-010   0.01571875
8.20000011e-010   0.01589063
8.40000011e-010     0.016125
8.60000011e-010   0.01654688
8.80000012e-010   0.01710156
9.00000012e-010   0.01757813
9.20000012e-010        0.018
9.40000013e-010   0.01833594
9.60000013e-010   0.01875781
9.80000013e-010   0.01911719
1.00000001e-009   0.01923438
1.02000001e-009   0.01914063
1.04000001e-009   0.01903906
1.06000001e-009   0.01919531
1.08000001e-009   0.01961719
1.10000001e-009   0.02020313
1.12000001e-009   0.02075781
1.14000002e-009   0.02132031
1.16000002e-009      0.02175
1.18000002e-009   0.02219531
1.20000002e-009   0.02267188
1.22000002e-009   0.02321094
1.24000002e-009      0.02375
1.26000002e-009     0.024125
1.28000002e-009   0.02425781
1.30000002e-009      0.02425
1.32000002e-009   0.02416406
1.34000002e-009   0.02407031
1.36000002e-009   0.02398438
1.38000002e-009   0.02378906
1.40000002e-009   0.02355469
1.42000002e-009   0.02323438
1.44000002e-009   0.02279688
1.46000002e-009   0.02227344
1.48000002e-009   0.02175781
1.50000002e-009   0.02136719
1.52000002e-009   0.02107813
1.54000002e-009   0.02085156
1.56000002e-009   0.02039844
1.58000002e-009   0.01982813
1.60000002e-009   0.01914063
1.62000002e-009   0.01859375
1.64000002e-009   0.01819531
1.66000002e-009   0.01796094
1.68000002e-009   0.01769531
1.70000002e-009   0.01726563
1.72000002e-009   0.01678906
1.74000002e-009   0.01644531
1.76000002e-009   0.01642969
1.78000002e-009   0.01664844
1.80000002e-009    0.0168125
1.82000002e-009   0.01670313
1.84000002e-009   0.01649219
1.86000002e-009   0.01640625
1.88000003e-009   0.01653125
1.90000003e-009   0.01678125
1.92000003e-009   0.01694531
1.94000003e-009   0.01704688
1.96000003e-009   0.01721875
1.98000003e-009   0.01739063
2.00000003e-009   0.01739844
2.02000003e-009   0.01729688
2.04000003e-009   0.01730469
2.06000003e-009   0.01754688
2.08000003e-009   0.01788281
2.10000003e-009   0.01803906
2.12000003e-009    0.0179375
2.14000003e-009   0.01789844
2.16000003e-009   0.01809375
2.18000003e-009   0.01839844
2.20000003e-009   0.01853125
2.22000003e-009   0.01824219
2.24000003e-009   0.01784375
2.26000003e-009   0.01753906
2.28000003e-009   0.01753906
2.30000003e-009   0.01771094
2.32000003e-009   0.01776563
2.34000003e-009   0.01760156
2.36000003e-009   0.01724219
2.38000003e-009   0.01686719
2.40000003e-009   0.01671875
2.42000003e-009   0.01673438
2.44000003e-009   0.01673438
2.46000003e-009   0.01663281
2.48000003e-009   0.01632031
2.50000003e-009   0.01595313
2.52000003e-009   0.01578125
2.54000003e-009   0.01578906
2.56000003e-009   0.01586719
2.58000003e-009   0.01590625
2.60000003e-009   0.01572656
2.62000003e-009   0.01546875
2.64000004e-009   0.01519531
2.66000004e-009   0.01511719
2.68000004e-009     0.015125
2.70000004e-009   0.01509375
2.72000004e-009   0.01499219
2.74000004e-009   0.01474219
2.76000004e-009   0.01447656
2.78000004e-009   0.01417969
2.80000004e-009   0.01389063
2.82000004e-009   0.01383594
2.84000004e-009   0.01386719
2.86000004e-009   0.01385938
2.88000004e-009   0.01380469
2.90000004e-009   0.01372656
2.92000004e-009   0.01383594
2.94000004e-009   0.01403906
2.96000004e-009   0.01432031
2.98000004e-009   0.01441406
3.00000004e-009   0.01432813
3.02000004e-009   0.01410156
3.04000004e-009   0.01391406
3.06000004e-009    0.0138125
3.08000004e-009      0.01375
3.10000004e-009    0.0136875
3.12000004e-009   0.01342969
3.14000004e-009     0.013125
3.16000004e-009   0.01276563
3.18000004e-009   0.01253125
3.20000004e-009   0.01246094
3.22000004e-009   0.01246094
3.24000004e-009   0.01254688
3.26000004e-009     0.012625
3.28000004e-009   0.01265625
3.30000004e-009   0.01264063
3.32000004e-009   0.01257813
3.34000004e-009       0.0125
3.36000004e-009   0.01246875
3.38000005e-009   0.01229688
3.40000005e-009   0.01196094
3.42000005e-009   0.01146094
3.44000005e-009   0.01103906
3.46000005e-009   0.01085938
3.48000005e-009   0.01088281
3.50000005e-009   0.01089844
3.52000005e-009   0.01082031
3.54000005e-009   0.01071875
3.56000005e-009   0.01071875
3.58000005e-009   0.01080469
3.60000005e-009   0.01072656
3.62000005e-009   0.01053906
3.64000005e-009   0.01038281
3.66000005e-009   0.01046875
3.68000005e-009   0.01066406
3.70000005e-009    0.0106875
3.72000005e-009   0.01044531
3.74000005e-009    0.0101875
3.76000005e-009   0.01019531
3.78000005e-009   0.01038281
3.80000005e-009    0.0104375
3.82000005e-009   0.01028125
3.84000005e-009   0.01013281
3.86000005e-009   0.01021094
3.88000005e-009   0.01040625
3.90000005e-009   0.01057031
3.92000005e-009   0.01058594
3.94000005e-009   0.01047656
3.96000005e-009   0.01039844
3.98000005e-009   0.01028125
4.00000005e-009   0.01007031
4.02000005e-009  0.009789063
4.04000005e-009  0.009632813
4.06000005e-009   0.00971875
4.08000005e-009  0.009828125
4.10000005e-009     0.009875
4.12000006e-009    0.0098125
4.14000006e-009  0.009640625
4.16000006e-009   0.00953125
4.18000006e-009   0.00946875
4.20000006e-009  0.009367188
4.22000006e-009  0.009117188
4.24000006e-009      0.00875
4.26000006e-009  0.008414063
4.28000006e-009     0.008375
4.30000006e-009  0.008601563
4.32000006e-009  0.008835938
4.34000006e-009  0.008984375
4.36000006e-009  0.008835938
4.38000006e-009  0.008578125
4.40000006e-009   0.00828125
4.42000006e-009  0.008210938
4.44000006e-009  0.008304688
4.46000006e-009    0.0084375
4.48000006e-009  0.008359375
4.50000006e-009  0.008117188
4.52000006e-009  0.007734375
4.54000006e-009  0.007539063
4.56000006e-009  0.007585938
4.58000006e-009  0.007835938
4.60000006e-009  0.008046875
4.62000006e-009   0.00809375
4.64000006e-009        0.008
4.66000006e-009  0.007851563
4.68000006e-009  0.007804688
4.70000006e-009  0.007765625
4.72000006e-009   0.00771875
4.74000006e-009  0.007664063
4.76000006e-009   0.00771875
4.78000006e-009  0.007804688
4.80000006e-009  0.007882813
4.82000006e-009  0.007835938
4.84000006e-009  0.007726563
4.86000006e-009  0.007640625
4.88000007e-009  0.007476563
4.90000007e-009   0.00721875
4.92000007e-009  0.006929687
4.94000007e-009  0.006773437
4.96000007e-009  0.006921875
4.98000007e-009  0.007203125
5.00000007e-009  0.007421875
