-1.24500002e-009 -0.001359375
-1.24000002e-009 -0.001414063
-1.23500002e-009 -0.001507813
-1.23000002e-009   -0.0015625
-1.22500002e-009 -0.001648438
-1.22000002e-009 -0.001742188
-1.21500002e-009 -0.001867188
-1.21000002e-009 -0.001914063
-1.20500002e-009 -0.002039063
-1.20000002e-009   -0.0020625
-1.19500002e-009 -0.002117188
-1.19000002e-009  -0.00221875
-1.18500002e-009 -0.002242188
-1.18000002e-009 -0.002257813
-1.17500002e-009 -0.002273438
-1.17000002e-009 -0.002242188
-1.16500002e-009 -0.002226563
-1.16000002e-009 -0.002179688
-1.15500002e-009 -0.002117188
-1.15000002e-009 -0.002054688
-1.14500002e-009 -0.002015625
-1.14000002e-009   -0.0019375
-1.13500002e-009 -0.001898438
-1.13000002e-009  -0.00184375
-1.12500002e-009 -0.001804688
-1.12000001e-009 -0.001804688
-1.11500001e-009 -0.001804688
-1.11000001e-009 -0.001789063
-1.10500001e-009 -0.001828125
-1.10000001e-009 -0.001859375
-1.09500001e-009    -0.001875
-1.09000001e-009   -0.0019375
-1.08500001e-009 -0.001984375
-1.08000001e-009 -0.002039063
-1.07500001e-009 -0.002085938
-1.07000001e-009 -0.002171875
-1.06500001e-009 -0.002234375
-1.06000001e-009 -0.002273438
-1.05500001e-009 -0.002304688
-1.05000001e-009    -0.002375
-1.04500001e-009 -0.002398438
-1.04000001e-009 -0.002453125
-1.03500001e-009 -0.002507813
-1.03000001e-009 -0.002539063
-1.02500001e-009 -0.002546875
-1.02000001e-009 -0.002609375
-1.01500001e-009    -0.002625
-1.01000001e-009 -0.002640625
-1.00500001e-009   -0.0026875
-1.00000001e-009 -0.002734375
-9.95000013e-010 -0.002765625
-9.90000013e-010 -0.002789063
-9.85000013e-010   -0.0028125
-9.80000013e-010 -0.002804688
-9.75000013e-010 -0.002835938
-9.70000013e-010 -0.002851563
-9.65000013e-010 -0.002835938
-9.60000013e-010 -0.002828125
-9.55000013e-010 -0.002859375
-9.50000013e-010 -0.002851563
-9.45000013e-010 -0.002859375
-9.40000013e-010 -0.002882813
-9.35000012e-010 -0.002914063
-9.30000012e-010 -0.002953125
-9.25000012e-010 -0.002984375
-9.20000012e-010 -0.003070313
-9.15000012e-010 -0.003132813
-9.10000012e-010 -0.003203126
-9.05000012e-010 -0.003296876
-9.00000012e-010 -0.003437501
-8.95000012e-010 -0.003507813
-8.90000012e-010 -0.003617188
-8.85000012e-010 -0.003718751
-8.80000012e-010 -0.003835938
-8.75000012e-010 -0.003929688
-8.70000012e-010 -0.004007813
-8.65000012e-010 -0.004085938
-8.60000011e-010 -0.004140626
-8.55000011e-010 -0.004226563
-8.50000011e-010 -0.004281251
-8.45000011e-010 -0.004351563
-8.40000011e-010 -0.004382813
-8.35000011e-010 -0.004445313
-8.30000011e-010 -0.004531251
-8.25000011e-010 -0.004656251
-8.20000011e-010 -0.004757813
-8.15000011e-010 -0.004976563
-8.10000011e-010 -0.005179688
-8.05000011e-010 -0.005390626
-8.00000011e-010 -0.005632813
-7.95000011e-010 -0.005921876
-7.90000011e-010 -0.006226563
-7.8500001e-010 -0.006515626
-7.8000001e-010 -0.006835938
-7.7500001e-010 -0.007234376
-7.7000001e-010 -0.007601563
-7.6500001e-010 -0.007976563
-7.6000001e-010 -0.008406251
-7.5500001e-010 -0.008820313
-7.5000001e-010 -0.009234376
-7.4500001e-010 -0.009695313
-7.4000001e-010  -0.01016406
-7.3500001e-010  -0.01059375
-7.3000001e-010  -0.01114063
-7.2500001e-010  -0.01174219
-7.2000001e-010  -0.01242969
-7.1500001e-010   -0.0131875
-7.10000009e-010  -0.01403906
-7.05000009e-010  -0.01502344
-7.00000009e-010  -0.01609375
-6.95000009e-010  -0.01723438
-6.90000009e-010   -0.0185625
-6.85000009e-010  -0.01992969
-6.80000009e-010  -0.02146094
-6.75000009e-010    -0.023125
-6.70000009e-010  -0.02491406
-6.65000009e-010  -0.02678906
-6.60000009e-010  -0.02885156
-6.55000009e-010  -0.03092969
-6.50000009e-010  -0.03314063
-6.45000009e-010  -0.03542969
-6.40000009e-010  -0.03782031
-6.35000008e-010   -0.0403125
-6.30000008e-010  -0.04291406
-6.25000008e-010  -0.04567188
-6.20000008e-010  -0.04851563
-6.15000008e-010  -0.05154688
-6.10000008e-010  -0.05470313
-6.05000008e-010  -0.05803125
-6.00000008e-010  -0.06149219
-5.95000008e-010  -0.06511719
-5.90000008e-010  -0.06884375
-5.85000008e-010  -0.07272657
-5.80000008e-010  -0.07677344
-5.75000008e-010  -0.08088282
-5.70000008e-010  -0.08509375
-5.65000008e-010  -0.08935157
-5.60000007e-010  -0.09364063
-5.55000007e-010  -0.09792188
-5.50000007e-010   -0.1022188
-5.45000007e-010   -0.1064297
-5.40000007e-010   -0.1105859
-5.35000007e-010   -0.1146875
-5.30000007e-010   -0.1186484
-5.25000007e-010   -0.1224844
-5.20000007e-010   -0.1261563
-5.15000007e-010   -0.1297734
-5.10000007e-010   -0.1331797
-5.05000007e-010   -0.1364766
-5.00000007e-010   -0.1396719
-4.95000007e-010   -0.1426953
-4.90000007e-010   -0.1455859
-4.85000006e-010   -0.1483438
-4.80000006e-010    -0.150875
-4.75000006e-010   -0.1532109
-4.70000006e-010   -0.1553906
-4.65000006e-010   -0.1573594
-4.60000006e-010   -0.1591172
-4.55000006e-010   -0.1607188
-4.50000006e-010   -0.1620703
-4.45000006e-010     -0.16325
-4.40000006e-010   -0.1641953
-4.35000006e-010   -0.1649375
-4.30000006e-010   -0.1654844
-4.25000006e-010   -0.1657578
-4.20000006e-010   -0.1658828
-4.15000006e-010   -0.1658359
-4.10000005e-010   -0.1657109
-4.05000005e-010   -0.1654375
-4.00000005e-010   -0.1651016
-3.95000005e-010   -0.1646563
-3.90000005e-010   -0.1641719
-3.85000005e-010   -0.1636797
-3.80000005e-010   -0.1630625
-3.75000005e-010   -0.1623828
-3.70000005e-010   -0.1616328
-3.65000005e-010   -0.1608906
-3.60000005e-010   -0.1600781
-3.55000005e-010   -0.1592891
-3.50000005e-010   -0.1584453
-3.45000005e-010   -0.1575859
-3.40000005e-010   -0.1566953
-3.35000004e-010   -0.1557969
-3.30000004e-010   -0.1548203
-3.25000004e-010   -0.1537578
-3.20000004e-010   -0.1527188
-3.15000004e-010   -0.1516406
-3.10000004e-010   -0.1505703
-3.05000004e-010   -0.1494375
-3.00000004e-010   -0.1483203
-2.95000004e-010   -0.1472266
-2.90000004e-010   -0.1461094
-2.85000004e-010   -0.1450313
-2.80000004e-010    -0.143875
-2.75000004e-010   -0.1426719
-2.70000004e-010   -0.1414141
-2.65000004e-010   -0.1401016
-2.60000003e-010   -0.1387266
-2.55000003e-010   -0.1372813
-2.50000003e-010   -0.1357734
-2.45000003e-010   -0.1341797
-2.40000003e-010   -0.1324609
-2.35000003e-010   -0.1306563
-2.30000003e-010   -0.1287109
-2.25000003e-010   -0.1266406
-2.20000003e-010   -0.1244219
-2.15000003e-010   -0.1220703
-2.10000003e-010   -0.1195781
-2.05000003e-010   -0.1169766
-2.00000003e-010   -0.1142422
-1.95000003e-010    -0.111375
-1.90000003e-010   -0.1084141
-1.85000002e-010   -0.1053125
-1.80000002e-010   -0.1021172
-1.75000002e-010  -0.09879688
-1.70000002e-010  -0.09539844
-1.65000002e-010  -0.09185938
-1.60000002e-010  -0.08824219
-1.55000002e-010   -0.0845625
-1.50000002e-010  -0.08079688
-1.45000002e-010       -0.077
-1.40000002e-010  -0.07308594
-1.35000002e-010  -0.06915625
-1.30000002e-010  -0.06519532
-1.25000002e-010   -0.0611875
-1.20000002e-010  -0.05714063
-1.15000002e-010  -0.05309375
-1.10000001e-010  -0.04901563
-1.05000001e-010   -0.0449375
-1.00000001e-010  -0.04089063
-9.50000013e-011  -0.03684375
-9.00000012e-011  -0.03282031
-8.50000011e-011  -0.02888281
-8.00000011e-011  -0.02504688
-7.5000001e-011  -0.02128125
-7.00000009e-011  -0.01764844
-6.50000009e-011  -0.01414844
-6.00000008e-011  -0.01080469
-5.50000007e-011 -0.007578126
-5.00000007e-011 -0.004523438
-4.50000006e-011 -0.001703125
-4.00000005e-011 0.0009531247
-3.50000005e-011    0.0034375
-3.00000004e-011    0.0056875
-2.50000003e-011  0.007734375
-2.00000003e-011  0.009585938
-1.50000002e-011   0.01128906
-1.00000001e-011    0.0128125
-5.00000007e-012   0.01420313
           0   0.01545313
5.00000007e-012   0.01659375
1.00000001e-011   0.01760156
1.50000002e-011   0.01854688
2.00000003e-011   0.01933594
2.50000003e-011   0.02001563
3.00000004e-011   0.02060156
3.50000005e-011   0.02107031
4.00000005e-011   0.02148438
4.50000006e-011   0.02178906
5.00000007e-011   0.02202344
5.50000007e-011   0.02217188
6.00000008e-011   0.02217188
6.50000009e-011   0.02215625
7.00000009e-011   0.02197656
7.5000001e-011   0.02174219
8.00000011e-011   0.02140625
8.50000011e-011   0.02101563
9.00000012e-011   0.02058594
9.50000013e-011   0.02011719
1.00000001e-010   0.01966406
1.05000001e-010    0.0191875
1.10000001e-010   0.01870313
1.15000002e-010   0.01825781
1.20000002e-010    0.0178125
1.25000002e-010   0.01740625
1.30000002e-010   0.01700781
1.35000002e-010   0.01669531
1.40000002e-010   0.01646875
1.45000002e-010   0.01624219
1.50000002e-010   0.01611719
1.55000002e-010   0.01602344
1.60000002e-010   0.01605469
1.65000002e-010   0.01610156
1.70000002e-010   0.01622656
1.75000002e-010   0.01641406
1.80000002e-010   0.01669531
1.85000002e-010   0.01702344
1.90000003e-010   0.01742969
1.95000003e-010   0.01783594
2.00000003e-010   0.01839844
2.05000003e-010   0.01894531
2.10000003e-010   0.01953125
2.15000003e-010   0.02017969
2.20000003e-010   0.02082031
2.25000003e-010   0.02151563
2.30000003e-010   0.02221094
2.35000003e-010   0.02286719
2.40000003e-010   0.02353125
2.45000003e-010   0.02417188
2.50000003e-010   0.02482031
2.55000003e-010   0.02539844
2.60000003e-010   0.02597656
2.65000004e-010   0.02649219
2.70000004e-010   0.02696094
2.75000004e-010   0.02740625
2.80000004e-010   0.02774219
2.85000004e-010   0.02810938
2.90000004e-010   0.02841406
2.95000004e-010   0.02869531
3.00000004e-010   0.02892969
3.05000004e-010   0.02910156
3.10000004e-010   0.02923438
3.15000004e-010   0.02934375
3.20000004e-010   0.02942969
3.25000004e-010   0.02944531
3.30000004e-010   0.02939844
3.35000004e-010   0.02930469
3.40000005e-010   0.02916406
3.45000005e-010    0.0289375
3.50000005e-010    0.0286875
3.55000005e-010   0.02835938
3.60000005e-010   0.02798438
3.65000005e-010   0.02759375
3.70000005e-010     0.027125
3.75000005e-010   0.02661719
3.80000005e-010   0.02609375
3.85000005e-010    0.0255625
3.90000005e-010   0.02502344
3.95000005e-010   0.02452344
4.00000005e-010   0.02399219
4.05000005e-010   0.02353906
4.10000005e-010   0.02309375
4.15000006e-010   0.02267188
4.20000006e-010   0.02229688
4.25000006e-010   0.02195313
4.30000006e-010    0.0216875
4.35000006e-010   0.02142969
4.40000006e-010      0.02125
4.45000006e-010   0.02105469
4.50000006e-010   0.02094531
4.55000006e-010   0.02082031
4.60000006e-010      0.02075
4.65000006e-010   0.02069531
4.70000006e-010   0.02064063
4.75000006e-010   0.02058594
4.80000006e-010    0.0205625
4.85000006e-010   0.02049219
4.90000007e-010   0.02049219
4.95000007e-010   0.02045313
5.00000007e-010   0.02042969
5.05000007e-010   0.02036719
5.10000007e-010   0.02035156
5.15000007e-010   0.02032031
5.20000007e-010   0.02025781
5.25000007e-010      0.02025
5.30000007e-010   0.02017188
5.35000007e-010   0.02014844
5.40000007e-010   0.02009375
5.45000007e-010   0.02005469
5.50000007e-010   0.02003906
5.55000007e-010   0.01998438
5.60000007e-010   0.01999219
5.65000008e-010   0.01997656
5.70000008e-010         0.02
5.75000008e-010   0.01998438
5.80000008e-010   0.02003125
5.85000008e-010   0.02007813
5.90000008e-010   0.02013281
5.95000008e-010    0.0201875
6.00000008e-010   0.02026563
6.05000008e-010   0.02032031
6.10000008e-010   0.02036719
6.15000008e-010    0.0204375
6.20000008e-010   0.02046094
6.25000008e-010   0.02046094
6.30000008e-010   0.02046094
6.35000008e-010   0.02047656
6.40000009e-010   0.02039844
6.45000009e-010    0.0203125
6.50000009e-010   0.02021875
6.55000009e-010   0.02013281
6.60000009e-010   0.01996094
6.65000009e-010   0.01982031
6.70000009e-010   0.01966406
6.75000009e-010   0.01952344
6.80000009e-010   0.01935938
6.85000009e-010   0.01917188
6.90000009e-010   0.01899219
6.95000009e-010   0.01884375
7.00000009e-010   0.01864844
7.05000009e-010   0.01850781
7.10000009e-010   0.01835938
7.1500001e-010   0.01820313
7.2000001e-010   0.01802344
7.2500001e-010   0.01786719
7.3000001e-010   0.01769531
7.3500001e-010   0.01757031
7.4000001e-010   0.01741406
7.4500001e-010   0.01720313
7.5000001e-010   0.01703125
7.5500001e-010   0.01686719
7.6000001e-010   0.01671875
7.6500001e-010   0.01654688
7.7000001e-010   0.01642969
7.7500001e-010   0.01628125
7.8000001e-010   0.01616406
7.8500001e-010   0.01605469
7.90000011e-010   0.01599219
7.95000011e-010   0.01592969
8.00000011e-010   0.01594531
8.05000011e-010   0.01594531
8.10000011e-010   0.01600781
8.15000011e-010   0.01607813
8.20000011e-010    0.0161875
8.25000011e-010   0.01635938
8.30000011e-010   0.01653906
8.35000011e-010   0.01672656
8.40000011e-010    0.0169375
8.45000011e-010   0.01717969
8.50000011e-010   0.01744531
8.55000011e-010   0.01764844
8.60000011e-010   0.01789844
8.65000012e-010     0.018125
8.70000012e-010   0.01833594
8.75000012e-010       0.0185
8.80000012e-010   0.01869531
8.85000012e-010   0.01884375
8.90000012e-010   0.01896875
8.95000012e-010   0.01907031
9.00000012e-010   0.01917188
9.05000012e-010   0.01924219
9.10000012e-010   0.01932813
9.15000012e-010   0.01939063
9.20000012e-010   0.01944531
9.25000012e-010   0.01953125
9.30000012e-010   0.01960938
9.35000012e-010   0.01969531
9.40000013e-010   0.01978125
9.45000013e-010     0.019875
9.50000013e-010   0.01999219
9.55000013e-010   0.02008594
9.60000013e-010   0.02017969
9.65000013e-010   0.02025781
9.70000013e-010   0.02035938
9.75000013e-010   0.02042969
9.80000013e-010   0.02046094
9.85000013e-010   0.02052344
9.90000013e-010   0.02054688
9.95000013e-010   0.02054688
1.00000001e-009   0.02051563
1.00500001e-009       0.0205
1.01000001e-009   0.02042188
1.01500001e-009   0.02038281
1.02000001e-009   0.02032031
1.02500001e-009   0.02028906
1.03000001e-009   0.02021094
1.03500001e-009    0.0201875
1.04000001e-009   0.02014063
1.04500001e-009     0.020125
1.05000001e-009   0.02013281
1.05500001e-009   0.02017969
1.06000001e-009   0.02019531
1.06500001e-009   0.02021094
1.07000001e-009   0.02029688
1.07500001e-009   0.02038281
1.08000001e-009   0.02046094
1.08500001e-009   0.02055469
1.09000001e-009   0.02067969
1.09500001e-009   0.02078906
1.10000001e-009   0.02092969
1.10500001e-009   0.02105469
1.11000001e-009   0.02122656
1.11500001e-009   0.02139844
1.12000001e-009   0.02155469
1.12500002e-009   0.02173438
1.13000002e-009   0.02194531
1.13500002e-009   0.02210156
1.14000002e-009   0.02232031
1.14500002e-009   0.02252344
1.15000002e-009   0.02270313
1.15500002e-009   0.02289844
1.16000002e-009   0.02308594
1.16500002e-009   0.02325781
1.17000002e-009   0.02339844
1.17500002e-009   0.02353125
1.18000002e-009   0.02364844
1.18500002e-009   0.02379688
1.19000002e-009   0.02389844
1.19500002e-009   0.02397656
1.20000002e-009   0.02407031
1.20500002e-009     0.024125
1.21000002e-009    0.0241875
1.21500002e-009   0.02428125
1.22000002e-009   0.02435938
1.22500002e-009   0.02442969
1.23000002e-009   0.02453906
1.23500002e-009   0.02463281
1.24000002e-009   0.02475781
1.24500002e-009   0.02491406
1.25000002e-009   0.02504688
