-2.49000003e-009 -0.009078126
-2.48000003e-009 -0.009125001
-2.47000003e-009 -0.009164063
-2.46000003e-009 -0.009125001
-2.45000003e-009 -0.009093751
-2.44000003e-009 -0.009046876
-2.43000003e-009 -0.008976563
-2.42000003e-009 -0.008906251
-2.41000003e-009 -0.008812501
-2.40000003e-009 -0.008718751
-2.39000003e-009 -0.008578126
-2.38000003e-009 -0.008460938
-2.37000003e-009 -0.008335938
-2.36000003e-009 -0.008218751
-2.35000003e-009 -0.008093751
-2.34000003e-009 -0.008015626
-2.33000003e-009 -0.008000001
-2.32000003e-009 -0.007968751
-2.31000003e-009 -0.007953126
-2.30000003e-009 -0.007945313
-2.29000003e-009 -0.007890626
-2.28000003e-009 -0.007812501
-2.27000003e-009 -0.007679688
-2.26000003e-009 -0.007523438
-2.25000003e-009 -0.007406251
-2.24000003e-009 -0.007265626
-2.23000003e-009 -0.007148438
-2.22000003e-009 -0.007101563
-2.21000003e-009 -0.007000001
-2.20000003e-009 -0.006929688
-2.19000003e-009 -0.006843751
-2.18000003e-009 -0.006718751
-2.17000003e-009 -0.006585938
-2.16000003e-009 -0.006398438
-2.15000003e-009 -0.006242188
-2.14000003e-009 -0.006039063
-2.13000003e-009 -0.005914063
-2.12000003e-009 -0.005851563
-2.11000003e-009 -0.005765626
-2.10000003e-009 -0.005750001
-2.09000003e-009 -0.005695313
-2.08000003e-009 -0.005632813
-2.07000003e-009 -0.005578126
-2.06000003e-009 -0.005468751
-2.05000003e-009 -0.005351563
-2.04000003e-009 -0.005265626
-2.03000003e-009 -0.005132813
-2.02000003e-009 -0.005039063
-2.01000003e-009 -0.004945313
-2.00000003e-009 -0.004851563
-1.99000003e-009 -0.004765626
-1.98000003e-009 -0.004664063
-1.97000003e-009 -0.004593751
-1.96000003e-009 -0.004468751
-1.95000003e-009 -0.004343751
-1.94000003e-009 -0.004210938
-1.93000003e-009 -0.004070313
-1.92000003e-009 -0.003984376
-1.91000003e-009 -0.003875001
-1.90000003e-009 -0.003820313
-1.89000003e-009 -0.003789063
-1.88000003e-009 -0.003781251
-1.87000002e-009 -0.003820313
-1.86000002e-009 -0.003820313
-1.85000002e-009 -0.003789063
-1.84000002e-009 -0.003726563
-1.83000002e-009 -0.003632813
-1.82000002e-009 -0.003484376
-1.81000002e-009 -0.003320313
-1.80000002e-009    -0.003125
-1.79000002e-009 -0.002976563
-1.78000002e-009  -0.00284375
-1.77000002e-009 -0.002757813
-1.76000002e-009   -0.0026875
-1.75000002e-009 -0.002640625
-1.74000002e-009 -0.002632813
-1.73000002e-009  -0.00259375
-1.72000002e-009 -0.002578125
-1.71000002e-009 -0.002578125
-1.70000002e-009 -0.002585938
-1.69000002e-009    -0.002625
-1.68000002e-009 -0.002648438
-1.67000002e-009 -0.002734375
-1.66000002e-009 -0.002796875
-1.65000002e-009    -0.002875
-1.64000002e-009 -0.002882813
-1.63000002e-009 -0.002921875
-1.62000002e-009 -0.002914063
-1.61000002e-009   -0.0028125
-1.60000002e-009  -0.00271875
-1.59000002e-009 -0.002570313
-1.58000002e-009 -0.002453125
-1.57000002e-009 -0.002296875
-1.56000002e-009   -0.0021875
-1.55000002e-009 -0.002101563
-1.54000002e-009   -0.0020625
-1.53000002e-009 -0.002046875
-1.52000002e-009  -0.00203125
-1.51000002e-009  -0.00203125
-1.50000002e-009 -0.002039063
-1.49000002e-009  -0.00203125
-1.48000002e-009 -0.002039063
-1.47000002e-009 -0.002039063
-1.46000002e-009 -0.002039063
-1.45000002e-009 -0.002054688
-1.44000002e-009 -0.002007813
-1.43000002e-009 -0.001929688
-1.42000002e-009 -0.001898438
-1.41000002e-009 -0.001820313
-1.40000002e-009 -0.001757813
-1.39000002e-009   -0.0016875
-1.38000002e-009 -0.001679688
-1.37000002e-009 -0.001648438
-1.36000002e-009    -0.001625
-1.35000002e-009 -0.001648438
-1.34000002e-009 -0.001664063
-1.33000002e-009 -0.001695313
-1.32000002e-009 -0.001726563
-1.31000002e-009 -0.001757813
-1.30000002e-009 -0.001804688
-1.29000002e-009  -0.00178125
-1.28000002e-009 -0.001765625
-1.27000002e-009 -0.001710938
-1.26000002e-009 -0.001640625
-1.25000002e-009 -0.001601563
-1.24000002e-009 -0.001578125
-1.23000002e-009 -0.001585938
-1.22000002e-009  -0.00159375
-1.21000002e-009 -0.001640625
-1.20000002e-009  -0.00171875
-1.19000002e-009 -0.001789063
-1.18000002e-009 -0.001859375
-1.17000002e-009  -0.00190625
-1.16000002e-009 -0.001890625
-1.15000002e-009 -0.001882813
-1.14000002e-009 -0.001804688
-1.13000002e-009 -0.001703125
-1.12000001e-009  -0.00165625
-1.11000001e-009 -0.001617188
-1.10000001e-009 -0.001671875
-1.09000001e-009 -0.001796875
-1.08000001e-009 -0.001960938
-1.07000001e-009   -0.0021875
-1.06000001e-009 -0.002398438
-1.05000001e-009 -0.002609375
-1.04000001e-009 -0.002742188
-1.03000001e-009 -0.002789063
-1.02000001e-009 -0.002804688
-1.01000001e-009 -0.002789063
-1.00000001e-009 -0.002796875
-9.90000013e-010 -0.002828125
-9.80000013e-010 -0.002929688
-9.70000013e-010   -0.0030625
-9.60000013e-010 -0.003257813
-9.50000013e-010 -0.003359376
-9.40000013e-010 -0.003453126
-9.30000012e-010 -0.003500001
-9.20000012e-010 -0.003492188
-9.10000012e-010 -0.003476563
-9.00000012e-010 -0.003421876
-8.90000012e-010 -0.003445313
-8.80000012e-010 -0.003523438
-8.70000012e-010 -0.003671876
-8.60000011e-010 -0.003882813
-8.50000011e-010 -0.004164063
-8.40000011e-010 -0.004476563
-8.30000011e-010 -0.004773438
-8.20000011e-010 -0.005031251
-8.10000011e-010 -0.005312501
-8.00000011e-010 -0.005570313
-7.90000011e-010 -0.005960938
-7.8000001e-010 -0.006468751
-7.7000001e-010 -0.006976563
-7.6000001e-010 -0.007625001
-7.5000001e-010 -0.008351563
-7.4000001e-010 -0.009328126
-7.3000001e-010  -0.01038281
-7.2000001e-010  -0.01155469
-7.10000009e-010  -0.01297656
-7.00000009e-010    -0.014625
-6.90000009e-010  -0.01675781
-6.80000009e-010     -0.01925
-6.70000009e-010  -0.02219531
-6.60000009e-010  -0.02560156
-6.50000009e-010  -0.02949219
-6.40000009e-010  -0.03392188
-6.30000008e-010  -0.03891406
-6.20000008e-010  -0.04442188
-6.10000008e-010  -0.05049219
-6.00000008e-010  -0.05714063
-5.90000008e-010  -0.06435938
-5.80000008e-010  -0.07208594
-5.70000008e-010  -0.08017969
-5.60000007e-010      -0.0885
-5.50000007e-010  -0.09690625
-5.40000007e-010   -0.1051875
-5.30000007e-010   -0.1132891
-5.20000007e-010   -0.1210703
-5.10000007e-010   -0.1284063
-5.00000007e-010   -0.1352422
-4.90000007e-010   -0.1415234
-4.80000006e-010   -0.1472266
-4.70000006e-010   -0.1523438
-4.60000006e-010   -0.1566484
-4.50000006e-010   -0.1601953
-4.40000006e-010   -0.1627656
-4.30000006e-010   -0.1645625
-4.20000006e-010   -0.1656094
-4.10000005e-010   -0.1659141
-4.00000005e-010   -0.1656016
-3.90000005e-010   -0.1647578
-3.80000005e-010   -0.1636094
-3.70000005e-010   -0.1623047
-3.60000005e-010   -0.1607969
-3.50000005e-010     -0.15925
-3.40000005e-010   -0.1575469
-3.30000004e-010   -0.1557891
-3.20000004e-010   -0.1540547
-3.10000004e-010   -0.1521641
-3.00000004e-010   -0.1502109
-2.90000004e-010   -0.1480234
-2.80000004e-010   -0.1457109
-2.70000004e-010   -0.1433359
-2.60000003e-010   -0.1407109
-2.50000003e-010   -0.1379375
-2.40000003e-010   -0.1348359
-2.30000003e-010    -0.131375
-2.20000003e-010   -0.1276016
-2.10000003e-010   -0.1233359
-2.00000003e-010   -0.1185391
-1.90000003e-010   -0.1131406
-1.80000002e-010   -0.1071484
-1.70000002e-010   -0.1006328
-1.60000002e-010  -0.09364063
-1.50000002e-010  -0.08632032
-1.40000002e-010  -0.07864063
-1.30000002e-010  -0.07074219
-1.20000002e-010  -0.06266407
-1.10000001e-010  -0.05457813
-1.00000001e-010  -0.04650782
-9.00000012e-011  -0.03851563
-8.00000011e-011  -0.03069531
-7.00000009e-011  -0.02313281
-6.00000008e-011  -0.01605469
-5.00000007e-011 -0.009429688
-4.00000005e-011 -0.003492188
-3.00000004e-011  0.001804687
-2.00000003e-011       0.0065
-1.00000001e-011   0.01045313
           0      0.01375
1.00000001e-011   0.01641406
2.00000003e-011   0.01854688
3.00000004e-011   0.02016406
4.00000005e-011   0.02129688
5.00000007e-011   0.02195313
6.00000008e-011   0.02213281
7.00000009e-011   0.02197656
8.00000011e-011   0.02155469
9.00000012e-011   0.02086719
1.00000001e-010   0.02008594
1.10000001e-010   0.01916406
1.20000002e-010   0.01828125
1.30000002e-010   0.01748438
1.40000002e-010   0.01677344
1.50000002e-010   0.01626563
1.60000002e-010   0.01596094
1.70000002e-010   0.01589063
1.80000002e-010     0.016125
1.90000003e-010   0.01663281
2.00000003e-010   0.01736719
2.10000003e-010     0.018375
2.20000003e-010   0.01957031
2.30000003e-010   0.02092188
2.40000003e-010    0.0223125
2.50000003e-010   0.02369531
2.60000003e-010    0.0250625
2.70000004e-010   0.02632813
2.80000004e-010   0.02742969
2.90000004e-010   0.02839063
3.00000004e-010   0.02907813
3.10000004e-010   0.02953125
3.20000004e-010   0.02965625
3.30000004e-010    0.0295625
3.40000005e-010   0.02921875
3.50000005e-010   0.02863281
3.60000005e-010   0.02792188
3.70000005e-010   0.02713281
3.80000005e-010   0.02635938
3.90000005e-010   0.02558594
4.00000005e-010     0.024875
4.10000005e-010   0.02421094
4.20000006e-010   0.02354688
4.30000006e-010   0.02295313
4.40000006e-010   0.02239063
4.50000006e-010   0.02189063
4.60000006e-010   0.02142969
4.70000006e-010   0.02099219
4.80000006e-010   0.02064844
4.90000007e-010   0.02034375
5.00000007e-010   0.02009375
5.10000007e-010   0.01991406
5.20000007e-010    0.0198125
5.30000007e-010      0.01975
5.40000007e-010   0.01971094
5.50000007e-010   0.01975781
5.60000007e-010   0.01984375
5.70000008e-010   0.01996094
5.80000008e-010   0.02007813
5.90000008e-010   0.02021094
6.00000008e-010   0.02034375
6.10000008e-010   0.02032813
6.20000008e-010   0.02035156
6.30000008e-010    0.0203125
6.40000009e-010   0.02023438
6.50000009e-010   0.02017969
6.60000009e-010   0.02007813
6.70000009e-010   0.01992969
6.80000009e-010   0.01973438
6.90000009e-010    0.0194375
7.00000009e-010   0.01904688
7.10000009e-010   0.01858594
7.2000001e-010   0.01809375
7.3000001e-010   0.01753125
7.4000001e-010   0.01707813
7.5000001e-010   0.01664063
7.6000001e-010   0.01639063
7.7000001e-010   0.01627344
7.8000001e-010   0.01621094
7.90000011e-010   0.01625781
8.00000011e-010   0.01635156
8.10000011e-010   0.01652344
8.20000011e-010   0.01669531
8.30000011e-010   0.01685938
8.40000011e-010   0.01709375
8.50000011e-010   0.01738281
8.60000011e-010   0.01771875
8.70000012e-010   0.01807031
8.80000012e-010   0.01844531
8.90000012e-010   0.01878125
9.00000012e-010   0.01908594
9.10000012e-010   0.01930469
9.20000012e-010   0.01948438
9.30000012e-010   0.01963281
9.40000013e-010   0.01980469
9.50000013e-010   0.01996094
9.60000013e-010   0.02017188
9.70000013e-010   0.02039063
9.80000013e-010   0.02060156
9.90000013e-010   0.02074219
1.00000001e-009   0.02079688
1.01000001e-009   0.02082031
1.02000001e-009   0.02074219
1.03000001e-009   0.02065625
1.04000001e-009   0.02060156
1.05000001e-009     0.020625
1.06000001e-009   0.02067969
1.07000001e-009   0.02079688
1.08000001e-009   0.02090625
1.09000001e-009   0.02107031
1.10000001e-009    0.0211875
1.11000001e-009   0.02129688
1.12000001e-009   0.02136719
1.13000002e-009   0.02142969
1.14000002e-009   0.02163281
1.15000002e-009     0.021875
1.16000002e-009   0.02226563
1.17000002e-009   0.02273438
1.18000002e-009   0.02332031
1.19000002e-009   0.02391406
1.20000002e-009   0.02446094
1.21000002e-009   0.02490625
1.22000002e-009      0.02525
1.23000002e-009   0.02542969
1.24000002e-009   0.02544531
1.25000002e-009   0.02540625
1.26000002e-009   0.02527344
1.27000002e-009   0.02511719
1.28000002e-009   0.02495313
1.29000002e-009   0.02482813
1.30000002e-009   0.02471094
1.31000002e-009   0.02467188
1.32000002e-009   0.02461719
1.33000002e-009   0.02457031
1.34000002e-009   0.02453906
1.35000002e-009    0.0244375
1.36000002e-009    0.0243125
1.37000002e-009   0.02416406
1.38000002e-009   0.02400781
1.39000002e-009   0.02385156
1.40000002e-009   0.02371094
1.41000002e-009   0.02358594
1.42000002e-009   0.02353125
1.43000002e-009   0.02353125
1.44000002e-009    0.0235625
1.45000002e-009   0.02359375
1.46000002e-009   0.02358594
1.47000002e-009   0.02357813
1.48000002e-009   0.02346875
1.49000002e-009      0.02325
1.50000002e-009   0.02292969
1.51000002e-009    0.0225625
1.52000002e-009    0.0221875
1.53000002e-009   0.02176563
1.54000002e-009   0.02142188
1.55000002e-009   0.02117969
1.56000002e-009   0.02095313
1.57000002e-009   0.02074219
1.58000002e-009   0.02059375
1.59000002e-009     0.020375
1.60000002e-009   0.02010938
1.61000002e-009   0.01977344
1.62000002e-009   0.01942969
1.63000002e-009   0.01910156
1.64000002e-009   0.01875781
1.65000002e-009   0.01849219
1.66000002e-009      0.01825
1.67000002e-009   0.01801563
1.68000002e-009   0.01778906
1.69000002e-009   0.01759375
1.70000002e-009     0.017375
1.71000002e-009   0.01717969
1.72000002e-009   0.01702344
1.73000002e-009    0.0169375
1.74000002e-009   0.01688281
1.75000002e-009   0.01689063
1.76000002e-009   0.01699219
1.77000002e-009   0.01707813
1.78000002e-009    0.0171875
1.79000002e-009   0.01728906
1.80000002e-009   0.01739844
1.81000002e-009   0.01742969
1.82000002e-009   0.01746094
1.83000002e-009   0.01746875
1.84000002e-009   0.01751563
1.85000002e-009   0.01748438
1.86000002e-009   0.01748438
1.87000002e-009   0.01742188
1.88000003e-009   0.01734375
1.89000003e-009   0.01719531
1.90000003e-009   0.01709375
1.91000003e-009   0.01701563
1.92000003e-009   0.01689063
1.93000003e-009   0.01683594
1.94000003e-009   0.01685156
1.95000003e-009   0.01685156
1.96000003e-009   0.01692969
1.97000003e-009   0.01700781
1.98000003e-009   0.01709375
1.99000003e-009   0.01717969
2.00000003e-009   0.01728906
2.01000003e-009   0.01742188
2.02000003e-009   0.01757031
2.03000003e-009   0.01772656
2.04000003e-009   0.01786719
2.05000003e-009   0.01801563
2.06000003e-009   0.01808594
2.07000003e-009     0.018125
2.08000003e-009     0.018125
2.09000003e-009   0.01813281
2.10000003e-009   0.01814063
2.11000003e-009   0.01814063
2.12000003e-009   0.01819531
2.13000003e-009   0.01830469
2.14000003e-009   0.01844531
2.15000003e-009   0.01859375
2.16000003e-009   0.01874219
2.17000003e-009   0.01885938
2.18000003e-009   0.01899219
2.19000003e-009   0.01907031
2.20000003e-009   0.01908594
2.21000003e-009   0.01909375
2.22000003e-009   0.01902344
2.23000003e-009   0.01895313
2.24000003e-009   0.01882813
2.25000003e-009   0.01870313
2.26000003e-009   0.01855469
2.27000003e-009   0.01846094
2.28000003e-009   0.01838281
2.29000003e-009   0.01834375
2.30000003e-009   0.01832813
2.31000003e-009     0.018375
2.32000003e-009     0.018375
2.33000003e-009   0.01836719
2.34000003e-009   0.01829688
2.35000003e-009   0.01817969
2.36000003e-009   0.01796094
2.37000003e-009   0.01777344
2.38000003e-009   0.01759375
2.39000003e-009   0.01748438
2.40000003e-009   0.01747656
2.41000003e-009   0.01750781
2.42000003e-009   0.01759375
2.43000003e-009   0.01767969
2.44000003e-009   0.01769531
2.45000003e-009   0.01764844
2.46000003e-009   0.01757031
2.47000003e-009   0.01739063
2.48000003e-009   0.01717188
2.49000003e-009   0.01696094
2.50000003e-009   0.01682813
