-4.98000007e-009 0.0009609372
-4.96000007e-009  0.001054687
-4.94000007e-009  0.001132812
-4.92000007e-009  0.001164062
-4.90000007e-009  0.001046875
-4.88000007e-009 0.0008515622
-4.86000006e-009 0.0007499997
-4.84000006e-009 0.0008124997
-4.82000006e-009 0.0009062497
-4.80000006e-009 0.0008906247
-4.78000006e-009 0.0008281247
-4.76000006e-009 0.0007265622
-4.74000006e-009 0.0006171872
-4.72000006e-009 0.0006249997
-4.70000006e-009 0.0006484372
-4.68000006e-009 0.0007187497
-4.66000006e-009 0.0008203122
-4.64000006e-009 0.0008281247
-4.62000006e-009 0.0007499997
-4.60000006e-009 0.0006015622
-4.58000006e-009 0.0005859372
-4.56000006e-009 0.0006562497
-4.54000006e-009 0.0007578122
-4.52000006e-009 0.0007812497
-4.50000006e-009 0.0007265622
-4.48000006e-009 0.0007031247
-4.46000006e-009 0.0008359372
-4.44000006e-009    0.0010625
-4.42000006e-009  0.001140625
-4.40000006e-009 0.0009609372
-4.38000006e-009 0.0006484372
-4.36000006e-009 0.0004531247
-4.34000006e-009 0.0006484372
-4.32000006e-009 0.0009531247
-4.30000006e-009   0.00115625
-4.28000006e-009  0.001046875
-4.26000006e-009 0.0007968747
-4.24000006e-009 0.0006484372
-4.22000006e-009 0.0007109372
-4.20000006e-009 0.0008593747
-4.18000006e-009 0.0009453122
-4.16000006e-009 0.0009921872
-4.14000006e-009  0.001039062
-4.12000006e-009  0.001046875
-4.10000005e-009  0.001078125
-4.08000005e-009   0.00103125
-4.06000005e-009  0.001015625
-4.04000005e-009 0.0009140622
-4.02000005e-009 0.0008046872
-4.00000005e-009 0.0006562497
-3.98000005e-009 0.0004921872
-3.96000005e-009 0.0003984372
-3.94000005e-009 0.0004531247
-3.92000005e-009 0.0005546872
-3.90000005e-009 0.0007109372
-3.88000005e-009 0.0007265622
-3.86000005e-009 0.0006328122
-3.84000005e-009 0.0004218747
-3.82000005e-009 0.0001874997
-3.80000005e-009 -4.687535e-005
-3.78000005e-009 -0.0002187504
-3.76000005e-009 -0.0003046879
-3.74000005e-009 -0.0003437504
-3.72000005e-009 -0.0004453129
-3.70000005e-009 -0.0006875004
-3.68000005e-009 -0.001023438
-3.66000005e-009 -0.001296875
-3.64000005e-009 -0.001460938
-3.62000005e-009 -0.001640625
-3.60000005e-009 -0.002023438
-3.58000005e-009 -0.002609375
-3.56000005e-009    -0.003125
-3.54000005e-009 -0.003390626
-3.52000005e-009 -0.003351563
-3.50000005e-009 -0.003437501
-3.48000005e-009 -0.003851563
-3.46000005e-009 -0.004453126
-3.44000005e-009 -0.004828126
-3.42000005e-009 -0.004968751
-3.40000005e-009 -0.005046876
-3.38000005e-009 -0.005218751
-3.36000004e-009 -0.005492188
-3.34000004e-009 -0.005835938
-3.32000004e-009 -0.006242188
-3.30000004e-009 -0.006750001
-3.28000004e-009 -0.007210938
-3.26000004e-009 -0.007492188
-3.24000004e-009 -0.007554688
-3.22000004e-009 -0.007562501
-3.20000004e-009 -0.007703126
-3.18000004e-009 -0.008117188
-3.16000004e-009 -0.008562501
-3.14000004e-009 -0.008820313
-3.12000004e-009 -0.008820313
-3.10000004e-009 -0.008632813
-3.08000004e-009 -0.008578126
-3.06000004e-009 -0.008726563
-3.04000004e-009 -0.009148438
-3.02000004e-009 -0.009546876
-3.00000004e-009 -0.009679688
-2.98000004e-009 -0.009562501
-2.96000004e-009 -0.009437501
-2.94000004e-009 -0.009476563
-2.92000004e-009 -0.009640626
-2.90000004e-009 -0.009757813
-2.88000004e-009 -0.009789063
-2.86000004e-009 -0.009757813
-2.84000004e-009 -0.009898438
-2.82000004e-009  -0.01007813
-2.80000004e-009  -0.01014063
-2.78000004e-009 -0.009968751
-2.76000004e-009 -0.009773438
-2.74000004e-009 -0.009750001
-2.72000004e-009 -0.009875001
-2.70000004e-009 -0.009921876
-2.68000004e-009 -0.009781251
-2.66000004e-009 -0.009632813
-2.64000004e-009 -0.009664063
-2.62000003e-009 -0.009757813
-2.60000003e-009 -0.009789063
-2.58000003e-009 -0.009523438
-2.56000003e-009 -0.009203126
-2.54000003e-009 -0.009023438
-2.52000003e-009 -0.009062501
-2.50000003e-009 -0.009125001
-2.48000003e-009 -0.009062501
-2.46000003e-009 -0.008921876
-2.44000003e-009 -0.008804688
-2.42000003e-009 -0.008820313
-2.40000003e-009 -0.008835938
-2.38000003e-009 -0.008789063
-2.36000003e-009 -0.008632813
-2.34000003e-009 -0.008453126
-2.32000003e-009 -0.008312501
-2.30000003e-009 -0.008148438
-2.28000003e-009 -0.007843751
-2.26000003e-009 -0.007414063
-2.24000003e-009 -0.006992188
-2.22000003e-009 -0.006648438
-2.20000003e-009 -0.006546876
-2.18000003e-009 -0.006585938
-2.16000003e-009 -0.006625001
-2.14000003e-009 -0.006531251
-2.12000003e-009 -0.006195313
-2.10000003e-009 -0.005796876
-2.08000003e-009 -0.005476563
-2.06000003e-009 -0.005304688
-2.04000003e-009 -0.005312501
-2.02000003e-009 -0.005382813
-2.00000003e-009 -0.005351563
-1.98000003e-009 -0.005234376
-1.96000003e-009 -0.004976563
-1.94000003e-009 -0.004687501
-1.92000003e-009 -0.004390626
-1.90000003e-009 -0.004070313
-1.88000003e-009 -0.003835938
-1.86000002e-009 -0.003617188
-1.84000002e-009 -0.003523438
-1.82000002e-009 -0.003539063
-1.80000002e-009 -0.003585938
-1.78000002e-009 -0.003492188
-1.76000002e-009 -0.003312501
-1.74000002e-009 -0.003039063
-1.72000002e-009 -0.002820313
-1.70000002e-009  -0.00271875
-1.68000002e-009 -0.002734375
-1.66000002e-009 -0.002703125
-1.64000002e-009 -0.002710938
-1.62000002e-009   -0.0026875
-1.60000002e-009 -0.002640625
-1.58000002e-009 -0.002492188
-1.56000002e-009 -0.002289063
-1.54000002e-009 -0.001976563
-1.52000002e-009 -0.001882813
-1.50000002e-009 -0.001898438
-1.48000002e-009 -0.001984375
-1.46000002e-009       -0.002
-1.44000002e-009 -0.001914063
-1.42000002e-009 -0.001851563
-1.40000002e-009 -0.001789063
-1.38000002e-009 -0.001804688
-1.36000002e-009   -0.0018125
-1.34000002e-009 -0.001804688
-1.32000002e-009 -0.001742188
-1.30000002e-009   -0.0018125
-1.28000002e-009  -0.00196875
-1.26000002e-009 -0.002101563
-1.24000002e-009 -0.002140625
-1.22000002e-009 -0.002117188
-1.20000002e-009    -0.002125
-1.18000002e-009  -0.00215625
-1.16000002e-009 -0.002203125
-1.14000002e-009 -0.002195313
-1.12000001e-009 -0.002148438
-1.10000001e-009 -0.002054688
-1.08000001e-009 -0.002164063
-1.06000001e-009 -0.002296875
-1.04000001e-009 -0.002398438
-1.02000001e-009   -0.0024375
-1.00000001e-009  -0.00240625
-9.80000013e-010 -0.002429688
-9.60000013e-010 -0.002585938
-9.40000013e-010  -0.00290625
-9.20000012e-010 -0.003257813
-9.00000012e-010 -0.003476563
-8.80000012e-010 -0.003570313
-8.60000011e-010 -0.003671876
-8.40000011e-010 -0.003929688
-8.20000011e-010 -0.004414063
-8.00000011e-010 -0.005039063
-7.8000001e-010 -0.005992188
-7.6000001e-010 -0.006992188
-7.4000001e-010 -0.008234376
-7.2000001e-010 -0.009875001
-7.00000009e-010  -0.01207031
-6.80000009e-010  -0.01572656
-6.60000009e-010  -0.02089844
-6.40000009e-010  -0.02795313
-6.20000008e-010  -0.03733594
-6.00000008e-010  -0.04857032
-5.80000008e-010  -0.06173438
-5.60000007e-010  -0.07660938
-5.40000007e-010  -0.09276563
-5.20000007e-010   -0.1095156
-5.00000007e-010   -0.1255938
-4.80000006e-010   -0.1394063
-4.60000006e-010   -0.1504453
-4.40000006e-010   -0.1582266
-4.20000006e-010   -0.1629922
-4.00000005e-010   -0.1653359
-3.80000005e-010   -0.1650703
-3.60000005e-010   -0.1635391
-3.40000005e-010   -0.1606875
-3.20000004e-010   -0.1570078
-3.00000004e-010   -0.1530781
-2.80000004e-010   -0.1484063
-2.60000003e-010     -0.14375
-2.40000003e-010   -0.1385156
-2.20000003e-010   -0.1321563
-2.00000003e-010   -0.1245078
-1.80000002e-010   -0.1146797
-1.60000002e-010   -0.1027891
-1.40000002e-010  -0.08895313
-1.20000002e-010  -0.07359375
-1.00000001e-010  -0.05757813
-8.00000011e-011    -0.041625
-6.00000008e-011  -0.02617188
-4.00000005e-011  -0.01210938
-2.00000003e-011 -7.812535e-005
           0  0.009320313
2.00000003e-011    0.0154375
4.00000005e-011   0.01926563
6.00000008e-011   0.02109375
8.00000011e-011   0.02158594
1.00000001e-010   0.02109375
1.20000002e-010     0.019625
1.40000002e-010   0.01801563
1.60000002e-010   0.01664063
1.80000002e-010   0.01627344
2.00000003e-010   0.01703906
2.20000003e-010   0.01870313
2.40000003e-010    0.0209375
2.60000003e-010   0.02339844
2.80000004e-010   0.02583594
3.00000004e-010   0.02790625
3.20000004e-010   0.02921094
3.40000005e-010     0.029625
3.60000005e-010   0.02907813
3.80000005e-010   0.02783594
4.00000005e-010   0.02626563
4.20000006e-010   0.02460938
4.40000006e-010   0.02314844
4.60000006e-010    0.0219375
4.80000006e-010   0.02108594
5.00000007e-010   0.02054688
5.20000007e-010   0.02022656
5.40000007e-010   0.02007031
5.60000007e-010   0.01994531
5.80000008e-010   0.01985938
6.00000008e-010   0.01994531
6.20000008e-010   0.02021094
6.40000009e-010   0.02049219
6.60000009e-010   0.02057813
6.80000009e-010   0.02039844
7.00000009e-010   0.01995313
7.2000001e-010   0.01929688
7.4000001e-010   0.01845313
7.6000001e-010   0.01747656
7.8000001e-010   0.01657031
8.00000011e-010   0.01604688
8.20000011e-010   0.01607031
8.40000011e-010   0.01641406
8.60000011e-010     0.016875
8.80000012e-010   0.01742188
9.00000012e-010   0.01805469
9.20000012e-010   0.01883594
9.40000013e-010   0.01961719
9.60000013e-010   0.02013281
9.80000013e-010   0.02032031
1.00000001e-009   0.02028906
1.02000001e-009   0.02026563
1.04000001e-009    0.0203125
1.06000001e-009   0.02042969
1.08000001e-009   0.02060156
1.10000001e-009   0.02075781
1.12000001e-009   0.02094531
1.14000002e-009    0.0213125
1.16000002e-009    0.0219375
1.18000002e-009   0.02275781
1.20000002e-009     0.023625
1.22000002e-009   0.02442188
1.24000002e-009   0.02497656
1.26000002e-009   0.02529688
1.28000002e-009   0.02535938
1.30000002e-009   0.02516406
1.32000002e-009   0.02496094
1.34000002e-009   0.02471875
1.36000002e-009   0.02439844
1.38000002e-009   0.02409375
1.40000002e-009   0.02386719
1.42000002e-009   0.02378125
1.44000002e-009   0.02385156
1.46000002e-009   0.02384375
1.48000002e-009     0.023625
1.50000002e-009   0.02323438
1.52000002e-009   0.02275781
1.54000002e-009   0.02221875
1.56000002e-009   0.02157031
1.58000002e-009   0.02082813
1.60000002e-009   0.02008594
1.62000002e-009   0.01953125
1.64000002e-009   0.01905469
1.66000002e-009     0.018625
1.68000002e-009   0.01819531
1.70000002e-009   0.01785938
1.72000002e-009   0.01760938
1.74000002e-009   0.01730469
1.76000002e-009   0.01684375
1.78000002e-009   0.01646094
1.80000002e-009   0.01642969
1.82000002e-009   0.01675781
1.84000002e-009   0.01716406
1.86000002e-009   0.01728906
1.88000003e-009   0.01715625
1.90000003e-009   0.01689844
1.92000003e-009   0.01686719
1.94000003e-009   0.01702344
1.96000003e-009   0.01728906
1.98000003e-009   0.01754688
2.00000003e-009   0.01764844
2.02000003e-009   0.01761719
2.04000003e-009       0.0175
2.06000003e-009   0.01746875
2.08000003e-009   0.01765625
2.10000003e-009   0.01815625
2.12000003e-009   0.01867188
2.14000003e-009   0.01895313
2.16000003e-009   0.01884375
2.18000003e-009   0.01858594
2.20000003e-009   0.01850781
2.22000003e-009   0.01865625
2.24000003e-009   0.01882813
2.26000003e-009     0.018875
2.28000003e-009   0.01878906
2.30000003e-009   0.01876563
2.32000003e-009   0.01880469
2.34000003e-009   0.01873438
2.36000003e-009   0.01846094
2.38000003e-009    0.0180625
2.40000003e-009   0.01777344
2.42000003e-009   0.01765625
2.44000003e-009   0.01748438
2.46000003e-009   0.01723438
2.48000003e-009   0.01694531
2.50000003e-009   0.01685156
2.52000003e-009    0.0169375
2.54000003e-009   0.01691406
2.56000003e-009   0.01660938
2.58000003e-009   0.01610938
2.60000003e-009   0.01584375
2.62000003e-009    0.0159375
2.64000004e-009   0.01624219
2.66000004e-009   0.01632031
2.68000004e-009   0.01605469
2.70000004e-009   0.01566406
2.72000004e-009     0.015375
2.74000004e-009   0.01532813
2.76000004e-009   0.01532813
2.78000004e-009   0.01525781
2.80000004e-009     0.015125
2.82000004e-009   0.01505469
2.84000004e-009   0.01490625
2.86000004e-009   0.01475781
2.88000004e-009   0.01459375
2.90000004e-009   0.01452344
2.92000004e-009    0.0145625
2.94000004e-009   0.01453906
2.96000004e-009   0.01446094
2.98000004e-009   0.01447656
3.00000004e-009   0.01459375
3.02000004e-009     0.014875
3.04000004e-009   0.01507813
3.06000004e-009   0.01503906
3.08000004e-009   0.01483594
3.10000004e-009   0.01458594
3.12000004e-009   0.01441406
3.14000004e-009      0.01425
3.16000004e-009   0.01399219
3.18000004e-009   0.01365625
3.20000004e-009   0.01332813
3.22000004e-009   0.01311719
3.24000004e-009   0.01309375
3.26000004e-009   0.01317188
3.28000004e-009    0.0131875
3.30000004e-009   0.01314063
3.32000004e-009   0.01314063
3.34000004e-009   0.01320313
3.36000004e-009   0.01328906
3.38000005e-009   0.01322656
3.40000005e-009   0.01290625
3.42000005e-009   0.01254688
3.44000005e-009   0.01224219
3.46000005e-009   0.01203906
3.48000005e-009   0.01189844
3.50000005e-009   0.01171875
3.52000005e-009   0.01169531
3.54000005e-009   0.01169531
3.56000005e-009   0.01174219
3.58000005e-009    0.0116875
3.60000005e-009   0.01153906
3.62000005e-009   0.01141406
3.64000005e-009   0.01128906
3.66000005e-009   0.01121875
3.68000005e-009   0.01130469
3.70000005e-009   0.01140625
3.72000005e-009   0.01153906
3.74000005e-009   0.01139063
3.76000005e-009   0.01108594
3.78000005e-009   0.01074219
3.80000005e-009   0.01057031
3.82000005e-009   0.01064844
3.84000005e-009   0.01078125
3.86000005e-009   0.01083594
3.88000005e-009   0.01092188
3.90000005e-009   0.01111719
3.92000005e-009   0.01135156
3.94000005e-009   0.01145313
3.96000005e-009   0.01140625
3.98000005e-009   0.01119531
4.00000005e-009   0.01094531
4.02000005e-009   0.01084375
4.04000005e-009   0.01074219
4.06000005e-009   0.01060156
4.08000005e-009   0.01040625
4.10000005e-009   0.01024219
4.12000006e-009   0.01017969
4.14000006e-009   0.01011719
4.16000006e-009  0.009835938
4.18000006e-009   0.00953125
4.20000006e-009  0.009429688
4.22000006e-009   0.00959375
4.24000006e-009     0.009875
4.26000006e-009  0.009953125
4.28000006e-009  0.009703125
4.30000006e-009  0.009273438
4.32000006e-009  0.008960938
4.34000006e-009   0.00884375
4.36000006e-009  0.008882813
4.38000006e-009  0.008882813
4.40000006e-009  0.008828125
4.42000006e-009  0.008726563
4.44000006e-009   0.00859375
4.46000006e-009  0.008453125
4.48000006e-009  0.008414063
4.50000006e-009  0.008539063
4.52000006e-009  0.008648438
4.54000006e-009   0.00859375
4.56000006e-009     0.008375
4.58000006e-009  0.008171875
4.60000006e-009  0.008171875
4.62000006e-009  0.008335938
4.64000006e-009       0.0085
4.66000006e-009  0.008554688
4.68000006e-009  0.008398438
4.70000006e-009  0.008179688
4.72000006e-009   0.00803125
4.74000006e-009   0.00803125
4.76000006e-009  0.008085938
4.78000006e-009  0.008179688
4.80000006e-009  0.008109375
4.82000006e-009        0.008
4.84000006e-009   0.00790625
4.86000006e-009        0.008
4.88000007e-009   0.00821875
4.90000007e-009  0.008289063
4.92000007e-009  0.008132813
4.94000007e-009  0.007695313
4.96000007e-009  0.007367188
4.98000007e-009  0.007382813
5.00000007e-009  0.007609375
