-2.49000003e-009       -0.015
-2.48000003e-009 -0.003710938
-2.47000003e-009  -0.01339063
-2.46000003e-009 -0.003281251
-2.45000003e-009       -0.013
-2.44000003e-009 -0.004500001
-2.43000003e-009  -0.01333594
-2.42000003e-009 -0.002203125
-2.41000003e-009  -0.01358594
-2.40000003e-009       -0.001
-2.39000003e-009       -0.013
-2.38000003e-009 -0.004117188
-2.37000003e-009       -0.013
-2.36000003e-009 -0.003109375
-2.35000003e-009   -0.0141875
-2.34000003e-009 -0.003023438
-2.33000003e-009  -0.01519531
-2.32000003e-009 -0.003281251
-2.31000003e-009       -0.015
-2.30000003e-009 -0.003515626
-2.29000003e-009  -0.01140625
-2.28000003e-009  -0.00190625
-2.27000003e-009  -0.01216406
-2.26000003e-009 -0.001203125
-2.25000003e-009  -0.01260938
-2.24000003e-009 -0.002679688
-2.23000003e-009       -0.013
-2.22000003e-009       -0.001
-2.21000003e-009  -0.01303906
-2.20000003e-009 -0.001554688
-2.19000003e-009  -0.01219531
-2.18000003e-009 -0.001421875
-2.17000003e-009  -0.01138281
-2.16000003e-009       -0.001
-2.15000003e-009  -0.01127344
-2.14000003e-009       -0.001
-2.13000003e-009       -0.011
-2.12000003e-009       -0.001
-2.11000003e-009  -0.01019531
-2.10000003e-009 -0.0005312504
-2.09000003e-009  -0.01110156
-2.08000003e-009  0.001007812
-2.07000003e-009 -0.009726563
-2.06000003e-009 0.0002968747
-2.05000003e-009  -0.01119531
-2.04000003e-009 -0.0002734379
-2.03000003e-009 -0.009656251
-2.02000003e-009 -0.001078125
-2.01000003e-009 -0.008078126
-2.00000003e-009 0.0006640622
-1.99000003e-009   -0.0100625
-1.98000003e-009 0.0005234372
-1.97000003e-009   -0.0115625
-1.96000003e-009 -0.0004687504
-1.95000003e-009 -0.009406251
-1.94000003e-009 0.0009999997
-1.93000003e-009 -0.009203126
-1.92000003e-009  0.001609375
-1.91000003e-009 -0.009000001
-1.90000003e-009 0.0009999997
-1.89000003e-009 -0.009773438
-1.88000003e-009 0.0004843747
-1.87000002e-009  -0.01121875
-1.86000002e-009 0.0005156247
-1.85000002e-009 -0.009007813
-1.84000002e-009  0.001289062
-1.83000002e-009 -0.009000001
-1.82000002e-009  0.001632812
-1.81000002e-009 -0.009015626
-1.80000002e-009     0.003375
-1.79000002e-009 -0.008187501
-1.78000002e-009  0.001734375
-1.77000002e-009 -0.008320313
-1.76000002e-009  0.002523437
-1.75000002e-009 -0.008132813
-1.74000002e-009        0.003
-1.73000002e-009 -0.007734376
-1.72000002e-009   0.00278125
-1.71000002e-009 -0.006281251
-1.70000002e-009  0.003210937
-1.69000002e-009 -0.007000001
-1.68000002e-009     0.001625
-1.67000002e-009 -0.007218751
-1.66000002e-009  0.001429687
-1.65000002e-009 -0.007179688
-1.64000002e-009  0.002679687
-1.63000002e-009 -0.008109376
-1.62000002e-009  0.003265625
-1.61000002e-009 -0.007000001
-1.60000002e-009  0.003585937
-1.59000002e-009 -0.007046876
-1.58000002e-009      0.00225
-1.57000002e-009 -0.006265626
-1.56000002e-009   0.00296875
-1.55000002e-009 -0.007281251
-1.54000002e-009  0.002359375
-1.53000002e-009 -0.007070313
-1.52000002e-009        0.003
-1.51000002e-009 -0.007054688
-1.50000002e-009        0.003
-1.49000002e-009 -0.007156251
-1.48000002e-009  0.002320312
-1.47000002e-009 -0.007804688
-1.46000002e-009  0.002734375
-1.45000002e-009 -0.007171876
-1.44000002e-009  0.002859375
-1.43000002e-009 -0.007906251
-1.42000002e-009  0.002945312
-1.41000002e-009 -0.006500001
-1.40000002e-009  0.002960937
-1.39000002e-009 -0.007000001
-1.38000002e-009  0.003453125
-1.37000002e-009 -0.007351563
-1.36000002e-009  0.002304687
-1.35000002e-009 -0.007000001
-1.34000002e-009  0.001804687
-1.33000002e-009 -0.006828126
-1.32000002e-009   0.00328125
-1.31000002e-009 -0.009000001
-1.30000002e-009   0.00284375
-1.29000002e-009 -0.006562501
-1.28000002e-009        0.005
-1.27000002e-009 -0.007000001
-1.26000002e-009     0.002875
-1.25000002e-009 -0.007406251
-1.24000002e-009  0.002921875
-1.23000002e-009 -0.007000001
-1.22000002e-009        0.003
-1.21000002e-009 -0.008421876
-1.20000002e-009   0.00359375
-1.19000002e-009 -0.007945313
-1.18000002e-009  0.003546875
-1.17000002e-009 -0.007460938
-1.16000002e-009        0.003
-1.15000002e-009 -0.007718751
-1.14000002e-009  0.002367187
-1.13000002e-009 -0.007835938
-1.12000001e-009        0.003
-1.11000001e-009 -0.006828126
-1.10000001e-009        0.003
-1.09000001e-009 -0.007000001
-1.08000001e-009  0.002117187
-1.07000001e-009 -0.007875001
-1.06000001e-009    0.0030625
-1.05000001e-009 -0.007617188
-1.04000001e-009   0.00184375
-1.03000001e-009 -0.007875001
-1.02000001e-009    0.0029375
-1.01000001e-009 -0.008460938
-1.00000001e-009  0.003554687
-9.90000013e-010 -0.007734376
-9.80000013e-010  0.002203125
-9.70000013e-010 -0.007062501
-9.60000013e-010  0.001171875
-9.50000013e-010 -0.007406251
-9.40000013e-010   0.00140625
-9.30000012e-010 -0.008539063
-9.20000012e-010 0.0009999997
-9.10000012e-010 -0.009718751
-9.00000012e-010 0.0004531247
-8.90000012e-010 -0.009226563
-8.80000012e-010 0.0005156247
-8.70000012e-010 -0.009273438
-8.60000011e-010 0.0009999997
-8.50000011e-010 -0.009453126
-8.40000011e-010       -0.001
-8.30000011e-010       -0.011
-8.20000011e-010       -0.001
-8.10000011e-010  -0.01139063
-8.00000011e-010 -0.001515625
-7.90000011e-010   -0.0135625
-7.8000001e-010 -0.002078125
-7.7000001e-010  -0.01407813
-7.6000001e-010 -0.004875001
-7.5000001e-010   -0.0163125
-7.4000001e-010 -0.007000001
-7.3000001e-010  -0.02001563
-7.2000001e-010  -0.01114844
-7.10000009e-010  -0.02615625
-7.00000009e-010    -0.018125
-6.90000009e-010       -0.033
-6.80000009e-010       -0.025
-6.70000009e-010       -0.043
-6.60000009e-010  -0.03185938
-6.50000009e-010       -0.055
-6.40000009e-010  -0.04129688
-6.30000008e-010   -0.0705625
-6.20000008e-010  -0.05402344
-6.10000008e-010  -0.08582032
-6.00000008e-010  -0.06860157
-5.90000008e-010       -0.103
-5.80000008e-010       -0.085
-5.70000008e-010   -0.1180234
-5.60000007e-010       -0.103
-5.50000007e-010   -0.1317031
-5.40000007e-010   -0.1186719
-5.30000007e-010   -0.1451875
-5.20000007e-010   -0.1337344
-5.10000007e-010       -0.159
-5.00000007e-010   -0.1429766
-4.90000007e-010   -0.1637031
-4.80000006e-010       -0.151
-4.70000006e-010       -0.169
-4.60000006e-010   -0.1578984
-4.50000006e-010   -0.1716875
-4.40000006e-010   -0.1592266
-4.30000006e-010    -0.172125
-4.20000006e-010      -0.1585
-4.10000005e-010       -0.169
-4.00000005e-010   -0.1569141
-3.90000005e-010   -0.1673125
-3.80000005e-010   -0.1521484
-3.70000005e-010   -0.1633047
-3.60000005e-010   -0.1493984
-3.50000005e-010       -0.161
-3.40000005e-010   -0.1469766
-3.30000004e-010   -0.1585391
-3.20000004e-010   -0.1416719
-3.10000004e-010   -0.1535234
-3.00000004e-010   -0.1358125
-2.90000004e-010   -0.1471328
-2.80000004e-010   -0.1305547
-2.70000004e-010   -0.1426406
-2.60000003e-010       -0.123
-2.50000003e-010   -0.1356719
-2.40000003e-010   -0.1141094
-2.30000003e-010   -0.1276406
-2.20000003e-010   -0.1015781
-2.10000003e-010       -0.117
-2.00000003e-010  -0.08660938
-1.90000003e-010    -0.102375
-1.80000002e-010  -0.07125782
-1.70000002e-010  -0.08853125
-1.60000002e-010     -0.05525
-1.50000002e-010    -0.074625
-1.40000002e-010       -0.039
-1.30000002e-010   -0.0591875
-1.20000002e-010  -0.02367188
-1.10000001e-010  -0.04296094
-1.00000001e-010 -0.009226563
-9.00000012e-011  -0.02685938
-8.00000011e-011  0.001648437
-7.00000009e-011  -0.01255469
-6.00000008e-011  0.009828125
-5.00000007e-011       -0.001
-4.00000005e-011        0.017
-3.00000004e-011  0.008210938
-2.00000003e-011   0.02144531
-1.00000001e-011   0.01436719
           0        0.027
1.00000001e-011    0.0159375
2.00000003e-011   0.02610156
3.00000004e-011   0.01517969
4.00000005e-011   0.02625781
5.00000007e-011   0.01505469
6.00000008e-011   0.02871094
7.00000009e-011   0.01526563
8.00000011e-011   0.02782031
9.00000012e-011   0.01336719
1.00000001e-010   0.02458594
1.10000001e-010  0.009453125
1.20000002e-010        0.023
1.30000002e-010  0.009507813
1.40000002e-010   0.02101563
1.50000002e-010   0.01147656
1.60000002e-010   0.02152344
1.70000002e-010     0.011375
1.80000002e-010   0.02409375
1.90000003e-010        0.013
2.00000003e-010        0.027
2.10000003e-010   0.01453906
2.20000003e-010   0.03039844
2.30000003e-010   0.01772656
2.40000003e-010        0.033
2.50000003e-010   0.02175781
2.60000003e-010     0.034875
2.70000004e-010        0.023
2.80000004e-010   0.03467188
2.90000004e-010   0.02348438
3.00000004e-010   0.03399219
3.10000004e-010    0.0234375
3.20000004e-010   0.03442969
3.30000004e-010        0.021
3.40000005e-010        0.033
3.50000005e-010     0.020125
3.60000005e-010   0.03060156
3.70000005e-010   0.01878906
3.80000005e-010   0.02810156
3.90000005e-010   0.01957031
4.00000005e-010   0.02717188
4.10000005e-010   0.01807031
4.20000006e-010   0.02755469
4.30000006e-010   0.01682031
4.40000006e-010        0.027
4.50000006e-010   0.01603906
4.60000006e-010        0.027
4.70000006e-010   0.01471094
4.80000006e-010   0.02635156
4.90000007e-010        0.015
5.00000007e-010   0.02660156
5.10000007e-010      0.01375
5.20000007e-010   0.02667188
5.30000007e-010   0.01310938
5.40000007e-010        0.027
5.50000007e-010   0.01607813
5.60000007e-010        0.027
5.70000008e-010   0.01657813
5.80000008e-010   0.02617188
5.90000008e-010   0.01640625
6.00000008e-010   0.02507031
6.10000008e-010   0.01571875
6.20000008e-010   0.02635938
6.30000008e-010        0.015
6.40000009e-010   0.02678125
6.50000009e-010        0.015
6.60000009e-010   0.02464844
6.70000009e-010   0.01328125
6.80000009e-010     0.024375
6.90000009e-010   0.01259375
7.00000009e-010        0.023
7.10000009e-010   0.01133594
7.2000001e-010        0.023
7.3000001e-010   0.01125781
7.4000001e-010   0.02151563
7.5000001e-010   0.01110156
7.6000001e-010        0.021
7.7000001e-010   0.01097656
7.8000001e-010   0.02103906
7.90000011e-010   0.01230469
8.00000011e-010   0.02158594
8.10000011e-010   0.01263281
8.20000011e-010   0.02096875
8.30000011e-010   0.01209375
8.40000011e-010   0.02178125
8.50000011e-010   0.01299219
8.60000011e-010   0.02313281
8.70000012e-010   0.01334375
8.80000012e-010        0.025
8.90000012e-010   0.01285938
9.00000012e-010    0.0256875
9.10000012e-010        0.015
9.20000012e-010   0.02577344
9.30000012e-010   0.01563281
9.40000013e-010   0.02530469
9.50000013e-010   0.01646875
9.60000013e-010   0.02554688
9.70000013e-010        0.017
9.80000013e-010    0.0258125
9.90000013e-010      0.01575
1.00000001e-009        0.025
1.01000001e-009        0.015
1.02000001e-009   0.02789063
1.03000001e-009        0.015
1.04000001e-009        0.029
1.05000001e-009   0.01474219
1.06000001e-009   0.02501563
1.07000001e-009        0.013
1.08000001e-009   0.02489063
1.09000001e-009   0.01621875
1.10000001e-009   0.02964063
1.11000001e-009   0.01684375
1.12000001e-009     0.030375
1.13000002e-009   0.01589844
1.14000002e-009      0.02925
1.15000002e-009   0.01589063
1.16000002e-009   0.02928906
1.17000002e-009   0.01859375
1.18000002e-009   0.02927344
1.19000002e-009        0.019
1.20000002e-009   0.03029688
1.21000002e-009   0.01989063
1.22000002e-009     0.030125
1.23000002e-009   0.02051563
1.24000002e-009        0.031
1.25000002e-009        0.019
1.26000002e-009     0.029625
1.27000002e-009   0.02030469
1.28000002e-009        0.029
1.29000002e-009   0.01985938
1.30000002e-009   0.02951563
1.31000002e-009        0.019
1.32000002e-009   0.03005469
1.33000002e-009   0.01913281
1.34000002e-009        0.031
1.35000002e-009   0.01850781
1.36000002e-009    0.0285625
1.37000002e-009   0.01890625
1.38000002e-009        0.029
1.39000002e-009    0.0174375
1.40000002e-009   0.02996094
1.41000002e-009   0.01754688
1.42000002e-009        0.029
1.43000002e-009   0.01835938
1.44000002e-009   0.02889844
1.45000002e-009   0.01675781
1.46000002e-009   0.02840625
1.47000002e-009   0.01664063
1.48000002e-009   0.02792969
1.49000002e-009   0.01736719
1.50000002e-009   0.02702344
1.51000002e-009        0.017
1.52000002e-009        0.027
1.53000002e-009   0.01571094
1.54000002e-009   0.02526563
1.55000002e-009   0.01440625
1.56000002e-009        0.027
1.57000002e-009   0.01435938
1.58000002e-009   0.02528125
1.59000002e-009   0.01303125
1.60000002e-009   0.02496875
1.61000002e-009   0.01339844
1.62000002e-009   0.02430469
1.63000002e-009   0.01335938
1.64000002e-009        0.023
1.65000002e-009   0.01124219
1.66000002e-009        0.023
1.67000002e-009        0.011
1.68000002e-009   0.02227344
1.69000002e-009        0.013
1.70000002e-009        0.023
1.71000002e-009   0.01207813
1.72000002e-009      0.02225
1.73000002e-009     0.011875
1.74000002e-009      0.02225
1.75000002e-009       0.0125
1.76000002e-009   0.02129688
1.77000002e-009        0.011
1.78000002e-009   0.02117188
1.79000002e-009   0.01252344
1.80000002e-009   0.02110156
1.81000002e-009        0.011
1.82000002e-009        0.023
1.83000002e-009   0.01108594
1.84000002e-009   0.02328125
1.85000002e-009    0.0125625
1.86000002e-009   0.02170313
1.87000002e-009   0.01167188
1.88000003e-009   0.02227344
1.89000003e-009     0.010625
1.90000003e-009   0.02407031
1.91000003e-009     0.011375
1.92000003e-009        0.023
1.93000003e-009        0.013
1.94000003e-009   0.02251563
1.95000003e-009   0.01333594
1.96000003e-009   0.02328906
1.97000003e-009        0.013
1.98000003e-009   0.02251563
1.99000003e-009   0.01348438
2.00000003e-009   0.02129688
2.01000003e-009   0.01229688
2.02000003e-009   0.02182813
2.03000003e-009   0.01253906
2.04000003e-009    0.0215625
2.05000003e-009   0.01384375
2.06000003e-009   0.02309375
2.07000003e-009   0.01220313
2.08000003e-009   0.02284375
2.09000003e-009   0.01271094
2.10000003e-009        0.023
2.11000003e-009   0.01239844
2.12000003e-009    0.0235625
2.13000003e-009   0.01392188
2.14000003e-009   0.02327344
2.15000003e-009        0.013
2.16000003e-009   0.02319531
2.17000003e-009   0.01157031
2.18000003e-009   0.02313281
2.19000003e-009   0.01084375
2.20000003e-009        0.025
2.21000003e-009        0.013
2.22000003e-009   0.02304688
2.23000003e-009   0.01247656
2.24000003e-009    0.0236875
2.25000003e-009        0.011
2.26000003e-009        0.025
2.27000003e-009   0.01149219
2.28000003e-009   0.02288281
2.29000003e-009    0.0120625
2.30000003e-009   0.02427344
2.31000003e-009   0.01164063
2.32000003e-009   0.02447656
2.33000003e-009   0.01235938
2.34000003e-009   0.02322656
2.35000003e-009    0.0128125
2.36000003e-009   0.02363281
2.37000003e-009   0.01296094
2.38000003e-009   0.02460156
2.39000003e-009   0.01150781
2.40000003e-009   0.02403125
2.41000003e-009   0.01016406
2.42000003e-009   0.02160156
2.43000003e-009   0.01094531
2.44000003e-009   0.02452344
2.45000003e-009   0.01226563
2.46000003e-009    0.0244375
2.47000003e-009   0.01267969
2.48000003e-009   0.02171094
2.49000003e-009   0.01145313
2.50000003e-009        0.021
