-2.49000003e-009 -0.008914063
-2.48000003e-009 -0.008796876
-2.47000003e-009 -0.008710938
-2.46000003e-009 -0.008703126
-2.45000003e-009 -0.008648438
-2.44000003e-009 -0.008640626
-2.43000003e-009 -0.008625001
-2.42000003e-009 -0.008554688
-2.41000003e-009 -0.008515626
-2.40000003e-009 -0.008460938
-2.39000003e-009 -0.008343751
-2.38000003e-009 -0.008281251
-2.37000003e-009 -0.008210938
-2.36000003e-009 -0.008132813
-2.35000003e-009 -0.008085938
-2.34000003e-009 -0.008054688
-2.33000003e-009 -0.008031251
-2.32000003e-009 -0.008015626
-2.31000003e-009 -0.007953126
-2.30000003e-009 -0.007882813
-2.29000003e-009 -0.007789063
-2.28000003e-009 -0.007718751
-2.27000003e-009 -0.007617188
-2.26000003e-009 -0.007492188
-2.25000003e-009 -0.007367188
-2.24000003e-009 -0.007273438
-2.23000003e-009 -0.007171876
-2.22000003e-009 -0.007054688
-2.21000003e-009 -0.006914063
-2.20000003e-009 -0.006820313
-2.19000003e-009 -0.006703126
-2.18000003e-009 -0.006523438
-2.17000003e-009 -0.006390626
-2.16000003e-009 -0.006234376
-2.15000003e-009 -0.006125001
-2.14000003e-009 -0.006007813
-2.13000003e-009 -0.005953126
-2.12000003e-009 -0.005929688
-2.11000003e-009 -0.005906251
-2.10000003e-009 -0.005867188
-2.09000003e-009 -0.005812501
-2.08000003e-009 -0.005742188
-2.07000003e-009 -0.005656251
-2.06000003e-009 -0.005546876
-2.05000003e-009 -0.005437501
-2.04000003e-009 -0.005359376
-2.03000003e-009 -0.005296876
-2.02000003e-009 -0.005257813
-2.01000003e-009 -0.005210938
-2.00000003e-009 -0.005140626
-1.99000003e-009 -0.005015626
-1.98000003e-009 -0.004875001
-1.97000003e-009 -0.004687501
-1.96000003e-009 -0.004460938
-1.95000003e-009 -0.004328126
-1.94000003e-009 -0.004218751
-1.93000003e-009 -0.004164063
-1.92000003e-009 -0.004140626
-1.91000003e-009 -0.004203126
-1.90000003e-009 -0.004210938
-1.89000003e-009 -0.004203126
-1.88000003e-009 -0.004117188
-1.87000002e-009 -0.003992188
-1.86000002e-009 -0.003843751
-1.85000002e-009 -0.003687501
-1.84000002e-009 -0.003585938
-1.83000002e-009 -0.003492188
-1.82000002e-009 -0.003453126
-1.81000002e-009 -0.003500001
-1.80000002e-009 -0.003476563
-1.79000002e-009 -0.003460938
-1.78000002e-009 -0.003398438
-1.77000002e-009 -0.003242188
-1.76000002e-009 -0.003117188
-1.75000002e-009 -0.002953125
-1.74000002e-009 -0.002828125
-1.73000002e-009   -0.0028125
-1.72000002e-009 -0.002773438
-1.71000002e-009 -0.002859375
-1.70000002e-009 -0.002898438
-1.69000002e-009 -0.002953125
-1.68000002e-009 -0.002992188
-1.67000002e-009 -0.003015625
-1.66000002e-009       -0.003
-1.65000002e-009 -0.002976563
-1.64000002e-009 -0.002929688
-1.63000002e-009 -0.002882813
-1.62000002e-009 -0.002867188
-1.61000002e-009 -0.002867188
-1.60000002e-009 -0.002820313
-1.59000002e-009  -0.00278125
-1.58000002e-009 -0.002742188
-1.57000002e-009 -0.002664063
-1.56000002e-009  -0.00259375
-1.55000002e-009      -0.0025
-1.54000002e-009 -0.002429688
-1.53000002e-009    -0.002375
-1.52000002e-009 -0.002328125
-1.51000002e-009   -0.0023125
-1.50000002e-009 -0.002234375
-1.49000002e-009 -0.002226563
-1.48000002e-009 -0.002148438
-1.47000002e-009  -0.00209375
-1.46000002e-009   -0.0020625
-1.45000002e-009 -0.002085938
-1.44000002e-009 -0.002046875
-1.43000002e-009 -0.002070313
-1.42000002e-009 -0.002117188
-1.41000002e-009    -0.002125
-1.40000002e-009 -0.002117188
-1.39000002e-009 -0.002117188
-1.38000002e-009  -0.00209375
-1.37000002e-009 -0.002078125
-1.36000002e-009 -0.002085938
-1.35000002e-009   -0.0020625
-1.34000002e-009 -0.002046875
-1.33000002e-009 -0.002054688
-1.32000002e-009 -0.002046875
-1.31000002e-009 -0.001992188
-1.30000002e-009 -0.002023438
-1.29000002e-009 -0.002046875
-1.28000002e-009 -0.002085938
-1.27000002e-009  -0.00215625
-1.26000002e-009  -0.00228125
-1.25000002e-009 -0.002390625
-1.24000002e-009 -0.002539063
-1.23000002e-009 -0.002664063
-1.22000002e-009 -0.002726563
-1.21000002e-009 -0.002734375
-1.20000002e-009 -0.002734375
-1.19000002e-009  -0.00271875
-1.18000002e-009  -0.00265625
-1.17000002e-009    -0.002625
-1.16000002e-009 -0.002617188
-1.15000002e-009  -0.00265625
-1.14000002e-009 -0.002695313
-1.13000002e-009 -0.002773438
-1.12000001e-009 -0.002898438
-1.11000001e-009 -0.002984375
-1.10000001e-009   -0.0030625
-1.09000001e-009 -0.003117188
-1.08000001e-009 -0.003179688
-1.07000001e-009  -0.00315625
-1.06000001e-009 -0.003140625
-1.05000001e-009    -0.003125
-1.04000001e-009    -0.003125
-1.03000001e-009 -0.003140625
-1.02000001e-009 -0.003164063
-1.01000001e-009 -0.003218751
-1.00000001e-009 -0.003289063
-9.90000013e-010 -0.003351563
-9.80000013e-010 -0.003421876
-9.70000013e-010 -0.003468751
-9.60000013e-010 -0.003539063
-9.50000013e-010 -0.003593751
-9.40000013e-010 -0.003625001
-9.30000012e-010 -0.003703126
-9.20000012e-010 -0.003812501
-9.10000012e-010 -0.003937501
-9.00000012e-010 -0.004148438
-8.90000012e-010 -0.004367188
-8.80000012e-010 -0.004640626
-8.70000012e-010 -0.004937501
-8.60000011e-010 -0.005281251
-8.50000011e-010 -0.005664063
-8.40000011e-010 -0.006031251
-8.30000011e-010 -0.006429688
-8.20000011e-010 -0.006867188
-8.10000011e-010 -0.007351563
-8.00000011e-010 -0.007890626
-7.90000011e-010 -0.008484376
-7.8000001e-010 -0.009140626
-7.7000001e-010 -0.009851563
-7.6000001e-010  -0.01072656
-7.5000001e-010  -0.01173438
-7.4000001e-010  -0.01289063
-7.3000001e-010  -0.01428906
-7.2000001e-010  -0.01594531
-7.10000009e-010  -0.01799219
-7.00000009e-010  -0.02038281
-6.90000009e-010  -0.02321094
-6.80000009e-010  -0.02652344
-6.70000009e-010  -0.03032031
-6.60000009e-010  -0.03467969
-6.50000009e-010  -0.03954688
-6.40000009e-010   -0.0449375
-6.30000008e-010   -0.0508125
-6.20000008e-010     -0.05725
-6.10000008e-010  -0.06421094
-6.00000008e-010  -0.07160157
-5.90000008e-010  -0.07933594
-5.80000008e-010  -0.08736719
-5.70000008e-010  -0.09557813
-5.60000007e-010   -0.1038281
-5.50000007e-010   -0.1120234
-5.40000007e-010   -0.1200391
-5.30000007e-010   -0.1277344
-5.20000007e-010   -0.1348984
-5.10000007e-010   -0.1415547
-5.00000007e-010   -0.1474688
-4.90000007e-010   -0.1526953
-4.80000006e-010   -0.1570391
-4.70000006e-010      -0.1605
-4.60000006e-010   -0.1630859
-4.50000006e-010   -0.1648828
-4.40000006e-010   -0.1659375
-4.30000006e-010   -0.1663906
-4.20000006e-010   -0.1662656
-4.10000005e-010   -0.1656641
-4.00000005e-010   -0.1647109
-3.90000005e-010   -0.1635391
-3.80000005e-010   -0.1620703
-3.70000005e-010   -0.1604141
-3.60000005e-010    -0.158625
-3.50000005e-010   -0.1567031
-3.40000005e-010     -0.15475
-3.30000004e-010   -0.1526641
-3.20000004e-010   -0.1505547
-3.10000004e-010   -0.1483594
-3.00000004e-010   -0.1461094
-2.90000004e-010   -0.1438047
-2.80000004e-010   -0.1413047
-2.70000004e-010   -0.1386641
-2.60000003e-010   -0.1357734
-2.50000003e-010   -0.1325625
-2.40000003e-010   -0.1289609
-2.30000003e-010   -0.1248359
-2.20000003e-010   -0.1201719
-2.10000003e-010   -0.1148828
-2.00000003e-010   -0.1090156
-1.90000003e-010   -0.1026016
-1.80000002e-010  -0.09570313
-1.70000002e-010   -0.0884375
-1.60000002e-010  -0.08088282
-1.50000002e-010  -0.07310938
-1.40000002e-010  -0.06515625
-1.30000002e-010  -0.05711719
-1.20000002e-010  -0.04899219
-1.10000001e-010    -0.040875
-1.00000001e-010  -0.03294531
-9.00000012e-011  -0.02525781
-8.00000011e-011  -0.01807813
-7.00000009e-011  -0.01145313
-6.00000008e-011 -0.005484376
-5.00000007e-011 -0.0002343754
-4.00000005e-011  0.004328125
-3.00000004e-011  0.008210938
-2.00000003e-011   0.01144531
-1.00000001e-011     0.014125
           0   0.01625781
1.00000001e-011   0.01789844
2.00000003e-011   0.01904688
3.00000004e-011   0.01966406
4.00000005e-011    0.0198125
5.00000007e-011   0.01964063
6.00000008e-011    0.0191875
7.00000009e-011   0.01857031
8.00000011e-011   0.01785938
9.00000012e-011   0.01709375
1.00000001e-010   0.01639063
1.10000001e-010   0.01578125
1.20000002e-010   0.01523438
1.30000002e-010   0.01478906
1.40000002e-010   0.01446875
1.50000002e-010   0.01435938
1.60000002e-010   0.01452344
1.70000002e-010   0.01497656
1.80000002e-010   0.01582031
1.90000003e-010   0.01690625
2.00000003e-010   0.01825781
2.10000003e-010   0.01975781
2.20000003e-010   0.02127344
2.30000003e-010   0.02271094
2.40000003e-010   0.02399219
2.50000003e-010   0.02509375
2.60000003e-010   0.02598438
2.70000004e-010   0.02666406
2.80000004e-010   0.02716406
2.90000004e-010   0.02753906
3.00000004e-010      0.02775
3.10000004e-010   0.02779688
3.20000004e-010   0.02766406
3.30000004e-010   0.02727344
3.40000005e-010   0.02670313
3.50000005e-010   0.02596875
3.60000005e-010   0.02510938
3.70000005e-010   0.02417188
3.80000005e-010   0.02330469
3.90000005e-010   0.02251563
4.00000005e-010   0.02185938
4.10000005e-010   0.02132813
4.20000006e-010   0.02094531
4.30000006e-010   0.02059375
4.40000006e-010   0.02028906
4.50000006e-010   0.02007813
4.60000006e-010   0.01989063
4.70000006e-010   0.01978906
4.80000006e-010   0.01970313
4.90000007e-010   0.01969531
5.00000007e-010   0.01979688
5.10000007e-010   0.01986719
5.20000007e-010         0.02
5.30000007e-010   0.02010156
5.40000007e-010   0.02019531
5.50000007e-010   0.02020313
5.60000007e-010   0.02024219
5.70000008e-010      0.02025
5.80000008e-010      0.02025
5.90000008e-010   0.02025781
6.00000008e-010   0.02021094
6.10000008e-010   0.02015625
6.20000008e-010   0.02005469
6.30000008e-010     0.019875
6.40000009e-010   0.01957813
6.50000009e-010   0.01925781
6.60000009e-010   0.01895313
6.70000009e-010   0.01858594
6.80000009e-010   0.01825781
6.90000009e-010   0.01796875
7.00000009e-010   0.01763281
7.10000009e-010   0.01735156
7.2000001e-010   0.01703125
7.3000001e-010   0.01669531
7.4000001e-010   0.01639844
7.5000001e-010   0.01615625
7.6000001e-010        0.016
7.7000001e-010   0.01592188
7.8000001e-010    0.0159375
7.90000011e-010   0.01605469
8.00000011e-010      0.01625
8.10000011e-010    0.0164375
8.20000011e-010   0.01665625
8.30000011e-010   0.01684375
8.40000011e-010   0.01699219
8.50000011e-010   0.01711719
8.60000011e-010   0.01721094
8.70000012e-010   0.01732813
8.80000012e-010   0.01749219
8.90000012e-010    0.0176875
9.00000012e-010   0.01790625
9.10000012e-010   0.01820313
9.20000012e-010   0.01842188
9.30000012e-010   0.01872656
9.40000013e-010    0.0189375
9.50000013e-010   0.01914844
9.60000013e-010   0.01929688
9.70000013e-010   0.01935938
9.80000013e-010     0.019375
9.90000013e-010   0.01932031
1.00000001e-009   0.01921094
1.01000001e-009   0.01911719
1.02000001e-009   0.01903906
1.03000001e-009    0.0190625
1.04000001e-009   0.01910938
1.05000001e-009      0.01925
1.06000001e-009   0.01947656
1.07000001e-009   0.01971875
1.08000001e-009   0.01996875
1.09000001e-009   0.02023438
1.10000001e-009    0.0204375
1.11000001e-009   0.02060938
1.12000001e-009   0.02079688
1.13000002e-009   0.02099219
1.14000002e-009      0.02125
1.15000002e-009   0.02152344
1.16000002e-009   0.02189063
1.17000002e-009   0.02225781
1.18000002e-009   0.02263281
1.19000002e-009   0.02297656
1.20000002e-009   0.02324219
1.21000002e-009   0.02342969
1.22000002e-009   0.02359375
1.23000002e-009   0.02369531
1.24000002e-009   0.02380469
1.25000002e-009   0.02389063
1.26000002e-009   0.02402344
1.27000002e-009   0.02413281
1.28000002e-009   0.02421094
1.29000002e-009   0.02426563
1.30000002e-009   0.02428125
1.31000002e-009   0.02422656
1.32000002e-009   0.02417188
1.33000002e-009   0.02407031
1.34000002e-009   0.02399219
1.35000002e-009   0.02394531
1.36000002e-009   0.02388281
1.37000002e-009    0.0238125
1.38000002e-009      0.02375
1.39000002e-009   0.02365625
1.40000002e-009       0.0235
1.41000002e-009   0.02332813
1.42000002e-009     0.023125
1.43000002e-009    0.0229375
1.44000002e-009   0.02273438
1.45000002e-009   0.02252344
1.46000002e-009   0.02232813
1.47000002e-009    0.0221875
1.48000002e-009   0.02205469
1.49000002e-009   0.02183594
1.50000002e-009   0.02163281
1.51000002e-009   0.02133594
1.52000002e-009   0.02104688
1.53000002e-009   0.02071875
1.54000002e-009   0.02035156
1.55000002e-009   0.02004688
1.56000002e-009      0.01975
1.57000002e-009   0.01949219
1.58000002e-009   0.01929688
1.59000002e-009   0.01907031
1.60000002e-009   0.01885156
1.61000002e-009   0.01858594
1.62000002e-009    0.0183125
1.63000002e-009   0.01800781
1.64000002e-009   0.01773438
1.65000002e-009    0.0174375
1.66000002e-009   0.01727344
1.67000002e-009   0.01716406
1.68000002e-009   0.01709375
1.69000002e-009   0.01707031
1.70000002e-009   0.01710938
1.71000002e-009   0.01713281
1.72000002e-009   0.01714844
1.73000002e-009   0.01714063
1.74000002e-009   0.01710938
1.75000002e-009   0.01704688
1.76000002e-009   0.01699219
1.77000002e-009   0.01692188
1.78000002e-009   0.01685156
1.79000002e-009   0.01677344
1.80000002e-009   0.01667969
1.81000002e-009   0.01660156
1.82000002e-009    0.0165625
1.83000002e-009   0.01655469
1.84000002e-009   0.01655469
1.85000002e-009   0.01658594
1.86000002e-009   0.01667969
1.87000002e-009   0.01682031
1.88000003e-009   0.01692188
1.89000003e-009   0.01703906
1.90000003e-009   0.01716406
1.91000003e-009   0.01724219
1.92000003e-009   0.01725781
1.93000003e-009   0.01724219
1.94000003e-009   0.01716406
1.95000003e-009   0.01708594
1.96000003e-009   0.01703906
1.97000003e-009        0.017
1.98000003e-009   0.01702344
1.99000003e-009   0.01708594
2.00000003e-009    0.0171875
2.01000003e-009   0.01728125
2.02000003e-009   0.01742188
2.03000003e-009   0.01748438
2.04000003e-009   0.01750781
2.05000003e-009   0.01752344
2.06000003e-009   0.01752344
2.07000003e-009    0.0175625
2.08000003e-009   0.01763281
2.09000003e-009   0.01771094
2.10000003e-009   0.01779688
2.11000003e-009   0.01786719
2.12000003e-009   0.01790625
2.13000003e-009   0.01790625
2.14000003e-009   0.01790625
2.15000003e-009   0.01785938
2.16000003e-009   0.01782031
2.17000003e-009   0.01782813
2.18000003e-009   0.01782031
2.19000003e-009     0.017875
2.20000003e-009   0.01791406
2.21000003e-009   0.01792969
2.22000003e-009   0.01797656
2.23000003e-009   0.01792188
2.24000003e-009   0.01786719
2.25000003e-009   0.01777344
2.26000003e-009   0.01772656
2.27000003e-009   0.01764063
2.28000003e-009   0.01761719
2.29000003e-009   0.01757813
2.30000003e-009   0.01747656
2.31000003e-009   0.01733594
2.32000003e-009   0.01717188
2.33000003e-009   0.01700781
2.34000003e-009   0.01682031
2.35000003e-009   0.01667969
2.36000003e-009   0.01666406
2.37000003e-009   0.01671094
2.38000003e-009   0.01680469
2.39000003e-009   0.01690625
2.40000003e-009    0.0169375
2.41000003e-009   0.01694531
2.42000003e-009   0.01680469
2.43000003e-009   0.01657031
2.44000003e-009   0.01634375
2.45000003e-009   0.01605469
2.46000003e-009   0.01580469
2.47000003e-009   0.01566406
2.48000003e-009   0.01558594
2.49000003e-009   0.01558594
2.50000003e-009   0.01564844
