-2.49000003e-009  -0.01416406
-2.48000003e-009       -0.003
-2.47000003e-009  -0.01503906
-2.46000003e-009  -0.00246875
-2.45000003e-009    -0.014125
-2.44000003e-009 -0.004109376
-2.43000003e-009  -0.01289844
-2.42000003e-009 -0.005195313
-2.41000003e-009       -0.013
-2.40000003e-009 -0.004664063
-2.39000003e-009  -0.01255469
-2.38000003e-009       -0.003
-2.37000003e-009       -0.013
-2.36000003e-009       -0.003
-2.35000003e-009   -0.0134375
-2.34000003e-009 -0.002507813
-2.33000003e-009       -0.013
-2.32000003e-009 -0.002132813
-2.31000003e-009  -0.01296875
-2.30000003e-009 -0.002945313
-2.29000003e-009   -0.0125625
-2.28000003e-009       -0.003
-2.27000003e-009  -0.01182813
-2.26000003e-009 -0.001679688
-2.25000003e-009  -0.01221094
-2.24000003e-009 -0.001117188
-2.23000003e-009  -0.01292969
-2.22000003e-009 -0.002921875
-2.21000003e-009       -0.013
-2.20000003e-009       -0.003
-2.19000003e-009  -0.01140625
-2.18000003e-009 -0.001882813
-2.17000003e-009   -0.0114375
-2.16000003e-009 0.0009999997
-2.15000003e-009  -0.01171875
-2.14000003e-009 -0.0003046879
-2.13000003e-009  -0.01066406
-2.12000003e-009 -0.001882813
-2.11000003e-009  -0.01054688
-2.10000003e-009 -0.001953125
-2.09000003e-009 -0.008703126
-2.08000003e-009 -0.001195313
-2.07000003e-009 -0.009296876
-2.06000003e-009 -0.001445313
-2.05000003e-009 -0.009937501
-2.04000003e-009       -0.001
-2.03000003e-009 -0.009554688
-2.02000003e-009 -0.001570313
-2.01000003e-009 -0.009578126
-2.00000003e-009 -0.0008046879
-1.99000003e-009 -0.009015626
-1.98000003e-009    0.0018125
-1.97000003e-009 -0.009515626
-1.96000003e-009  0.003328125
-1.95000003e-009 -0.008359376
-1.94000003e-009  0.001835937
-1.93000003e-009 -0.009585938
-1.92000003e-009 -0.0001015629
-1.91000003e-009 -0.009335938
-1.90000003e-009 0.0003515622
-1.89000003e-009 -0.008515626
-1.88000003e-009 0.0009999997
-1.87000002e-009 -0.007906251
-1.86000002e-009  0.001234375
-1.85000002e-009 -0.009304688
-1.84000002e-009 0.0009999997
-1.83000002e-009 -0.009000001
-1.82000002e-009  0.001359375
-1.81000002e-009 -0.009765626
-1.80000002e-009  0.001390625
-1.79000002e-009 -0.009335938
-1.78000002e-009      0.00175
-1.77000002e-009 -0.009000001
-1.76000002e-009  0.001273437
-1.75000002e-009 -0.009000001
-1.74000002e-009   0.00234375
-1.73000002e-009 -0.007000001
-1.72000002e-009     0.002625
-1.71000002e-009 -0.007000001
-1.70000002e-009  0.002039062
-1.69000002e-009 -0.008390626
-1.68000002e-009  0.002703125
-1.67000002e-009 -0.007765626
-1.66000002e-009  0.001265625
-1.65000002e-009 -0.007046876
-1.64000002e-009  0.001070312
-1.63000002e-009 -0.007757813
-1.62000002e-009 0.0009999997
-1.61000002e-009 -0.007070313
-1.60000002e-009  0.002414062
-1.59000002e-009 -0.006203126
-1.58000002e-009  0.001992187
-1.57000002e-009 -0.007656251
-1.56000002e-009  0.001773437
-1.55000002e-009 -0.008148438
-1.54000002e-009  0.002640625
-1.53000002e-009 -0.007000001
-1.52000002e-009        0.004
-1.51000002e-009 -0.007468751
-1.50000002e-009  0.004773437
-1.49000002e-009 -0.009000001
-1.48000002e-009  0.002960937
-1.47000002e-009 -0.007570313
-1.46000002e-009  0.003234375
-1.45000002e-009 -0.006742188
-1.44000002e-009        0.003
-1.43000002e-009 -0.007414063
-1.42000002e-009  0.004046875
-1.41000002e-009 -0.007554688
-1.40000002e-009  0.004609375
-1.39000002e-009 -0.007000001
-1.38000002e-009        0.003
-1.37000002e-009 -0.006023438
-1.36000002e-009        0.003
-1.35000002e-009 -0.007335938
-1.34000002e-009  0.001890625
-1.33000002e-009 -0.006335938
-1.32000002e-009        0.003
-1.31000002e-009 -0.007015626
-1.30000002e-009        0.003
-1.29000002e-009 -0.007695313
-1.28000002e-009  0.003007812
-1.27000002e-009 -0.007640626
-1.26000002e-009        0.003
-1.25000002e-009 -0.007242188
-1.24000002e-009  0.001242187
-1.23000002e-009 -0.007000001
-1.22000002e-009     0.001125
-1.21000002e-009 -0.007000001
-1.20000002e-009    0.0016875
-1.19000002e-009 -0.007000001
-1.18000002e-009  0.002234375
-1.17000002e-009 -0.007046876
-1.16000002e-009        0.003
-1.15000002e-009 -0.007000001
-1.14000002e-009        0.003
-1.13000002e-009 -0.007718751
-1.12000001e-009   0.00234375
-1.11000001e-009 -0.007375001
-1.10000001e-009  0.003257812
-1.09000001e-009 -0.007250001
-1.08000001e-009    0.0016875
-1.07000001e-009 -0.007234376
-1.06000001e-009  0.001210937
-1.05000001e-009 -0.007062501
-1.04000001e-009  0.002734375
-1.03000001e-009 -0.007507813
-1.02000001e-009  0.002804687
-1.01000001e-009 -0.009000001
-1.00000001e-009  0.002226562
-9.90000013e-010  -0.01048438
-9.80000013e-010 0.0009999997
-9.70000013e-010 -0.009976563
-9.60000013e-010 -0.0005468754
-9.50000013e-010 -0.007789063
-9.40000013e-010 0.0008359372
-9.30000012e-010 -0.009000001
-9.20000012e-010  0.002117187
-9.10000012e-010 -0.009203126
-9.00000012e-010  0.001789062
-8.90000012e-010  -0.01010938
-8.80000012e-010 0.0003906247
-8.70000012e-010  -0.01125781
-8.60000011e-010 -0.0002109379
-8.50000011e-010  -0.01116406
-8.40000011e-010       -0.001
-8.30000011e-010  -0.01238281
-8.20000011e-010 -0.003859376
-8.10000011e-010  -0.01484375
-8.00000011e-010 -0.004210938
-7.90000011e-010  -0.01807031
-7.8000001e-010 -0.005000001
-7.7000001e-010  -0.02060156
-7.6000001e-010 -0.007000001
-7.5000001e-010  -0.02417969
-7.4000001e-010 -0.009140626
-7.3000001e-010       -0.029
-7.2000001e-010  -0.01375781
-7.10000009e-010  -0.03814063
-7.00000009e-010       -0.019
-6.90000009e-010  -0.04932813
-6.80000009e-010       -0.027
-6.70000009e-010  -0.06114844
-6.60000009e-010       -0.035
-6.50000009e-010  -0.07428125
-6.40000009e-010    -0.047875
-6.30000008e-010       -0.089
-6.20000008e-010  -0.06129688
-6.10000008e-010   -0.1078906
-6.00000008e-010   -0.0770625
-5.90000008e-010   -0.1267969
-5.80000008e-010  -0.09386719
-5.70000008e-010   -0.1412188
-5.60000007e-010   -0.1070625
-5.50000007e-010   -0.1510547
-5.40000007e-010   -0.1235625
-5.30000007e-010       -0.159
-5.20000007e-010   -0.1408359
-5.10000007e-010   -0.1641641
-5.00000007e-010   -0.1496719
-4.90000007e-010   -0.1692344
-4.80000006e-010   -0.1558125
-4.70000006e-010   -0.1712813
-4.60000006e-010       -0.161
-4.50000006e-010     -0.17125
-4.40000006e-010   -0.1603203
-4.30000006e-010   -0.1720781
-4.20000006e-010   -0.1562813
-4.10000005e-010       -0.169
-4.00000005e-010   -0.1527813
-3.90000005e-010   -0.1661328
-3.80000005e-010   -0.1500938
-3.70000005e-010   -0.1617578
-3.60000005e-010    -0.146125
-3.50000005e-010       -0.157
-3.40000005e-010   -0.1422734
-3.30000004e-010       -0.153
-3.20000004e-010   -0.1379375
-3.10000004e-010       -0.149
-3.00000004e-010   -0.1323594
-2.90000004e-010   -0.1446953
-2.80000004e-010       -0.123
-2.70000004e-010       -0.137
-2.60000003e-010   -0.1091016
-2.50000003e-010   -0.1286094
-2.40000003e-010  -0.09508594
-2.30000003e-010   -0.1205313
-2.20000003e-010   -0.0831875
-2.10000003e-010       -0.111
-2.00000003e-010   -0.0700625
-1.90000003e-010  -0.09900001
-1.80000002e-010  -0.05210157
-1.70000002e-010   -0.0835625
-1.60000002e-010       -0.037
-1.50000002e-010  -0.07060938
-1.40000002e-010  -0.01910156
-1.30000002e-010  -0.05709375
-1.20000002e-010 -0.004718751
-1.10000001e-010       -0.041
-1.00000001e-010  0.005007812
-9.00000012e-011  -0.02264844
-8.00000011e-011        0.011
-7.00000009e-011 -0.007273438
-6.00000008e-011        0.019
-5.00000007e-011  0.001664062
-4.00000005e-011   0.02021875
-3.00000004e-011        0.009
-2.00000003e-011   0.02244531
-1.00000001e-011   0.01369531
           0        0.025
1.00000001e-011   0.01420313
2.00000003e-011   0.02528906
3.00000004e-011   0.01417188
4.00000005e-011        0.025
5.00000007e-011   0.01209375
6.00000008e-011        0.023
7.00000009e-011   0.01032031
8.00000011e-011   0.02119531
9.00000012e-011   0.00903125
1.00000001e-010   0.01992188
1.10000001e-010  0.009210938
1.20000002e-010   0.01907031
1.30000002e-010   0.01060156
1.40000002e-010   0.02051563
1.50000002e-010   0.01003125
1.60000002e-010    0.0234375
1.70000002e-010   0.01244531
1.80000002e-010   0.02621875
1.90000003e-010   0.01521875
2.00000003e-010   0.02803906
2.10000003e-010        0.015
2.20000003e-010   0.02976563
2.30000003e-010   0.01982813
2.40000003e-010   0.03174219
2.50000003e-010   0.02098438
2.60000003e-010   0.03334375
2.70000004e-010   0.02174219
2.80000004e-010        0.033
2.90000004e-010   0.02207813
3.00000004e-010   0.03247656
3.10000004e-010   0.02032031
3.20000004e-010        0.033
3.30000004e-010   0.01854688
3.40000005e-010        0.031
3.50000005e-010   0.01891406
3.60000005e-010   0.02795313
3.70000005e-010        0.017
3.80000005e-010   0.02769531
3.90000005e-010   0.01619531
4.00000005e-010        0.029
4.10000005e-010    0.0148125
4.20000006e-010   0.02665625
4.30000006e-010   0.01496875
4.40000006e-010   0.02425781
4.50000006e-010   0.01446094
4.60000006e-010   0.02335938
4.70000006e-010   0.01471875
4.80000006e-010        0.025
4.90000007e-010   0.01425781
5.00000007e-010   0.02542969
5.10000007e-010        0.013
5.20000007e-010   0.02658594
5.30000007e-010        0.015
5.40000007e-010   0.02599219
5.50000007e-010        0.015
5.60000007e-010   0.02473438
5.70000008e-010    0.0153125
5.80000008e-010   0.02578125
5.90000008e-010   0.01289844
6.00000008e-010        0.025
6.10000008e-010    0.0125625
6.20000008e-010        0.023
6.30000008e-010        0.013
6.40000009e-010   0.02196875
6.50000009e-010    0.0128125
6.60000009e-010   0.02325781
6.70000009e-010   0.01260156
6.80000009e-010        0.021
6.90000009e-010        0.013
7.00000009e-010    0.0210625
7.10000009e-010   0.01160938
7.2000001e-010   0.02228125
7.3000001e-010   0.01128906
7.4000001e-010   0.02178125
7.5000001e-010   0.01065625
7.6000001e-010   0.02299219
7.7000001e-010        0.011
7.8000001e-010    0.0220625
7.90000011e-010   0.01089063
8.00000011e-010   0.02160156
8.10000011e-010   0.01146094
8.20000011e-010   0.02160156
8.30000011e-010   0.01246094
8.40000011e-010        0.023
8.50000011e-010    0.0143125
8.60000011e-010   0.02354688
8.70000012e-010   0.01453125
8.80000012e-010   0.02451563
8.90000012e-010        0.013
9.00000012e-010   0.02478906
9.10000012e-010       0.0125
9.20000012e-010    0.0234375
9.30000012e-010        0.013
9.40000013e-010   0.02324219
9.50000013e-010   0.01295313
9.60000013e-010   0.02349219
9.70000013e-010   0.01386719
9.80000013e-010   0.02308594
9.90000013e-010    0.0139375
1.00000001e-009    0.0238125
1.01000001e-009   0.01517969
1.02000001e-009   0.02360938
1.03000001e-009   0.01621875
1.04000001e-009   0.02377344
1.05000001e-009   0.01420313
1.06000001e-009        0.025
1.07000001e-009        0.013
1.08000001e-009   0.02564063
1.09000001e-009   0.01441406
1.10000001e-009   0.02677344
1.11000001e-009        0.017
1.12000001e-009   0.02717969
1.13000002e-009     0.017625
1.14000002e-009   0.02740625
1.15000002e-009   0.01694531
1.16000002e-009   0.02829688
1.17000002e-009   0.01872656
1.18000002e-009     0.029125
1.19000002e-009        0.019
1.20000002e-009   0.02834375
1.21000002e-009   0.01988281
1.22000002e-009   0.02908594
1.23000002e-009   0.01853906
1.24000002e-009   0.02989063
1.25000002e-009         0.02
1.26000002e-009        0.029
1.27000002e-009   0.01849219
1.28000002e-009   0.02797656
1.29000002e-009   0.01908594
1.30000002e-009   0.02928125
1.31000002e-009   0.01910938
1.32000002e-009        0.029
1.33000002e-009   0.01727344
1.34000002e-009   0.02830469
1.35000002e-009        0.017
1.36000002e-009   0.02901563
1.37000002e-009   0.01735156
1.38000002e-009   0.02942969
1.39000002e-009   0.01880469
1.40000002e-009   0.02810156
1.41000002e-009   0.01816406
1.42000002e-009   0.02747656
1.43000002e-009   0.01803906
1.44000002e-009   0.02969531
1.45000002e-009        0.017
1.46000002e-009   0.02854688
1.47000002e-009   0.01536719
1.48000002e-009        0.027
1.49000002e-009        0.016
1.50000002e-009        0.027
1.51000002e-009   0.01554688
1.52000002e-009   0.02630469
1.53000002e-009   0.01402344
1.54000002e-009        0.025
1.55000002e-009        0.015
1.56000002e-009   0.02560156
1.57000002e-009   0.01479688
1.58000002e-009   0.02495313
1.59000002e-009   0.01324219
1.60000002e-009   0.02335938
1.61000002e-009   0.01270313
1.62000002e-009        0.023
1.63000002e-009        0.013
1.64000002e-009   0.02217188
1.65000002e-009        0.013
1.66000002e-009   0.02330469
1.67000002e-009   0.01273438
1.68000002e-009   0.02554688
1.69000002e-009   0.01164063
1.70000002e-009   0.02342969
1.71000002e-009   0.01128125
1.72000002e-009   0.02160938
1.73000002e-009   0.01225781
1.74000002e-009   0.02200781
1.75000002e-009   0.01083594
1.76000002e-009   0.02261719
1.77000002e-009   0.01196094
1.78000002e-009        0.023
1.79000002e-009   0.01134375
1.80000002e-009   0.02214844
1.81000002e-009   0.01054688
1.82000002e-009   0.02285938
1.83000002e-009   0.01108594
1.84000002e-009        0.023
1.85000002e-009        0.011
1.86000002e-009        0.023
1.87000002e-009   0.01203125
1.88000003e-009        0.023
1.89000003e-009   0.01217969
1.90000003e-009   0.02182813
1.91000003e-009   0.01242188
1.92000003e-009        0.023
1.93000003e-009   0.01196094
1.94000003e-009   0.02465625
1.95000003e-009   0.01088281
1.96000003e-009        0.025
1.97000003e-009   0.01259375
1.98000003e-009   0.02264063
1.99000003e-009   0.01307813
2.00000003e-009   0.02282813
2.01000003e-009   0.01414063
2.02000003e-009        0.023
2.03000003e-009    0.0126875
2.04000003e-009   0.02278125
2.05000003e-009   0.01317188
2.06000003e-009        0.023
2.07000003e-009   0.01209375
2.08000003e-009   0.02303125
2.09000003e-009        0.013
2.10000003e-009   0.02364844
2.11000003e-009        0.011
2.12000003e-009        0.023
2.13000003e-009   0.01040625
2.14000003e-009   0.02395313
2.15000003e-009   0.01220313
2.16000003e-009    0.0231875
2.17000003e-009        0.013
2.18000003e-009   0.02334375
2.19000003e-009        0.013
2.20000003e-009        0.023
2.21000003e-009        0.013
2.22000003e-009   0.02267969
2.23000003e-009   0.01361719
2.24000003e-009   0.02238281
2.25000003e-009   0.01314844
2.26000003e-009   0.02339844
2.27000003e-009   0.01214844
2.28000003e-009   0.02303906
2.29000003e-009   0.01059375
2.30000003e-009   0.02233594
2.31000003e-009   0.01235938
2.32000003e-009   0.02232031
2.33000003e-009   0.01259375
2.34000003e-009   0.02289063
2.35000003e-009   0.01252344
2.36000003e-009        0.021
2.37000003e-009   0.01154688
2.38000003e-009   0.02014844
2.39000003e-009        0.011
2.40000003e-009        0.021
2.41000003e-009   0.01150781
2.42000003e-009        0.021
2.43000003e-009   0.01148438
2.44000003e-009   0.01990625
2.45000003e-009   0.01213281
2.46000003e-009        0.021
2.47000003e-009   0.01064063
2.48000003e-009   0.02134375
2.49000003e-009    0.0115625
2.50000003e-009   0.02101563
