-4.98000007e-009 -0.005273438
-4.96000007e-009  0.004554687
-4.94000007e-009 -0.005125001
-4.92000007e-009        0.005
-4.90000007e-009 -0.005000001
-4.88000007e-009  0.004664062
-4.86000006e-009 -0.004054688
-4.84000006e-009       0.0065
-4.82000006e-009 -0.005000001
-4.80000006e-009   0.00528125
-4.78000006e-009 -0.004742188
-4.76000006e-009  0.005882812
-4.74000006e-009 -0.004703126
-4.72000006e-009  0.005109375
-4.70000006e-009 -0.004437501
-4.68000006e-009     0.005125
-4.66000006e-009 -0.004820313
-4.64000006e-009  0.004539062
-4.62000006e-009 -0.004734376
-4.60000006e-009  0.003273437
-4.58000006e-009 -0.004570313
-4.56000006e-009  0.005695312
-4.54000006e-009 -0.005273438
-4.52000006e-009  0.005890625
-4.50000006e-009 -0.005000001
-4.48000006e-009  0.005203125
-4.46000006e-009 -0.005187501
-4.44000006e-009      0.00475
-4.42000006e-009 -0.003109375
-4.40000006e-009        0.007
-4.38000006e-009 -0.004937501
-4.36000006e-009  0.005671875
-4.34000006e-009 -0.003296876
-4.32000006e-009  0.004796875
-4.30000006e-009 -0.003414063
-4.28000006e-009  0.005265625
-4.26000006e-009 -0.005218751
-4.24000006e-009  0.006203125
-4.22000006e-009 -0.005117188
-4.20000006e-009        0.007
-4.18000006e-009 -0.004648438
-4.16000006e-009  0.005359375
-4.14000006e-009 -0.004500001
-4.12000006e-009  0.004765625
-4.10000005e-009 -0.007000001
-4.08000005e-009  0.003453125
-4.06000005e-009 -0.004554688
-4.04000005e-009  0.005859375
-4.02000005e-009 -0.005000001
-4.00000005e-009   0.00509375
-3.98000005e-009 -0.005000001
-3.96000005e-009   0.00453125
-3.94000005e-009 -0.004710938
-3.92000005e-009  0.003679687
-3.90000005e-009 -0.006406251
-3.88000005e-009    0.0051875
-3.86000005e-009 -0.005367188
-3.84000005e-009  0.003539062
-3.82000005e-009 -0.005054688
-3.80000005e-009        0.003
-3.78000005e-009 -0.006406251
-3.76000005e-009  0.004882812
-3.74000005e-009 -0.007000001
-3.72000005e-009        0.003
-3.70000005e-009 -0.007000001
-3.68000005e-009       0.0025
-3.66000005e-009 -0.006523438
-3.64000005e-009  0.002773437
-3.62000005e-009 -0.008531251
-3.60000005e-009        0.003
-3.58000005e-009  -0.01085938
-3.56000005e-009 -0.0004609379
-3.54000005e-009    -0.010125
-3.52000005e-009 0.0009999997
-3.50000005e-009  -0.01127344
-3.48000005e-009 -0.0007187504
-3.46000005e-009 -0.009515626
-3.44000005e-009 -0.0007578129
-3.42000005e-009  -0.01332031
-3.40000005e-009 -0.001945313
-3.38000005e-009  -0.01171094
-3.36000004e-009    -0.001625
-3.34000004e-009  -0.01270313
-3.32000004e-009 -0.001804688
-3.30000004e-009  -0.01294531
-3.28000004e-009 -0.002585938
-3.26000004e-009  -0.01327344
-3.24000004e-009 -0.002132813
-3.22000004e-009       -0.013
-3.20000004e-009 -0.001507813
-3.18000004e-009  -0.01316406
-3.16000004e-009 -0.004179688
-3.14000004e-009   -0.0153125
-3.12000004e-009       -0.003
-3.10000004e-009  -0.01408594
-3.08000004e-009 -0.004773438
-3.06000004e-009  -0.01300781
-3.04000004e-009 -0.005000001
-3.02000004e-009       -0.015
-3.00000004e-009 -0.005000001
-2.98000004e-009  -0.01395313
-2.96000004e-009 -0.004539063
-2.94000004e-009    -0.014125
-2.92000004e-009 -0.003789063
-2.90000004e-009  -0.01528906
-2.88000004e-009 -0.004812501
-2.86000004e-009  -0.01649219
-2.84000004e-009       -0.001
-2.82000004e-009       -0.015
-2.80000004e-009 -0.005000001
-2.78000004e-009  -0.01502344
-2.76000004e-009 -0.005226563
-2.74000004e-009   -0.0156875
-2.72000004e-009 -0.005000001
-2.70000004e-009       -0.015
-2.68000004e-009 -0.004875001
-2.66000004e-009    -0.014125
-2.64000004e-009  -0.00146875
-2.62000003e-009       -0.015
-2.60000003e-009 -0.004632813
-2.58000003e-009  -0.01415625
-2.56000003e-009 -0.004867188
-2.54000003e-009  -0.01385938
-2.52000003e-009 -0.004789063
-2.50000003e-009  -0.01317969
-2.48000003e-009 -0.003054688
-2.46000003e-009  -0.01499219
-2.44000003e-009 -0.003882813
-2.42000003e-009       -0.013
-2.40000003e-009       -0.003
-2.38000003e-009   -0.0136875
-2.36000003e-009 -0.002664063
-2.34000003e-009  -0.01404688
-2.32000003e-009       -0.001
-2.30000003e-009       -0.013
-2.28000003e-009 -0.003406251
-2.26000003e-009  -0.01205469
-2.24000003e-009 -0.002914063
-2.22000003e-009       -0.011
-2.20000003e-009 -0.002398438
-2.18000003e-009  -0.01172656
-2.16000003e-009 -0.002429688
-2.14000003e-009  -0.01099219
-2.12000003e-009 -0.001476563
-2.10000003e-009 -0.009804688
-2.08000003e-009 0.0006796872
-2.06000003e-009 -0.009257813
-2.04000003e-009 -0.0004218754
-2.02000003e-009       -0.011
-2.00000003e-009    0.0011875
-1.98000003e-009 -0.008984376
-1.96000003e-009  0.001007812
-1.94000003e-009 -0.009109376
-1.92000003e-009       -0.001
-1.90000003e-009 -0.009000001
-1.88000003e-009 0.0009531247
-1.86000002e-009 -0.008421876
-1.84000002e-009  0.001414062
-1.82000002e-009 -0.007000001
-1.80000002e-009  0.003960937
-1.78000002e-009 -0.008281251
-1.76000002e-009  0.003023437
-1.74000002e-009 -0.009000001
-1.72000002e-009        0.003
-1.70000002e-009 -0.009000001
-1.68000002e-009   0.00203125
-1.66000002e-009 -0.006710938
-1.64000002e-009        0.003
-1.62000002e-009 -0.008906251
-1.60000002e-009  0.002929687
-1.58000002e-009 -0.007062501
-1.56000002e-009  0.002507812
-1.54000002e-009 -0.008125001
-1.52000002e-009        0.003
-1.50000002e-009 -0.007906251
-1.48000002e-009  0.002773437
-1.46000002e-009 -0.007054688
-1.44000002e-009  0.002539062
-1.42000002e-009 -0.006757813
-1.40000002e-009        0.003
-1.38000002e-009 -0.008812501
-1.36000002e-009  0.002195312
-1.34000002e-009 -0.007000001
-1.32000002e-009        0.005
-1.30000002e-009 -0.007000001
-1.28000002e-009  0.001929687
-1.26000002e-009 -0.008132813
-1.24000002e-009        0.003
-1.22000002e-009 -0.007000001
-1.20000002e-009        0.003
-1.18000002e-009 -0.007562501
-1.16000002e-009  0.002929687
-1.14000002e-009 -0.007000001
-1.12000001e-009 0.0009999997
-1.10000001e-009 -0.007093751
-1.08000001e-009  0.002210937
-1.06000001e-009 -0.008257813
-1.04000001e-009  0.001601562
-1.02000001e-009 -0.009000001
-1.00000001e-009 0.0009999997
-9.80000013e-010 -0.008835938
-9.60000013e-010  0.001015625
-9.40000013e-010  -0.01135938
-9.20000012e-010   0.00196875
-9.00000012e-010 -0.009593751
-8.80000012e-010 0.0001953122
-8.60000011e-010  -0.01055469
-8.40000011e-010 -0.0009375004
-8.20000011e-010       -0.015
-8.00000011e-010 -0.002445313
-7.8000001e-010  -0.01544531
-7.6000001e-010 -0.006414063
-7.4000001e-010  -0.02389844
-7.2000001e-010       -0.011
-7.00000009e-010    -0.034875
-6.80000009e-010     -0.02125
-6.60000009e-010  -0.05371875
-6.40000009e-010   -0.0353125
-6.20000008e-010       -0.085
-6.00000008e-010       -0.059
-5.80000008e-010   -0.1173125
-5.60000007e-010  -0.09225782
-5.40000007e-010       -0.143
-5.20000007e-010    -0.125125
-5.00000007e-010   -0.1631953
-4.80000006e-010   -0.1487734
-4.60000006e-010   -0.1700234
-4.40000006e-010   -0.1593281
-4.20000006e-010       -0.173
-4.00000005e-010   -0.1560547
-3.80000005e-010   -0.1660469
-3.60000005e-010   -0.1481094
-3.40000005e-010   -0.1599844
-3.20000004e-010   -0.1392813
-3.00000004e-010   -0.1508516
-2.80000004e-010   -0.1295703
-2.60000003e-010   -0.1399297
-2.40000003e-010   -0.1093828
-2.20000003e-010   -0.1264063
-2.00000003e-010  -0.08132032
-1.80000002e-010   -0.1080781
-1.60000002e-010  -0.05189844
-1.40000002e-010  -0.07566407
-1.20000002e-010       -0.021
-1.00000001e-010       -0.039
-8.00000011e-011  0.003578125
-6.00000008e-011  -0.01483594
-4.00000005e-011    0.0181875
-2.00000003e-011   0.00784375
           0   0.02303125
2.00000003e-011   0.01338281
4.00000005e-011   0.02483594
6.00000008e-011        0.013
8.00000011e-011        0.023
1.00000001e-010   0.01059375
1.20000002e-010   0.01921094
1.40000002e-010  0.008726563
1.60000002e-010        0.021
1.80000002e-010        0.013
2.00000003e-010   0.02676563
2.20000003e-010   0.01778906
2.40000003e-010   0.03392969
2.60000003e-010   0.02014844
2.80000004e-010   0.03291406
3.00000004e-010    0.0234375
3.20000004e-010   0.03345313
3.40000005e-010   0.02000781
3.60000005e-010   0.03033594
3.80000005e-010   0.01673438
4.00000005e-010   0.02592188
4.20000006e-010   0.01527344
4.40000006e-010        0.024
4.60000006e-010    0.0135625
4.80000006e-010        0.025
5.00000007e-010   0.01325781
5.20000007e-010   0.02447656
5.40000007e-010   0.01429688
5.60000007e-010   0.02632031
5.80000008e-010        0.015
6.00000008e-010        0.025
6.20000008e-010   0.01403125
6.40000009e-010   0.02453906
6.60000009e-010   0.01294531
6.80000009e-010        0.023
7.00000009e-010   0.01266406
7.2000001e-010   0.02169531
7.4000001e-010   0.01086719
7.6000001e-010   0.02099219
7.8000001e-010        0.011
8.00000011e-010        0.023
8.20000011e-010   0.01144531
8.40000011e-010        0.023
8.60000011e-010    0.0113125
8.80000012e-010        0.023
9.00000012e-010   0.01242969
9.20000012e-010   0.02374219
9.40000013e-010   0.01401563
9.60000013e-010        0.025
9.80000013e-010        0.015
1.00000001e-009   0.02410938
1.02000001e-009   0.01378125
1.04000001e-009   0.02471094
1.06000001e-009   0.01377344
1.08000001e-009        0.025
1.10000001e-009   0.01479688
1.12000001e-009   0.02673438
1.14000002e-009   0.01700781
1.16000002e-009   0.02842969
1.18000002e-009        0.019
1.20000002e-009   0.02877344
1.22000002e-009   0.01759375
1.24000002e-009    0.0284375
1.26000002e-009   0.01880469
1.28000002e-009        0.031
1.30000002e-009        0.019
1.32000002e-009   0.02971875
1.34000002e-009   0.01890625
1.36000002e-009   0.02829688
1.38000002e-009   0.01734375
1.40000002e-009   0.02803906
1.42000002e-009   0.01836719
1.44000002e-009   0.02923438
1.46000002e-009        0.017
1.48000002e-009        0.027
1.50000002e-009   0.01644531
1.52000002e-009   0.02604688
1.54000002e-009   0.01494531
1.56000002e-009   0.02478906
1.58000002e-009   0.01495313
1.60000002e-009        0.025
1.62000002e-009   0.01228906
1.64000002e-009   0.02245313
1.66000002e-009   0.01267969
1.68000002e-009   0.02303125
1.70000002e-009   0.01242969
1.72000002e-009   0.02230469
1.74000002e-009    0.0105625
1.76000002e-009        0.023
1.78000002e-009        0.011
1.80000002e-009        0.021
1.82000002e-009   0.01198438
1.84000002e-009   0.02005469
1.86000002e-009   0.01229688
1.88000003e-009        0.023
1.90000003e-009        0.011
1.92000003e-009        0.022
1.94000003e-009   0.01339063
1.96000003e-009   0.02169531
1.98000003e-009        0.011
2.00000003e-009        0.025
2.02000003e-009   0.01297656
2.04000003e-009   0.02127344
2.06000003e-009        0.013
2.08000003e-009        0.025
2.10000003e-009    0.0135625
2.12000003e-009   0.02353906
2.14000003e-009   0.01157031
2.16000003e-009   0.02303906
2.18000003e-009   0.01271875
2.20000003e-009        0.023
2.22000003e-009   0.01240625
2.24000003e-009   0.02246094
2.26000003e-009   0.01310938
2.28000003e-009   0.02149219
2.30000003e-009   0.01210938
2.32000003e-009   0.02304688
2.34000003e-009   0.01164844
2.36000003e-009   0.02260938
2.38000003e-009        0.011
2.40000003e-009        0.021
2.42000003e-009      0.01175
2.44000003e-009    0.0211875
2.46000003e-009   0.01066406
2.48000003e-009        0.021
2.50000003e-009      0.01075
2.52000003e-009    0.0221875
2.54000003e-009    0.0088125
2.56000003e-009   0.01970313
2.58000003e-009   0.00959375
2.60000003e-009   0.02054688
2.62000003e-009  0.009796875
2.64000004e-009   0.02225781
2.66000004e-009   0.01038281
2.68000004e-009        0.019
2.70000004e-009      0.01075
2.72000004e-009   0.01888281
2.74000004e-009  0.009453125
2.76000004e-009   0.01978125
2.78000004e-009        0.007
2.80000004e-009   0.01907813
2.82000004e-009  0.006695312
2.84000004e-009   0.01686719
2.86000004e-009        0.009
2.88000004e-009   0.01728906
2.90000004e-009   0.01002344
2.92000004e-009   0.01933594
2.94000004e-009   0.00909375
2.96000004e-009        0.019
2.98000004e-009        0.009
3.00000004e-009   0.01825781
3.02000004e-009  0.008554688
3.04000004e-009   0.01847656
3.06000004e-009  0.008242188
3.08000004e-009   0.01803906
3.10000004e-009        0.007
3.12000004e-009    0.0179375
3.14000004e-009  0.007742188
3.16000004e-009   0.01735938
3.18000004e-009  0.008242188
3.20000004e-009        0.017
3.22000004e-009  0.008585938
3.24000004e-009   0.01703125
3.26000004e-009  0.007796875
3.28000004e-009        0.019
3.30000004e-009  0.008460938
3.32000004e-009   0.01682813
3.34000004e-009  0.005242187
3.36000004e-009   0.01784375
3.38000005e-009        0.007
3.40000005e-009   0.01544531
3.42000005e-009  0.005476562
3.44000005e-009   0.01554688
3.46000005e-009        0.005
3.48000005e-009        0.017
3.50000005e-009  0.006101562
3.52000005e-009   0.01558594
3.54000005e-009  0.004953125
3.56000005e-009        0.017
3.58000005e-009     0.006875
3.60000005e-009     0.015625
3.62000005e-009  0.005953125
3.64000005e-009   0.01534375
3.66000005e-009        0.005
3.68000005e-009   0.01458594
3.70000005e-009  0.004796875
3.72000005e-009   0.01484375
3.74000005e-009  0.005617187
3.76000005e-009        0.015
3.78000005e-009        0.005
3.80000005e-009        0.015
3.82000005e-009  0.005265625
3.84000005e-009   0.01505469
3.86000005e-009  0.005367187
3.88000005e-009        0.017
3.90000005e-009  0.004804687
3.92000005e-009   0.01803125
3.94000005e-009  0.003320312
3.96000005e-009        0.017
3.98000005e-009        0.005
4.00000005e-009        0.015
4.02000005e-009  0.004070312
4.04000005e-009   0.01333594
4.06000005e-009  0.004828125
4.08000005e-009        0.015
4.10000005e-009   0.00465625
4.12000006e-009    0.0153125
4.14000006e-009  0.005367187
4.16000006e-009        0.015
4.18000006e-009        0.005
4.20000006e-009   0.01410156
4.22000006e-009    0.0045625
4.24000006e-009   0.01382031
4.26000006e-009        0.003
4.28000006e-009   0.01367969
4.30000006e-009  0.004585937
4.32000006e-009   0.01439063
4.34000006e-009  0.003859375
4.36000006e-009   0.01266406
4.38000006e-009  0.004242187
4.40000006e-009        0.013
4.42000006e-009  0.003046875
4.44000006e-009     0.011625
4.46000006e-009        0.003
4.48000006e-009        0.013
4.50000006e-009 0.0009999997
4.52000006e-009   0.01304688
4.54000006e-009  0.004234375
4.56000006e-009   0.01196094
4.58000006e-009  0.002234375
4.60000006e-009   0.01128125
4.62000006e-009  0.001546875
4.64000006e-009   0.01432813
4.66000006e-009  0.003085937
4.68000006e-009        0.013
4.70000006e-009        0.003
4.72000006e-009   0.01299219
4.74000006e-009  0.002757812
4.76000006e-009   0.01239844
4.78000006e-009    0.0024375
4.80000006e-009        0.011
4.82000006e-009  0.001039062
4.84000006e-009   0.01079688
4.86000006e-009  0.002976562
4.88000007e-009   0.01102344
4.90000007e-009  0.002140625
4.92000007e-009   0.01309375
4.94000007e-009  0.002398437
4.96000007e-009   0.01141406
4.98000007e-009        0.003
5.00000007e-009   0.01188281
