-2.49000003e-009 -0.009851563
-2.48000003e-009 -0.009804688
-2.47000003e-009 -0.009835938
-2.46000003e-009 -0.009843751
-2.45000003e-009 -0.009859376
-2.44000003e-009 -0.009890626
-2.43000003e-009 -0.009914063
-2.42000003e-009 -0.009937501
-2.41000003e-009 -0.009953126
-2.40000003e-009 -0.009953126
-2.39000003e-009  -0.01002344
-2.38000003e-009  -0.01003125
-2.37000003e-009   -0.0100625
-2.36000003e-009  -0.01003906
-2.35000003e-009 -0.009984376
-2.34000003e-009 -0.009937501
-2.33000003e-009 -0.009859376
-2.32000003e-009 -0.009718751
-2.31000003e-009 -0.009664063
-2.30000003e-009 -0.009609376
-2.29000003e-009 -0.009609376
-2.28000003e-009 -0.009593751
-2.27000003e-009 -0.009593751
-2.26000003e-009 -0.009617188
-2.25000003e-009 -0.009601563
-2.24000003e-009 -0.009570313
-2.23000003e-009 -0.009546876
-2.22000003e-009 -0.009484376
-2.21000003e-009 -0.009460938
-2.20000003e-009 -0.009445313
-2.19000003e-009 -0.009367188
-2.18000003e-009 -0.009382813
-2.17000003e-009 -0.009328126
-2.16000003e-009 -0.009265626
-2.15000003e-009 -0.009195313
-2.14000003e-009 -0.009078126
-2.13000003e-009 -0.008984376
-2.12000003e-009 -0.008875001
-2.11000003e-009 -0.008843751
-2.10000003e-009 -0.008773438
-2.09000003e-009 -0.008671876
-2.08000003e-009 -0.008648438
-2.07000003e-009 -0.008578126
-2.06000003e-009 -0.008515626
-2.05000003e-009 -0.008429688
-2.04000003e-009 -0.008375001
-2.03000003e-009 -0.008328126
-2.02000003e-009 -0.008296876
-2.01000003e-009 -0.008328126
-2.00000003e-009 -0.008375001
-1.99000003e-009 -0.008382813
-1.98000003e-009 -0.008453126
-1.97000003e-009 -0.008445313
-1.96000003e-009 -0.008398438
-1.95000003e-009 -0.008328126
-1.94000003e-009 -0.008195313
-1.93000003e-009 -0.008039063
-1.92000003e-009 -0.007843751
-1.91000003e-009 -0.007742188
-1.90000003e-009 -0.007601563
-1.89000003e-009 -0.007554688
-1.88000003e-009 -0.007500001
-1.87000002e-009 -0.007507813
-1.86000002e-009 -0.007453126
-1.85000002e-009 -0.007429688
-1.84000002e-009 -0.007335938
-1.83000002e-009 -0.007195313
-1.82000002e-009 -0.006992188
-1.81000002e-009 -0.006804688
-1.80000002e-009 -0.006632813
-1.79000002e-009 -0.006453126
-1.78000002e-009 -0.006281251
-1.77000002e-009 -0.006187501
-1.76000002e-009 -0.006117188
-1.75000002e-009 -0.006125001
-1.74000002e-009 -0.006171876
-1.73000002e-009 -0.006203126
-1.72000002e-009 -0.006195313
-1.71000002e-009 -0.006234376
-1.70000002e-009 -0.006164063
-1.69000002e-009 -0.006085938
-1.68000002e-009 -0.005953126
-1.67000002e-009 -0.005773438
-1.66000002e-009 -0.005617188
-1.65000002e-009 -0.005460938
-1.64000002e-009 -0.005335938
-1.63000002e-009 -0.005281251
-1.62000002e-009 -0.005273438
-1.61000002e-009 -0.005265626
-1.60000002e-009 -0.005242188
-1.59000002e-009 -0.005148438
-1.58000002e-009 -0.005101563
-1.57000002e-009 -0.004984376
-1.56000002e-009 -0.004875001
-1.55000002e-009 -0.004789063
-1.54000002e-009 -0.004718751
-1.53000002e-009 -0.004695313
-1.52000002e-009 -0.004632813
-1.51000002e-009 -0.004609376
-1.50000002e-009 -0.004570313
-1.49000002e-009 -0.004500001
-1.48000002e-009 -0.004375001
-1.47000002e-009 -0.004265626
-1.46000002e-009 -0.004132813
-1.45000002e-009 -0.004062501
-1.44000002e-009 -0.004031251
-1.43000002e-009 -0.004054688
-1.42000002e-009 -0.004085938
-1.41000002e-009 -0.004125001
-1.40000002e-009 -0.004125001
-1.39000002e-009 -0.004023438
-1.38000002e-009 -0.003906251
-1.37000002e-009 -0.003765626
-1.36000002e-009 -0.003617188
-1.35000002e-009 -0.003468751
-1.34000002e-009 -0.003445313
-1.33000002e-009 -0.003453126
-1.32000002e-009 -0.003570313
-1.31000002e-009 -0.003664063
-1.30000002e-009 -0.003789063
-1.29000002e-009 -0.003859376
-1.28000002e-009 -0.003890626
-1.27000002e-009 -0.003828126
-1.26000002e-009 -0.003710938
-1.25000002e-009 -0.003593751
-1.24000002e-009 -0.003421876
-1.23000002e-009 -0.003343751
-1.22000002e-009 -0.003351563
-1.21000002e-009 -0.003406251
-1.20000002e-009 -0.003531251
-1.19000002e-009 -0.003703126
-1.18000002e-009 -0.003843751
-1.17000002e-009 -0.003968751
-1.16000002e-009 -0.004015626
-1.15000002e-009 -0.003960938
-1.14000002e-009 -0.003882813
-1.13000002e-009 -0.003781251
-1.12000001e-009 -0.003718751
-1.11000001e-009 -0.003671876
-1.10000001e-009 -0.003695313
-1.09000001e-009 -0.003789063
-1.08000001e-009 -0.003882813
-1.07000001e-009 -0.004031251
-1.06000001e-009 -0.004125001
-1.05000001e-009 -0.004210938
-1.04000001e-009 -0.004320313
-1.03000001e-009 -0.004351563
-1.02000001e-009 -0.004445313
-1.01000001e-009 -0.004554688
-1.00000001e-009 -0.004656251
-9.90000013e-010 -0.004828126
-9.80000013e-010 -0.005015626
-9.70000013e-010 -0.005273438
-9.60000013e-010 -0.005507813
-9.50000013e-010 -0.005820313
-9.40000013e-010 -0.006140626
-9.30000012e-010 -0.006484376
-9.20000012e-010 -0.006890626
-9.10000012e-010 -0.007265626
-9.00000012e-010 -0.007718751
-8.90000012e-010 -0.008250001
-8.80000012e-010 -0.008906251
-8.70000012e-010 -0.009609376
-8.60000011e-010  -0.01055469
-8.50000011e-010   -0.0115625
-8.40000011e-010  -0.01283594
-8.30000011e-010  -0.01439063
-8.20000011e-010  -0.01625781
-8.10000011e-010  -0.01842188
-8.00000011e-010  -0.02092969
-7.90000011e-010  -0.02380469
-7.8000001e-010  -0.02717188
-7.7000001e-010  -0.03098438
-7.6000001e-010  -0.03526563
-7.5000001e-010        -0.04
-7.4000001e-010  -0.04524219
-7.3000001e-010  -0.05099219
-7.2000001e-010  -0.05714844
-7.10000009e-010  -0.06373438
-7.00000009e-010     -0.07075
-6.90000009e-010  -0.07807813
-6.80000009e-010  -0.08566407
-6.70000009e-010  -0.09335157
-6.60000009e-010   -0.1010156
-6.50000009e-010   -0.1084766
-6.40000009e-010   -0.1155859
-6.30000008e-010   -0.1222344
-6.20000008e-010   -0.1283828
-6.10000008e-010   -0.1338984
-6.00000008e-010   -0.1388359
-5.90000008e-010   -0.1430859
-5.80000008e-010   -0.1467266
-5.70000008e-010   -0.1496719
-5.60000007e-010   -0.1519453
-5.50000007e-010   -0.1535859
-5.40000007e-010   -0.1545078
-5.30000007e-010   -0.1547891
-5.20000007e-010   -0.1545938
-5.10000007e-010   -0.1539922
-5.00000007e-010   -0.1531641
-4.90000007e-010    -0.152125
-4.80000006e-010   -0.1510938
-4.70000006e-010        -0.15
-4.60000006e-010   -0.1489844
-4.50000006e-010   -0.1480703
-4.40000006e-010   -0.1470547
-4.30000006e-010   -0.1460859
-4.20000006e-010   -0.1450859
-4.10000005e-010   -0.1440781
-4.00000005e-010   -0.1431094
-3.90000005e-010   -0.1420938
-3.80000005e-010   -0.1410469
-3.70000005e-010   -0.1401016
-3.60000005e-010   -0.1391719
-3.50000005e-010   -0.1382734
-3.40000005e-010   -0.1373984
-3.30000004e-010   -0.1364531
-3.20000004e-010   -0.1355156
-3.10000004e-010   -0.1345547
-3.00000004e-010   -0.1336094
-2.90000004e-010   -0.1325859
-2.80000004e-010   -0.1315234
-2.70000004e-010   -0.1304141
-2.60000003e-010   -0.1291797
-2.50000003e-010   -0.1278359
-2.40000003e-010   -0.1262031
-2.30000003e-010   -0.1241563
-2.20000003e-010   -0.1216406
-2.10000003e-010   -0.1186563
-2.00000003e-010   -0.1150781
-1.90000003e-010   -0.1108672
-1.80000002e-010   -0.1060703
-1.70000002e-010   -0.1006406
-1.60000002e-010  -0.09466407
-1.50000002e-010  -0.08820313
-1.40000002e-010  -0.08121094
-1.30000002e-010  -0.07382813
-1.20000002e-010       -0.066
-1.10000001e-010  -0.05790625
-1.00000001e-010  -0.04961719
-9.00000012e-011  -0.04128906
-8.00000011e-011   -0.0330625
-7.00000009e-011  -0.02508594
-6.00000008e-011  -0.01752344
-5.00000007e-011  -0.01047656
-4.00000005e-011 -0.004062501
-3.00000004e-011   0.00165625
-2.00000003e-011    0.0066875
-1.00000001e-011   0.01103125
           0   0.01467188
1.00000001e-011   0.01747656
2.00000003e-011   0.01963281
3.00000004e-011     0.021125
4.00000005e-011   0.02202344
5.00000007e-011   0.02245313
6.00000008e-011   0.02244531
7.00000009e-011     0.022125
8.00000011e-011   0.02171094
9.00000012e-011   0.02121094
1.00000001e-010   0.02064063
1.10000001e-010    0.0200625
1.20000002e-010   0.01949219
1.30000002e-010   0.01896094
1.40000002e-010       0.0185
1.50000002e-010   0.01820313
1.60000002e-010   0.01804688
1.70000002e-010   0.01810156
1.80000002e-010   0.01846094
1.90000003e-010   0.01903906
2.00000003e-010   0.01984375
2.10000003e-010   0.02085938
2.20000003e-010   0.02192188
2.30000003e-010   0.02305469
2.40000003e-010   0.02411719
2.50000003e-010   0.02511719
2.60000003e-010   0.02604688
2.70000004e-010   0.02683594
2.80000004e-010   0.02752344
2.90000004e-010   0.02807031
3.00000004e-010   0.02849219
3.10000004e-010      0.02875
3.20000004e-010   0.02883594
3.30000004e-010   0.02877344
3.40000005e-010   0.02857813
3.50000005e-010   0.02828906
3.60000005e-010   0.02790625
3.70000005e-010   0.02753906
3.80000005e-010   0.02717188
3.90000005e-010   0.02678125
4.00000005e-010   0.02646875
4.10000005e-010   0.02617969
4.20000006e-010     0.025875
4.30000006e-010    0.0255625
4.40000006e-010   0.02521094
4.50000006e-010   0.02489063
4.60000006e-010   0.02464063
4.70000006e-010   0.02445313
4.80000006e-010   0.02435156
4.90000007e-010   0.02435156
5.00000007e-010   0.02447656
5.10000007e-010   0.02461719
5.20000007e-010   0.02480469
5.30000007e-010   0.02494531
5.40000007e-010   0.02504688
5.50000007e-010   0.02508594
5.60000007e-010   0.02513281
5.70000008e-010   0.02514063
5.80000008e-010   0.02519531
5.90000008e-010   0.02521094
6.00000008e-010   0.02521094
6.10000008e-010   0.02520313
6.20000008e-010   0.02505469
6.30000008e-010   0.02485156
6.40000009e-010   0.02453906
6.50000009e-010   0.02419531
6.60000009e-010   0.02382813
6.70000009e-010   0.02349219
6.80000009e-010    0.0231875
6.90000009e-010   0.02296875
7.00000009e-010   0.02276563
7.10000009e-010   0.02258594
7.2000001e-010   0.02233594
7.3000001e-010   0.02208594
7.4000001e-010   0.02178906
7.5000001e-010   0.02148438
7.6000001e-010    0.0211875
7.7000001e-010   0.02099219
7.8000001e-010   0.02096094
7.90000011e-010   0.02098438
8.00000011e-010   0.02113281
8.10000011e-010    0.0213125
8.20000011e-010   0.02152344
8.30000011e-010   0.02170313
8.40000011e-010   0.02185938
8.50000011e-010        0.022
8.60000011e-010   0.02217188
8.70000012e-010   0.02235156
8.80000012e-010   0.02261719
8.90000012e-010   0.02295313
9.00000012e-010   0.02328125
9.10000012e-010     0.023625
9.20000012e-010   0.02392969
9.30000012e-010   0.02421875
9.40000013e-010   0.02442969
9.50000013e-010   0.02459375
9.60000013e-010   0.02473438
9.70000013e-010   0.02489063
9.80000013e-010   0.02497656
9.90000013e-010    0.0250625
1.00000001e-009   0.02507813
1.01000001e-009   0.02507031
1.02000001e-009        0.025
1.03000001e-009   0.02491406
1.04000001e-009    0.0248125
1.05000001e-009   0.02477344
1.06000001e-009   0.02486719
1.07000001e-009   0.02502344
1.08000001e-009   0.02528125
1.09000001e-009   0.02557031
1.10000001e-009    0.0258125
1.11000001e-009   0.02604688
1.12000001e-009   0.02617969
1.13000002e-009   0.02624219
1.14000002e-009    0.0263125
1.15000002e-009   0.02635938
1.16000002e-009   0.02644531
1.17000002e-009   0.02663281
1.18000002e-009   0.02684375
1.19000002e-009   0.02717969
1.20000002e-009   0.02747656
1.21000002e-009   0.02771094
1.22000002e-009     0.027875
1.23000002e-009   0.02792969
1.24000002e-009   0.02788281
1.25000002e-009   0.02774219
1.26000002e-009   0.02757813
1.27000002e-009   0.02751563
1.28000002e-009    0.0274375
1.29000002e-009   0.02746094
1.30000002e-009   0.02747656
1.31000002e-009   0.02754688
1.32000002e-009   0.02755469
1.33000002e-009   0.02752344
1.34000002e-009   0.02741406
1.35000002e-009   0.02727344
1.36000002e-009   0.02711719
1.37000002e-009   0.02696094
1.38000002e-009   0.02680469
1.39000002e-009   0.02672656
1.40000002e-009   0.02667188
1.41000002e-009   0.02666406
1.42000002e-009   0.02660938
1.43000002e-009   0.02649219
1.44000002e-009   0.02632031
1.45000002e-009   0.02609375
1.46000002e-009   0.02583594
1.47000002e-009    0.0255625
1.48000002e-009    0.0253125
1.49000002e-009   0.02510156
1.50000002e-009   0.02492969
1.51000002e-009   0.02482031
1.52000002e-009    0.0246875
1.53000002e-009   0.02457031
1.54000002e-009   0.02436719
1.55000002e-009   0.02413281
1.56000002e-009   0.02383594
1.57000002e-009   0.02351563
1.58000002e-009   0.02321094
1.59000002e-009   0.02289063
1.60000002e-009   0.02260156
1.61000002e-009   0.02235156
1.62000002e-009     0.022125
1.63000002e-009   0.02190625
1.64000002e-009   0.02174219
1.65000002e-009   0.02155469
1.66000002e-009   0.02135156
1.67000002e-009   0.02120313
1.68000002e-009   0.02107813
1.69000002e-009   0.02095313
1.70000002e-009    0.0208125
1.71000002e-009   0.02071094
1.72000002e-009   0.02061719
1.73000002e-009   0.02052344
1.74000002e-009   0.02047656
1.75000002e-009   0.02038281
1.76000002e-009    0.0203125
1.77000002e-009      0.02025
1.78000002e-009   0.02020313
1.79000002e-009   0.02013281
1.80000002e-009   0.02002344
1.81000002e-009   0.01992188
1.82000002e-009   0.01983594
1.83000002e-009   0.01976563
1.84000002e-009   0.01964844
1.85000002e-009   0.01957813
1.86000002e-009   0.01955469
1.87000002e-009   0.01952344
1.88000003e-009   0.01953906
1.89000003e-009   0.01953125
1.90000003e-009   0.01964844
1.91000003e-009   0.01976563
1.92000003e-009   0.01990625
1.93000003e-009   0.02005469
1.94000003e-009   0.02022656
1.95000003e-009   0.02032813
1.96000003e-009   0.02040625
1.97000003e-009   0.02042188
1.98000003e-009   0.02038281
1.99000003e-009   0.02030469
2.00000003e-009   0.02019531
2.01000003e-009   0.02010938
2.02000003e-009   0.02003125
2.03000003e-009         0.02
2.04000003e-009   0.02003906
2.05000003e-009   0.02008594
2.06000003e-009   0.02017188
2.07000003e-009   0.02021875
2.08000003e-009   0.02025781
2.09000003e-009      0.02025
2.10000003e-009   0.02023438
2.11000003e-009    0.0201875
2.12000003e-009   0.02014063
2.13000003e-009   0.02014844
2.14000003e-009   0.02019531
2.15000003e-009   0.02028906
2.16000003e-009     0.020375
2.17000003e-009   0.02045313
2.18000003e-009   0.02051563
2.19000003e-009   0.02054688
2.20000003e-009   0.02051563
2.21000003e-009   0.02045313
2.22000003e-009   0.02036719
2.23000003e-009   0.02032813
2.24000003e-009   0.02032031
2.25000003e-009   0.02038281
2.26000003e-009   0.02039063
2.27000003e-009   0.02046094
2.28000003e-009   0.02044531
2.29000003e-009    0.0204375
2.30000003e-009   0.02042969
2.31000003e-009   0.02038281
2.32000003e-009   0.02032031
2.33000003e-009   0.02027344
2.34000003e-009   0.02025781
2.35000003e-009   0.02019531
2.36000003e-009   0.02016406
2.37000003e-009     0.020125
2.38000003e-009   0.02007031
2.39000003e-009         0.02
2.40000003e-009   0.01988281
2.41000003e-009   0.01985156
2.42000003e-009      0.01975
2.43000003e-009    0.0196875
2.44000003e-009     0.019625
2.45000003e-009   0.01953125
2.46000003e-009   0.01945313
2.47000003e-009    0.0193125
2.48000003e-009   0.01917969
2.49000003e-009   0.01903125
2.50000003e-009    0.0189375
