+3.00000000000E+005  -8.35717944159E+001
+7.79850000000E+006  -1.02378512127E+002
+1.52970000000E+007  -7.64342582554E+001
+2.27955000000E+007  -7.55866877970E+001
+3.02940000000E+007  -7.89619927691E+001
+3.77925000000E+007  -7.39520582029E+001
+4.52910000000E+007  -7.82398218843E+001
+5.27895000000E+007  -7.34173788640E+001
+6.02880000000E+007  -7.68861560415E+001
+6.77865000000E+007  -7.37360819666E+001
+7.52850000000E+007  -8.46311906155E+001
+8.27835000000E+007  -6.74347910637E+001
+9.02820000000E+007  -6.72886549413E+001
+9.77805000000E+007  -6.83682284427E+001
+1.05279000000E+008  -7.08849965815E+001
+1.12777500000E+008  -7.69435359913E+001
+1.20276000000E+008  -7.81487058364E+001
+1.27774500000E+008  -6.47819226049E+001
+1.35273000000E+008  -7.25231011455E+001
+1.42771500000E+008  -8.74226298634E+001
+1.50270000000E+008  -6.68210529689E+001
+1.57768500000E+008  -6.85959947579E+001
+1.65267000000E+008  -6.39692752337E+001
+1.72765500000E+008  -6.83190051942E+001
+1.80264000000E+008  -6.11349930269E+001
+1.87762500000E+008  -6.77216357609E+001
+1.95261000000E+008  -6.06450836753E+001
+2.02759500000E+008  -6.59931229699E+001
+2.10258000000E+008  -5.73963762141E+001
+2.17756500000E+008  -6.65317845317E+001
+2.25255000000E+008  -6.06149487094E+001
+2.32753500000E+008  -6.57158391709E+001
+2.40252000000E+008  -6.35497451472E+001
+2.47750500000E+008  -5.75655103883E+001
+2.55249000000E+008  -5.75652233787E+001
+2.62747500000E+008  -6.17957448591E+001
+2.70246000000E+008  -5.82599215908E+001
+2.77744500000E+008  -5.00647287166E+001
+2.85243000000E+008  -6.87659267337E+001
+2.92741500000E+008  -5.76547080295E+001
+3.00240000000E+008  -5.99589204669E+001
+3.07738500000E+008  -5.55810523005E+001
+3.15237000000E+008  -6.04753603145E+001
+3.22735500000E+008  -6.70694263805E+001
+3.30234000000E+008  -5.28327216906E+001
+3.37732500000E+008  -6.09321455491E+001
+3.45231000000E+008  -6.00125995568E+001
+3.52729500000E+008  -6.28451689888E+001
+3.60228000000E+008  -7.66326655645E+001
+3.67726500000E+008  -5.52691225057E+001
+3.75225000000E+008  -6.35178623915E+001
+3.82723500000E+008  -6.10056371821E+001
+3.90222000000E+008  -6.12515125861E+001
+3.97720500000E+008  -5.80955469105E+001
+4.05219000000E+008  -5.85434906739E+001
+4.12717500000E+008  -5.96797696709E+001
+4.20216000000E+008  -6.07608041089E+001
+4.27714500000E+008  -5.81126474033E+001
+4.35213000000E+008  -6.30738474856E+001
+4.42711500000E+008  -6.01599947651E+001
+4.50210000000E+008  -5.89060363620E+001
+4.57708500000E+008  -7.13150722329E+001
+4.65207000000E+008  -7.22417960202E+001
+4.72705500000E+008  -5.47760100178E+001
+4.80204000000E+008  -5.99956192036E+001
+4.87702500000E+008  -5.77090705870E+001
+4.95201000000E+008  -6.78635669502E+001
+5.02699500000E+008  -5.27985385185E+001
+5.10198000000E+008  -5.84909686869E+001
+5.17696500000E+008  -6.43296269160E+001
+5.25195000000E+008  -6.42425522148E+001
+5.32693500000E+008  -5.92317462668E+001
+5.40192000000E+008  -6.05136617824E+001
+5.47690500000E+008  -6.54088524466E+001
+5.55189000000E+008  -6.03865486090E+001
+5.62687500000E+008  -7.17265143460E+001
+5.70186000000E+008  -6.60759706649E+001
+5.77684500000E+008  -6.45246216897E+001
+5.85183000000E+008  -5.88508862534E+001
+5.92681500000E+008  -5.79267016822E+001
+6.00180000000E+008  -6.00814163817E+001
+6.07678500000E+008  -6.10044250892E+001
+6.15177000000E+008  -5.68575963103E+001
+6.22675500000E+008  -6.19782472465E+001
+6.30174000000E+008  -6.98074179670E+001
+6.37672500000E+008  -6.12713535722E+001
+6.45171000000E+008  -6.01062114818E+001
+6.52669500000E+008  -6.62125406211E+001
+6.60168000000E+008  -6.58162153329E+001
+6.67666500000E+008  -6.25715878800E+001
+6.75165000000E+008  -6.17737557208E+001
+6.82663500000E+008  -6.02665765730E+001
+6.90162000000E+008  -6.76049055976E+001
+6.97660500000E+008  -6.10916114834E+001
+7.05159000000E+008  -6.06332228042E+001
+7.12657500000E+008  -6.00195255856E+001
+7.20156000000E+008  -6.29916638410E+001
+7.27654500000E+008  -5.56428555011E+001
+7.35153000000E+008  -5.79594340851E+001
+7.42651500000E+008  -5.53713534770E+001
+7.50150000000E+008  -6.15116929816E+001
+7.57648500000E+008  -8.04235912387E+001
+7.65147000000E+008  -6.29552393495E+001
+7.72645500000E+008  -5.88209743857E+001
+7.80144000000E+008  -6.67410899629E+001
+7.87642500000E+008  -6.62980435147E+001
+7.95141000000E+008  -5.87258290793E+001
+8.02639500000E+008  -7.42175595433E+001
+8.10138000000E+008  -6.65340377042E+001
+8.17636500000E+008  -6.72729082966E+001
+8.25135000000E+008  -6.37636912575E+001
+8.32633500000E+008  -6.76491274274E+001
+8.40132000000E+008  -6.20982998482E+001
+8.47630500000E+008  -6.36796341923E+001
+8.55129000000E+008  -6.67917405632E+001
+8.62627500000E+008  -6.38911046932E+001
+8.70126000000E+008  -6.49912820440E+001
+8.77624500000E+008  -6.50132811240E+001
+8.85123000000E+008  -5.82841868329E+001
+8.92621500000E+008  -6.09860558871E+001
+9.00120000000E+008  -6.45910198249E+001
+9.07618500000E+008  -7.85772383078E+001
+9.15117000000E+008  -7.24769607127E+001
+9.22615500000E+008  -6.73961951654E+001
+9.30114000000E+008  -6.23954866736E+001
+9.37612500000E+008  -6.69470066710E+001
+9.45111000000E+008  -7.87792605320E+001
+9.52609500000E+008  -7.15756866800E+001
+9.60108000000E+008  -7.13271654177E+001
+9.67606500000E+008  -6.05561203896E+001
+9.75105000000E+008  -6.03327852409E+001
+9.82603500000E+008  -6.81053315129E+001
+9.90102000000E+008  -7.35800117615E+001
+9.97600500000E+008  -6.42080157989E+001
+1.00509900000E+009  -6.66690078188E+001
+1.01259750000E+009  -7.09056486643E+001
+1.02009600000E+009  -6.95146966700E+001
+1.02759450000E+009  -6.89392626800E+001
+1.03509300000E+009  -8.10270188874E+001
+1.04259150000E+009  -7.01943910338E+001
+1.05009000000E+009  -6.41350366939E+001
+1.05758850000E+009  -6.11919844815E+001
+1.06508700000E+009  -6.78809484061E+001
+1.07258550000E+009  -6.38153352903E+001
+1.08008400000E+009  -6.83545783928E+001
+1.08758250000E+009  -7.48665320666E+001
+1.09508100000E+009  -7.31053717981E+001
+1.10257950000E+009  -6.34108186731E+001
+1.11007800000E+009  -6.43829103171E+001
+1.11757650000E+009  -6.89746783985E+001
+1.12507500000E+009  -6.33863715278E+001
+1.13257350000E+009  -6.21883710357E+001
+1.14007200000E+009  -6.77575549684E+001
+1.14757050000E+009  -6.60151642633E+001
+1.15506900000E+009  -6.71624907306E+001
+1.16256750000E+009  -7.36475199589E+001
+1.17006600000E+009  -6.47755327845E+001
+1.17756450000E+009  -8.53820541909E+001
+1.18506300000E+009  -6.59346455480E+001
+1.19256150000E+009  -6.46357634781E+001
+1.20006000000E+009  -6.39008901163E+001
+1.20755850000E+009  -7.60225999845E+001
+1.21505700000E+009  -7.24242164428E+001
+1.22255550000E+009  -6.75942950096E+001
+1.23005400000E+009  -6.24814900151E+001
+1.23755250000E+009  -6.54044831655E+001
+1.24505100000E+009  -7.40493495197E+001
+1.25254950000E+009  -6.85319869110E+001
+1.26004800000E+009  -6.85409947371E+001
+1.26754650000E+009  -6.52879081444E+001
+1.27504500000E+009  -6.88647915767E+001
+1.28254350000E+009  -6.97322978761E+001
+1.29004200000E+009  -7.33277961020E+001
+1.29754050000E+009  -7.32852513425E+001
+1.30503900000E+009  -8.01269548435E+001
+1.31253750000E+009  -6.84052622624E+001
+1.32003600000E+009  -8.19489948921E+001
+1.32753450000E+009  -7.06510816890E+001
+1.33503300000E+009  -7.42186835571E+001
+1.34253150000E+009  -8.02636372651E+001
+1.35003000000E+009  -7.55207463595E+001
+1.35752850000E+009  -8.10250261269E+001
+1.36502700000E+009  -6.72748191805E+001
+1.37252550000E+009  -7.56687369947E+001
+1.38002400000E+009  -7.28132957018E+001
+1.38752250000E+009  -7.20586320456E+001
+1.39502100000E+009  -8.34043367540E+001
+1.40251950000E+009  -6.94472769960E+001
+1.41001800000E+009  -8.06972927609E+001
+1.41751650000E+009  -6.65746464318E+001
+1.42501500000E+009  -8.37957303759E+001
+1.43251350000E+009  -6.53645475645E+001
+1.44001200000E+009  -7.20591183182E+001
+1.44751050000E+009  -6.58620201344E+001
+1.45500900000E+009  -6.77448011321E+001
+1.46250750000E+009  -7.20852758372E+001
+1.47000600000E+009  -7.41757029693E+001
+1.47750450000E+009  -6.91878846621E+001
+1.48500300000E+009  -7.06314597965E+001
+1.49250150000E+009  -7.29763735294E+001
+1.50000000000E+009  -7.55513634872E+001
